weightDrivingTime: 0.0
weightNetDemand: 0.7
weightEqualSize: 0.3
instance: 2
vehicleNr: 2

Stations : [
129
133
137
138
142
152
27
33
34
163
36
164
39
40
168
169
45
177
50
180
54
59
61
193
194
69
70
72
73
76
80
82
210
83
84
89
222
97
98
103
104
105
106
107
114
242
116
117
118
119
]

initialStation : [
54
117
]

Vehicles : [
0
1
]

demand : [
-0.9411404297034558
-18.13024298018346
-12.381662508505329
-5.113346481348655
19.052131332577503
-23.250030085187703
-0.7233086230965888
15.670264164018977
21.356109283404706
15.780954972399392
0.9188486577021351
16.632683914168098
7.340179612691642
-23.561894551273383
0.37531851211253375
-17.638946742041057
15.541501425777433
-24.249300564208497
-37.274201464412386
-2.979094050103088
-4.3869062250875785
31.101735384213555
-4.419237064212446
-24.864549839228296
0.0
-6.808300819746698
-16.0
-15.410227191795457
-15.131535974255371
-12.532538691406323
18.530647767990594
9.5
-0.7692020083324431
22.392113866517818
20.862007039724162
-2.9470834935657404
4.5
3.511371653576642
-1.5
-16.586732059886423
-0.793899987320426
-9.756808158176625
-23.950640363824206
-6.346460727247463
50.50427478125866
0.0
31.170153417015342
3.5
-1.583397487771947
-21.898328794002744
]

clusterNr : [
0
1
1
1
1
1
0
1
1
1
0
1
1
1
0
1
1
1
2
0
0
1
0
1
0
1
1
1
1
1
1
1
0
1
1
0
1
0
0
1
0
1
1
1
2
0
1
0
0
1
]

drivingTime : [
0.0 17.183333333333334 7.033333333333333 10.65 6.0 13.066666666666666 7.266666666666667 3.45 4.8 10.733333333333333 6.2 6.483333333333333 7.05 11.033333333333333 14.416666666666666 11.75 6.683333333333334 9.816666666666666 14.15 13.6 12.8 5.55 14.816666666666666 9.583333333333334 3.3333333333333335 11.483333333333333 12.366666666666667 7.033333333333333 10.65 11.166666666666666 6.383333333333334 5.966666666666667 12.683333333333334 7.5 3.1166666666666667 9.666666666666666 14.533333333333333 15.866666666666667 14.083333333333334 11.4 11.316666666666666 12.833333333333334 9.0 8.75 4.666666666666667 8.466666666666667 7.233333333333333 8.816666666666666 8.3 14.95 
15.05 0.0 14.783333333333333 13.133333333333333 13.65 4.666666666666667 9.966666666666667 13.716666666666667 12.433333333333334 11.266666666666667 11.016666666666667 13.783333333333333 14.05 15.883333333333333 9.083333333333334 10.4 11.633333333333333 11.316666666666666 1.8666666666666667 6.783333333333333 4.133333333333334 15.4 2.4833333333333334 10.166666666666666 18.4 10.733333333333333 11.766666666666667 14.783333333333333 13.133333333333333 10.25 14.9 14.633333333333333 11.333333333333334 12.683333333333334 13.833333333333334 8.166666666666666 6.116666666666666 5.433333333333334 7.133333333333334 10.05 11.233333333333333 11.483333333333333 14.1 11.55 14.466666666666667 12.916666666666666 12.416666666666666 9.05 8.533333333333333 2.316666666666667 
9.166666666666666 15.0 0.0 3.55 6.216666666666667 11.366666666666667 11.366666666666667 7.933333333333334 8.9 3.65 5.266666666666667 5.25 5.866666666666666 6.333333333333333 8.883333333333333 7.15 7.966666666666667 13.8 14.133333333333333 16.883333333333333 10.05 6.866666666666666 12.05 13.866666666666667 10.166666666666666 10.383333333333333 5.533333333333333 0.0 3.55 9.983333333333333 6.383333333333334 7.016666666666667 7.25 8.75 8.65 8.75 9.0 10.383333333333333 9.766666666666667 7.5 5.8 7.616666666666666 15.666666666666666 14.85 8.033333333333333 1.3833333333333333 7.466666666666667 12.1 11.6 13.466666666666667 
11.35 17.216666666666665 7.766666666666667 0.0 9.85 12.333333333333334 15.0 11.566666666666666 12.533333333333333 2.9 8.9 8.9 5.7 6.216666666666667 11.1 5.683333333333334 11.6 17.433333333333334 15.083333333333334 18.966666666666665 12.0 10.5 14.016666666666667 17.5 12.45 8.916666666666666 4.083333333333333 7.766666666666667 0.0 13.616666666666667 8.65 6.266666666666667 5.783333333333333 12.383333333333333 12.283333333333333 11.166666666666666 11.233333333333333 13.45 11.683333333333334 6.033333333333333 8.216666666666667 7.366666666666666 15.75 16.333333333333332 11.666666666666666 4.266666666666667 11.1 15.733333333333333 15.233333333333333 14.416666666666666 
6.6 15.966666666666667 4.883333333333334 8.5 0.0 9.616666666666667 6.416666666666667 2.966666666666667 3.95 8.6 2.533333333333333 4.55 7.7 5.8 13.833333333333334 8.3 2.316666666666667 8.15 12.366666666666667 12.233333333333333 9.333333333333334 6.166666666666667 11.35 8.216666666666667 8.05 8.016666666666667 9.533333333333333 4.883333333333334 8.5 6.866666666666666 5.683333333333334 8.883333333333333 9.233333333333333 3.0833333333333335 4.6 6.216666666666667 11.566666666666666 12.4 10.633333333333333 7.95 9.5 9.383333333333333 13.416666666666666 10.266666666666667 3.066666666666667 6.333333333333333 2.45 6.45 5.95 11.7 
14.15 6.8 10.683333333333334 10.366666666666667 9.55 0.0 9.066666666666666 12.383333333333333 11.116666666666667 8.5 6.916666666666667 9.683333333333334 11.283333333333333 13.116666666666667 10.766666666666667 7.633333333333334 9.566666666666666 9.383333333333333 3.2 7.766666666666667 1.2833333333333334 11.3 3.466666666666667 8.25 15.15 6.633333333333334 9.0 10.683333333333334 10.366666666666667 6.15 10.8 11.866666666666667 8.566666666666666 10.616666666666667 12.5 4.3 5.266666666666667 4.466666666666667 6.266666666666667 7.283333333333333 8.466666666666667 8.716666666666667 15.383333333333333 11.516666666666667 12.15 10.15 8.316666666666666 6.983333333333333 6.483333333333333 2.533333333333333 
5.533333333333333 12.033333333333333 9.633333333333333 13.25 6.8 8.666666666666666 0.0 3.75 2.466666666666667 13.333333333333334 8.8 9.3 12.6 10.666666666666666 17.383333333333333 13.216666666666667 5.616666666666666 4.466666666666667 9.0 8.45 9.6 11.1 11.05 4.433333333333334 8.883333333333333 12.933333333333334 14.4 9.633333333333333 13.25 6.433333333333334 10.416666666666666 11.516666666666667 14.15 6.666666666666667 3.8666666666666667 9.1 14.416666666666666 13.733333333333333 13.55 12.866666666666667 14.416666666666666 14.3 7.0 3.4833333333333334 4.5 11.066666666666666 8.583333333333334 3.6666666666666665 3.15 9.783333333333333 
5.583333333333333 15.883333333333333 6.45 10.066666666666666 3.6166666666666667 12.483333333333333 3.8666666666666667 0.0 1.4 10.15 5.616666666666666 6.116666666666666 9.25 8.3 15.383333333333333 11.183333333333334 3.2333333333333334 8.333333333333334 12.866666666666667 12.316666666666666 12.216666666666667 7.716666666666667 14.916666666666666 8.283333333333333 8.916666666666666 10.9 12.033333333333333 6.45 10.066666666666666 7.833333333333333 7.233333333333333 10.45 12.116666666666667 4.05 2.05 9.083333333333334 14.45 15.283333333333333 13.516666666666667 10.833333333333334 12.383333333333333 12.25 10.866666666666667 7.35 1.2166666666666666 7.883333333333334 5.516666666666667 7.533333333333333 7.016666666666667 13.65 
5.583333333333333 14.716666666666667 7.416666666666667 11.016666666666667 4.583333333333333 11.216666666666667 2.683333333333333 1.5166666666666666 0.0 11.116666666666667 6.583333333333333 7.066666666666666 10.216666666666667 9.266666666666667 16.35 12.133333333333333 4.2 7.15 11.683333333333334 11.133333333333333 11.616666666666667 8.683333333333334 13.733333333333333 7.116666666666666 8.933333333333334 11.866666666666667 13.0 7.416666666666667 11.016666666666667 6.766666666666667 8.2 11.416666666666666 13.066666666666666 5.016666666666667 1.6333333333333333 9.333333333333334 15.416666666666666 14.8 14.466666666666667 11.783333333333333 13.35 13.216666666666667 9.7 6.166666666666667 2.283333333333333 8.85 6.483333333333333 6.35 5.833333333333333 12.483333333333333 
8.45 14.333333333333334 5.716666666666667 5.633333333333334 7.883333333333334 10.7 13.033333333333333 9.6 10.566666666666666 0.0 6.3 6.0 2.783333333333333 6.966666666666667 8.216666666666667 7.783333333333333 9.633333333333333 15.466666666666667 13.466666666666667 17.333333333333332 9.366666666666667 7.533333333333333 11.383333333333333 15.533333333333333 9.533333333333333 10.033333333333333 6.166666666666667 5.716666666666667 5.633333333333334 11.0 5.733333333333333 3.3666666666666667 7.883333333333334 10.416666666666666 10.316666666666666 9.766666666666667 8.333333333333334 9.716666666666667 9.1 7.666666666666667 5.116666666666666 6.95 12.833333333333334 13.433333333333334 9.7 3.1 7.766666666666667 13.766666666666667 13.266666666666667 12.8 
7.233333333333333 13.233333333333333 3.7666666666666666 7.383333333333334 2.3666666666666667 6.883333333333334 8.766666666666667 5.333333333333333 6.3 7.466666666666667 0.0 2.7666666666666666 5.616666666666666 4.166666666666667 11.65 5.566666666666666 3.283333333333333 9.683333333333334 9.633333333333333 11.6 6.6 4.366666666666666 8.616666666666667 9.75 8.233333333333333 5.283333333333333 6.933333333333334 3.7666666666666666 7.383333333333334 4.7 3.8833333333333333 7.1 6.5 4.633333333333334 6.716666666666667 3.466666666666667 8.833333333333334 9.666666666666666 7.9 5.216666666666667 6.766666666666667 6.65 13.733333333333333 11.8 5.433333333333334 5.2 1.1333333333333333 8.716666666666667 8.2 8.966666666666667 
6.45 16.033333333333335 3.75 7.366666666666666 3.85 9.666666666666666 9.0 5.566666666666666 6.533333333333333 7.45 2.8 0.0 4.333333333333333 7.166666666666667 12.683333333333334 8.366666666666667 5.6 11.433333333333334 12.433333333333334 14.4 9.4 3.0 11.416666666666666 11.5 7.533333333333333 8.083333333333334 9.333333333333334 3.75 7.366666666666666 7.5 2.5166666666666666 5.716666666666667 9.3 6.383333333333334 6.283333333333333 6.266666666666667 11.633333333333333 12.466666666666667 10.7 8.0 9.566666666666666 9.433333333333334 13.3 12.483333333333333 5.666666666666667 5.183333333333334 4.266666666666667 9.733333333333333 9.233333333333333 11.766666666666667 
7.4 15.2 5.25 6.5 7.416666666666667 11.566666666666666 12.566666666666666 9.133333333333333 10.1 6.583333333333333 6.133333333333334 4.516666666666667 0.0 7.833333333333333 9.066666666666666 8.633333333333333 9.183333333333334 15.0 14.316666666666666 17.733333333333334 10.233333333333333 4.05 12.25 15.083333333333334 8.5 11.416666666666666 7.016666666666667 5.25 6.5 10.833333333333334 2.55 4.066666666666666 8.733333333333333 9.95 9.85 9.616666666666667 9.2 10.583333333333334 9.95 8.516666666666667 5.983333333333333 7.8 13.883333333333333 16.166666666666668 9.233333333333333 3.95 7.6 13.316666666666666 12.8 13.65 
9.266666666666667 16.883333333333333 5.8 7.366666666666666 6.316666666666666 10.516666666666667 11.466666666666667 8.033333333333333 9.0 7.466666666666667 3.65 4.8 7.65 0.0 11.05 7.833333333333333 6.933333333333334 13.333333333333334 13.283333333333333 15.25 10.25 6.4 12.266666666666667 13.4 10.266666666666667 8.933333333333334 6.233333333333333 5.8 7.366666666666666 8.35 5.916666666666667 9.133333333333333 7.95 8.283333333333333 8.75 7.116666666666666 11.166666666666666 13.316666666666666 11.55 8.183333333333334 7.95 9.533333333333333 15.766666666666667 15.45 8.133333333333333 5.466666666666667 5.116666666666666 12.366666666666667 11.85 12.616666666666667 
16.116666666666667 8.233333333333333 12.816666666666666 9.533333333333333 14.9 8.65 15.416666666666666 16.616666666666667 17.883333333333333 7.666666666666667 12.716666666666667 13.95 10.466666666666667 12.716666666666667 0.0 10.816666666666666 17.083333333333332 16.766666666666666 7.316666666666666 12.233333333333333 7.4 15.216666666666667 6.25 15.616666666666667 17.216666666666665 12.033333333333333 12.183333333333334 12.816666666666666 9.533333333333333 14.15 13.416666666666666 11.033333333333333 11.75 18.133333333333333 17.333333333333332 12.05 3.5833333333333335 4.383333333333334 4.6 10.466666666666667 8.5 10.233333333333333 15.4 17.0 16.716666666666665 9.316666666666666 14.116666666666667 14.5 13.983333333333333 8.1 
12.266666666666667 13.0 8.8 6.933333333333334 7.65 6.65 13.583333333333334 10.633333333333333 11.6 5.783333333333333 5.033333333333333 7.8 8.566666666666666 5.483333333333333 9.766666666666667 0.0 9.416666666666666 13.9 9.4 13.283333333333333 6.316666666666666 9.4 8.333333333333334 13.05 13.266666666666667 3.4833333333333334 1.7166666666666666 8.8 6.933333333333334 8.466666666666667 8.916666666666666 9.133333333333333 1.2833333333333334 10.183333333333334 11.75 5.483333333333333 6.933333333333334 7.766666666666667 6.0 0.35 3.716666666666667 2.8833333333333333 19.883333333333333 16.033333333333335 10.733333333333333 6.1 6.433333333333334 11.5 11.0 8.733333333333333 
8.183333333333334 14.066666666666666 6.416666666666667 10.033333333333333 2.5166666666666666 9.233333333333333 6.066666666666666 3.1666666666666665 4.133333333333334 10.116666666666667 4.05 6.083333333333333 9.216666666666667 5.516666666666667 14.0 7.916666666666667 0.0 6.4 11.05 10.483333333333333 8.95 7.683333333333334 10.966666666666667 6.466666666666667 9.566666666666666 7.633333333333334 9.25 6.416666666666667 10.033333333333333 5.116666666666666 7.2 10.416666666666666 8.85 1.35 4.8 5.833333333333333 11.183333333333334 12.016666666666667 10.25 7.566666666666666 9.116666666666667 9.0 12.383333333333333 8.516666666666667 2.966666666666667 7.85 3.433333333333333 4.7 4.2 11.316666666666666 
9.166666666666666 10.4 11.55 15.166666666666666 7.65 8.016666666666667 4.066666666666666 7.816666666666666 6.55 14.833333333333334 9.183333333333334 11.2 14.35 10.65 15.75 13.2 5.6 0.0 7.366666666666666 6.816666666666666 8.95 12.816666666666666 9.416666666666666 2.8 12.5 12.966666666666667 14.366666666666667 11.55 15.166666666666666 6.416666666666667 12.333333333333334 15.133333333333333 14.133333333333333 6.65 7.933333333333334 8.45 12.783333333333333 12.1 12.9 12.85 14.783333333333333 14.283333333333333 8.033333333333333 4.433333333333334 8.166666666666666 12.983333333333333 8.566666666666666 3.0166666666666666 2.5 8.166666666666666 
13.8 3.9166666666666665 13.733333333333333 13.416666666666666 12.6 3.6166666666666667 8.7 12.45 11.183333333333334 11.55 9.983333333333333 12.733333333333333 14.35 15.416666666666666 9.266666666666667 10.683333333333334 10.383333333333333 10.05 0.0 5.483333333333333 4.6 14.35 2.3 8.9 17.133333333333333 9.683333333333334 12.066666666666666 13.733333333333333 13.416666666666666 9.216666666666667 13.866666666666667 14.916666666666666 11.616666666666667 11.416666666666666 12.566666666666666 7.133333333333334 6.3 5.283333333333333 7.316666666666666 10.333333333333334 11.516666666666667 11.766666666666667 12.783333333333333 10.283333333333333 13.216666666666667 13.2 11.366666666666667 7.783333333333333 7.283333333333333 0.7833333333333333 
13.516666666666667 8.9 16.05 17.3 12.166666666666666 7.933333333333334 8.433333333333334 12.183333333333334 10.9 15.45 12.666666666666666 15.433333333333334 18.283333333333335 14.6 14.25 14.583333333333334 10.1 9.783333333333333 5.666666666666667 0.0 9.216666666666667 17.033333333333335 7.983333333333333 8.633333333333333 14.416666666666666 13.583333333333334 15.95 16.05 17.3 9.766666666666667 16.55 19.5 15.516666666666667 11.15 12.3 9.066666666666666 11.283333333333333 10.6 12.3 14.216666666666667 15.4 15.65 10.283333333333333 10.016666666666667 12.95 17.483333333333334 13.066666666666666 7.516666666666667 7.016666666666667 6.466666666666667 
13.916666666666666 7.0 10.45 9.366666666666667 9.316666666666666 1.2666666666666666 10.316666666666666 12.283333333333333 11.8 7.5 6.683333333333334 9.45 10.3 12.133333333333333 9.483333333333333 6.633333333333334 9.866666666666667 10.65 4.183333333333334 9.033333333333333 0.0 11.066666666666666 2.2666666666666666 9.5 14.916666666666666 6.4 8.0 10.45 9.366666666666667 6.9 10.566666666666666 10.866666666666667 7.566666666666666 10.916666666666666 13.2 4.816666666666666 3.9833333333333334 3.183333333333333 4.983333333333333 6.283333333333333 7.466666666666667 7.716666666666667 16.633333333333333 12.766666666666667 12.383333333333333 9.15 8.083333333333334 8.25 7.733333333333333 3.5 
7.183333333333334 16.983333333333334 4.683333333333334 8.3 4.8 10.616666666666667 9.566666666666666 6.133333333333334 7.1 8.4 3.75 0.9333333333333333 5.283333333333333 8.116666666666667 13.633333333333333 9.3 6.55 12.383333333333333 13.383333333333333 15.35 10.35 0.0 12.366666666666667 12.45 8.166666666666666 9.033333333333333 10.283333333333333 4.683333333333334 8.3 8.45 3.45 6.666666666666667 10.233333333333333 7.316666666666666 6.666666666666667 7.216666666666667 12.583333333333334 13.4 11.633333333333333 8.95 10.5 10.383333333333333 13.683333333333334 13.05 6.616666666666666 6.133333333333334 5.216666666666667 10.683333333333334 10.183333333333334 12.7 
15.7 4.4 12.5 11.4 11.35 3.1 10.616666666666667 14.35 13.083333333333334 9.55 8.733333333333333 11.483333333333333 12.333333333333334 14.166666666666666 8.283333333333333 8.683333333333334 11.65 11.966666666666667 2.3 7.433333333333334 2.4 13.1 0.0 10.816666666666666 16.95 8.433333333333334 10.05 12.5 11.4 8.683333333333334 12.616666666666667 12.9 9.616666666666667 12.7 14.466666666666667 6.6 4.683333333333334 3.75 5.433333333333334 8.333333333333334 9.5 9.75 15.066666666666666 12.2 15.116666666666667 11.183333333333334 10.116666666666667 9.7 9.183333333333334 2.5 
11.216666666666667 7.6 13.733333333333333 15.916666666666666 9.85 6.533333333333333 6.116666666666666 9.866666666666667 8.6 14.05 11.283333333333333 13.4 16.9 13.216666666666667 12.95 13.183333333333334 7.8 7.466666666666667 4.583333333333333 4.016666666666667 7.816666666666666 15.016666666666667 6.633333333333334 0.0 14.55 12.183333333333334 14.55 13.733333333333333 15.916666666666666 8.4 14.516666666666667 17.183333333333334 14.116666666666667 8.833333333333334 9.983333333333333 7.683333333333334 9.983333333333333 9.3 11.016666666666667 12.833333333333334 14.016666666666667 14.266666666666667 10.366666666666667 7.7 10.633333333333333 15.183333333333334 10.75 5.2 4.7 5.366666666666666 
3.316666666666667 18.116666666666667 9.733333333333333 13.35 8.7 15.783333333333333 10.6 6.783333333333333 8.133333333333333 13.433333333333334 8.9 7.85 8.416666666666666 13.733333333333333 15.783333333333333 14.466666666666667 9.466666666666667 13.15 17.5 16.933333333333334 15.5 6.916666666666667 17.516666666666666 12.916666666666666 0.0 14.183333333333334 13.75 9.733333333333333 13.35 13.6 7.75 7.35 15.45 10.283333333333333 6.45 12.366666666666667 15.916666666666666 17.3 16.8 14.116666666666667 12.7 14.533333333333333 9.733333333333333 10.333333333333334 8.0 10.683333333333334 9.95 12.15 11.65 18.283333333333335 
12.6 13.066666666666666 9.133333333333333 8.483333333333333 8.0 6.7 13.633333333333333 10.966666666666667 11.933333333333334 7.533333333333333 5.366666666666666 8.133333333333333 10.983333333333333 7.05 11.35 1.75 9.75 13.966666666666667 9.466666666666667 13.333333333333334 6.433333333333334 9.75 8.45 13.116666666666667 13.6 0.0 3.4833333333333334 9.133333333333333 8.483333333333333 8.533333333333333 9.25 10.9 3.033333333333333 10.516666666666667 12.083333333333334 5.55 8.516666666666667 9.35 7.583333333333333 2.1 5.483333333333333 4.633333333333334 19.95 16.083333333333332 11.066666666666666 7.666666666666667 6.766666666666667 11.566666666666666 11.05 8.8 
14.283333333333333 14.616666666666667 9.25 5.333333333333333 9.266666666666667 8.25 15.183333333333334 12.233333333333333 13.216666666666667 5.416666666666667 6.65 9.866666666666667 8.216666666666667 5.116666666666666 10.083333333333334 1.6166666666666667 11.016666666666667 15.516666666666667 11.016666666666667 14.883333333333333 7.933333333333334 11.483333333333333 9.95 14.666666666666666 15.283333333333333 4.85 0.0 9.25 5.333333333333333 10.083333333333334 10.983333333333333 8.783333333333333 1.7166666666666666 11.8 13.766666666666667 7.1 8.55 9.383333333333333 7.616666666666666 1.9666666666666666 4.133333333333334 3.3 18.25 17.633333333333333 12.333333333333334 4.5 8.033333333333333 13.116666666666667 12.6 10.35 
9.166666666666666 15.0 0.0 3.55 6.216666666666667 11.366666666666667 11.366666666666667 7.933333333333334 8.9 3.65 5.266666666666667 5.25 5.866666666666666 6.333333333333333 8.883333333333333 7.15 7.966666666666667 13.8 14.133333333333333 16.883333333333333 10.05 6.866666666666666 12.05 13.866666666666667 10.166666666666666 10.383333333333333 5.533333333333333 0.0 3.55 9.983333333333333 6.383333333333334 7.016666666666667 7.25 8.75 8.65 8.75 9.0 10.383333333333333 9.766666666666667 7.5 5.8 7.616666666666666 15.666666666666666 14.85 8.033333333333333 1.3833333333333333 7.466666666666667 12.1 11.6 13.466666666666667 
11.35 17.216666666666665 7.766666666666667 0.0 9.85 12.333333333333334 15.0 11.566666666666666 12.533333333333333 2.9 8.9 8.9 5.7 6.216666666666667 11.1 5.683333333333334 11.6 17.433333333333334 15.083333333333334 18.966666666666665 12.0 10.5 14.016666666666667 17.5 12.45 8.916666666666666 4.083333333333333 7.766666666666667 0.0 13.616666666666667 8.65 6.266666666666667 5.783333333333333 12.383333333333333 12.283333333333333 11.166666666666666 11.233333333333333 13.45 11.683333333333334 6.033333333333333 8.216666666666667 7.366666666666666 15.75 16.333333333333332 11.666666666666666 4.266666666666667 11.1 15.733333333333333 15.233333333333333 14.416666666666666 
11.166666666666666 10.566666666666666 10.466666666666667 12.1 8.183333333333334 4.883333333333334 6.083333333333333 9.0 8.133333333333333 10.233333333333333 6.7 9.466666666666667 12.316666666666666 9.066666666666666 15.916666666666666 9.366666666666667 6.133333333333334 6.416666666666667 7.533333333333333 6.9 5.8 11.083333333333334 7.816666666666666 5.566666666666666 14.516666666666667 8.366666666666667 10.733333333333333 10.466666666666667 12.1 0.0 10.583333333333334 13.6 10.3 7.183333333333334 9.533333333333333 3.8666666666666667 9.916666666666666 9.0 8.966666666666667 9.016666666666667 10.2 10.45 12.4 8.533333333333333 9.166666666666666 11.883333333333333 8.1 4.016666666666667 3.5 7.416666666666667 
6.85 17.316666666666666 5.016666666666667 8.633333333333333 5.133333333333334 10.95 10.283333333333333 6.85 7.816666666666666 8.733333333333333 4.066666666666666 2.55 2.6166666666666667 8.45 12.15 9.633333333333333 6.883333333333334 12.716666666666667 13.716666666666667 15.683333333333334 10.683333333333334 2.0833333333333335 12.683333333333334 12.783333333333333 7.933333333333334 9.35 10.1 5.016666666666667 8.633333333333333 8.783333333333333 0.0 3.7 10.566666666666666 7.65 7.566666666666666 7.55 12.9 13.733333333333333 11.966666666666667 9.283333333333333 9.066666666666666 10.716666666666667 14.583333333333334 13.766666666666667 6.933333333333334 6.466666666666667 5.533333333333333 11.016666666666667 10.5 13.033333333333333 
6.566666666666666 16.15 7.25 7.45 8.75 12.516666666666667 13.833333333333334 10.016666666666667 11.366666666666667 7.55 7.683333333333334 6.166666666666667 4.116666666666666 8.783333333333333 10.033333333333333 9.6 10.5 16.383333333333333 15.283333333333333 19.3 11.183333333333334 5.65 13.2 16.15 7.65 11.85 7.983333333333333 7.25 7.45 12.4 3.85 0.0 9.7 11.266666666666667 9.683333333333334 11.166666666666666 10.15 11.533333333333333 10.916666666666666 9.483333333333333 6.933333333333334 8.766666666666667 13.216666666666667 15.316666666666666 10.55 4.916666666666667 9.166666666666666 15.383333333333333 14.883333333333333 14.616666666666667 
14.466666666666667 15.216666666666667 10.616666666666667 6.683333333333334 9.866666666666667 8.85 15.783333333333333 12.833333333333334 13.8 6.133333333333334 7.233333333333333 10.0 8.916666666666666 6.466666666666667 10.366666666666667 2.2 11.616666666666667 16.116666666666667 11.616666666666667 15.483333333333333 8.533333333333333 11.616666666666667 10.533333333333333 15.266666666666667 15.466666666666667 5.45 1.3666666666666667 10.616666666666667 6.683333333333334 10.683333333333334 11.116666666666667 9.5 0.0 12.383333333333333 13.95 7.683333333333334 9.15 9.983333333333333 8.216666666666667 2.55 4.083333333333333 3.2333333333333334 18.966666666666665 18.233333333333334 12.933333333333334 5.866666666666666 8.633333333333333 13.716666666666667 13.2 10.933333333333334 
8.766666666666667 12.733333333333333 8.9 12.516666666666667 5.016666666666667 8.216666666666667 4.733333333333333 5.45 4.166666666666667 12.616666666666667 6.55 8.566666666666666 11.716666666666667 8.016666666666667 18.083333333333332 10.55 2.966666666666667 5.05 9.7 9.15 8.633333333333333 10.183333333333334 10.65 5.133333333333334 12.1 10.283333333333333 11.733333333333333 8.9 12.516666666666667 3.783333333333333 9.7 12.9 11.483333333333333 0.0 5.566666666666666 6.35 12.4 11.816666666666666 11.466666666666667 10.2 11.766666666666667 11.633333333333333 11.033333333333333 7.166666666666667 5.2 10.35 5.916666666666667 3.3666666666666667 2.85 10.483333333333333 
3.95 16.183333333333334 7.833333333333333 11.45 5.3 12.816666666666666 4.15 2.25 1.6833333333333333 11.55 7.0 7.5 10.633333333333333 10.0 16.766666666666666 12.566666666666666 4.933333333333334 8.616666666666667 13.15 12.6 13.6 9.1 15.2 8.566666666666666 7.283333333333333 12.283333333333333 13.433333333333334 7.833333333333333 11.45 8.333333333333334 8.616666666666667 9.933333333333334 13.5 5.733333333333333 0.0 10.466666666666667 15.833333333333334 16.666666666666668 14.9 12.216666666666667 13.766666666666667 13.65 11.15 7.633333333333334 3.0166666666666666 9.266666666666667 7.316666666666666 7.816666666666666 7.3 13.933333333333334 
10.833333333333334 10.4 7.366666666666666 10.25 6.216666666666667 4.033333333333333 9.166666666666666 8.55 8.683333333333334 8.4 3.6 6.366666666666666 9.216666666666667 8.683333333333334 11.716666666666667 5.633333333333334 5.683333333333334 9.5 6.8 8.866666666666667 4.55 7.966666666666667 6.566666666666666 8.65 11.816666666666666 5.35 7.0 7.366666666666666 10.25 3.45 7.483333333333333 10.7 6.566666666666666 6.733333333333333 10.183333333333334 0.0 8.066666666666666 7.733333333333333 7.133333333333334 5.283333333333333 6.833333333333333 6.7 15.483333333333333 11.616666666666667 8.366666666666667 8.8 4.983333333333333 7.1 6.583333333333333 6.116666666666666 
15.55 7.033333333333333 12.25 8.95 11.866666666666667 5.966666666666667 14.2 14.833333333333334 15.566666666666666 7.1 9.233333333333333 12.0 9.883333333333333 12.833333333333334 5.5 7.333333333333333 13.633333333333333 15.55 6.1 11.033333333333333 4.716666666666667 13.616666666666667 4.833333333333333 14.4 16.633333333333333 8.566666666666666 8.716666666666667 12.25 8.95 10.666666666666666 13.116666666666667 10.466666666666667 8.266666666666667 14.383333333333333 15.95 8.583333333333334 0.0 1.6666666666666667 1.0166666666666666 6.983333333333333 8.166666666666666 8.416666666666666 17.666666666666668 15.783333333333333 14.933333333333334 8.733333333333333 10.633333333333333 13.3 12.783333333333333 6.9 
17.3 6.416666666666667 13.65 10.7 12.5 4.466666666666667 13.6 15.483333333333333 16.066666666666666 8.85 9.883333333333333 12.65 11.633333333333333 13.466666666666667 6.8 7.983333333333333 13.166666666666666 13.85 5.5 10.416666666666666 3.2 14.25 3.6166666666666667 12.716666666666667 18.1 9.2 9.35 13.65 10.7 10.2 13.766666666666667 12.216666666666667 8.916666666666666 14.216666666666667 17.45 8.116666666666667 1.5 0.0 1.9166666666666667 7.633333333333334 8.816666666666666 9.066666666666666 17.05 15.166666666666666 15.566666666666666 10.483333333333333 11.266666666666667 11.45 10.933333333333334 5.166666666666667 
15.633333333333333 7.966666666666667 11.983333333333333 9.05 10.85 6.033333333333333 15.15 13.816666666666666 14.55 7.183333333333334 8.216666666666667 10.983333333333333 9.983333333333333 11.816666666666666 6.433333333333334 6.316666666666666 12.616666666666667 15.083333333333334 7.05 11.966666666666667 4.783333333333333 12.6 4.95 14.233333333333333 16.45 7.533333333333333 7.7 11.983333333333333 9.05 9.65 12.1 10.55 7.25 13.366666666666667 14.933333333333334 7.566666666666666 0.9333333333333333 1.6833333333333333 0.0 5.966666666666667 7.15 7.4 18.6 16.733333333333334 13.916666666666666 8.833333333333334 9.616666666666667 12.683333333333334 12.166666666666666 6.5 
11.916666666666666 12.65 8.45 7.283333333333333 7.3 6.3 13.233333333333333 10.283333333333333 11.25 5.433333333333334 4.683333333333334 7.45 8.216666666666667 5.833333333333333 9.416666666666666 0.35 9.066666666666666 13.55 9.05 12.933333333333334 5.966666666666667 9.05 7.983333333333333 12.7 12.916666666666666 4.0 1.7166666666666666 8.45 7.283333333333333 8.116666666666667 8.566666666666666 8.783333333333333 1.2833333333333334 9.833333333333334 11.4 5.133333333333334 6.583333333333333 7.416666666666667 5.65 0.0 3.3666666666666667 2.533333333333333 19.533333333333335 15.683333333333334 10.383333333333333 6.45 6.066666666666666 11.15 10.633333333333333 8.383333333333333 
12.883333333333333 10.2 9.4 7.116666666666666 8.266666666666667 5.583333333333333 12.516666666666667 11.233333333333333 12.316666666666666 5.25 5.633333333333334 8.4 8.05 9.233333333333333 8.85 3.75 10.383333333333333 12.85 8.35 12.216666666666667 4.25 10.016666666666667 6.266666666666667 12.0 13.866666666666667 4.966666666666667 5.116666666666666 9.4 7.116666666666666 7.416666666666667 9.533333333333333 8.616666666666667 4.683333333333334 10.8 12.35 5.333333333333333 4.916666666666667 5.733333333333333 3.966666666666667 3.3833333333333333 0.0 4.816666666666666 18.833333333333332 14.966666666666667 11.333333333333334 6.9 7.033333333333333 10.433333333333334 9.933333333333334 7.666666666666667 
12.9 13.65 9.433333333333334 7.116666666666666 8.3 7.283333333333333 14.216666666666667 11.266666666666667 12.25 5.25 5.666666666666667 8.433333333333334 8.05 7.366666666666666 8.883333333333333 1.8833333333333333 10.05 14.55 10.05 13.916666666666666 6.966666666666667 10.05 8.983333333333333 13.7 13.9 5.0 3.0166666666666666 9.433333333333334 7.116666666666666 9.116666666666667 9.566666666666666 8.616666666666667 2.816666666666667 10.833333333333334 12.383333333333333 6.133333333333334 7.583333333333333 8.416666666666666 6.65 1.5333333333333334 3.2 0.0 18.083333333333332 16.666666666666668 11.366666666666667 6.9 7.066666666666666 12.15 11.633333333333333 9.366666666666667 
9.35 13.316666666666666 14.75 16.183333333333334 12.183333333333334 12.55 6.866666666666666 10.616666666666667 9.333333333333334 16.266666666666666 13.7 14.4 13.2 15.166666666666666 15.366666666666667 17.716666666666665 10.116666666666667 6.033333333333333 11.9 11.333333333333334 13.466666666666667 14.9 13.95 7.316666666666666 8.566666666666666 17.483333333333334 16.7 14.75 16.183333333333334 10.95 15.533333333333333 12.85 18.65 11.166666666666666 9.116666666666667 12.983333333333333 17.316666666666666 16.616666666666667 17.416666666666668 17.366666666666667 15.666666666666666 17.483333333333334 0.0 3.05 11.366666666666667 13.633333333333333 13.083333333333334 7.533333333333333 7.033333333333333 12.683333333333334 
9.466666666666667 13.383333333333333 13.25 16.866666666666667 10.65 11.016666666666667 3.6166666666666667 7.366666666666666 6.083333333333333 16.95 12.183333333333334 12.916666666666666 13.716666666666667 13.633333333333333 16.533333333333335 16.183333333333334 8.583333333333334 3.0 10.366666666666667 9.8 11.933333333333334 14.516666666666667 12.416666666666666 5.783333333333333 9.083333333333334 15.95 17.366666666666667 13.25 16.866666666666667 9.416666666666666 14.033333333333333 13.366666666666667 17.116666666666667 9.633333333333333 7.483333333333333 11.45 15.783333333333333 15.083333333333334 15.883333333333333 15.833333333333334 16.166666666666668 17.266666666666666 4.183333333333334 0.0 8.116666666666667 14.683333333333334 11.55 6.0 5.5 11.15 
6.833333333333333 16.766666666666666 7.366666666666666 10.983333333333333 3.533333333333333 11.966666666666667 4.733333333333333 1.25 2.2666666666666666 11.083333333333334 5.5 7.033333333333333 10.166666666666666 8.0 16.3 10.833333333333334 2.933333333333333 8.783333333333333 13.733333333333333 13.183333333333334 11.883333333333333 8.633333333333333 13.9 9.166666666666666 9.55 10.566666666666666 11.716666666666667 7.366666666666666 10.983333333333333 7.516666666666667 8.15 11.366666666666667 11.766666666666667 3.7333333333333334 2.933333333333333 8.766666666666667 14.116666666666667 14.95 13.166666666666666 10.483333333333333 12.05 11.916666666666666 11.75 8.216666666666667 0.0 8.8 5.416666666666667 7.1 6.583333333333333 14.516666666666667 
9.783333333333333 13.616666666666667 4.75 2.533333333333333 6.833333333333333 10.0 11.983333333333333 8.55 9.516666666666667 2.6333333333333333 5.883333333333334 5.866666666666666 5.416666666666667 4.966666666666667 7.5 5.766666666666667 8.583333333333334 14.416666666666666 12.75 16.633333333333333 8.666666666666666 7.483333333333333 10.683333333333334 14.483333333333333 10.783333333333333 9.0 4.15 4.75 2.533333333333333 10.583333333333334 7.0 6.0 5.866666666666666 9.366666666666667 9.266666666666667 9.366666666666667 7.633333333333334 9.0 8.383333333333333 6.116666666666666 4.416666666666667 6.233333333333333 15.466666666666667 15.466666666666667 8.65 0.0 8.066666666666666 12.716666666666667 12.216666666666667 12.083333333333334 
7.733333333333333 14.133333333333333 5.566666666666666 9.183333333333334 2.2 7.766666666666667 8.616666666666667 5.183333333333334 6.15 9.266666666666667 0.8833333333333333 3.966666666666667 6.833333333333333 4.583333333333333 12.55 6.45 3.966666666666667 9.8 10.533333333333333 12.5 7.5 5.583333333333333 9.516666666666667 9.866666666666667 8.716666666666667 6.183333333333334 8.316666666666666 5.566666666666666 9.183333333333334 5.6 5.1 8.316666666666666 7.4 4.733333333333333 6.816666666666666 4.366666666666666 9.733333333333333 10.566666666666666 8.783333333333333 6.1 7.666666666666667 7.533333333333333 14.233333333333333 11.916666666666666 5.283333333333333 7.0 0.0 8.1 7.583333333333333 9.866666666666667 
8.733333333333333 12.7 8.533333333333333 12.15 4.633333333333334 7.85 4.7 5.4 4.133333333333334 12.233333333333333 6.166666666666667 8.2 11.333333333333334 7.633333333333334 16.283333333333335 10.183333333333334 2.5833333333333335 5.033333333333333 9.666666666666666 9.116666666666667 8.266666666666667 9.8 10.283333333333333 5.1 11.683333333333334 9.9 11.366666666666667 8.533333333333333 12.15 3.4 9.316666666666666 12.533333333333333 11.116666666666667 3.6333333333333333 5.516666666666667 5.983333333333333 12.033333333333333 11.45 11.1 9.833333333333334 11.383333333333333 11.266666666666667 11.016666666666667 7.15 5.15 9.966666666666667 5.55 0.0 2.816666666666667 9.95 
9.233333333333333 12.55 9.033333333333333 12.65 5.15 6.733333333333333 5.216666666666667 5.916666666666667 4.633333333333334 12.75 6.683333333333334 8.7 11.85 8.15 16.783333333333335 10.7 3.1 5.533333333333333 9.516666666666667 8.883333333333333 7.65 10.316666666666666 9.666666666666666 5.616666666666666 12.2 10.416666666666666 11.866666666666667 9.033333333333333 12.65 3.9166666666666665 9.833333333333334 13.033333333333333 11.633333333333333 4.15 6.033333333333333 6.5 12.55 10.833333333333334 11.6 10.35 11.9 11.783333333333333 11.516666666666667 7.666666666666667 5.666666666666667 10.483333333333333 6.05 0.5166666666666667 0.0 9.266666666666667 
14.466666666666667 4.4 12.95 12.633333333333333 11.816666666666666 2.816666666666667 9.383333333333333 13.116666666666667 11.85 10.766666666666667 9.183333333333334 11.95 13.566666666666666 15.383333333333333 9.4 9.9 11.05 10.733333333333333 0.6666666666666666 6.15 3.816666666666667 13.566666666666666 1.5166666666666666 9.583333333333334 17.8 8.9 11.266666666666667 12.95 12.633333333333333 8.416666666666666 13.066666666666666 14.133333333333333 10.833333333333334 12.1 13.233333333333333 6.333333333333333 5.983333333333333 5.2 6.733333333333333 9.55 10.733333333333333 10.983333333333333 13.45 10.966666666666667 13.883333333333333 12.416666666666666 10.583333333333334 8.466666666666667 7.95 0.0 
]
