0 35
0 42
0 44
0 50
0 53
0 54
0 64
0 69
0 71
0 76
0 86
0 88
0 90
0 91
0 92
0 100
0 103
0 108
0 109
0 111
0 117
0 119
0 123
0 130
0 148
0 149
0 152
0 158
0 165
0 173
0 177
0 193
1 27
1 33
1 34
1 35
1 40
1 44
1 45
1 58
1 60
1 68
1 71
1 76
1 83
1 84
1 87
1 103
1 110
1 116
1 122
1 142
1 148
1 154
1 159
1 160
1 162
1 165
1 167
1 169
1 177
1 198
1 233
1 235
2 58
2 75
2 97
2 98
2 99
2 101
2 105
2 114
2 126
2 141
2 169
3 26
3 29
3 32
3 40
3 59
3 65
3 67
3 70
3 72
3 74
3 75
3 80
3 81
3 82
3 113
3 114
3 126
3 146
3 154
3 157
3 163
