0 27
0 35
0 37
0 42
0 44
0 46
0 58
0 60
0 64
0 71
0 86
0 88
0 89
0 90
0 91
0 92
0 93
0 100
0 106
0 107
0 108
0 111
0 112
0 117
0 118
0 120
0 123
0 130
0 148
0 149
0 150
0 158
0 165
0 167
0 173
0 177
0 180
0 181
0 187
0 188
0 193
0 202
1 32
1 33
1 34
1 36
1 40
1 41
1 43
1 44
1 45
1 58
1 66
1 68
1 71
1 76
1 83
1 84
1 85
1 87
1 110
1 113
1 116
1 122
1 123
1 147
1 148
1 157
1 159
1 160
1 161
1 164
1 165
1 171
1 193
1 198
1 230
1 234
1 235
1 241
2 48
2 62
2 67
2 75
2 96
2 98
2 99
2 101
2 103
2 105
2 126
2 141
2 153
2 169
3 26
3 28
3 31
3 39
3 40
3 67
3 70
3 72
3 75
3 81
3 82
3 126
3 128
3 129
3 137
3 154
3 155
3 166
3 170
4 50
4 52
4 53
4 54
4 55
4 56
4 61
4 94
4 97
4 109
4 119
4 133
4 139
4 152
4 222
