0 27
0 34
0 60
0 84
0 86
0 88
0 90
0 91
0 93
0 106
0 107
0 108
0 110
0 111
0 112
0 117
0 118
0 120
0 130
0 150
0 158
0 159
0 165
0 167
0 171
0 177
0 180
0 187
0 188
0 193
0 198
0 202
1 26
1 31
1 32
1 33
1 34
1 45
1 67
1 68
1 71
1 72
1 81
1 82
1 83
1 84
1 85
1 106
1 110
1 113
1 116
1 120
1 122
1 126
1 128
1 137
1 147
1 160
1 164
1 165
1 166
1 167
1 170
1 198
2 35
2 40
2 42
2 48
2 50
2 53
2 54
2 61
2 62
2 64
2 75
2 89
2 92
2 94
2 97
2 98
2 101
2 103
2 105
2 109
2 116
2 119
2 139
2 141
2 148
2 149
2 152
2 153
2 154
2 169
2 222
2 234
3 28
3 36
3 39
3 40
3 41
3 43
3 44
3 58
3 64
3 66
3 67
3 68
3 70
3 71
3 72
3 75
3 76
3 81
3 87
3 98
3 103
3 113
3 123
3 126
3 133
3 137
3 154
3 155
3 161
3 230
3 235
3 241
4 35
4 37
4 42
4 44
4 46
4 50
4 55
4 56
4 58
4 60
4 76
4 86
4 87
4 88
4 89
4 90
4 91
4 92
4 100
4 119
4 123
4 130
4 133
4 141
4 148
4 149
4 152
4 159
4 173
4 177
4 181
4 188
4 193
