0 34
0 35
0 37
0 39
0 40
0 42
0 46
0 50
0 52
0 53
0 54
0 55
0 56
0 59
0 61
0 64
0 65
0 67
0 69
0 70
0 73
0 75
0 80
0 82
0 83
0 84
0 86
0 89
0 92
0 94
0 95
0 96
0 97
0 99
0 102
0 103
0 105
0 106
0 109
0 114
0 116
0 119
0 123
0 126
0 133
0 138
0 139
0 141
0 142
0 146
0 149
0 151
0 152
0 163
0 169
0 173
0 177
0 180
0 181
0 187
0 188
0 193
0 222
1 26
1 28
1 29
1 31
1 32
1 33
1 34
1 40
1 41
1 43
1 44
1 45
1 50
1 58
1 59
1 60
1 66
1 68
1 71
1 72
1 76
1 80
1 81
1 83
1 84
1 85
1 87
1 88
1 90
1 91
1 93
1 106
1 107
1 108
1 111
1 112
1 113
1 114
1 116
1 117
1 119
1 120
1 122
1 128
1 130
1 133
1 137
1 142
1 146
1 147
1 148
1 150
1 152
1 154
1 155
1 157
1 158
1 160
1 161
1 162
1 164
1 167
1 171
1 177
1 182
1 193
1 198
1 202
1 228
1 230
1 233
1 234
1 235
1 241
