artificialStation: 0
visitInterval: 0
loadInterval: 3
simulation: 0

Stations : [
97
35
101
103
167
41
137
75
235
44
109
141
173
145
148
85
88
89
28
158
0
]

stationsCapacities : [
15
24
30
42
24
12
25
36
25
12
19
15
21
10
24
24
15
18
30
24
0
]
vehicleParkingTime: 2.0
unitHandlingTime: 0.25

Vehicles : [
0
]

vehicleCapacity : [
23
]

drivingTime : [
0.0 6.7 7.083333333333333 7.633333333333334 14.583333333333334 12.866666666666667 13.65 7.283333333333333 14.266666666666667 9.45 10.216666666666667 7.533333333333333 6.033333333333333 12.966666666666667 8.8 20.416666666666668 9.366666666666667 8.116666666666667 12.516666666666667 13.133333333333333 0
6.216666666666667 0.0 9.75 7.683333333333334 8.683333333333334 9.116666666666667 9.9 7.333333333333333 8.35 3.2666666666666666 7.683333333333334 7.033333333333333 1.8166666666666667 9.233333333333333 2.6166666666666667 13.65 2.6666666666666665 2.533333333333333 8.766666666666667 7.233333333333333 0
7.716666666666667 9.566666666666666 0.0 5.533333333333333 18.266666666666666 10.766666666666667 10.116666666666667 3.4 12.166666666666666 10.55 8.116666666666667 5.433333333333334 11.383333333333333 10.866666666666667 9.883333333333333 16.8 12.233333333333333 8.233333333333333 10.416666666666666 16.8 0
7.416666666666667 6.4 5.833333333333333 0.0 15.083333333333334 7.666666666666667 8.45 3.8666666666666667 9.066666666666666 7.366666666666666 2.6 2.3333333333333335 8.216666666666667 7.766666666666667 6.716666666666667 15.266666666666667 9.066666666666666 5.133333333333334 7.316666666666666 13.633333333333333 0
15.516666666666667 9.816666666666666 19.083333333333332 16.266666666666666 0.0 13.35 13.5 16.683333333333334 12.516666666666667 9.083333333333334 17.033333333333335 15.483333333333333 10.55 12.083333333333334 9.75 11.533333333333333 6.9 11.883333333333333 11.083333333333334 2.283333333333333 0
10.916666666666666 7.066666666666666 9.333333333333334 6.466666666666667 11.883333333333333 0.0 5.133333333333334 8.8 2.3333333333333335 5.533333333333333 7.183333333333334 5.683333333333334 8.883333333333333 3.2333333333333334 6.033333333333333 11.633333333333333 7.883333333333334 4.733333333333333 3.683333333333333 10.416666666666666 0
10.383333333333333 11.083333333333334 6.883333333333334 7.5 15.333333333333334 6.683333333333334 0.0 6.066666666666666 8.083333333333334 9.55 9.133333333333333 9.816666666666666 12.9 5.783333333333333 10.05 12.516666666666667 11.9 8.75 4.566666666666666 13.883333333333333 0
11.0 12.1 7.5 7.766666666666667 17.916666666666668 9.283333333333333 6.716666666666667 0.0 10.683333333333334 12.15 9.4 10.083333333333334 13.916666666666666 8.366666666666667 12.65 13.383333333333333 14.5 11.333333333333334 7.15 16.466666666666665 0
15.183333333333334 14.15 10.416666666666666 7.75 22.283333333333335 12.466666666666667 11.6 9.616666666666667 0.0 15.333333333333334 9.4 10.083333333333334 15.966666666666667 13.233333333333333 14.466666666666667 19.983333333333334 16.816666666666666 12.883333333333333 12.033333333333333 20.816666666666666 0
8.8 3.1 10.05 7.183333333333334 8.083333333333334 8.433333333333334 8.733333333333333 8.15 5.766666666666667 0.0 7.9 6.4 4.916666666666667 7.166666666666667 0.6666666666666666 11.983333333333333 2.683333333333333 3.3333333333333335 7.616666666666666 6.633333333333334 0
9.216666666666667 6.666666666666667 7.633333333333334 2.0 15.366666666666667 8.216666666666667 9.0 5.866666666666666 9.616666666666667 7.65 0.0 2.4 8.5 8.316666666666666 6.983333333333333 15.816666666666666 9.35 5.4 7.866666666666666 13.9 0
7.25 5.866666666666666 5.666666666666667 2.8 14.55 7.133333333333334 7.9 5.133333333333334 8.533333333333333 6.833333333333333 2.9166666666666665 0.0 7.683333333333334 7.233333333333333 6.183333333333334 14.733333333333333 8.533333333333333 4.6 6.783333333333333 13.1 0
7.2 2.0166666666666666 11.3 9.233333333333333 9.316666666666666 10.666666666666666 11.45 8.883333333333333 10.366666666666667 5.283333333333333 9.233333333333333 8.583333333333334 0.0 10.766666666666667 4.633333333333334 15.15 4.683333333333334 4.083333333333333 10.316666666666666 7.866666666666666 0
13.6 9.75 12.0 9.133333333333333 9.483333333333333 4.45 5.466666666666667 11.583333333333334 5.866666666666666 7.533333333333333 9.85 8.35 11.566666666666666 0.0 8.2 9.2 8.35 7.4 3.05 9.65 0
8.133333333333333 2.45 9.883333333333333 7.166666666666667 8.733333333333333 7.933333333333334 8.716666666666667 7.483333333333333 5.75 0.65 7.833333333333333 6.383333333333334 4.266666666666667 7.433333333333334 0.0 12.633333333333333 3.3333333333333335 2.683333333333333 7.883333333333334 7.283333333333333 0
17.433333333333334 13.083333333333334 13.916666666666666 15.366666666666667 9.45 12.033333333333333 11.0 13.116666666666667 13.433333333333334 11.3 16.1 14.583333333333334 14.8 9.533333333333333 11.966666666666667 0.0 10.183333333333334 13.633333333333333 8.583333333333334 9.716666666666667 0
8.65 2.9 12.183333333333334 9.55 6.016666666666667 8.983333333333333 10.616666666666667 9.783333333333333 8.15 2.816666666666667 10.133333333333333 8.766666666666667 4.25 7.716666666666667 3.3 10.983333333333333 0.0 4.983333333333333 8.166666666666666 4.566666666666666 0
7.733333333333333 2.35 8.15 5.283333333333333 11.033333333333333 6.583333333333333 7.366666666666666 6.833333333333333 7.133333333333334 3.033333333333333 6.0 4.483333333333333 4.166666666666667 6.683333333333334 2.6666666666666665 14.183333333333334 5.016666666666667 0.0 6.233333333333333 9.566666666666666 0
14.633333333333333 10.783333333333333 13.05 10.183333333333334 10.283333333333333 6.833333333333333 5.8 11.933333333333334 8.233333333333333 9.233333333333333 10.9 9.4 12.6 4.333333333333333 9.75 7.95 11.4 8.433333333333334 0.0 10.55 0
13.0 7.3 16.566666666666666 13.75 1.8333333333333333 10.833333333333334 12.45 14.166666666666666 10.0 6.566666666666666 14.516666666666667 12.966666666666667 8.016666666666667 9.566666666666666 7.233333333333333 11.216666666666667 4.383333333333334 9.366666666666667 10.0 0.0 0
0 0 0 0 0 0 0 0 0 0 0 0 0 0 0 0 0 0 0 0 0
]
