26 0 16.6177 0
27 0 1.86973 0
28 0 2.09323 0
29 0 19.3665 0
30 0 6.02437 0
31 0 2.26431 0
32 0 7 0.739338
33 0 8.38557 0
34 0 4 5.55098
35 1 9.90524 0
36 0 8.83333 0
37 0 7 2.43916
39 0 3.57066 0
40 0 16 3.02783
41 0 3.21068 0
42 0 2.48561 0
43 0 15 1.70814
44 1 12 4.49141
45 0 2.76782 0
46 0 4.48661 0
48 0 0.562862 0
50 0 2.65924 0
51 0 0.637186 0
52 0 2.97223 0
53 0 8.1419 0
54 0 11 5.45366
55 0 3.01704 0
56 0 2.66667 0
57 0 5.33333 0
58 0 24 2.33206
59 0 10 1.66506
60 0 25 5.27794
61 0 3.49776 0
62 0 1 0
63 0 1.94014 0
64 0 16.0663 0
65 0 6 2.90019
66 0 5.61603 0
67 0 6 4.41119
68 0 25.8333 0
69 0 4 1.3642
70 0 0.476615 0
71 0 6 0.366726
72 0 18 4.31125
73 0 10.2248 0
74 0 4 2.46331
75 0 6.92197 0
76 0 10 9.2785
80 0 4.14673 0
81 0 9 1.80252
82 0 12.8554 0
83 0 12.41 0
84 0 26 5.51973
85 0 1.62988 0
86 0 3.98337 0
87 0 10.6215 0
88 0 4.57167 0
89 0 11.7644 0
90 0 10.5479 0
91 0 12 0.93471
92 0 11.3616 0
93 0 5.29958 0
94 0 0.666667 0
95 0 4.54183 0
96 0 8.83333 0
97 0 12 3.85326
98 0 18 8.37263
99 0 18 1.41969
100 0 10.2135 0
101 0 15.5689 0
102 0 4 0
103 1 6.96539 0
104 0 1.83333 0
105 0 2.73369 0
106 0 4.83301 0
107 0 9.48866 0
108 0 17.0602 0
109 0 16 7.11818
110 0 12.4886 0
111 0 16.1745 0
112 0 10.7754 0
113 0 3.91256 0
114 0 10.985 0
115 0 10.5917 0
116 0 11.8665 0
117 0 31 1.25103
118 0 5.48684 0
119 0 9 0.429561
120 0 7.5 0
122 0 18 2.42315
123 0 24 1.57874
124 0 9.32171 0
126 0 35 3.2231
128 0 20 0.947343
129 0 12.0175 0
130 0 12.4914 0
133 0 3.02503 0
135 0 20 0
137 0 13.7531 0
138 0 9.42691 0
139 0 5.2302 0
141 0 11 9.74402
142 0 3.55967 0
145 0 8 0
146 0 15 3.84231
147 0 10 2.15158
148 0 16.6242 0
149 0 6.76393 0
150 0 2.58584 0
151 0 9 0
152 0 14 8.03046
153 0 4.42659 0
154 0 30 10.141
155 0 14.3333 0
157 0 2.24625 0
158 0 19 5.39263
159 0 17 1.53095
160 0 7.97129 0
161 0 4.70908 0
162 0 1.91471 0
163 1 28.768 0
164 0 0.453396 0
165 0 13 4.01034
166 0 10.4765 0
167 0 5.84495 0
168 0 1.83333 0
169 0 9.20099 0
170 0 12 0.508202
171 0 6.60476 0
173 0 5.85579 0
174 0 2 0
177 0 12.6944 0
179 0 12 0.333333
180 0 18.8333 0
181 0 10.1667 0
182 0 15.4426 0
187 0 20 0
188 0 1.46542 0
193 0 4.54161 0
194 0 17 0
198 0 26 0.0993981
202 0 0.0722456 0
207 0 5.33333 0
210 0 7.76114 0
214 0 7 0
218 0 10 0
221 0 1 0
222 0 0.22731 0
223 0 4 0
228 0 1.43158 0
230 0 5.76848 0
233 0 14 7.64087
234 0 9.28402 0
235 0 19.4402 0
236 0 15 0
241 0 4.60523 0
242 0 0.302005 0
244 0 4 0
