61201.98482710869, 105, -1.0
61202.19681911609, 130, -1.0
61202.761664806545, 34, 1.0
61204.140356298565, 33, 1.0
61205.92553368377, 108, 1.0
61206.52929045425, 182, 1.0
61206.64980654628, 166, 1.0
61207.27972427363, 32, -1.0
61208.912862142155, 163, 1.0
61211.03211218618, 76, -1.0
61211.49908663072, 222, 1.0
61211.7611177174, 33, 1.0
61215.52995002336, 80, -1.0
61216.67263596637, 44, 1.0
61217.58107233235, 164, 1.0
61217.72013019805, 33, 1.0
61218.669307405165, 130, 1.0
61221.0361421053, 159, -1.0
61221.08875042746, 130, -1.0
61221.43632113705, 188, -1.0
61221.44820001329, 182, 1.0
61221.85230678476, 37, -1.0
61224.26404205741, 165, 1.0
61227.92586555604, 100, 1.0
61230.425107118885, 164, 1.0
61231.67638664284, 151, -1.0
61232.8245868492, 99, -1.0
61233.35235623354, 35, 1.0
61236.29098418477, 234, -1.0
61240.507694470456, 100, 1.0
61240.551572801356, 81, 1.0
61241.62387308737, 158, -1.0
61246.15193633114, 130, -1.0
61247.32317756121, 146, 1.0
61249.30465071315, 97, -1.0
61249.41402469541, 32, -1.0
61257.80720736489, 152, 1.0
61259.47373536454, 32, 1.0
61260.46830435354, 87, -1.0
61261.51196499221, 160, 1.0
61263.2592080132, 101, 1.0
61265.73165665744, 182, -1.0
61266.16697914415, 70, 1.0
61267.01694558616, 40, -1.0
61271.84992266893, 100, -1.0
61274.28491380917, 137, 1.0
61274.5439512539, 165, 1.0
61275.50908174204, 101, -1.0
61277.256661451196, 152, -1.0
61278.0730329475, 68, -1.0
61282.81716397434, 233, -1.0
61284.292382496096, 193, -1.0
61285.93392465471, 160, -1.0
61288.744977356684, 146, 1.0
61289.33902494999, 130, -1.0
61290.20543527077, 71, -1.0
61296.067522449615, 40, -1.0
61296.93625764263, 87, -1.0
61297.83680807615, 71, 1.0
61301.06149884277, 88, 1.0
61301.09647818295, 83, 1.0
61301.478354057705, 103, -1.0
61305.680474760775, 167, 1.0
61306.757149306846, 35, -1.0
61308.0744558609, 198, 1.0
61309.03705173129, 87, 1.0
61309.887659011925, 34, 1.0
61310.48102108254, 111, -1.0
61312.38859631127, 81, -1.0
61317.954901345394, 126, 1.0
61318.51180392761, 30, 1.0
61319.98496960939, 164, -1.0
61321.266413919, 84, 1.0
61321.70985544807, 149, -1.0
61329.17839215546, 137, 1.0
61329.214709297106, 202, -1.0
61335.80517207167, 130, -1.0
61336.13187559125, 57, 1.0
61336.91285938547, 75, 1.0
61337.31525527702, 163, 1.0
61339.22392106165, 35, -1.0
61339.750419673706, 34, 1.0
61340.118393061435, 104, -1.0
61340.674229909884, 84, -1.0
61341.49186288463, 173, 1.0
61343.276914947244, 139, 1.0
61345.44458746039, 117, 1.0
61345.65764326273, 71, 1.0
61348.660544516155, 44, 1.0
61350.65836691574, 60, -1.0
61352.67815404663, 86, 1.0
61356.28101884567, 116, 1.0
61359.96445557254, 81, -1.0
61360.80633150142, 138, -1.0
61361.672169153186, 148, -1.0
61367.16799683039, 58, 1.0
61368.241834729044, 162, -1.0
61369.71005595275, 152, 1.0
61369.72599371427, 152, 1.0
61370.08307719829, 80, 1.0
61372.003637148366, 97, 1.0
61374.40915577102, 114, 1.0
61374.89238924475, 67, -1.0
61376.402271418534, 97, 1.0
61376.88672823883, 188, -1.0
61378.60989073176, 81, 1.0
61379.63927232608, 88, -1.0
61380.70976925501, 85, 1.0
61384.66499183206, 114, 1.0
61385.189313995856, 154, -1.0
61386.80124431297, 81, 1.0
61388.97368655326, 37, 1.0
61392.499159868465, 123, 1.0
61394.26815623483, 105, -1.0
61396.779748479144, 164, 1.0
61397.86859956787, 35, 1.0
61398.226767687214, 116, -1.0
61398.32852009929, 26, -1.0
61400.23957039397, 48, -1.0
61401.742891142516, 42, -1.0
61404.751943891155, 103, -1.0
61406.78499039032, 169, -1.0
61410.322121654994, 80, 1.0
61411.229949331515, 163, 1.0
61411.98391860574, 163, 1.0
61417.43197644307, 45, 1.0
61421.54037848564, 164, -1.0
61424.42915989653, 101, -1.0
61424.86180338113, 103, 1.0
61427.81270877764, 36, -1.0
61428.36594641919, 99, -1.0
61433.246249891396, 142, 1.0
61437.322336358826, 168, 1.0
61438.27174646408, 148, 1.0
61442.86384618712, 99, -1.0
61443.571814817784, 106, 1.0
61446.79018061833, 228, -1.0
61448.172036829754, 168, -1.0
61450.619477062864, 73, 1.0
61450.9383221552, 34, -1.0
61451.4433282508, 193, -1.0
61452.623641306025, 149, 1.0
61454.60813006264, 71, 1.0
61454.690375852086, 36, 1.0
61454.791596656636, 98, 1.0
61456.859966907046, 149, 1.0
61456.9524686011, 159, 1.0
61462.354385211154, 142, 1.0
61467.30965353417, 182, 1.0
61467.55466029591, 241, -1.0
61468.37645576065, 34, 1.0
61471.16242876663, 76, -1.0
61472.11598281997, 59, 1.0
61472.726022109935, 153, 1.0
61474.57204747014, 163, 1.0
61476.25903757354, 234, 1.0
61478.62969746713, 50, 1.0
61478.951117879005, 68, 1.0
61479.7923760373, 234, -1.0
61480.53271114826, 110, 1.0
61481.743039887355, 161, 1.0
61482.936127787914, 126, -1.0
61483.46329802156, 158, -1.0
61483.51170968656, 126, -1.0
61483.80939896306, 182, -1.0
61485.849419412494, 48, 1.0
61488.275245367266, 182, 1.0
61489.82737637112, 100, -1.0
61492.26061598177, 114, 1.0
61495.67392346041, 66, 1.0
61497.52310256008, 159, 1.0
61500.25036253448, 92, -1.0
61501.191689910556, 44, -1.0
61501.9420668359, 71, -1.0
61502.87421021216, 87, -1.0
61506.825538218574, 123, -1.0
61511.53511477459, 202, -1.0
61511.683004914245, 40, 1.0
61512.54369872362, 149, 1.0
61515.01618130645, 33, 1.0
61515.182562655566, 27, -1.0
61515.82979050788, 100, -1.0
61520.17015600902, 92, 1.0
61522.855256006915, 100, 1.0
61524.52489097665, 71, -1.0
61524.670420363735, 222, -1.0
61526.49463764764, 141, -1.0
61528.19385172693, 234, 1.0
61529.00486340513, 167, 1.0
61529.566807041374, 48, 1.0
61529.71272763381, 26, 1.0
61530.10381253066, 114, 1.0
61530.165470300024, 122, 1.0
61530.360016770195, 162, -1.0
61530.59275736669, 153, -1.0
61530.64122683661, 64, 1.0
61531.67936233262, 34, 1.0
61531.91155323976, 142, -1.0
61533.26165966059, 58, -1.0
61535.00339640567, 158, -1.0
61536.05707307509, 59, -1.0
61537.23655535046, 45, 1.0
61537.72805572008, 119, -1.0
61537.82969615201, 87, 1.0
61537.93708856717, 65, -1.0
61541.84677369719, 142, 1.0
61546.05048655246, 60, -1.0
61551.301796121086, 106, -1.0
61551.572140515986, 34, 1.0
61553.790816870154, 160, 1.0
61554.84672840591, 124, 1.0
61558.44731096174, 42, -1.0
61559.02613196419, 87, 1.0
61560.25347112988, 105, -1.0
61561.31135180977, 111, -1.0
61562.5288925161, 90, 1.0
61563.70376887922, 126, 1.0
61564.377152769106, 163, 1.0
61566.90992919269, 34, -1.0
61568.498564829504, 86, -1.0
61568.725287690344, 39, 1.0
61569.618037186934, 44, -1.0
61569.63799982602, 141, -1.0
61570.6431486024, 44, -1.0
61581.23829469457, 28, 1.0
61583.339027998416, 146, 1.0
61583.826922322616, 36, -1.0
61584.27034370555, 61, 1.0
61584.272047729944, 114, 1.0
61585.488470107404, 181, -1.0
61585.99650110137, 114, -1.0
61588.00165073519, 182, -1.0
61588.187775465885, 44, 1.0
61589.906471022034, 52, 1.0
61591.06009870252, 64, -1.0
61593.87872667113, 94, -1.0
61594.72702185396, 116, -1.0
61603.7709806764, 198, -1.0
61605.23597348825, 115, -1.0
61611.03573303445, 103, -1.0
61613.802111231824, 193, 1.0
61615.37143830676, 63, 1.0
61615.62811611785, 105, -1.0
61616.525621352135, 67, -1.0
61617.54544640052, 113, -1.0
61620.86952175284, 67, 1.0
61621.27605031108, 59, -1.0
61621.63187249971, 234, -1.0
61622.68514783246, 94, 1.0
61624.01858238531, 68, 1.0
61624.210828984615, 159, -1.0
61624.65892426571, 170, 1.0
61624.98016023659, 164, 1.0
61625.73184748153, 122, -1.0
61626.48185755578, 80, -1.0
61627.762650320525, 65, -1.0
61628.51176773645, 165, -1.0
61628.83685645637, 45, 1.0
61629.95614576213, 95, 1.0
61632.87993051673, 97, -1.0
61633.44731875422, 142, -1.0
61633.47350702043, 114, -1.0
61633.8675817101, 82, 1.0
61635.76074665507, 153, -1.0
61637.08263086322, 118, -1.0
61638.49223032322, 35, -1.0
61640.10174461336, 68, 1.0
61640.70904458597, 235, 1.0
61640.972853664396, 32, -1.0
61641.79764283611, 164, 1.0
61641.90913270788, 133, 1.0
61642.35468710643, 53, -1.0
61646.26884864683, 158, 1.0
61646.31093724377, 113, -1.0
61649.900540993054, 152, -1.0
61650.125950875576, 116, -1.0
61650.96946535408, 119, -1.0
61651.62122639388, 165, -1.0
61653.16439710263, 44, -1.0
61653.492008195804, 162, -1.0
61654.56397634807, 33, -1.0
61655.056313721325, 114, 1.0
61655.13182171478, 99, 1.0
61655.24281134696, 54, -1.0
61656.11373695149, 102, 1.0
61656.48824939933, 76, -1.0
61657.352992850734, 91, 1.0
61657.920256420606, 82, -1.0
61658.438088293195, 146, -1.0
61658.51972080559, 60, -1.0
61661.170584409396, 67, -1.0
61662.3139165886, 170, -1.0
61663.55424775463, 109, 1.0
61665.94571556778, 76, -1.0
61667.13364346935, 36, -1.0
61669.56618414199, 167, -1.0
61670.17471641385, 142, -1.0
61671.58341709365, 44, 1.0
61679.485113765826, 165, -1.0
61679.97855590868, 81, 1.0
61680.373417624585, 71, -1.0
61681.46509778607, 81, 1.0
61683.622172698946, 98, -1.0
61685.79938959307, 70, 1.0
61685.84486969981, 101, 1.0
61686.95753012803, 150, -1.0
61687.536725213875, 65, -1.0
61688.377744444144, 48, -1.0
61688.455711132294, 170, 1.0
61689.05962313066, 114, 1.0
61690.32287367039, 114, -1.0
61690.77176324351, 53, 1.0
61691.387978885796, 80, 1.0
61695.1661035978, 35, -1.0
61696.34020113633, 162, -1.0
61700.396110007125, 42, -1.0
61703.990687254714, 149, -1.0
61707.66891114609, 108, 1.0
61709.3320568314, 163, 1.0
61713.09531279559, 58, -1.0
61715.80920863257, 119, -1.0
61715.950040778036, 114, -1.0
61716.00000183032, 53, -1.0
61719.909080543104, 142, -1.0
61725.58840013851, 152, 1.0
61726.03812102517, 120, -1.0
61726.15087277994, 39, -1.0
61730.99682429212, 61, 1.0
61733.24538508364, 114, 1.0
61739.90253513868, 87, -1.0
61742.681513556105, 117, -1.0
61744.04141853982, 116, -1.0
61746.17118215161, 165, 1.0
61747.21981674611, 151, 1.0
61749.49947610491, 164, 1.0
61751.58542413846, 45, 1.0
61752.11140207224, 116, 1.0
61753.03835038649, 165, -1.0
61753.092269916015, 163, 1.0
61755.53159227282, 81, -1.0
61758.66338972408, 60, 1.0
61759.34818226175, 83, 1.0
61759.75295991486, 31, 1.0
61759.841859234366, 114, -1.0
61760.798464203916, 26, -1.0
61761.185460211986, 152, -1.0
61761.91084077522, 61, -1.0
61762.23241748445, 159, 1.0
61762.75408283162, 159, -1.0
61762.82823672289, 169, -1.0
61764.003593419606, 162, 1.0
61764.30175544349, 64, 1.0
61767.84232881984, 113, -1.0
61769.12517870965, 90, -1.0
61771.30529622821, 82, 1.0
61771.99471537409, 29, 1.0
61773.99680322379, 241, 1.0
61775.187815052646, 44, 1.0
61777.078384488006, 146, 1.0
61777.97918174878, 193, -1.0
61778.905596628356, 126, -1.0
61779.05225298132, 157, -1.0
61780.09013183822, 122, -1.0
61784.67607844203, 113, 1.0
61784.90541564628, 114, -1.0
61785.09892561853, 80, 1.0
61786.289078624424, 67, -1.0
61792.45915799861, 164, 1.0
61794.5646247545, 123, -1.0
61796.589505946766, 61, -1.0
61797.497678082684, 126, -1.0
61802.116331485435, 68, -1.0
61802.4151902393, 100, -1.0
61802.569660924724, 44, -1.0
61804.792844161195, 99, -1.0
61805.49242296917, 123, -1.0
61808.09210216745, 162, 1.0
61808.238167142, 163, 1.0
61811.605262585246, 87, 1.0
61811.63682103149, 139, -1.0
61812.531817609946, 60, 1.0
61812.77880749628, 153, 1.0
61817.25998733897, 52, 1.0
61818.36083749591, 148, -1.0
61820.10480409575, 138, 1.0
61822.530630441004, 65, -1.0
61822.75183956114, 162, -1.0
61823.13330848809, 106, 1.0
61824.69342805965, 32, 1.0
61826.4852883635, 146, -1.0
61826.83346993341, 68, 1.0
61827.7832973621, 193, -1.0
61828.233820858484, 35, -1.0
61828.69107427094, 126, -1.0
61828.94705302798, 36, -1.0
61830.963872481996, 182, -1.0
61832.52673593288, 69, -1.0
61833.2033926227, 114, 1.0
61837.85203537313, 58, -1.0
61838.809544992095, 126, 1.0
61839.01943688558, 105, -1.0
61840.567350336925, 148, 1.0
61841.41812777735, 114, 1.0
61842.296628530166, 148, 1.0
61844.74525074189, 162, 1.0
61845.255170719094, 128, -1.0
61847.53382284441, 42, 1.0
61847.885252675325, 146, 1.0
61849.16922852489, 133, -1.0
61850.20087177395, 104, 1.0
61853.59484515643, 159, -1.0
61856.588441036845, 48, -1.0
61857.80720881686, 35, -1.0
61861.17263665712, 141, -1.0
61861.75344721791, 170, 1.0
61862.0173108466, 88, -1.0
61862.8957523445, 80, 1.0
61863.01311966293, 94, -1.0
61864.41883356329, 71, 1.0
61867.74717040682, 164, -1.0
61868.31344452957, 28, 1.0
61873.45537625182, 58, -1.0
61874.28978086378, 118, -1.0
61874.73517426374, 99, 1.0
61875.49915153194, 152, 1.0
61876.1246415022, 114, 1.0
61876.61474090745, 202, 1.0
61877.642169359315, 142, -1.0
61880.741254435736, 166, -1.0
61880.74782386277, 124, 1.0
61881.67305085559, 45, 1.0
61881.759168532364, 177, 1.0
61882.753134486986, 108, -1.0
61885.093963170264, 80, -1.0
61885.22910032474, 76, -1.0
61888.17865461134, 126, 1.0
61888.59113387266, 71, 1.0
61889.00966871495, 118, 1.0
61891.86291621298, 40, -1.0
61898.490577746205, 228, -1.0
61903.51343113948, 102, -1.0
61904.50735868294, 99, -1.0
61904.53173121378, 43, 1.0
61904.940485253945, 164, 1.0
61905.081097320974, 112, 1.0
61907.453709641406, 228, 1.0
61910.94581958905, 32, 1.0
61911.13442709515, 45, -1.0
61912.71221125385, 26, 1.0
61914.79804241334, 105, -1.0
61914.894821843925, 67, 1.0
61914.913659542144, 222, -1.0
61915.86070638398, 167, 1.0
61916.06526727256, 114, 1.0
61916.083947481646, 35, -1.0
61916.97013749292, 101, 1.0
61917.84019786466, 163, 1.0
61919.78871628446, 96, -1.0
61920.86772355972, 103, -1.0
61922.31083969922, 159, 1.0
61926.407009770395, 110, 1.0
61928.37458289768, 58, -1.0
61929.00668818682, 114, 1.0
61929.27090463775, 71, -1.0
61931.99251325753, 159, -1.0
61933.159386460684, 161, 1.0
61933.8407407395, 35, 1.0
61934.59813248735, 166, -1.0
61935.35464161411, 177, -1.0
61935.41543652345, 133, -1.0
61936.43932120401, 158, -1.0
61938.42468271268, 193, -1.0
61942.51453884056, 101, 1.0
61942.919717079094, 67, -1.0
61951.42215627106, 90, -1.0
61953.27744175629, 119, -1.0
61953.43801568399, 126, 1.0
61954.75914280496, 141, -1.0
61956.482849514694, 58, -1.0
61956.73000377496, 152, 1.0
61960.685471020835, 114, -1.0
61961.39309789157, 165, 1.0
61963.581337601216, 167, 1.0
61964.8150580852, 52, 1.0
61965.512796385345, 157, 1.0
61966.358807598685, 119, 1.0
61967.70383221463, 165, -1.0
61968.681352251486, 98, 1.0
61968.84522681815, 48, 1.0
61969.813652468, 68, -1.0
61971.64259547549, 114, 1.0
61975.250753464104, 163, 1.0
61977.10202340056, 90, -1.0
61977.30743913197, 133, -1.0
61979.18090771199, 116, 1.0
61979.51987086011, 58, -1.0
61982.67751263989, 117, -1.0
61983.909336489, 35, 1.0
61984.47245626757, 113, -1.0
61984.58555222478, 84, 1.0
61984.68938539611, 100, -1.0
61987.10289369185, 198, -1.0
61988.67871298634, 114, 1.0
61988.70647150433, 65, -1.0
61989.12560175206, 181, -1.0
61990.412046435675, 126, 1.0
61990.769256639534, 26, -1.0
61993.00110498791, 105, -1.0
61994.72329731779, 233, -1.0
61995.485091575436, 88, -1.0
61996.07600385281, 137, 1.0
61996.61330131828, 137, -1.0
61996.82599755194, 43, -1.0
61998.41481448914, 33, 1.0
61998.81408240988, 165, -1.0
61999.20125729456, 28, 1.0
62001.224839271395, 40, -1.0
62002.1427196177, 58, 1.0
62003.52531249883, 150, -1.0
62003.656140044564, 27, 1.0
62004.7629704128, 75, -1.0
62007.009157818364, 111, 1.0
62010.48089206076, 110, 1.0
62011.27961390986, 57, -1.0
62011.459788602, 35, 1.0
62012.62675237203, 83, 1.0
62014.971741178, 119, -1.0
62014.989741972815, 130, -1.0
62016.35802997493, 160, 1.0
62016.91907251038, 90, 1.0
62020.72179439375, 141, -1.0
62023.435110254286, 161, 1.0
62024.4418292106, 32, 1.0
62026.48520863338, 100, 1.0
62027.57829734005, 59, 1.0
62028.141738525854, 222, 1.0
62031.608111879556, 138, -1.0
62033.2178553013, 152, -1.0
62036.91548109368, 158, -1.0
62038.77082971884, 70, 1.0
62039.04766288114, 76, -1.0
62040.79648234732, 67, -1.0
62042.05729713946, 162, -1.0
62044.20438103972, 228, 1.0
62046.09955263855, 99, -1.0
62053.12269568156, 123, -1.0
62054.24441759948, 163, 1.0
62057.89983616148, 65, -1.0
62058.167449981614, 27, 1.0
62058.708915201765, 147, -1.0
62060.33412788372, 57, -1.0
62060.65744905498, 159, 1.0
62060.79183460913, 162, -1.0
62061.662958127126, 101, -1.0
62063.52517946208, 99, 1.0
62065.348819654035, 103, 1.0
62066.512502018275, 71, -1.0
62068.83045459876, 67, 1.0
62069.2624422653, 116, -1.0
62069.265193443454, 152, 1.0
62069.791635589114, 137, 1.0
62070.39943454058, 67, -1.0
62070.45285135324, 152, 1.0
62070.68453002506, 193, -1.0
62073.96246178131, 161, 1.0
62074.851703348366, 71, 1.0
62075.68580894124, 141, -1.0
62076.53436454109, 114, 1.0
62077.41324066287, 68, 1.0
62077.61829142114, 153, 1.0
62077.97952937332, 86, -1.0
62083.20736841943, 142, 1.0
62084.39624902242, 45, -1.0
62084.56146843903, 155, 1.0
62084.65699798303, 44, -1.0
62087.30341682093, 111, -1.0
62088.034286815746, 168, -1.0
62089.04706880983, 99, 1.0
62090.45620036884, 27, 1.0
62090.98336901399, 164, 1.0
62093.705852961524, 34, -1.0
62094.544119857936, 106, -1.0
62095.94908946856, 106, -1.0
62101.469696102096, 163, 1.0
62108.90247669225, 234, 1.0
62109.13043665603, 177, -1.0
62110.28592663307, 82, 1.0
62110.80926638068, 45, 1.0
62110.92889581463, 82, 1.0
62112.28919579602, 128, 1.0
62112.354034095704, 169, -1.0
62112.70968701704, 101, -1.0
62112.80950690613, 158, -1.0
62114.22758389394, 75, -1.0
62115.13123309729, 98, -1.0
62119.87977900063, 45, -1.0
62120.47913723352, 166, -1.0
62122.317299411225, 84, 1.0
62123.94382810163, 100, 1.0
62126.028566348265, 40, 1.0
62129.20617177429, 76, -1.0
62132.97580100866, 34, -1.0
62133.63865515191, 62, 1.0
62137.302637931294, 41, -1.0
62137.30513297515, 165, -1.0
62138.2408563501, 159, -1.0
62139.94429137679, 193, -1.0
62141.07084043545, 92, 1.0
62143.15241933094, 159, -1.0
62144.52688375357, 188, -1.0
62146.15406996974, 165, 1.0
62148.34253754422, 81, 1.0
62150.210762260314, 166, 1.0
62155.19923802375, 72, -1.0
62161.56592055439, 26, 1.0
62163.2174273747, 34, 1.0
62163.70707247754, 105, 1.0
62163.870303836535, 137, 1.0
62165.63225006877, 44, -1.0
62169.44603862757, 33, 1.0
62169.52016460694, 106, -1.0
62170.65746322223, 161, 1.0
62170.88043136441, 94, -1.0
62170.95910071107, 52, 1.0
62171.54710584664, 82, -1.0
62172.580284120566, 80, 1.0
62177.86574233355, 116, 1.0
62179.50704582119, 142, 1.0
62180.4334439456, 59, -1.0
62182.403557252794, 128, 1.0
62183.3703859636, 114, 1.0
62186.29018214985, 82, -1.0
62192.923557569025, 60, -1.0
62194.84503533137, 162, -1.0
62197.387119176245, 70, -1.0
62198.16883641213, 98, 1.0
62202.4716650725, 67, 1.0
62202.54702813216, 58, -1.0
62203.55865529921, 105, -1.0
62205.10574828538, 116, -1.0
62206.94541727226, 82, 1.0
62207.406330600126, 166, 1.0
62208.362484880134, 126, -1.0
62213.05936582472, 58, 1.0
62216.80477506467, 40, -1.0
62217.130553490926, 40, -1.0
62219.95186961809, 90, -1.0
62220.41123552942, 167, 1.0
62221.463892022315, 159, -1.0
62221.87864677274, 173, -1.0
62222.898625003385, 105, -1.0
62228.181351998566, 59, 1.0
62230.32727037006, 153, -1.0
62236.674104281505, 193, -1.0
62236.98945661079, 106, -1.0
62237.69353242786, 233, -1.0
62242.200834498086, 86, 1.0
62244.90161885183, 80, 1.0
62246.150937968574, 116, 1.0
62246.681884390695, 149, 1.0
62246.88326544977, 153, 1.0
62249.47649061673, 241, -1.0
62250.68346538723, 147, 1.0
62251.28807497905, 142, -1.0
62252.29585692977, 56, 1.0
62253.25095673559, 68, 1.0
62258.83263044173, 161, -1.0
62260.24142437567, 123, -1.0
62260.75678562457, 36, -1.0
62262.346938027134, 28, 1.0
62264.96203810529, 116, 1.0
62265.57337015639, 50, 1.0
62267.940628012155, 130, 1.0
62270.375014389145, 81, -1.0
62270.67932650131, 146, -1.0
62272.556391247985, 103, -1.0
62272.63937245283, 233, 1.0
62273.95857515598, 92, -1.0
62275.23289318722, 222, 1.0
62277.49434064856, 128, -1.0
62278.6834284527, 177, -1.0
62282.03683871682, 98, -1.0
62282.59188269494, 73, 1.0
62287.93389427278, 75, -1.0
62290.138862765074, 103, -1.0
62291.434391738614, 28, 1.0
62291.84992035806, 81, 1.0
62294.503975541375, 111, 1.0
62294.6312328114, 106, -1.0
62294.846075266745, 162, -1.0
62295.77117625828, 81, 1.0
62297.240957733644, 142, 1.0
62298.88607644012, 152, -1.0
62299.81310577786, 161, 1.0
62301.24163408527, 101, -1.0
62302.6371813964, 133, -1.0
62304.1183446349, 44, 1.0
62305.50638778933, 35, 1.0
62305.87211499551, 142, -1.0
62308.59881653475, 109, -1.0
62309.901225525835, 61, 1.0
62310.21494688238, 61, 1.0
62311.19475289094, 81, -1.0
62311.26483958068, 114, 1.0
62313.150084096604, 33, -1.0
62313.335202744725, 27, -1.0
62313.55073951739, 137, -1.0
62314.84813898954, 162, -1.0
62316.24084378227, 146, 1.0
62317.01994621833, 71, -1.0
62317.29717555253, 42, 1.0
62317.31225364459, 159, 1.0
62317.8580270266, 198, -1.0
62324.37546267581, 142, -1.0
62324.46284510414, 44, 1.0
62325.25092939856, 53, -1.0
62326.80502895553, 114, 1.0
62327.05069566422, 67, -1.0
62327.35164661139, 84, -1.0
62330.4897911078, 95, 1.0
62331.411242359995, 169, -1.0
62331.44660972485, 88, -1.0
62336.78443293125, 71, 1.0
62336.97164820003, 36, -1.0
62341.833330259506, 114, -1.0
62342.74215431513, 105, -1.0
62344.89458105262, 58, 1.0
62345.80512999458, 161, 1.0
62351.18267186064, 158, -1.0
62356.09843112728, 45, 1.0
62357.767935753334, 64, -1.0
62358.11065115234, 139, -1.0
62360.11031335528, 163, 1.0
62360.83267874473, 138, -1.0
62361.24527312321, 152, -1.0
62363.19533825404, 74, -1.0
62365.299706686186, 165, 1.0
62367.18402110949, 69, -1.0
62373.946482736894, 64, -1.0
62374.2161055946, 118, -1.0
62376.71860276808, 101, 1.0
62378.98986593808, 164, 1.0
62380.243127033136, 173, -1.0
62381.800637628105, 158, -1.0
62388.319231366, 101, 1.0
62388.590326414786, 103, 1.0
62389.440029129655, 148, 1.0
62390.88919427575, 40, -1.0
62392.57923484515, 35, 1.0
62394.05122551872, 177, -1.0
62395.54405653579, 124, 1.0
62397.076025489885, 37, -1.0
62400.22603450051, 69, -1.0
62400.483216918576, 76, -1.0
62400.89034168067, 198, -1.0
62402.1775487592, 114, 1.0
62405.88773191801, 123, -1.0
62406.4874320789, 142, 1.0
62406.99499414765, 87, 1.0
62407.11762747916, 53, -1.0
62408.72885759307, 71, -1.0
62409.433820817365, 90, 1.0
62411.87125846245, 198, -1.0
62412.34502082677, 60, -1.0
62414.02395480491, 114, 1.0
62415.85967331561, 114, 1.0
62416.46691384771, 198, -1.0
62420.042733344904, 159, 1.0
62420.47334674717, 40, 1.0
62423.394895799946, 162, -1.0
62424.610807242265, 119, 1.0
62424.72080809656, 68, 1.0
62426.53872431412, 164, 1.0
62427.875827072035, 160, -1.0
62428.67429903384, 148, -1.0
62437.03090432906, 59, 1.0
62441.93042950275, 101, -1.0
62446.73319277652, 68, 1.0
62447.80503110301, 159, 1.0
62450.52676211383, 160, -1.0
62460.497714184494, 193, -1.0
62461.73508777803, 153, -1.0
62462.51829234562, 27, 1.0
62464.75912731957, 48, -1.0
62464.82358458467, 114, 1.0
62465.67781383174, 61, -1.0
62466.34594495853, 152, -1.0
62468.13873784311, 31, 1.0
62469.56874484207, 106, -1.0
62471.72706259656, 59, 1.0
62474.58320583788, 60, 1.0
62474.892889984774, 71, -1.0
62477.89590635772, 137, 1.0
62478.43945243226, 45, 1.0
62478.534113595415, 97, -1.0
62479.22523667373, 35, -1.0
62480.51888055273, 99, -1.0
62481.54735170945, 152, -1.0
62484.92154021901, 113, -1.0
62484.949825148826, 68, 1.0
62485.01897187393, 54, 1.0
62486.20495518351, 146, -1.0
62489.44152119905, 101, 1.0
62489.69558799602, 87, -1.0
62491.41463558722, 165, 1.0
62494.409905565335, 58, -1.0
62494.7858265376, 113, -1.0
62496.40814062193, 75, 1.0
62496.858561865505, 28, -1.0
62499.42314819191, 222, 1.0
62500.45178576292, 64, -1.0
62501.59926345349, 34, 1.0
62504.35670645207, 126, 1.0
62510.791472932804, 34, 1.0
62511.277674577796, 162, -1.0
62512.84360035049, 34, -1.0
62513.40382168633, 128, -1.0
62513.404677790495, 45, -1.0
62513.79278339238, 160, -1.0
62514.7686097368, 164, 1.0
62515.415825476135, 126, -1.0
62516.82208221212, 103, 1.0
62517.53888210161, 100, -1.0
62517.93829400847, 165, -1.0
62519.47739647222, 58, 1.0
62519.560822286156, 152, 1.0
62524.62610602301, 81, -1.0
62526.71080362527, 230, 1.0
62527.19556983358, 98, -1.0
62528.66229163112, 182, -1.0
62529.84134435349, 28, 1.0
62532.17932530727, 160, -1.0
62532.34260961279, 177, -1.0
62532.54725626336, 92, 1.0
62533.26056107558, 40, -1.0
62533.98595497593, 84, 1.0
62539.66822594491, 58, 1.0
62540.58948777477, 83, -1.0
62540.648459499556, 59, 1.0
62541.31689877759, 160, -1.0
62544.53758858802, 142, 1.0
62548.17543453536, 63, 1.0
62549.13807640712, 97, 1.0
62551.20876667373, 80, 1.0
62551.5848485489, 87, -1.0
62557.137504196566, 165, -1.0
62558.63002418481, 149, 1.0
62559.851940126166, 34, 1.0
62560.79473921181, 59, 1.0
62561.94187442249, 160, -1.0
62562.612738094445, 80, 1.0
62563.86962036083, 87, -1.0
62565.11788499019, 58, -1.0
62565.24359978202, 182, 1.0
62565.56144687585, 146, 1.0
62566.27328730429, 34, 1.0
62567.42049350737, 167, -1.0
62571.33792475582, 29, -1.0
62576.66506299482, 90, -1.0
62577.03298582292, 43, -1.0
62578.13091909431, 60, -1.0
62578.191913001676, 154, -1.0
62578.463371743725, 100, 1.0
62578.75857988621, 81, 1.0
62586.1085297943, 42, 1.0
62590.07553898386, 94, -1.0
62590.15962006677, 80, 1.0
62592.01393312842, 87, -1.0
62593.24375686342, 60, -1.0
62593.89434938417, 37, -1.0
62599.27443600826, 234, 1.0
62600.237413714094, 101, 1.0
62600.57973295328, 29, -1.0
62601.995261694836, 165, -1.0
62605.334510760964, 72, 1.0
62610.20590494452, 70, -1.0
62611.42802810045, 95, 1.0
62611.738202027336, 152, -1.0
62612.596537822355, 101, -1.0
62615.87248663579, 60, 1.0
62616.42960704439, 45, -1.0
62617.06128319229, 28, 1.0
62618.432378645004, 99, -1.0
62619.47751583939, 123, 1.0
62619.98302145176, 44, -1.0
62620.97057446297, 45, 1.0
62623.34077753088, 43, 1.0
62623.48584800412, 75, -1.0
62623.80027566741, 87, -1.0
62624.15853073618, 86, -1.0
62625.59750285419, 82, 1.0
62630.47901875107, 43, 1.0
62630.70273857804, 81, 1.0
62637.397143728405, 116, -1.0
62638.10381889308, 118, 1.0
62638.190423047774, 36, 1.0
62638.45079328544, 81, -1.0
62639.17298012467, 34, -1.0
62639.31128325881, 101, 1.0
62640.44555004853, 73, 1.0
62641.78956744898, 43, 1.0
62643.20024595734, 133, -1.0
62644.43518306752, 152, 1.0
62644.816997141796, 68, -1.0
62644.847997033234, 114, 1.0
62650.92514777776, 126, -1.0
62651.51305446074, 84, -1.0
62651.853740389146, 101, 1.0
62651.957723708176, 43, -1.0
62654.84189946639, 87, 1.0
62665.79256337673, 112, 1.0
62667.70995978375, 90, -1.0
62668.54148194455, 166, 1.0
62668.67866854505, 59, 1.0
62669.802061199225, 97, -1.0
62671.24356880569, 101, 1.0
62672.9543437335, 119, -1.0
62676.03235516078, 148, 1.0
62676.25554675376, 164, -1.0
62678.41963927437, 53, -1.0
62682.34102858704, 60, -1.0
62682.65536212165, 167, -1.0
62684.28210649211, 81, 1.0
62685.80665560765, 162, 1.0
62686.328852428545, 64, -1.0
62686.92437740991, 68, -1.0
62697.05894671238, 161, -1.0
62697.2980494175, 114, 1.0
62700.4353269016, 152, 1.0
62700.44004595397, 146, 1.0
62703.99242117893, 33, -1.0
62705.05536761436, 149, 1.0
62706.06752044267, 87, -1.0
62710.86043243929, 69, -1.0
62713.36157623376, 142, 1.0
62714.56140329567, 76, -1.0
62714.67155146397, 152, 1.0
62716.34213863738, 142, 1.0
62716.903562681604, 126, -1.0
62719.43036036931, 53, -1.0
62719.74723857288, 103, 1.0
62721.37762494192, 241, 1.0
62721.613901326855, 90, -1.0
62722.342725423725, 34, 1.0
62723.17206359448, 61, -1.0
62727.30147031431, 40, 1.0
62727.61482423994, 198, -1.0
62731.17160953664, 171, -1.0
62733.319264166, 155, 1.0
62735.901553418415, 109, 1.0
62740.30844557153, 67, 1.0
62740.75266844379, 116, -1.0
62741.1635353783, 76, -1.0
62746.918566129454, 158, -1.0
62747.7021815015, 159, -1.0
62750.01102741466, 40, 1.0
62752.196015478534, 130, -1.0
62758.88968151149, 110, -1.0
62760.50116144888, 119, 1.0
62760.9158588627, 164, 1.0
62762.84634577983, 87, -1.0
62763.566395587644, 29, -1.0
62764.4814793798, 122, -1.0
62764.65154538449, 114, 1.0
62769.05201249247, 148, -1.0
62769.62055044787, 70, -1.0
62769.77356943887, 80, -1.0
62770.5884042571, 108, -1.0
62771.45072446039, 59, 1.0
62772.66472347662, 67, -1.0
62778.25228598606, 165, -1.0
62779.40195559933, 177, -1.0
62783.51610560988, 34, 1.0
62784.14764866874, 116, -1.0
62786.12624917001, 165, -1.0
62787.73659436937, 171, -1.0
62788.90167645723, 171, 1.0
62789.9552343519, 142, -1.0
62791.298950778306, 64, -1.0
62793.3744523012, 72, -1.0
62794.00118970193, 99, -1.0
62795.38597209945, 152, -1.0
62798.411704048616, 105, -1.0
62801.1763502919, 146, -1.0
62801.334182179555, 234, 1.0
62801.65898446729, 71, -1.0
62803.11860961217, 126, 1.0
62803.77227557151, 146, -1.0
62808.631314757244, 99, -1.0
62813.96942392167, 146, 1.0
62814.77128318873, 119, 1.0
62819.49102650762, 162, 1.0
62820.759012073155, 130, -1.0
62820.924991004824, 101, -1.0
62824.49762296091, 230, 1.0
62825.60622539813, 82, 1.0
62828.30958222775, 105, 1.0
62829.50788373362, 153, 1.0
62830.31093256538, 118, 1.0
62831.03292038858, 89, -1.0
62831.71836608751, 50, 1.0
62832.014696487706, 165, -1.0
62832.11730035838, 110, 1.0
62833.472008847246, 114, 1.0
62835.30884022319, 34, -1.0
62839.32695419643, 69, 1.0
62839.43645050259, 149, 1.0
62841.880895805596, 55, -1.0
62843.08568190078, 228, -1.0
62844.34188912729, 169, -1.0
62845.198084142365, 59, 1.0
62845.27879501255, 43, 1.0
62847.051961311525, 111, -1.0
62847.29435766868, 33, -1.0
62848.88535536401, 45, 1.0
62849.18689914463, 108, -1.0
62853.855761913044, 142, 1.0
62855.00292125063, 182, -1.0
62855.2192728864, 233, -1.0
62856.05541220392, 105, -1.0
62856.13318056993, 68, -1.0
62856.298764764484, 130, -1.0
62859.38083750362, 51, 1.0
62860.30904878215, 148, 1.0
62861.09552960752, 166, 1.0
62865.29533795328, 45, 1.0
62866.111250961825, 142, 1.0
62867.44947011481, 114, 1.0
62867.67219648164, 69, -1.0
62867.99516277105, 34, -1.0
62868.73368321444, 142, 1.0
62869.26730070701, 32, -1.0
62875.32909469019, 123, -1.0
62876.33797789251, 142, 1.0
62879.64798663616, 36, -1.0
62880.1339278125, 81, 1.0
62882.63179781144, 27, 1.0
62883.37426056848, 111, 1.0
62883.64736728189, 94, -1.0
62884.6511345644, 84, -1.0
62885.67474647145, 74, 1.0
62890.18344535621, 101, 1.0
62892.46918140932, 148, -1.0
62894.89345854857, 57, -1.0
62895.06959841709, 119, -1.0
62897.829488068135, 61, 1.0
62898.45434151925, 114, 1.0
62900.4377074241, 97, 1.0
62901.27197958521, 173, -1.0
62901.436214815556, 119, -1.0
62901.53953168251, 228, -1.0
62901.88045193125, 163, 1.0
62902.73162294167, 71, 1.0
62903.3026708165, 64, -1.0
62903.33739339062, 87, -1.0
62903.918798414496, 34, 1.0
62909.55820787664, 88, -1.0
62913.22881725453, 160, 1.0
62914.60298923612, 164, 1.0
62914.887947078176, 59, 1.0
62917.42052583011, 95, 1.0
62920.83411279752, 56, 1.0
62925.213845446415, 126, -1.0
62926.78451649354, 128, -1.0
62927.199563668924, 146, 1.0
62927.361325239726, 60, -1.0
62929.949000120505, 34, -1.0
62930.07924102661, 39, 1.0
62931.58379621047, 28, -1.0
62931.72786677014, 233, 1.0
62932.853075642975, 149, 1.0
62935.12437540029, 162, -1.0
62935.37066407666, 119, -1.0
62935.406371885045, 35, 1.0
62940.073669274, 114, -1.0
62942.620417103775, 40, 1.0
62944.25561713561, 149, -1.0
62944.970350452124, 26, 1.0
62946.214836419764, 68, 1.0
62946.99401526303, 99, 1.0
62947.491104691355, 44, 1.0
62948.933651374966, 58, -1.0
62949.010085824586, 50, -1.0
62951.20978820084, 177, -1.0
62951.26764951755, 137, 1.0
62951.34898326313, 52, 1.0
62958.21000371591, 165, -1.0
62958.42363171348, 114, -1.0
62959.0780889263, 159, 1.0
62959.14749093802, 40, -1.0
62960.7180029299, 142, 1.0
62962.05807381946, 198, 1.0
62962.819274048656, 241, -1.0
62962.99153263345, 152, 1.0
62967.80595499145, 81, -1.0
62967.94181446574, 113, -1.0
62968.84511287889, 40, 1.0
62969.714907866386, 58, 1.0
62971.25037516499, 40, -1.0
62972.57299814494, 117, -1.0
62974.11776770691, 75, -1.0
62976.0015465681, 118, -1.0
62978.06633576124, 141, 1.0
62979.152704640765, 114, -1.0
62979.19823427053, 119, -1.0
62979.66069134792, 146, -1.0
62981.499755611694, 71, -1.0
62983.148927023045, 116, -1.0
62984.70649458191, 163, 1.0
62985.80101095856, 202, -1.0
62985.89126452992, 165, 1.0
62986.11371560119, 146, -1.0
62987.29782321992, 81, 1.0
62988.6121756674, 35, -1.0
62993.07989295136, 165, -1.0
62995.13074303335, 182, 1.0
62996.43893895799, 30, 1.0
62998.75177365977, 110, -1.0
62998.76781421793, 106, -1.0
62998.83547884632, 35, -1.0
63003.371250114, 123, -1.0
63006.009350469896, 33, 1.0
63007.017648789886, 48, -1.0
63007.07006415195, 81, -1.0
63009.01591439649, 45, 1.0
63011.50301296687, 166, 1.0
63014.38429096166, 123, -1.0
63016.11897363363, 97, -1.0
63016.91513341097, 130, -1.0
63019.64953527852, 230, 1.0
63020.980276091985, 40, -1.0
63021.98681240313, 105, -1.0
63024.116423447485, 163, 1.0
63026.13126133859, 82, 1.0
63026.729203464376, 167, 1.0
63031.407637557386, 44, 1.0
63035.26223371741, 126, 1.0
63036.409758663176, 113, -1.0
63037.80547838597, 74, 1.0
63039.806519430895, 81, 1.0
63039.83793260325, 34, 1.0
63044.75489899129, 58, 1.0
63046.13083479341, 101, 1.0
63046.726690343035, 182, -1.0
63049.910145417714, 90, -1.0
63050.90755819819, 153, 1.0
63052.29070901821, 84, -1.0
63053.53402895748, 80, 1.0
63054.47877284821, 182, 1.0
63055.04725197805, 82, 1.0
63057.396954963246, 139, -1.0
63057.6303966165, 68, 1.0
63059.0988842041, 99, -1.0
63060.600983225304, 230, 1.0
63061.40459989582, 114, -1.0
63065.26314513051, 34, -1.0
63068.72205731615, 165, 1.0
63072.76719379757, 159, 1.0
63075.20365745007, 102, 1.0
63077.29463975741, 163, 1.0
63077.53539474265, 114, 1.0
63082.77799647906, 28, -1.0
63085.10942196041, 76, -1.0
63085.211811428, 198, 1.0
63087.31008454691, 171, -1.0
63090.823594939146, 91, 1.0
63091.721035867144, 103, -1.0
63092.100319914454, 167, 1.0
63096.06556126145, 160, -1.0
63096.295051151326, 26, 1.0
63096.94243864972, 88, -1.0
63102.27673498621, 33, 1.0
63102.58371744787, 61, -1.0
63102.9199481329, 40, 1.0
63103.71873433568, 32, -1.0
63103.94843931212, 152, 1.0
63104.60176018301, 67, 1.0
63104.65046701573, 114, -1.0
63107.88031376083, 58, 1.0
63112.23829986959, 111, 1.0
63112.36524808522, 34, 1.0
63114.815578008995, 67, -1.0
63114.99994178316, 27, 1.0
63115.87347520084, 146, -1.0
63117.9692763287, 37, -1.0
63118.79454262767, 57, 1.0
63119.10516639459, 116, 1.0
63119.691718094975, 142, 1.0
63120.07897372511, 27, 1.0
63120.75173781889, 119, -1.0
63124.68753365827, 163, 1.0
63125.78297993608, 94, -1.0
63126.92597954249, 28, 1.0
63127.31381001926, 35, 1.0
63129.32448078091, 58, -1.0
63130.283926679636, 101, -1.0
63134.87133695964, 152, -1.0
63135.66498101008, 40, 1.0
63137.54133956276, 68, -1.0
63140.48092052143, 81, -1.0
63142.20249942263, 63, 1.0
63146.23958808696, 114, 1.0
63152.80760911763, 112, -1.0
63152.89241393112, 68, -1.0
63153.68036505727, 56, 1.0
63153.711394840015, 27, -1.0
63154.50147102012, 60, -1.0
63154.998645036496, 114, 1.0
63155.37217950777, 114, 1.0
63155.47850451778, 45, 1.0
63157.174258535684, 166, -1.0
63157.690720499435, 42, -1.0
63158.20174001032, 33, 1.0
63158.8235340578, 165, -1.0
63159.93753279034, 165, 1.0
63161.160938898676, 75, 1.0
63165.5321792223, 97, -1.0
63168.538723671, 159, 1.0
63168.8331045183, 104, -1.0
63171.45258864147, 82, 1.0
63172.021665987195, 107, 1.0
63172.45007428674, 54, -1.0
63172.98719637663, 119, -1.0
63173.84998344934, 34, -1.0
63174.125157372975, 69, 1.0
63174.29605131828, 103, 1.0
63175.972437152406, 27, 1.0
63176.41252764175, 146, 1.0
63176.85735372867, 34, 1.0
63177.060895950715, 161, -1.0
63179.65906084775, 58, -1.0
63182.18671497389, 101, -1.0
63184.429737461935, 103, -1.0
63187.48181819788, 65, -1.0
63188.42977074676, 39, 1.0
63193.25470030056, 114, -1.0
63193.346890658824, 146, 1.0
63193.67547580198, 40, -1.0
63194.8654128303, 60, 1.0
63195.29050971449, 33, 1.0
63196.34833394109, 119, -1.0
63198.08214964575, 124, 1.0
63198.5442994961, 146, 1.0
63199.42721296856, 33, 1.0
63201.130484337096, 126, 1.0
63202.63162501453, 104, -1.0
63206.07641504785, 59, -1.0
63206.94518906221, 50, 1.0
63206.99332855532, 114, 1.0
63207.136904282896, 99, -1.0
63207.81202717016, 162, 1.0
63208.13089939259, 119, -1.0
63209.2301398755, 164, 1.0
63209.932977725904, 146, -1.0
63210.4028510285, 36, 1.0
63210.8148209573, 34, 1.0
63211.39066333676, 123, -1.0
63212.142444710655, 71, 1.0
63212.702078369795, 94, -1.0
63213.12687966791, 126, -1.0
63213.29871786167, 105, -1.0
63213.61414966086, 169, -1.0
63214.91888444637, 119, -1.0
63218.28998390717, 39, 1.0
63219.84164062757, 233, -1.0
63220.51654622748, 114, 1.0
63223.289633852066, 97, 1.0
63224.798062350055, 110, 1.0
63230.14434168161, 53, -1.0
63230.175680632194, 114, 1.0
63230.19986327803, 112, 1.0
63230.251487491856, 202, -1.0
63231.13061192041, 233, -1.0
63231.76315986967, 114, 1.0
63235.613577383454, 110, -1.0
63236.21371640093, 146, 1.0
63238.35006795981, 234, 1.0
63238.450310583634, 105, 1.0
63241.61715137048, 65, -1.0
63241.804055186454, 157, -1.0
63242.15129992763, 162, 1.0
63243.83724170752, 165, 1.0
63244.276599063305, 98, 1.0
63251.28541289551, 130, -1.0
63252.7604116596, 41, 1.0
63255.13221296188, 43, 1.0
63256.88455448036, 81, 1.0
63257.88191002607, 152, 1.0
63258.441518400075, 81, -1.0
63258.50894266646, 34, -1.0
63261.287285817976, 29, -1.0
63262.05146602042, 171, -1.0
63262.16283883493, 55, -1.0
63267.51986250639, 202, 1.0
63267.69590857879, 126, -1.0
63270.19755912064, 162, -1.0
63270.74309558654, 116, -1.0
63272.030413777815, 101, -1.0
63272.15562321433, 159, -1.0
63272.33442377213, 71, 1.0
63275.4065231788, 95, 1.0
63276.27510728522, 150, 1.0
63277.29126785968, 80, 1.0
63280.546120235216, 81, 1.0
63282.1490129002, 44, -1.0
63282.56669495256, 45, 1.0
63282.79937407275, 86, 1.0
63282.899881849335, 161, -1.0
63283.35132580352, 50, 1.0
63287.18868261592, 58, -1.0
63287.411863091605, 76, -1.0
63288.89688091573, 173, 1.0
63290.431614417634, 114, -1.0
63291.20337084159, 117, -1.0
63293.82443172939, 83, 1.0
63297.65899597662, 45, 1.0
63298.920991225736, 193, -1.0
63299.03906146422, 34, -1.0
63300.88879395941, 138, -1.0
63300.96597969735, 58, -1.0
63301.44787035035, 100, -1.0
63301.628203661065, 103, -1.0
63302.924742452786, 114, -1.0
63303.056080275404, 45, -1.0
63305.079807889, 84, -1.0
63307.420293367344, 159, 1.0
63307.9397613699, 152, 1.0
63307.94663119669, 138, -1.0
63312.42221720989, 149, -1.0
63313.52469520861, 114, 1.0
63317.170019932826, 116, -1.0
63318.222916303646, 88, -1.0
63319.42553078264, 44, -1.0
63320.84852764252, 34, 1.0
63323.11108593524, 152, 1.0
63323.34735244085, 198, -1.0
63325.85298953159, 198, -1.0
63326.237980706945, 54, -1.0
63329.55146980251, 86, -1.0
63331.14122261316, 58, 1.0
63331.35311543026, 58, 1.0
63334.61788815647, 152, -1.0
63334.87227031092, 33, 1.0
63338.608271011566, 152, -1.0
63339.28925286507, 64, -1.0
63340.44840106353, 70, -1.0
63348.14380998433, 39, 1.0
63349.290444449856, 164, 1.0
63355.33575850462, 103, -1.0
63356.82750323422, 75, 1.0
63357.61242001301, 164, 1.0
63359.35343271564, 161, 1.0
63359.7278456504, 152, -1.0
63363.73060650725, 35, -1.0
63365.42512012802, 35, 1.0
63365.751009532774, 98, -1.0
63367.22971427619, 106, 1.0
63367.23199656476, 114, -1.0
63372.00226834902, 159, -1.0
63373.04765777184, 92, -1.0
63373.86363518989, 59, -1.0
63377.145903126686, 103, 1.0
63379.39570509656, 71, -1.0
63379.76614675277, 90, -1.0
63381.61878982681, 159, -1.0
63383.29811819608, 198, 1.0
63384.04956070452, 101, -1.0
63384.068928359746, 88, -1.0
63384.813222846344, 42, 1.0
63386.84200414895, 37, 1.0
63391.63784653004, 90, 1.0
63393.43622152399, 35, 1.0
63397.238478093, 193, -1.0
63397.729561355, 101, 1.0
63398.703230511084, 162, -1.0
63400.23867805023, 162, 1.0
63400.8446796248, 100, 1.0
63400.94720731183, 45, 1.0
63402.29536763399, 40, 1.0
63404.31619240608, 154, -1.0
63404.45394005752, 142, 1.0
63404.87977700116, 116, 1.0
63411.577307213556, 164, 1.0
63412.561462451966, 29, -1.0
63415.72649748947, 59, 1.0
63418.81158549345, 64, -1.0
63427.89731690057, 152, -1.0
63429.85294523823, 142, -1.0
63429.944618734065, 138, 1.0
63431.562855454766, 126, 1.0
63431.72716619741, 159, -1.0
63434.734853104885, 26, -1.0
63437.51949551694, 59, -1.0
63440.41257450321, 119, -1.0
63441.23633841676, 75, -1.0
63441.24172625933, 37, -1.0
63442.840352555715, 74, 1.0
63444.03168403849, 40, -1.0
63445.47072598661, 152, -1.0
63446.476180999096, 154, -1.0
63446.90799222565, 101, -1.0
63451.38785831886, 164, 1.0
63454.25933959628, 50, -1.0
63454.963063885116, 87, -1.0
63455.49894515802, 52, 1.0
63457.40748516284, 101, -1.0
63458.2026181385, 64, -1.0
63458.67820808549, 161, 1.0
63460.299939894794, 114, 1.0
63460.536919400554, 27, -1.0
63466.00748257375, 70, -1.0
63466.58851611064, 116, -1.0
63467.89430405032, 188, -1.0
63467.95835382181, 40, -1.0
63468.0404320405, 98, -1.0
63470.02933462449, 60, 1.0
63471.02377705906, 101, 1.0
63472.61961075331, 61, -1.0
63473.22037584137, 117, -1.0
63476.292696830315, 35, 1.0
63478.069834815215, 168, 1.0
63479.86976183186, 90, 1.0
63481.106075107135, 173, 1.0
63483.269794857486, 65, -1.0
63484.65235840564, 35, 1.0
63487.07581080441, 27, 1.0
63487.86379359458, 58, -1.0
63488.242147180514, 58, -1.0
63490.32440630789, 102, 1.0
63492.1765582318, 35, -1.0
63493.52953871081, 130, -1.0
63494.98633735086, 58, -1.0
63498.09505211671, 161, -1.0
63503.73211246401, 68, 1.0
63504.809696061144, 84, 1.0
63506.75125915886, 59, 1.0
63507.17982968221, 34, -1.0
63507.203419676385, 74, -1.0
63508.4489968641, 69, -1.0
63509.31540206861, 36, -1.0
63509.75229018921, 90, -1.0
63514.192247083774, 34, 1.0
63515.457782933576, 76, -1.0
63517.22272338795, 160, -1.0
63518.03455853803, 40, -1.0
63518.16080178245, 59, -1.0
63519.09981137408, 119, 1.0
63522.25545485919, 75, 1.0
63529.09531748499, 126, 1.0
63529.50426962051, 88, -1.0
63530.39804839441, 105, 1.0
63530.84041861732, 58, 1.0
63531.73487673266, 106, -1.0
63533.64662579852, 171, 1.0
63546.27744558956, 114, 1.0
63546.532813858954, 40, -1.0
63548.665111777475, 230, 1.0
63551.5762734063, 108, -1.0
63553.44541164559, 76, -1.0
63554.69777113849, 155, -1.0
63557.51944378272, 28, -1.0
63558.404991972944, 75, -1.0
63558.84232688092, 198, 1.0
63561.66062328122, 95, 1.0
63563.689340075354, 105, -1.0
63566.09386782488, 113, -1.0
63567.32109180773, 105, -1.0
63568.054976021114, 83, -1.0
63568.706414501066, 166, -1.0
63575.2880440128, 70, 1.0
63578.5038939178, 165, 1.0
63585.23116125339, 83, 1.0
63586.41932540752, 162, -1.0
63587.56979895024, 53, -1.0
63587.92985052131, 81, -1.0
63590.67875744783, 34, -1.0
63591.75943550106, 101, -1.0
63593.43526473968, 45, 1.0
63594.197682090904, 101, 1.0
63595.75438766119, 101, -1.0
63595.81057651332, 169, -1.0
63597.0092687932, 182, 1.0
63597.93427369243, 33, 1.0
63600.37581097254, 58, 1.0
63601.82439682288, 60, 1.0
63602.02226299502, 40, -1.0
63603.13560196756, 69, -1.0
63605.59061185032, 188, -1.0
63609.48105764373, 35, -1.0
63610.36189191231, 75, -1.0
63611.71711072148, 81, 1.0
63612.45416043977, 116, 1.0
63612.59633201866, 64, 1.0
63615.16350320532, 165, -1.0
63621.88280217223, 81, 1.0
63624.21546545349, 153, 1.0
63624.787451507225, 230, 1.0
63624.94400933912, 152, -1.0
63626.066746610675, 64, 1.0
63626.69715137991, 182, 1.0
63626.893199766506, 100, -1.0
63630.11618275676, 133, 1.0
63630.73839277115, 148, -1.0
63631.934148810076, 43, 1.0
63632.4381962988, 97, -1.0
63634.793279956015, 155, 1.0
63636.37385894779, 114, 1.0
63641.64454346573, 114, 1.0
63642.71126625711, 118, -1.0
63644.18596594218, 60, 1.0
63644.47341169885, 103, 1.0
63646.0517054684, 75, -1.0
63647.015897065, 123, -1.0
63647.78302258785, 133, 1.0
63648.57255227428, 81, 1.0
63649.99333700317, 68, 1.0
63650.20668533788, 92, -1.0
63654.66324411904, 148, -1.0
63655.220893147016, 61, 1.0
63656.20800515762, 158, 1.0
63657.9990983433, 94, 1.0
63659.320413252324, 114, 1.0
63660.56749137852, 202, -1.0
63660.78226767327, 60, -1.0
63662.77362574631, 118, -1.0
63662.89486447394, 100, -1.0
63662.909556396786, 241, -1.0
63662.958573050404, 182, 1.0
63664.23823492484, 108, 1.0
63666.42756772362, 111, -1.0
63667.761823416855, 43, 1.0
63672.497821340854, 58, 1.0
63672.980768157904, 163, 1.0
63674.168621849756, 61, 1.0
63675.83218544786, 87, -1.0
63680.170663271965, 202, -1.0
63682.00573006592, 75, 1.0
63686.24547526862, 166, 1.0
63686.9563428365, 58, -1.0
63687.14323768306, 32, 1.0
63688.98341263125, 161, 1.0
63693.624605963894, 116, -1.0
63699.488624758604, 101, 1.0
63700.812409645805, 69, -1.0
63701.82923176311, 58, -1.0
63703.865527610316, 54, -1.0
63704.28358676125, 222, -1.0
63709.848939267635, 35, -1.0
63711.50090732525, 147, 1.0
63714.06125323917, 48, -1.0
63717.560908105464, 164, 1.0
63718.48842417555, 126, -1.0
63719.57299853296, 119, -1.0
63721.77114408975, 28, 1.0
63725.822817700544, 46, 1.0
63725.89867537543, 154, 1.0
63727.7508235738, 151, -1.0
63731.49969821008, 142, -1.0
63732.76625539583, 52, 1.0
63733.33762953994, 44, -1.0
63733.71742384174, 162, -1.0
63734.32645588678, 27, 1.0
63738.42483566933, 100, 1.0
63743.72046011798, 142, 1.0
63744.166454644816, 58, -1.0
63745.80178063854, 114, -1.0
63748.72648409294, 142, -1.0
63750.22857073031, 75, -1.0
63752.48264613806, 241, 1.0
63754.8200412664, 162, -1.0
63754.98062573572, 59, -1.0
63757.521404039864, 87, -1.0
63758.13759563192, 68, 1.0
63758.440225990205, 109, 1.0
63758.91646537143, 123, -1.0
63758.97023588126, 233, -1.0
63760.497005974896, 182, -1.0
63763.844782726344, 62, 1.0
63763.93563312139, 40, -1.0
63766.520247540924, 169, -1.0
63768.24020339326, 84, 1.0
63771.160554789465, 116, -1.0
63774.040019621214, 114, 1.0
63774.40290883871, 58, -1.0
63776.591047204165, 26, -1.0
63778.925507476284, 126, -1.0
63780.418604422935, 84, 1.0
63782.72829677278, 152, 1.0
63783.199929363785, 65, -1.0
63784.1105515651, 54, -1.0
63785.874265911145, 35, -1.0
63787.0638228797, 58, 1.0
63787.24997748979, 126, 1.0
63788.19795341801, 59, -1.0
63789.54588543206, 198, -1.0
63793.56374412967, 35, 1.0
63793.7170557956, 228, -1.0
63798.163817776964, 84, 1.0
63798.32189143301, 150, -1.0
63799.24861355337, 54, 1.0
63801.990207994015, 128, 1.0
63807.176202825176, 116, 1.0
63808.560656565176, 33, -1.0
63812.35788741254, 167, -1.0
63815.39725333873, 81, 1.0
63815.41928464582, 41, 1.0
63815.52693041586, 34, -1.0
63817.520924051525, 116, -1.0
63818.05242836664, 146, 1.0
63822.719346766404, 54, -1.0
63823.151420067064, 87, 1.0
63824.5225285785, 119, -1.0
63829.19583068322, 111, 1.0
63830.22564146978, 105, -1.0
63831.11056619539, 142, 1.0
63835.02439091177, 68, 1.0
63835.1118676167, 58, -1.0
63837.01682179673, 76, 1.0
63837.176495299995, 58, -1.0
63837.75403418514, 198, -1.0
63838.325778353115, 146, 1.0
63839.43786503914, 69, 1.0
63839.66369400078, 91, 1.0
63840.957667993986, 98, 1.0
63841.61079742449, 50, 1.0
63843.31420176163, 126, -1.0
63843.92669317225, 59, 1.0
63844.26583834758, 188, -1.0
63845.79325046397, 64, -1.0
63846.96508488332, 26, -1.0
63851.19234946616, 117, -1.0
63853.940475392614, 148, -1.0
63855.595761798286, 80, 1.0
63855.614987379275, 40, 1.0
63855.6165995313, 105, -1.0
63856.960262151144, 114, 1.0
63857.6337387376, 81, -1.0
63857.97660634633, 149, 1.0
63862.668443734925, 87, 1.0
63863.48961675461, 159, -1.0
63863.62346676745, 177, -1.0
63866.0830232009, 58, -1.0
63866.759746420954, 103, -1.0
63866.88085199335, 114, 1.0
63867.04459179613, 154, 1.0
63868.018724107234, 92, -1.0
63869.31002745044, 118, -1.0
63870.9844921156, 60, -1.0
63871.22419970573, 119, -1.0
63871.3004676099, 97, -1.0
63873.11068396474, 166, -1.0
63873.81750504082, 84, 1.0
63880.523746697756, 40, -1.0
63887.52918377428, 66, 1.0
63887.5940057359, 58, -1.0
63890.62401278953, 105, -1.0
63892.791248155045, 64, -1.0
63895.09266965903, 146, -1.0
63897.10819138135, 111, -1.0
63898.0857470628, 110, 1.0
63900.46824817443, 100, 1.0
63901.86522061861, 193, 1.0
63901.94374433044, 170, -1.0
63903.25094130098, 155, 1.0
63904.67071654231, 123, -1.0
63906.8154867632, 126, 1.0
63909.83828591938, 34, 1.0
63912.31797657507, 133, 1.0
63913.4719656642, 85, 1.0
63914.661051461786, 94, -1.0
63915.55510390622, 33, 1.0
63921.34033068259, 35, -1.0
63921.83185219609, 34, -1.0
63922.24668207463, 146, 1.0
63927.88098495586, 53, 1.0
63928.38581375587, 154, -1.0
63930.08354142653, 167, -1.0
63930.262265445315, 100, 1.0
63933.774083620076, 165, -1.0
63935.86568776897, 64, 1.0
63938.205737122975, 45, 1.0
63942.80707334869, 69, -1.0
63944.77258021515, 114, 1.0
63950.78385915712, 33, -1.0
63952.03897363331, 165, -1.0
63952.509608304674, 114, -1.0
63955.904121390995, 142, -1.0
63957.7887399708, 152, 1.0
63958.01085816351, 161, -1.0
63959.774099103, 112, 1.0
63959.81136847785, 53, 1.0
63960.80778361456, 152, 1.0
63961.658523699814, 133, -1.0
63962.49204911635, 35, 1.0
63964.03940726509, 114, -1.0
63968.051926462686, 102, -1.0
63968.999710093696, 30, -1.0
63972.24995259457, 84, 1.0
63972.27655095718, 164, 1.0
63974.06693565904, 182, 1.0
63974.23646293478, 70, -1.0
63974.47582542598, 142, 1.0
63974.750515778986, 119, 1.0
63977.40296535764, 114, 1.0
63978.003710836194, 106, 1.0
63981.98232749374, 27, 1.0
63982.725422159754, 35, -1.0
63988.35062563871, 58, -1.0
63989.800703331064, 97, 1.0
63996.15225254095, 103, -1.0
63996.90114304527, 91, 1.0
63997.55222428425, 164, 1.0
63998.14031389715, 90, 1.0
63999.03307219292, 50, 1.0
64000.44531582813, 97, 1.0
64001.10522516573, 164, 1.0
64001.152504456506, 68, 1.0
64001.51147670648, 114, 1.0
64001.69193227602, 68, 1.0
64003.71235064631, 29, -1.0
64005.434280717316, 198, 1.0
64008.48631255583, 142, 1.0
64017.274373736574, 164, 1.0
64017.32214136208, 59, 1.0
64018.09667578156, 67, 1.0
64018.47347690307, 37, -1.0
64020.929814132374, 142, 1.0
64022.9041506329, 160, -1.0
64025.63746961868, 71, 1.0
64027.64097742399, 119, -1.0
64028.442841340155, 149, 1.0
64029.77375866175, 58, 1.0
64029.77869600691, 81, 1.0
64031.804957152446, 120, 1.0
64033.311141087244, 35, -1.0
64034.942796094445, 87, -1.0
64036.23887415671, 72, -1.0
64042.01620997874, 89, 1.0
64044.363964241944, 97, -1.0
64045.2289078157, 88, 1.0
64046.037179276565, 26, 1.0
64046.08294248497, 94, -1.0
64046.93905096642, 27, 1.0
64047.82245816434, 198, 1.0
64048.5448205101, 202, 1.0
64051.99830331455, 58, -1.0
64056.16548851314, 133, -1.0
64056.42459683789, 101, 1.0
64057.64234820933, 80, 1.0
64058.39542746606, 35, -1.0
64058.65608281299, 137, 1.0
64060.53731262608, 28, -1.0
64060.75588583813, 45, 1.0
64061.70317969484, 55, -1.0
64062.559808466, 159, -1.0
64064.815253436325, 235, 1.0
64065.63032372759, 27, -1.0
64066.92899339433, 81, -1.0
64069.45234781745, 34, -1.0
64069.93129693577, 80, -1.0
64070.15607138133, 48, -1.0
64071.97082600279, 97, -1.0
64072.04694747174, 105, -1.0
64073.170295080985, 111, -1.0
64073.753775179146, 39, -1.0
64076.005668618665, 99, 1.0
64078.3851359331, 32, 1.0
64081.88605841394, 146, -1.0
64082.13857321252, 100, 1.0
64082.905888681285, 53, 1.0
64085.07297515328, 40, -1.0
64090.80298073971, 123, -1.0
64090.84539008339, 26, 1.0
64091.64451054422, 193, -1.0
64096.74409227881, 150, -1.0
64096.798221063276, 162, 1.0
64098.02816497641, 182, 1.0
64098.24981991605, 53, -1.0
64099.05688980148, 119, -1.0
64100.24463101866, 160, 1.0
64104.9694649311, 43, -1.0
64108.287175453996, 64, 1.0
64113.57246611873, 103, -1.0
64118.183013697366, 54, 1.0
64119.87798988842, 53, -1.0
64120.756355797486, 64, -1.0
64121.24455084749, 101, -1.0
64122.996304198474, 202, 1.0
64123.32697609936, 67, -1.0
64123.910615783076, 75, -1.0
64125.4087383104, 35, 1.0
64126.18961366726, 27, 1.0
64128.9625469325, 198, 1.0
64130.34185224247, 122, -1.0
64131.08561257175, 116, -1.0
64131.638818529565, 53, -1.0
64134.29316181803, 64, -1.0
64135.984678471475, 58, -1.0
64137.5537429594, 153, -1.0
64138.08166927474, 71, 1.0
64140.713548353, 34, -1.0
64141.3647537852, 92, 1.0
64143.499208360256, 55, -1.0
64146.465865685015, 27, -1.0
64147.03253078203, 154, -1.0
64147.04123661986, 39, 1.0
64149.023914476005, 100, 1.0
64150.07867411949, 114, -1.0
64150.818754088476, 130, 1.0
64154.20882752667, 162, 1.0
64157.013347949774, 147, 1.0
64158.737316896244, 32, -1.0
64160.94865968903, 100, -1.0
64160.988235984594, 126, -1.0
64163.69997692625, 60, -1.0
64167.2370561381, 86, 1.0
64170.152509654785, 27, -1.0
64173.18407298696, 114, 1.0
64173.32862619473, 59, 1.0
64174.35565007131, 68, -1.0
64174.42432670757, 68, 1.0
64175.28489549285, 148, 1.0
64175.94655936409, 40, 1.0
64179.112758831056, 114, 1.0
64182.04997070613, 126, -1.0
64183.914520882936, 133, 1.0
64184.526116394656, 83, 1.0
64186.93047297641, 84, 1.0
64187.683414321764, 102, 1.0
64190.19235331861, 177, 1.0
64192.07903665743, 43, 1.0
64193.70688218112, 114, -1.0
64195.71933710592, 73, 1.0
64197.69184310709, 233, -1.0
64199.279619272915, 40, -1.0
64200.45821932445, 39, 1.0
64200.80090707989, 123, 1.0
64201.02774435133, 228, -1.0
64204.14018930756, 58, -1.0
64206.42491244947, 107, 1.0
64207.16902003736, 114, 1.0
64208.3401379469, 149, 1.0
64209.987769638115, 35, -1.0
64212.381413322706, 152, -1.0
64215.00260977603, 130, -1.0
64216.18524183696, 198, 1.0
64218.722867532546, 70, -1.0
64221.30598320312, 158, 1.0
64221.59879733806, 153, -1.0
64223.62731428527, 154, -1.0
64224.12868867899, 34, -1.0
64226.231817279506, 75, 1.0
64230.9704795515, 83, 1.0
64237.090546258776, 73, 1.0
64238.45659005196, 141, -1.0
64242.25599491279, 146, 1.0
64242.61532980705, 82, -1.0
64242.89441610914, 80, 1.0
64243.76023031937, 234, 1.0
64245.61292858424, 141, 1.0
64246.306009361324, 59, 1.0
64248.53511813145, 86, 1.0
64250.97536264554, 75, -1.0
64252.40333133984, 52, 1.0
64254.38723120826, 45, -1.0
64257.35682915826, 98, 1.0
64259.533275492344, 34, 1.0
64260.41554269331, 152, 1.0
64261.21880995499, 98, -1.0
64263.18898200626, 39, -1.0
64263.43631742171, 71, -1.0
64264.00675443323, 102, -1.0
64264.26412768697, 148, 1.0
64264.89787247799, 26, 1.0
64266.18175871479, 122, -1.0
64266.41684186641, 168, 1.0
64270.36571012084, 68, 1.0
64272.53392943854, 82, 1.0
64274.00427017061, 106, -1.0
64274.35565190149, 167, -1.0
64275.43243406181, 177, -1.0
64275.52109566598, 100, 1.0
64278.37217378274, 94, 1.0
64280.86850268912, 45, -1.0
64285.73352923378, 40, 1.0
64286.99639821511, 80, -1.0
64287.72733962808, 87, -1.0
64290.958573385244, 162, 1.0
64291.775915557926, 46, 1.0
64292.33583197877, 35, 1.0
64292.64467854926, 146, 1.0
64295.42362157776, 48, 1.0
64297.32700801572, 198, -1.0
64301.11405397598, 81, -1.0
64304.28188283941, 82, 1.0
64304.89240396952, 165, -1.0
64306.69435835473, 81, 1.0
64307.32595220399, 188, -1.0
64308.61179011092, 83, 1.0
64309.69025693749, 163, 1.0
64311.35519178527, 70, -1.0
64313.83017594729, 27, 1.0
64315.10564617555, 71, 1.0
64316.37839287426, 158, -1.0
64317.187035613504, 40, 1.0
64319.001979868204, 68, 1.0
64319.707348047195, 164, 1.0
64320.35196871358, 233, -1.0
64322.59562153584, 104, 1.0
64324.17209736875, 167, 1.0
64326.93793435596, 39, 1.0
64327.03895434219, 40, -1.0
64327.20772315811, 91, 1.0
64331.37066247812, 234, 1.0
64331.829913980335, 137, -1.0
64332.44136361345, 90, 1.0
64332.91550010594, 101, 1.0
64336.658116744555, 48, -1.0
64341.38042157707, 173, -1.0
64341.78842261017, 84, 1.0
64345.81041036874, 97, -1.0
64345.88400849041, 64, -1.0
64347.75904276915, 165, -1.0
64348.07203034678, 138, -1.0
64349.5495562608, 111, -1.0
64350.005565661035, 173, -1.0
64353.472088501185, 171, 1.0
64355.75961408555, 83, -1.0
64357.288820733425, 81, -1.0
64359.67325125791, 163, 1.0
64360.73130062933, 27, 1.0
64362.9293302792, 100, -1.0
64363.28097192975, 162, 1.0
64365.43660178607, 142, -1.0
64365.91037014918, 111, 1.0
64367.327179107524, 152, -1.0
64370.09338661788, 75, -1.0
64373.864956980164, 116, 1.0
64374.29080782716, 170, 1.0
64375.79938310781, 114, -1.0
64378.64536437726, 68, 1.0
64380.001822436265, 130, -1.0
64384.38304651697, 53, -1.0
64385.54416970317, 82, 1.0
64386.07091303199, 146, -1.0
64387.17821861857, 94, -1.0
64389.15817282736, 76, -1.0
64390.03976283649, 165, -1.0
64390.605969688826, 152, -1.0
64392.41954875546, 103, -1.0
64394.502843701914, 62, 1.0
64394.61460781185, 64, -1.0
64396.51659170346, 67, -1.0
64397.167737638025, 163, 1.0
64397.538281128625, 103, -1.0
64397.874004674646, 97, -1.0
64398.64443143702, 34, 1.0
64407.51726488731, 64, 1.0
64409.82249162181, 81, -1.0
64414.46556519305, 60, -1.0
64417.16866636993, 59, -1.0
64419.06554191781, 87, 1.0
64420.351328159784, 34, -1.0
64421.64213820909, 113, 1.0
64422.55565718829, 35, -1.0
64422.86543344632, 130, 1.0
64424.510592284074, 137, -1.0
64430.185138007335, 67, -1.0
64430.857772417396, 182, -1.0
64431.4864390222, 40, 1.0
64432.53017785271, 66, 1.0
64434.09306847508, 198, 1.0
64434.82355774787, 68, 1.0
64434.86681773743, 102, -1.0
64435.26276673774, 64, -1.0
64436.954869748355, 116, 1.0
64438.41079603771, 45, 1.0
64443.574487057056, 83, -1.0
64445.84309004288, 106, -1.0
64448.32868135313, 123, -1.0
64449.243662924426, 95, 1.0
64449.504745823615, 48, 1.0
64450.15000410969, 177, -1.0
64451.15210938587, 70, 1.0
64456.61212315806, 87, 1.0
64458.39764848866, 114, -1.0
64461.19007854816, 100, -1.0
64462.498953397684, 102, -1.0
64463.27773024748, 165, -1.0
64463.74246615279, 39, -1.0
64464.32507450616, 53, -1.0
64465.22110895771, 83, 1.0
64466.536048190115, 142, 1.0
64467.14828093145, 158, -1.0
64467.89071936128, 198, 1.0
64470.4203628685, 89, 1.0
64470.864168210675, 52, 1.0
64473.23131809564, 28, 1.0
64473.757066416445, 111, 1.0
64475.76033097223, 111, 1.0
64477.689336153075, 103, -1.0
64477.952782484004, 97, 1.0
64479.92063641503, 28, -1.0
64480.51957639594, 228, -1.0
64480.60986358095, 33, 1.0
64481.72253019061, 114, 1.0
64482.43643188885, 177, -1.0
64482.959664853304, 74, 1.0
64486.47373490429, 120, -1.0
64486.95805311107, 170, 1.0
64488.12871849011, 98, -1.0
64488.40024301695, 67, 1.0
64488.730521233294, 233, -1.0
64488.9449323071, 59, 1.0
64493.62507139103, 234, 1.0
64495.74189951236, 165, 1.0
64495.880880571865, 26, 1.0
64496.57580534724, 59, 1.0
64498.51356639182, 154, -1.0
64499.608582173525, 164, 1.0
64502.94323821524, 90, 1.0
64503.3393245238, 164, 1.0
64504.96630608367, 41, 1.0
64508.836589981685, 68, 1.0
64512.28350043775, 94, 1.0
64513.67631969501, 114, 1.0
64516.246867959024, 165, -1.0
64516.52086437986, 71, 1.0
64521.028131232, 126, 1.0
64524.21376924557, 45, 1.0
64527.57351111128, 71, 1.0
64528.21731646552, 35, -1.0
64528.76283232313, 153, -1.0
64529.26771645093, 90, -1.0
64536.095118569974, 101, 1.0
64537.565560211566, 63, -1.0
64537.615632970905, 34, 1.0
64538.52369079407, 153, -1.0
64541.046751725924, 100, 1.0
64541.99726021473, 43, 1.0
64543.969063409815, 142, -1.0
64546.08870256138, 100, -1.0
64546.30647892201, 123, 1.0
64547.232829090986, 71, -1.0
64548.99267012339, 142, 1.0
64549.57337379515, 98, -1.0
64550.58310786036, 163, 1.0
64552.02048703726, 35, -1.0
64552.532747719786, 123, -1.0
64554.1183796519, 71, -1.0
64554.46574975435, 120, -1.0
64556.66970312898, 130, -1.0
64560.31789152295, 39, 1.0
64561.875567636824, 119, -1.0
64561.9677729266, 162, -1.0
64562.30932026676, 117, 1.0
64563.847529778875, 101, 1.0
64564.488376825, 165, 1.0
64565.25562072262, 104, 1.0
64566.89836380478, 126, -1.0
64567.37277409133, 161, -1.0
64572.25982778897, 167, -1.0
64572.85407987505, 101, -1.0
64573.02470418698, 34, 1.0
64574.85585422563, 152, -1.0
64576.244063624115, 142, 1.0
64576.6338490957, 198, 1.0
64578.28309266724, 128, -1.0
64584.58681805473, 119, -1.0
64586.066981573764, 58, -1.0
64586.67422742995, 101, 1.0
64587.78187817968, 80, 1.0
64589.27699515904, 76, -1.0
64590.3722867076, 98, -1.0
64592.24112912415, 100, 1.0
64597.835920430676, 110, 1.0
64598.0401607977, 101, -1.0
64600.748172347114, 118, -1.0
64600.97728410337, 70, -1.0
64604.2541048444, 202, -1.0
64608.96743157242, 114, 1.0
64613.71382436092, 105, 1.0
64613.840768301714, 48, 1.0
64614.32899519182, 159, 1.0
64616.2218171219, 234, 1.0
64617.086685691866, 141, -1.0
64617.937849539456, 82, 1.0
64618.96895029988, 76, -1.0
64620.53157406089, 137, -1.0
64624.16100003586, 35, -1.0
64624.65919625096, 126, -1.0
64624.75817153608, 35, -1.0
64627.32458155547, 65, -1.0
64629.8152780404, 96, -1.0
64629.82335445654, 40, 1.0
64630.52380111912, 165, 1.0
64633.14827212816, 126, -1.0
64635.14488024483, 155, 1.0
64638.196896827874, 80, 1.0
64639.06632156977, 177, 1.0
64639.194493986695, 147, 1.0
64642.16566192945, 84, -1.0
64642.44072358691, 193, 1.0
64645.62830683287, 105, -1.0
64646.93637936794, 52, -1.0
64648.91851823652, 168, -1.0
64649.70216138124, 87, 1.0
64651.736284171304, 233, 1.0
64657.93368607576, 97, 1.0
64660.70764531262, 40, -1.0
64663.24189501023, 84, 1.0
64664.13859260023, 35, 1.0
64664.53506961759, 102, 1.0
64665.053737262984, 234, -1.0
64666.086395727114, 151, -1.0
64668.19322430812, 146, 1.0
64668.73620437297, 29, 1.0
64670.54784293121, 59, -1.0
64672.18016847942, 163, 1.0
64672.27649586334, 119, -1.0
64673.51558278425, 33, 1.0
64678.17123976906, 36, 1.0
64681.3043973686, 35, 1.0
64683.3310437183, 50, 1.0
64686.29721402368, 164, -1.0
64686.97331112265, 162, 1.0
64686.9808150575, 126, -1.0
64687.351786883286, 241, -1.0
64687.84993411343, 68, -1.0
64688.67687950631, 162, -1.0
64689.86268502072, 103, -1.0
64690.408134266065, 35, 1.0
64690.97981070536, 146, -1.0
64691.77457415113, 33, -1.0
64693.751372170744, 152, -1.0
64694.85185131621, 153, -1.0
64695.230909847094, 94, -1.0
64695.97550182358, 126, 1.0
64696.27909163603, 171, -1.0
64696.51640453098, 28, -1.0
64700.561605443865, 35, -1.0
64700.711708920906, 165, -1.0
64701.72727352644, 167, 1.0
64703.476959528205, 74, 1.0
64704.34046643916, 166, -1.0
64704.41706239787, 130, -1.0
64706.281270535044, 34, 1.0
64706.545360423246, 137, 1.0
64714.21764700416, 222, 1.0
64714.745311499064, 158, -1.0
64715.664117284134, 182, 1.0
64717.12534242701, 35, -1.0
64724.38922328739, 59, 1.0
64728.40030279682, 29, -1.0
64729.02567135161, 59, -1.0
64733.64010901393, 87, -1.0
64734.57812934137, 105, 1.0
64739.380905729355, 52, 1.0
64739.987057384635, 34, 1.0
64740.90178857041, 120, 1.0
64743.67319890501, 182, -1.0
64744.383711687915, 177, 1.0
64744.653625376304, 142, 1.0
64746.84083668096, 142, 1.0
64751.3842145699, 34, -1.0
64752.07542699632, 58, -1.0
64752.559737653, 69, -1.0
64754.15035988276, 152, -1.0
64754.34890674487, 159, -1.0
64757.32360613932, 35, -1.0
64757.70598398916, 222, 1.0
64760.905909791596, 166, -1.0
64761.02062992811, 68, 1.0
64762.595685246575, 114, 1.0
64765.48197326273, 193, -1.0
64766.41602740371, 141, -1.0
64767.30636694007, 45, 1.0
64770.04658670503, 158, -1.0
64770.305043336586, 146, -1.0
64775.468734444235, 58, 1.0
64776.09267527089, 106, 1.0
64777.55956609863, 202, -1.0
64784.77912208249, 55, -1.0
64785.63911834012, 146, 1.0
64786.31283684152, 63, -1.0
64787.76128294729, 188, -1.0
64788.02414302755, 59, -1.0
64788.139600594644, 159, 1.0
64788.446096983615, 111, -1.0
64790.5243596914, 114, 1.0
64791.329842478095, 141, -1.0
64792.702710656944, 40, -1.0
64795.2576397254, 36, 1.0
64796.69456004387, 97, 1.0
