25202.552904306816, 101, 1.0
25203.627377567573, 152, -1.0
25221.09472924034, 75, 1.0
25222.161713898146, 154, 1.0
25238.0845240627, 75, -1.0
25238.854915809134, 35, 1.0
25246.038691690588, 154, 1.0
25259.17467008222, 101, 1.0
25261.542735918727, 103, 1.0
25269.742816536764, 152, 1.0
25275.315768659406, 154, 1.0
25283.2702319223, 35, -1.0
25293.831278020247, 148, -1.0
25296.85921515025, 154, 1.0
25298.767356417196, 44, -1.0
25300.65111807385, 154, 1.0
25307.124874509413, 35, -1.0
25309.434967095214, 75, -1.0
25310.580620827935, 152, -1.0
25315.895023807367, 154, 1.0
25328.86290907767, 101, 1.0
25330.31991214651, 152, -1.0
25333.00499114979, 152, 1.0
25338.713602002776, 35, -1.0
25338.815208085045, 103, 1.0
25345.279637017946, 35, 1.0
25352.84685982969, 75, -1.0
25373.467492812386, 35, -1.0
25377.60397637304, 101, 1.0
25377.79023953544, 103, -1.0
25378.367024234143, 35, -1.0
25394.88251261587, 75, -1.0
25396.085473839426, 154, 1.0
25400.975467155553, 44, -1.0
25403.50490730706, 154, -1.0
25415.187636083385, 35, 1.0
25422.49341922953, 103, 1.0
25429.567183966894, 152, 1.0
25430.18012663038, 103, -1.0
25436.702409237776, 101, 1.0
25439.22337513133, 148, -1.0
25446.294773820562, 154, 1.0
25448.210478152523, 148, -1.0
25451.376034528446, 35, -1.0
25454.084383849724, 148, -1.0
25455.79599999146, 44, 1.0
25458.600794744165, 148, -1.0
25459.131437082648, 154, 1.0
25463.14227246279, 103, 1.0
25463.89368152213, 148, -1.0
25466.387306673507, 35, -1.0
25470.921660698405, 35, -1.0
25475.38165733838, 75, -1.0
25485.2037396128, 152, -1.0
25488.065562504937, 152, 1.0
25488.61250694837, 103, 1.0
25490.416767436313, 148, -1.0
25493.43696964021, 154, 1.0
25498.389697259827, 103, 1.0
25502.211524133854, 103, 1.0
25510.60715114795, 103, 1.0
25515.05110055774, 154, 1.0
25516.205644969134, 103, 1.0
25516.397298450906, 154, 1.0
25520.349081406017, 35, -1.0
25528.49113226586, 103, 1.0
25540.152040994304, 103, 1.0
25543.592090300113, 101, 1.0
25555.15837042749, 35, -1.0
25561.064443543, 101, 1.0
25561.13062526901, 101, 1.0
25562.26459240516, 101, 1.0
25573.412192631487, 101, 1.0
25576.075004586884, 35, -1.0
25576.385656654656, 148, -1.0
25581.595560385787, 101, -1.0
25582.772426911422, 103, 1.0
25583.148758580755, 35, -1.0
25591.746676017905, 35, -1.0
25597.113927108298, 154, 1.0
25605.683784652592, 148, -1.0
25608.4605526274, 154, 1.0
25614.153068618016, 103, 1.0
25615.170632391604, 44, -1.0
25617.169738025947, 148, 1.0
25631.04321220554, 152, 1.0
25633.33700776243, 154, 1.0
25644.76102433201, 101, -1.0
25659.51331851994, 154, 1.0
25662.68707970302, 101, 1.0
25673.027816845988, 101, -1.0
25674.78164020204, 154, 1.0
25675.298520582244, 101, 1.0
25678.097830709306, 101, -1.0
25683.29028297779, 154, 1.0
25688.117744624, 152, -1.0
25689.705281022103, 101, 1.0
25694.830569042082, 75, -1.0
25699.118094290443, 148, -1.0
25709.433969694255, 152, -1.0
25713.40713970737, 35, -1.0
25719.428401150548, 35, -1.0
25722.810250120598, 75, 1.0
25725.496533581016, 101, 1.0
25726.77890494092, 35, -1.0
25731.01935521062, 101, 1.0
25744.76407745126, 154, 1.0
25750.724024220035, 152, -1.0
25762.63566648117, 148, -1.0
25764.051676194464, 44, -1.0
25771.98580246743, 154, 1.0
25778.60127471118, 35, -1.0
25789.108569166678, 154, 1.0
25800.445732276257, 101, -1.0
25814.98653578816, 103, 1.0
25816.08121046972, 35, 1.0
25822.65754289642, 35, -1.0
25826.691993211654, 101, -1.0
25830.438893265928, 148, -1.0
25835.160093710707, 75, 1.0
25835.314845198613, 103, 1.0
25842.400971828618, 35, 1.0
25847.24439747815, 148, -1.0
25852.503858022526, 75, -1.0
25854.32868396533, 35, -1.0
25855.964403584523, 75, 1.0
25858.39556181833, 152, 1.0
25865.977134839268, 101, -1.0
25868.870731055507, 35, 1.0
25881.45263695584, 103, 1.0
25892.360476638096, 154, -1.0
25894.61766454962, 154, 1.0
25896.205989008595, 35, -1.0
25900.18932541639, 101, -1.0
25902.706659740696, 101, 1.0
25910.73618956105, 103, -1.0
25912.560150019443, 101, 1.0
25916.47947919209, 103, 1.0
25916.947867331855, 101, 1.0
25917.78793167409, 152, -1.0
25923.906351820235, 35, -1.0
25924.737056029197, 103, 1.0
25926.8967021468, 103, 1.0
25928.739439824276, 44, -1.0
25930.97996537043, 154, 1.0
25933.74851691287, 35, -1.0
25941.59740120608, 154, -1.0
25947.383354307975, 103, 1.0
25953.30525414273, 75, 1.0
25955.805054048742, 35, -1.0
25957.465261970978, 75, 1.0
25960.30508544521, 35, -1.0
25960.462476832807, 35, -1.0
25960.683563525017, 148, -1.0
25967.17699902133, 154, 1.0
25976.719669971048, 101, -1.0
25979.49294261916, 101, -1.0
25985.250937602366, 35, -1.0
25996.525030055036, 154, 1.0
25998.856254107053, 154, 1.0
26000.57340516196, 103, 1.0
26004.50930862397, 103, 1.0
26009.179408547312, 35, -1.0
26033.782551378652, 35, -1.0
26040.357485773224, 35, -1.0
26042.480191289153, 44, -1.0
26054.93259323905, 152, -1.0
26055.610251959784, 44, -1.0
26055.65194742143, 35, -1.0
26075.862973187344, 75, -1.0
26078.452925671107, 35, 1.0
26084.736610487984, 44, -1.0
26089.722580145135, 152, -1.0
26091.657675885184, 75, -1.0
26105.618020913367, 101, -1.0
26106.65852991128, 44, -1.0
26110.075548867684, 103, 1.0
26112.15780453765, 101, 1.0
26119.06280886713, 44, -1.0
26129.615130533137, 75, 1.0
26130.510283725365, 154, 1.0
26131.141533969138, 35, -1.0
26132.94006326644, 35, -1.0
26135.758528938615, 35, 1.0
26136.48299491314, 154, -1.0
26141.421925053866, 75, -1.0
26145.043644166544, 101, 1.0
26146.941469531484, 103, 1.0
26155.356842773068, 101, -1.0
26159.050167883826, 152, 1.0
26163.25528923603, 75, 1.0
26163.49358659265, 75, -1.0
26167.801293274577, 154, 1.0
26170.33070103587, 101, 1.0
26174.014039504505, 101, -1.0
26181.982510373862, 44, -1.0
26188.439989639028, 154, 1.0
26190.2008705619, 148, -1.0
26192.24481693362, 152, -1.0
26196.005090807193, 148, -1.0
26203.18123583809, 152, 1.0
26214.005659149843, 103, -1.0
26225.97533027976, 152, 1.0
26226.735738514304, 148, -1.0
26233.143943248215, 152, -1.0
26237.656754051168, 154, 1.0
26249.85520660152, 35, -1.0
26252.510257082045, 101, 1.0
26252.846555946835, 35, -1.0
26255.356022790584, 103, 1.0
26265.24496409943, 101, 1.0
26267.92660767186, 103, 1.0
26272.886018999383, 35, -1.0
26274.410811427137, 75, -1.0
26280.060168129137, 103, 1.0
26285.74447550246, 148, -1.0
26288.93475535942, 35, -1.0
26298.11667473305, 44, -1.0
26306.17746974576, 75, 1.0
26337.17654649286, 35, -1.0
26337.9156242865, 148, -1.0
26343.450214054108, 35, -1.0
26344.23257379463, 148, -1.0
26346.737103941796, 35, -1.0
26347.88703383256, 154, 1.0
26357.461190601374, 101, 1.0
26362.47000079201, 154, 1.0
26367.138103282352, 75, 1.0
26372.471850142065, 152, 1.0
26380.7469615553, 35, -1.0
26381.209281765394, 35, 1.0
26390.976732662057, 101, 1.0
26396.296732263778, 103, 1.0
26416.31166660318, 101, 1.0
26421.437894024937, 154, 1.0
26435.03596497498, 101, 1.0
26435.231570784188, 101, 1.0
26436.927859748706, 101, 1.0
26443.2828542119, 35, -1.0
26444.040141645448, 148, -1.0
26444.47998275074, 103, 1.0
26447.527484439768, 154, 1.0
26457.051984969534, 154, 1.0
26466.5580929973, 152, 1.0
26466.7372308958, 148, -1.0
26467.789904684174, 154, 1.0
26469.61687601083, 103, 1.0
26481.86898191268, 154, 1.0
26484.903027214714, 148, -1.0
26493.924050105677, 148, -1.0
26504.93845197921, 44, -1.0
26507.149699813177, 154, -1.0
26508.12927383289, 152, -1.0
26508.651350980766, 101, -1.0
26512.840934249616, 148, -1.0
26519.16158575866, 44, -1.0
26521.81055849341, 148, -1.0
26531.753071365314, 101, 1.0
26535.580431846098, 44, -1.0
26535.673660115157, 152, 1.0
26549.19829223792, 101, 1.0
26555.14539427862, 75, 1.0
26567.414075096196, 75, -1.0
26574.789801917246, 44, -1.0
26575.569264738726, 148, -1.0
26583.744422199023, 101, 1.0
26584.373128885625, 154, 1.0
26584.99556345766, 148, 1.0
26588.81248488425, 101, 1.0
26593.687785323047, 101, -1.0
26597.224230770447, 154, 1.0
26598.87432872371, 101, 1.0
26602.42706175867, 35, -1.0
26604.8556635462, 101, 1.0
26609.54187308656, 75, 1.0
26634.83424257202, 101, -1.0
26635.304386946103, 35, 1.0
26644.101761930553, 75, 1.0
26644.876320295276, 103, 1.0
26648.995323463747, 148, -1.0
26655.939662248362, 154, 1.0
26656.7660629446, 75, 1.0
26659.59087398013, 35, -1.0
26662.03595959607, 35, -1.0
26664.8188415569, 152, -1.0
26664.99839351249, 35, -1.0
26667.33711143373, 35, 1.0
26671.001195700144, 101, -1.0
26675.330629233016, 152, -1.0
26679.534596908466, 148, -1.0
26681.650912787645, 152, -1.0
26685.57801883949, 148, 1.0
26688.401966018027, 44, -1.0
26693.3757360348, 35, -1.0
26696.127666967823, 152, -1.0
26707.746078777443, 44, 1.0
26712.34789130908, 75, -1.0
26713.43395916313, 103, 1.0
26714.09596125786, 35, -1.0
26714.42846882893, 103, 1.0
26719.726228018484, 152, -1.0
26726.752060638446, 152, 1.0
26732.05651398378, 103, 1.0
26740.077265740983, 152, -1.0
26746.375984377646, 75, -1.0
26753.822510013983, 154, 1.0
26754.113063220455, 35, -1.0
26769.94368430512, 103, 1.0
26772.221615284412, 154, 1.0
26787.763744941713, 35, -1.0
26791.061855248587, 35, -1.0
26800.97437143594, 35, -1.0
26805.788098487792, 35, 1.0
26806.379829344343, 35, -1.0
26809.189056009258, 148, -1.0
26815.942277494123, 152, -1.0
26829.326281507216, 75, -1.0
26832.138949756787, 103, 1.0
26839.160068313224, 44, 1.0
26844.601778482778, 35, -1.0
26855.224703539367, 35, -1.0
26859.08026344541, 148, -1.0
26867.885041352194, 101, -1.0
26872.839863765814, 148, 1.0
26875.4312329555, 148, -1.0
26877.9908007308, 44, -1.0
26886.28332288041, 75, -1.0
26887.17325102045, 148, -1.0
26889.663098621048, 152, 1.0
26894.61082411594, 154, 1.0
26895.381509658935, 75, 1.0
26897.229988467094, 101, -1.0
26897.34725339882, 101, 1.0
26898.31242531053, 154, -1.0
26920.80704735891, 75, 1.0
26921.683235497792, 101, 1.0
26923.15960359822, 35, 1.0
26924.28670219566, 148, -1.0
26926.868184882118, 103, 1.0
26942.597067843777, 152, -1.0
26943.452809757644, 75, -1.0
26951.38204643228, 103, 1.0
26958.675030808303, 35, -1.0
26969.87209421657, 148, -1.0
26972.4082037471, 44, 1.0
26973.30383503021, 154, 1.0
26974.19710210548, 35, 1.0
26983.58277236355, 152, 1.0
26986.313245211128, 101, -1.0
26991.145673370498, 148, -1.0
27001.35926691019, 101, -1.0
27003.83402817911, 101, 1.0
27003.85905132366, 35, -1.0
27007.097832619995, 152, -1.0
27015.0583744466, 152, 1.0
27018.742623127124, 101, -1.0
27019.117851554198, 154, -1.0
27037.83658254776, 35, -1.0
27041.679721536297, 101, 1.0
27045.46377503543, 101, -1.0
27050.048898282465, 148, -1.0
27052.341676036558, 44, 1.0
27056.17510863484, 75, -1.0
27057.374543185917, 154, 1.0
27066.012452142288, 103, 1.0
27071.31073176679, 152, 1.0
27075.764339730435, 75, -1.0
27079.01002689403, 75, 1.0
27081.250255896768, 44, -1.0
27084.07096481212, 101, 1.0
27089.342399152636, 103, 1.0
27101.855349879217, 154, 1.0
27104.04363536607, 101, -1.0
27104.433636500984, 101, 1.0
27113.34767863209, 101, 1.0
27120.481775583426, 103, 1.0
27123.282272699962, 101, 1.0
27123.383700951115, 35, -1.0
27128.383181952304, 101, 1.0
27128.706277050405, 75, 1.0
27133.047729827926, 35, -1.0
27147.685142936665, 101, -1.0
27160.275205691036, 152, -1.0
27169.6671692579, 35, 1.0
27170.75150153329, 35, 1.0
27172.017057114022, 152, 1.0
27172.03370682997, 101, -1.0
27178.719785302583, 35, -1.0
27179.15919474697, 152, 1.0
27179.658258642936, 152, -1.0
27182.562038135413, 148, -1.0
27188.363575323627, 103, 1.0
27188.697078258512, 101, 1.0
27189.025027348704, 44, -1.0
27191.639384342703, 154, 1.0
27195.665324149464, 148, -1.0
27210.255075081204, 35, 1.0
27216.898022431487, 101, -1.0
27217.561770242606, 35, -1.0
27220.929733167435, 35, -1.0
27224.856568255884, 103, 1.0
27229.23243284609, 101, -1.0
27238.27819195373, 44, -1.0
27239.723243992034, 44, -1.0
27257.205686610123, 35, -1.0
27262.545758652574, 152, 1.0
27279.18738362684, 35, -1.0
27279.871958895623, 101, -1.0
27288.52136092624, 35, 1.0
27289.507433652707, 44, -1.0
27289.935194908303, 148, -1.0
27295.813383538127, 75, -1.0
27302.228481300375, 101, -1.0
27306.895828745684, 101, -1.0
27318.915481659566, 35, -1.0
27323.356037783913, 103, -1.0
27327.46310755623, 44, -1.0
27331.69352041171, 103, 1.0
27335.004625560225, 75, -1.0
27345.06124335685, 101, 1.0
27348.68240776915, 101, 1.0
27350.47920994579, 35, 1.0
27356.97554657011, 154, 1.0
27362.793026990494, 101, 1.0
27365.765145347126, 75, -1.0
27374.888347773744, 101, 1.0
27376.572704059185, 148, -1.0
27385.40634109517, 101, -1.0
27392.316023451232, 75, -1.0
27394.086498082535, 148, -1.0
27400.65876552836, 75, -1.0
27401.277842760326, 44, 1.0
27404.544061045042, 148, -1.0
27409.608935466513, 75, 1.0
27412.63420009364, 154, 1.0
27414.313679743478, 103, 1.0
27417.441104618112, 148, -1.0
27420.081720815382, 154, 1.0
27437.950672293184, 154, 1.0
27446.92891043439, 154, 1.0
27462.34058701393, 101, 1.0
27463.089513301235, 101, 1.0
27467.48443483674, 152, -1.0
27473.123253072376, 35, -1.0
27474.29474761639, 103, 1.0
27482.883502298624, 101, -1.0
27485.094067838407, 148, -1.0
27496.088155520876, 35, -1.0
27515.620715080513, 101, -1.0
27516.529649491025, 101, 1.0
27519.52259556645, 35, -1.0
27521.098625753955, 154, 1.0
27530.95853796579, 44, -1.0
27532.234274682618, 35, -1.0
27532.548851245207, 101, 1.0
27533.851077944284, 148, -1.0
27535.174460556333, 154, 1.0
27536.291796413836, 148, -1.0
27538.57879207723, 154, 1.0
27540.32020273331, 103, 1.0
27547.550610738486, 103, 1.0
27549.293702881816, 75, 1.0
27551.393741792905, 103, 1.0
27551.62707219713, 152, -1.0
27566.74378308681, 148, -1.0
27575.69922265615, 35, -1.0
27577.15395582132, 101, -1.0
27580.721602119993, 75, 1.0
27581.936979200203, 35, -1.0
27586.443274406854, 154, 1.0
27594.548632290785, 75, -1.0
27594.93678748261, 35, 1.0
27595.760908945056, 148, -1.0
27597.903262792497, 35, 1.0
27602.521663551543, 103, 1.0
27606.898211675187, 35, 1.0
27610.817596000747, 35, -1.0
27615.092897744285, 101, 1.0
27615.69876715455, 35, 1.0
27620.086139332423, 148, -1.0
27625.50395302011, 154, 1.0
27626.737619963664, 148, -1.0
27629.180021273358, 101, 1.0
27631.151710894323, 101, -1.0
27632.964165723028, 101, -1.0
27636.37938474455, 148, -1.0
27638.31391436358, 152, -1.0
27641.78997355256, 35, -1.0
27643.747013777098, 35, -1.0
27647.703635252612, 101, -1.0
27651.035717404804, 103, 1.0
27663.560284136205, 154, 1.0
27663.95490516262, 103, 1.0
27668.477592676325, 103, 1.0
27676.42554199095, 35, -1.0
27685.731923433228, 35, -1.0
27686.99411511885, 101, -1.0
27688.180404579143, 152, -1.0
27704.496366165025, 101, 1.0
27714.145370169215, 152, -1.0
27717.148977830133, 103, 1.0
27717.502557345822, 148, -1.0
27722.741882196835, 44, -1.0
27729.550753736086, 148, -1.0
27736.468370167433, 75, -1.0
27751.746937589556, 103, 1.0
27754.021105823318, 75, -1.0
27757.46083920118, 148, 1.0
27761.735582635938, 35, 1.0
27764.323870402863, 75, -1.0
27769.084400925265, 101, 1.0
27773.81527146459, 152, -1.0
27781.030456206554, 103, 1.0
27781.102686040304, 148, -1.0
27783.80813413027, 35, -1.0
27786.9252117597, 103, 1.0
27787.076550130423, 152, -1.0
27791.57710734811, 75, 1.0
27799.271898143546, 152, -1.0
27803.612320308963, 103, 1.0
27808.144020094005, 101, -1.0
27811.16401873877, 152, -1.0
27824.5259655786, 103, 1.0
27838.06158198918, 35, -1.0
27838.21337841154, 154, 1.0
27841.38761694461, 101, 1.0
27841.944508586028, 75, 1.0
27846.23382727323, 101, -1.0
27847.115299061996, 75, 1.0
27850.727147056205, 103, 1.0
27854.7464601091, 154, 1.0
27855.47806103332, 101, 1.0
27865.918455113017, 101, -1.0
27868.886154510335, 44, -1.0
27870.92694726381, 103, -1.0
27872.688989019232, 154, 1.0
27877.153887757107, 154, -1.0
27881.389212971982, 154, 1.0
27883.197019884487, 101, 1.0
27887.10270950312, 101, 1.0
27893.32374902584, 101, 1.0
27895.14391108813, 103, -1.0
27895.604133902467, 75, 1.0
27910.084821485176, 101, 1.0
27915.2226643702, 148, -1.0
27931.44316063172, 44, -1.0
27933.871762713574, 103, 1.0
27950.037519055815, 103, 1.0
27950.180690754907, 148, -1.0
27950.268323834196, 101, -1.0
27953.758437179342, 35, 1.0
27956.43842206, 154, 1.0
27958.05299953392, 148, -1.0
27959.314993880736, 35, -1.0
27965.185341440167, 35, -1.0
27968.755836175806, 101, 1.0
27980.015392730482, 103, 1.0
27986.923412691434, 35, -1.0
27995.983890958054, 75, -1.0
28004.16887601295, 101, -1.0
28004.548428657276, 152, -1.0
28006.84982889094, 152, -1.0
28016.352419101062, 152, 1.0
28017.59398168188, 103, 1.0
28024.353685941292, 154, 1.0
28028.426057793287, 35, -1.0
28030.3539023828, 75, -1.0
28032.91136742177, 35, 1.0
28033.13869687445, 101, 1.0
28035.346517981925, 148, 1.0
28042.906769629044, 103, 1.0
28050.28026202003, 35, -1.0
28071.765994209993, 35, -1.0
28072.268904511668, 148, -1.0
28079.74100268352, 148, -1.0
28081.09753431374, 101, 1.0
28082.50623132581, 35, -1.0
28085.464710381202, 103, 1.0
28089.146882136298, 101, -1.0
28094.97918502062, 103, -1.0
28095.61193717189, 154, 1.0
28108.62451601414, 44, -1.0
28112.525594656803, 35, 1.0
28122.069101129422, 103, 1.0
28128.51859460125, 35, -1.0
28129.69152721239, 148, 1.0
28131.703554017153, 154, 1.0
28133.266333212963, 101, -1.0
28137.430124408227, 154, 1.0
28151.946819694702, 103, 1.0
28155.20696462013, 154, 1.0
28181.62496993064, 154, 1.0
28190.3839427617, 35, -1.0
28192.39630724666, 101, 1.0
28196.93915974169, 75, -1.0
28209.675668200776, 35, -1.0
28227.816931299993, 152, 1.0
28233.540523429936, 35, -1.0
28245.739775149406, 154, 1.0
28246.439165084514, 101, 1.0
28247.28733386812, 103, 1.0
28252.115474098242, 154, 1.0
28253.888742566458, 103, 1.0
28255.304815954314, 35, -1.0
28256.87412095907, 152, -1.0
28258.93718295724, 75, 1.0
28268.13316735035, 35, -1.0
28271.270514803262, 101, 1.0
28272.278038266602, 152, -1.0
28292.395757248603, 154, 1.0
28294.42216880638, 75, -1.0
28304.539876704388, 148, -1.0
28304.85505093847, 101, 1.0
28306.793569967358, 101, 1.0
28325.816476595683, 101, -1.0
28327.430231381542, 44, -1.0
28328.756742436224, 103, -1.0
28329.730262626297, 101, -1.0
28329.816199400924, 101, -1.0
28331.222397344784, 148, 1.0
28338.03990750783, 103, 1.0
28346.38445874902, 152, -1.0
28351.088210027596, 35, -1.0
28357.888028477802, 101, 1.0
28365.947295968566, 35, -1.0
28369.204833098745, 154, 1.0
28372.6330572421, 75, -1.0
28377.311588199285, 152, -1.0
28380.09432632208, 101, 1.0
28394.764730640323, 101, -1.0
28396.013912719798, 103, 1.0
28400.13532538557, 35, -1.0
28402.99118148013, 152, -1.0
28403.430032632517, 103, 1.0
28404.615505461363, 103, 1.0
28406.602907382265, 35, -1.0
28406.90848690324, 35, -1.0
28407.36932982875, 35, -1.0
28410.518067316527, 154, 1.0
28424.071535422394, 101, -1.0
28424.135149885336, 101, -1.0
28435.271091990297, 154, 1.0
28437.256035505936, 44, -1.0
28445.094025477745, 101, 1.0
28445.807433576883, 35, -1.0
28448.442280825708, 154, 1.0
28449.17787482052, 103, 1.0
28449.352894666466, 101, -1.0
28451.717291179164, 152, -1.0
28466.16359077002, 101, -1.0
28467.73255942627, 152, -1.0
28469.063687137997, 35, -1.0
28469.743590600465, 35, -1.0
28471.620009520477, 75, -1.0
28475.554654779968, 35, -1.0
28479.768641617564, 154, 1.0
28480.459615341537, 44, -1.0
28485.46766360996, 101, 1.0
28486.994480040466, 35, -1.0
28487.025728123524, 75, -1.0
28489.794776017752, 103, 1.0
28505.801468565158, 101, 1.0
28507.318474389365, 75, 1.0
28511.000232801693, 101, 1.0
28539.35291633092, 35, -1.0
28545.015508433793, 101, 1.0
28549.328618948184, 103, 1.0
28549.74583727606, 101, 1.0
28559.6410090572, 154, 1.0
28560.09728021228, 103, -1.0
28561.588666045347, 101, -1.0
28571.163169404117, 44, -1.0
28573.754694096977, 101, -1.0
28587.60636054171, 101, -1.0
28601.325414401796, 35, -1.0
28609.806030873795, 75, -1.0
28615.46128992838, 152, -1.0
28615.81759949361, 154, 1.0
28619.363261756742, 35, -1.0
28619.97540375619, 101, 1.0
28637.035734815676, 44, -1.0
28644.58863333483, 101, 1.0
28644.724399735827, 154, 1.0
28650.759481943023, 35, -1.0
28662.46550137397, 75, -1.0
28662.51128797707, 148, -1.0
28666.55500909484, 35, -1.0
28670.780939627755, 152, -1.0
28686.935383387383, 154, 1.0
28687.645133818336, 152, 1.0
28697.943505730436, 148, -1.0
28708.470344373123, 35, -1.0
28710.514359915585, 148, -1.0
28713.05694887063, 101, 1.0
28719.878546604017, 103, 1.0
28721.06739045468, 101, 1.0
28740.238379499588, 75, 1.0
28741.01849881452, 103, -1.0
28747.285488705103, 101, 1.0
28749.234466753267, 35, -1.0
28752.811635589453, 101, -1.0
28757.85739760476, 35, -1.0
28757.995209904566, 101, -1.0
28759.597903579248, 154, 1.0
28769.515318641967, 154, 1.0
28771.95621394557, 35, -1.0
28772.74778193724, 152, 1.0
28773.017845239647, 154, 1.0
28779.798601215458, 44, 1.0
28786.373737023496, 101, 1.0
28793.768725755897, 154, 1.0
28806.957211948597, 44, -1.0
28827.411547253607, 75, 1.0
28830.748871420277, 148, -1.0
28837.621776086635, 154, 1.0
28841.822934208292, 103, 1.0
28845.826321515568, 103, 1.0
28849.09040230288, 75, 1.0
28861.360951503175, 75, 1.0
28863.516604449887, 154, 1.0
28868.873743838303, 44, -1.0
28871.27777212292, 103, 1.0
28873.68141941445, 148, -1.0
28878.441606216988, 152, 1.0
28880.41660758891, 44, -1.0
28885.41985861907, 148, -1.0
28888.035649578855, 75, 1.0
28893.883464999024, 75, 1.0
28897.812902729092, 44, -1.0
28898.27582236033, 103, 1.0
28898.6013981238, 35, -1.0
28900.429437613508, 35, -1.0
28903.06542970331, 101, 1.0
28904.366377000242, 35, -1.0
28920.259167367156, 154, 1.0
28924.999424833113, 148, -1.0
28946.834867486974, 35, -1.0
28949.420556323865, 101, -1.0
28966.320159069535, 35, 1.0
28976.97563869092, 154, -1.0
28980.455655577087, 152, -1.0
28994.793745419145, 75, 1.0
29004.449273565748, 35, -1.0
29008.78230328909, 103, -1.0
29022.737842205046, 35, 1.0
29025.92537000003, 103, -1.0
29027.137167973186, 103, 1.0
29029.955931608587, 44, -1.0
29030.97899245651, 35, -1.0
29038.351588082714, 103, 1.0
29047.82493471659, 154, -1.0
29054.910486588287, 44, -1.0
29070.434467529325, 154, 1.0
29076.68018875476, 103, 1.0
29077.149871832808, 75, -1.0
29079.01227283344, 35, -1.0
29080.716634830264, 103, 1.0
29088.861615322476, 148, -1.0
29096.103285373378, 44, -1.0
29098.381862377195, 154, 1.0
29102.534948583787, 152, 1.0
29105.34443680095, 75, 1.0
29116.544360068787, 154, 1.0
29120.239915174203, 75, -1.0
29121.548986008595, 101, 1.0
29129.60827398085, 75, 1.0
29134.39417266617, 101, 1.0
29137.71753446341, 35, -1.0
29139.099478574357, 35, 1.0
29148.16374565749, 44, -1.0
29150.387844576886, 35, -1.0
29153.34028754324, 148, -1.0
29156.42227803644, 152, 1.0
29160.194939749163, 101, 1.0
29162.030455753804, 101, -1.0
29163.86122016892, 75, 1.0
29164.84289140008, 35, -1.0
29165.529765277817, 35, 1.0
29178.135352592184, 154, 1.0
29182.001750152005, 35, -1.0
29182.01630063777, 35, -1.0
29183.29591775123, 101, -1.0
29186.15407815492, 101, -1.0
29188.290226986875, 148, -1.0
29188.68868545934, 75, -1.0
29195.215381743154, 75, 1.0
29198.62261146842, 152, 1.0
29214.712784998123, 152, -1.0
29234.677988739197, 35, -1.0
29254.372461463565, 75, 1.0
29258.032942334383, 35, -1.0
29271.917082791035, 152, 1.0
29272.148545438802, 101, 1.0
29275.683858518045, 35, -1.0
29276.54975309357, 35, -1.0
29281.78055098146, 44, -1.0
29310.127531357568, 44, -1.0
29318.734516244214, 35, -1.0
29322.17183588548, 152, 1.0
29324.556815264245, 148, -1.0
29326.459257425286, 75, 1.0
29328.53387161712, 101, -1.0
29332.19706298263, 101, 1.0
29341.683227717436, 103, 1.0
29346.146920788364, 35, -1.0
29353.402885809814, 152, 1.0
29365.16276273089, 35, -1.0
29367.731858069477, 75, 1.0
29371.835007595186, 35, -1.0
29380.456015522992, 148, -1.0
29394.894038434315, 101, 1.0
29412.520077090845, 44, -1.0
29413.673423081, 148, -1.0
29420.013196325763, 154, -1.0
29428.647157877567, 152, -1.0
29433.450340069685, 152, -1.0
29433.568861642936, 152, -1.0
29434.34890798542, 75, 1.0
29443.383078078867, 44, -1.0
29461.780020916995, 35, -1.0
29462.955883571056, 35, 1.0
29465.937638027703, 35, -1.0
29467.136770393776, 103, 1.0
29479.6205881816, 154, 1.0
29481.97970244998, 152, -1.0
29486.269138272077, 101, -1.0
29490.148997750744, 44, -1.0
29495.410422573477, 152, -1.0
29510.60636778169, 152, -1.0
29512.071452393087, 35, -1.0
29518.004209478848, 103, 1.0
29524.55668233383, 101, 1.0
29526.82263538301, 35, -1.0
29530.774569539182, 154, -1.0
29535.911741914722, 75, 1.0
29553.65494861244, 101, 1.0
29555.11763903695, 152, -1.0
29564.24785718493, 75, 1.0
29566.150776680628, 152, 1.0
29567.435329544973, 75, 1.0
29571.15935375895, 35, 1.0
29587.846298044315, 148, -1.0
29588.104264195368, 152, 1.0
29609.221083563836, 148, -1.0
29610.833590462607, 44, -1.0
29615.548218330427, 35, -1.0
29620.726298049118, 148, -1.0
29622.954659012194, 148, -1.0
29628.284199209924, 35, -1.0
29628.819111776174, 101, -1.0
29632.702051080894, 75, 1.0
29637.306588307834, 101, 1.0
29643.47691633287, 152, -1.0
29644.30287958345, 101, -1.0
29648.697653584637, 103, 1.0
29650.914112990522, 44, -1.0
29657.2700079556, 103, -1.0
29661.146252928113, 101, 1.0
29674.41378946557, 103, 1.0
29683.104408868934, 148, -1.0
29685.151431502603, 35, -1.0
29690.32789783719, 75, 1.0
29694.84993112261, 101, -1.0
29697.465843509242, 101, -1.0
29703.556817527053, 35, 1.0
29708.657621737988, 35, -1.0
29709.84242351945, 75, 1.0
29720.12967138219, 101, -1.0
29720.971552342497, 101, -1.0
29722.29451122013, 154, -1.0
29723.173157334248, 35, -1.0
29725.34575136327, 148, -1.0
29728.721082201686, 35, -1.0
29735.643415918224, 75, 1.0
29750.421434591313, 35, 1.0
29753.910926543373, 154, 1.0
29763.429491114668, 75, 1.0
29765.006892017213, 75, 1.0
29767.144950030302, 101, -1.0
29778.38024707953, 148, 1.0
29780.6847790908, 148, -1.0
29782.1481199492, 148, -1.0
29789.95491582556, 35, -1.0
29790.275380322506, 35, -1.0
29813.92671240744, 35, 1.0
29814.264844122983, 101, -1.0
29822.801945901756, 154, 1.0
29823.371041799106, 101, 1.0
29835.118649022254, 101, -1.0
29858.13792187879, 148, -1.0
29884.78982790259, 44, -1.0
29886.06247771352, 103, -1.0
29896.504938540867, 148, -1.0
29899.580966437432, 103, 1.0
29903.111514440105, 101, -1.0
29904.032753798325, 75, 1.0
29904.78839936134, 148, -1.0
29910.642194003187, 75, -1.0
29912.30172117561, 75, 1.0
29914.33665340791, 35, -1.0
29923.26959656335, 103, -1.0
29924.83347502803, 75, 1.0
29925.305783667, 75, 1.0
29928.083978858675, 103, 1.0
29929.52379660662, 152, -1.0
29940.268543132883, 101, -1.0
29947.97380877316, 101, -1.0
29954.769898371782, 152, -1.0
29959.901018938275, 152, -1.0
29976.477882902713, 44, -1.0
29978.427139206124, 148, -1.0
29985.25231121132, 148, -1.0
29987.25907470831, 148, -1.0
29992.005475883678, 35, -1.0
29995.037403974184, 44, -1.0
29998.274846421493, 44, -1.0
29999.904221525583, 35, -1.0
30002.617289357182, 75, 1.0
30002.80268781899, 154, -1.0
30009.4254004557, 75, 1.0
30011.825345992285, 35, 1.0
30014.40760842145, 75, 1.0
30018.66896921064, 101, 1.0
30027.837428598177, 148, -1.0
30039.96143426067, 154, 1.0
30050.469990506594, 75, 1.0
30053.827285283303, 101, 1.0
30054.145849376033, 35, -1.0
30061.522093635846, 103, 1.0
30065.795139558595, 75, 1.0
30066.10342565455, 35, 1.0
30073.61221203867, 154, 1.0
30079.21273645627, 35, -1.0
30083.071873169836, 75, 1.0
30087.309893124224, 103, 1.0
30089.193385772447, 35, -1.0
30092.1868093835, 35, -1.0
30099.53603293541, 152, -1.0
30101.027462661106, 35, 1.0
30107.83417741389, 35, -1.0
30109.98543610708, 152, -1.0
30110.93535223833, 44, -1.0
30117.251138798023, 103, 1.0
30120.657077089025, 35, -1.0
30121.173851059204, 35, -1.0
30125.10198036403, 154, -1.0
30125.308449258184, 154, 1.0
30126.531503711136, 148, -1.0
30127.943152831354, 75, 1.0
30129.700188998926, 103, 1.0
30133.406763905034, 154, -1.0
30139.409457977665, 35, -1.0
30140.684960848695, 154, -1.0
30148.92139087675, 35, -1.0
30149.853978834217, 154, 1.0
30150.85473029533, 152, 1.0
30157.848663634595, 101, 1.0
30159.680359458893, 103, 1.0
30166.397446302242, 101, 1.0
30167.472666157253, 35, 1.0
30167.504885934424, 148, 1.0
30179.876349740196, 44, 1.0
30180.047912603346, 154, -1.0
30180.4159569095, 103, -1.0
30181.755372703115, 152, -1.0
30184.104711301177, 103, -1.0
30186.24682820604, 44, -1.0
30187.245827111277, 75, 1.0
30188.326438050975, 101, 1.0
30198.787366251567, 101, -1.0
30204.63731260395, 35, 1.0
30205.51162834969, 35, -1.0
30207.21849327829, 75, 1.0
30207.53012472397, 154, -1.0
30216.56313816695, 101, -1.0
30217.178033092434, 101, -1.0
30234.405204171133, 154, 1.0
30236.68481459075, 75, 1.0
30244.075280712073, 154, -1.0
30245.134436082553, 154, -1.0
30256.525073456196, 44, -1.0
30263.466238342986, 35, -1.0
30279.665934108605, 148, -1.0
30295.368316532775, 35, -1.0
30334.79713255468, 152, -1.0
30345.372594036708, 101, -1.0
30348.228131439966, 103, 1.0
30348.67168347975, 148, -1.0
30349.368313571595, 152, -1.0
30369.386689919083, 35, 1.0
30373.585165106622, 148, -1.0
30387.46411089413, 101, 1.0
30397.476639032528, 101, -1.0
30411.13218586439, 148, -1.0
30412.402981159794, 152, -1.0
30412.98381550269, 35, -1.0
30418.806604127065, 103, -1.0
30422.792496625396, 35, -1.0
30430.519457102502, 152, 1.0
30430.52429632883, 35, 1.0
30431.36161987531, 154, -1.0
30434.043727149772, 152, -1.0
30438.43878590024, 35, -1.0
30438.493949534357, 35, -1.0
30461.565360180324, 35, -1.0
30468.352047630597, 148, -1.0
30470.088285076174, 44, -1.0
30472.269127067902, 75, 1.0
30474.638145891542, 35, 1.0
30476.619642704893, 44, 1.0
30478.873478306265, 35, 1.0
30482.91024524444, 154, -1.0
30486.55933821436, 44, -1.0
30488.15998000533, 35, -1.0
30496.751504524545, 148, -1.0
30501.329169806362, 154, -1.0
30503.156762703307, 35, -1.0
30506.76318968829, 75, 1.0
30511.759697838253, 154, 1.0
30514.858544590916, 44, -1.0
30526.584942906087, 44, -1.0
30529.8629583574, 35, 1.0
30537.373669116027, 154, 1.0
30545.03468773793, 101, 1.0
30553.556225704513, 154, -1.0
30559.834746410987, 101, 1.0
30577.075699675373, 152, -1.0
30579.4259307493, 103, -1.0
30582.036217107532, 44, -1.0
30586.825839153218, 35, 1.0
30590.593452956917, 103, 1.0
30600.84487126397, 154, -1.0
30613.17585867192, 148, -1.0
30615.95496220166, 101, -1.0
30617.293389975097, 103, 1.0
30622.049955560884, 148, -1.0
30626.384411795876, 75, 1.0
30628.2737526413, 44, -1.0
30637.901846398447, 152, -1.0
30643.380379643873, 44, -1.0
30645.763984771, 101, 1.0
30651.325842802427, 148, -1.0
30654.857135595976, 152, -1.0
30661.388976720875, 154, 1.0
30663.221364880745, 152, 1.0
30664.28153426289, 103, 1.0
30666.63506441129, 35, 1.0
30667.338334053493, 35, 1.0
30669.750585437687, 44, -1.0
30670.302968137352, 35, 1.0
30673.517753098437, 101, 1.0
30677.238781201893, 148, -1.0
30684.664680476202, 75, 1.0
30691.73558747364, 44, -1.0
30692.05979609112, 148, -1.0
30708.168625362436, 148, -1.0
30726.089304886867, 35, -1.0
30743.827380352184, 154, 1.0
30745.021660698818, 101, 1.0
30746.3045594109, 148, -1.0
30758.84910292669, 101, 1.0
30780.56755502937, 75, 1.0
30796.18017670679, 35, -1.0
30796.9895353881, 148, -1.0
30806.367445395834, 101, 1.0
30810.612686965214, 154, -1.0
30814.113893671933, 152, -1.0
30821.44820255662, 35, 1.0
30824.47505835215, 101, -1.0
30831.454780519012, 44, -1.0
30842.765206289467, 154, 1.0
30844.620076621693, 75, 1.0
30852.11698588979, 154, -1.0
30863.710105884606, 152, 1.0
30869.26999443234, 103, 1.0
30871.183612657012, 101, -1.0
30871.52804699447, 154, -1.0
30873.903481855144, 35, -1.0
30880.51158729193, 101, 1.0
30896.27375118, 44, -1.0
30917.648690733786, 75, 1.0
30918.23576045548, 75, 1.0
30926.66008760555, 152, -1.0
30929.144067154397, 35, -1.0
30936.63542543644, 35, 1.0
30938.842264546005, 103, -1.0
30944.05240262083, 152, -1.0
30946.263411855176, 35, -1.0
30958.360520592927, 101, 1.0
30977.51008780394, 103, -1.0
30985.02647805807, 152, 1.0
30985.308140654302, 154, 1.0
30986.622322025247, 75, 1.0
30987.563374211648, 101, 1.0
30995.76115333193, 75, 1.0
30997.17120248802, 35, -1.0
30997.643791016504, 103, 1.0
30998.355596854293, 148, -1.0
31000.43833082197, 154, -1.0
31002.873801366717, 154, 1.0
31003.97788676171, 35, 1.0
31004.685085798075, 152, 1.0
31007.457469771623, 35, -1.0
31009.591206762383, 154, 1.0
31010.71327794339, 75, 1.0
31013.50122534815, 35, 1.0
31022.039455972677, 35, -1.0
31025.456856591238, 152, 1.0
31027.908216113192, 101, -1.0
31032.823196002468, 148, -1.0
31035.614514061104, 152, -1.0
31038.38048416411, 35, -1.0
31044.170846509776, 148, -1.0
31045.166680839015, 152, -1.0
31056.01326381039, 152, 1.0
31058.035327729085, 101, 1.0
31064.737624656773, 154, 1.0
31066.40468470684, 35, -1.0
31075.505734315935, 35, -1.0
31077.38230303811, 103, 1.0
31077.602501719015, 154, -1.0
31079.557874996714, 35, 1.0
31086.475188037326, 152, -1.0
31088.815270729137, 148, 1.0
31090.210352763464, 148, -1.0
31103.482459380168, 154, 1.0
31105.7876086572, 35, 1.0
31107.9393277142, 75, 1.0
31118.70492773576, 75, 1.0
31119.35935007505, 148, 1.0
31125.233637251335, 103, 1.0
31125.87371973803, 75, 1.0
31130.23929826765, 148, -1.0
31150.488780096566, 152, -1.0
31152.370252850727, 44, -1.0
31152.37108805729, 44, -1.0
31154.177846588253, 101, 1.0
31154.58282271076, 152, -1.0
31159.562167753447, 35, 1.0
31161.397244168817, 101, 1.0
31165.029731716088, 44, -1.0
31168.442816731647, 75, 1.0
31175.98497678016, 44, 1.0
31179.145200096686, 44, -1.0
31185.15388393534, 101, 1.0
31197.800564978865, 101, 1.0
31200.293027599255, 148, -1.0
31206.79913612529, 101, -1.0
31213.98468460815, 148, -1.0
31222.87958076044, 44, -1.0
31229.351265617555, 35, -1.0
31233.276201996345, 35, -1.0
31237.2217434188, 44, -1.0
31239.63744313234, 152, -1.0
31247.051299622948, 148, -1.0
31253.6323604231, 44, 1.0
31255.269424828584, 75, 1.0
31260.92433580228, 148, -1.0
31261.91542187818, 75, 1.0
31267.325063130407, 101, -1.0
31280.969404780357, 148, -1.0
31284.82675499771, 101, 1.0
31291.312669795247, 152, -1.0
31291.537208597452, 35, 1.0
31293.105285520778, 152, 1.0
31294.175831254004, 152, -1.0
31296.534174877263, 75, 1.0
31297.612551045288, 103, -1.0
31301.65894151621, 75, 1.0
31332.476330157668, 148, -1.0
31333.310151692647, 103, 1.0
31336.06857594659, 148, -1.0
31362.799738116646, 75, 1.0
31372.811731670576, 35, -1.0
31375.40847527369, 103, 1.0
31378.074761132688, 35, -1.0
31378.73030337538, 148, -1.0
31405.80535067741, 103, 1.0
31408.95742933627, 44, 1.0
31413.628469875857, 35, -1.0
31416.82984247506, 75, 1.0
31419.89221393857, 152, -1.0
31426.60911075605, 75, 1.0
31426.813105668847, 152, 1.0
31427.040935457848, 75, 1.0
31441.631766843933, 154, 1.0
31441.703151375885, 35, -1.0
31460.502329147854, 154, 1.0
31473.385256885973, 148, -1.0
31482.965131323996, 101, -1.0
31488.352170016726, 103, 1.0
31495.574740456857, 44, -1.0
31498.37649585249, 35, 1.0
31499.283828760057, 101, 1.0
31503.06485867575, 35, -1.0
31508.340232672323, 103, 1.0
31516.893003493882, 35, 1.0
31521.47825971547, 35, -1.0
31522.037797331388, 75, 1.0
31537.38586130906, 152, -1.0
31554.86399192051, 148, -1.0
31558.665502057258, 75, 1.0
31572.94441398743, 75, 1.0
31580.530630689114, 148, -1.0
31600.112247906676, 152, -1.0
31604.955151066795, 148, -1.0
31605.013441311145, 152, 1.0
31605.368547692673, 101, 1.0
31605.72356631793, 152, -1.0
31614.13211387233, 152, -1.0
31620.988071529166, 101, 1.0
31648.291176783052, 101, 1.0
31656.174385950922, 103, 1.0
31658.581713557254, 101, 1.0
31660.171116262325, 152, 1.0
31676.688836365363, 154, -1.0
31685.461692426175, 154, 1.0
31688.480263317368, 103, -1.0
31697.27874019108, 75, 1.0
31700.201978644287, 148, -1.0
31703.124810421963, 154, 1.0
31704.4422758405, 148, -1.0
31704.53954258966, 154, 1.0
31710.81569691049, 75, 1.0
31715.06154543657, 103, -1.0
31717.881299986406, 148, -1.0
31731.74492701953, 35, -1.0
31741.59635333025, 44, -1.0
31743.787339209437, 152, -1.0
31746.158442099073, 103, 1.0
31750.681553591046, 154, 1.0
31756.725568465274, 35, -1.0
31757.937133532374, 35, -1.0
31759.927371093458, 103, 1.0
31769.222558228947, 35, -1.0
31779.414306990235, 101, 1.0
31784.132068668252, 35, 1.0
31784.707477417505, 75, -1.0
31788.285498081656, 152, 1.0
31797.704333951937, 148, -1.0
31802.29804282543, 35, -1.0
31804.870153255055, 152, -1.0
31809.53722129683, 154, -1.0
31821.695651986578, 44, -1.0
31834.23059231682, 148, -1.0
31841.8927423087, 154, -1.0
31843.330366442668, 152, -1.0
31844.558482366752, 154, 1.0
31855.096813679153, 101, -1.0
31869.163439181866, 103, 1.0
31870.238779324205, 101, -1.0
31875.01226896055, 35, -1.0
31876.42941779764, 35, -1.0
31884.34456700675, 35, -1.0
31886.06916792392, 35, 1.0
31894.32841149872, 101, 1.0
31899.600240067848, 152, -1.0
31902.422872190567, 101, -1.0
31904.72443228356, 75, 1.0
31906.480902751005, 35, -1.0
31924.73004220468, 44, -1.0
31943.264756152475, 148, -1.0
31946.02890720572, 101, -1.0
31950.611072315693, 101, 1.0
31962.059436929005, 103, -1.0
31964.509048594606, 75, 1.0
31971.750750140625, 75, 1.0
31972.612604132413, 154, 1.0
31981.267865644386, 101, 1.0
31983.111573887152, 152, 1.0
31985.48051893928, 75, 1.0
31988.17033349288, 154, 1.0
31992.851164577656, 35, -1.0
31996.258411939078, 154, 1.0
32001.174058143006, 35, 1.0
32001.20262077565, 101, 1.0
32002.38363311913, 154, 1.0
32002.398388348414, 75, 1.0
32004.79967457561, 75, 1.0
32007.00272771583, 154, -1.0
32012.187795576905, 75, 1.0
32015.1825145019, 152, -1.0
32018.81836957887, 35, -1.0
32019.492847800568, 154, 1.0
32020.040193597557, 154, 1.0
32021.52498358538, 35, -1.0
32023.11388499042, 101, 1.0
32028.48399767327, 75, -1.0
32029.739733179744, 152, -1.0
32030.45059401326, 101, 1.0
32031.017527531392, 154, -1.0
32044.767030126288, 35, -1.0
32050.045243682518, 35, 1.0
32051.06075042023, 44, -1.0
32057.66320870819, 152, 1.0
32069.324724584774, 75, 1.0
32083.635637944735, 154, -1.0
32089.00484216891, 101, 1.0
32093.510174003753, 35, -1.0
32100.210059667304, 35, -1.0
32102.20381103532, 75, 1.0
32122.589476706686, 101, -1.0
32130.083703497847, 101, 1.0
32133.64789469433, 154, -1.0
32138.829795271264, 75, 1.0
32139.36908183199, 35, -1.0
32140.27435803829, 101, 1.0
32144.62105034194, 148, -1.0
32146.181042594413, 75, -1.0
32160.35309254991, 35, -1.0
32163.009724887164, 148, -1.0
32178.03567344608, 101, 1.0
32192.19057431555, 154, 1.0
32200.979805262195, 154, -1.0
32207.120922315004, 154, 1.0
32232.521527102574, 75, 1.0
32234.641265960297, 103, 1.0
32238.091330953164, 148, -1.0
32239.174422407956, 154, 1.0
32241.230597948437, 148, -1.0
32247.345427385633, 152, -1.0
32260.069441930988, 103, -1.0
32266.66897146651, 148, 1.0
32277.262847032573, 75, 1.0
32291.977271971333, 103, 1.0
32296.013595263543, 75, 1.0
32297.80882853653, 75, 1.0
32306.448469783107, 75, 1.0
32306.564992164596, 75, 1.0
32316.6982619986, 101, 1.0
32318.694605805147, 103, 1.0
32321.617947617346, 75, 1.0
32324.53241935055, 154, 1.0
32329.302775241737, 44, -1.0
32329.385019877205, 103, 1.0
32329.966557841188, 152, -1.0
32330.649117514316, 154, 1.0
32345.12231139824, 101, 1.0
32351.2327124744, 35, -1.0
32354.14465359904, 103, 1.0
32355.146088094014, 101, 1.0
32376.295187558964, 101, -1.0
32382.92604603087, 152, -1.0
32384.018449948322, 75, 1.0
32384.46898802388, 75, 1.0
32387.705358436917, 75, 1.0
32388.825192826647, 75, -1.0
32390.916922578115, 35, -1.0
32399.719763539393, 154, 1.0
32410.89056978757, 44, -1.0
32427.62845799802, 35, 1.0
32429.978923709255, 35, -1.0
32430.15962845783, 75, 1.0
32430.904350252655, 75, 1.0
32432.04159163427, 75, -1.0
32433.46084591157, 101, -1.0
32433.599358229083, 44, -1.0
32435.832521926754, 44, -1.0
32436.1850609822, 101, -1.0
32449.186640839303, 44, -1.0
32451.40719780339, 148, -1.0
32457.841100957507, 44, -1.0
32457.908160016872, 75, -1.0
32459.10829887272, 101, 1.0
32472.19775669147, 152, -1.0
32475.8218836863, 154, -1.0
32483.250211483155, 101, 1.0
32490.709287387403, 44, -1.0
32495.80657195219, 101, -1.0
32496.012953498208, 44, -1.0
32497.771698566376, 35, 1.0
32500.662582458648, 75, 1.0
32501.070285686874, 75, 1.0
32504.805867158026, 101, 1.0
32505.264299405444, 35, -1.0
32506.415703592764, 35, -1.0
32507.656107671788, 148, -1.0
32513.015566164526, 148, -1.0
32514.405189898338, 101, -1.0
32517.444621774925, 35, -1.0
32519.844193501587, 101, -1.0
32531.766275268452, 35, 1.0
32533.26441784032, 44, -1.0
32537.09580518841, 35, -1.0
32541.89082868906, 154, -1.0
32544.327450312678, 75, 1.0
32558.2571918456, 75, 1.0
32563.42032016314, 103, 1.0
32568.085534918824, 75, 1.0
32573.42639817852, 154, 1.0
32576.94860158279, 148, 1.0
32584.963523181665, 103, -1.0
32588.947879144333, 75, 1.0
32589.865090744966, 35, 1.0
32590.90742439052, 148, -1.0
32596.158714855697, 148, -1.0
32600.269957502907, 101, 1.0
32603.140030741073, 148, -1.0
32614.555875210117, 152, 1.0
32626.22277877698, 75, 1.0
32641.73035412056, 154, -1.0
32641.960163756725, 148, 1.0
32645.67051546917, 35, 1.0
32646.397590022752, 148, -1.0
32647.572610853782, 152, 1.0
32647.8049625505, 101, 1.0
32649.39074379577, 154, -1.0
32658.006460268185, 103, 1.0
32670.73709472192, 101, 1.0
32671.3341204169, 101, -1.0
32672.31032236601, 35, -1.0
32673.827768260828, 75, 1.0
32674.15223504197, 103, -1.0
32674.75892649842, 101, 1.0
32678.467453168, 101, -1.0
32684.596950448267, 35, -1.0
32694.96591369251, 101, 1.0
32695.909799423825, 148, 1.0
32696.293034575134, 44, 1.0
32703.90961461249, 148, -1.0
32705.78249750355, 35, -1.0
32706.88845227104, 75, 1.0
32709.25884343618, 75, 1.0
32716.57446171244, 103, 1.0
32729.656030660095, 101, 1.0
32741.408262544544, 35, -1.0
32749.49557339391, 101, 1.0
32751.310361575772, 152, 1.0
32753.439077981642, 44, -1.0
32763.067724838984, 75, 1.0
32763.601358197735, 101, -1.0
32766.703750940967, 35, -1.0
32769.51149251977, 101, -1.0
32770.5330410083, 148, -1.0
32780.348440251306, 101, 1.0
32781.05099364459, 103, 1.0
32785.830872920706, 101, 1.0
32787.66176061997, 154, -1.0
32790.01044646072, 103, 1.0
32791.100638677555, 35, -1.0
32796.7582555113, 75, -1.0
32797.67757857253, 154, 1.0
32802.64600785329, 75, -1.0
32804.53508222067, 101, -1.0
32816.755308595355, 75, -1.0
32819.65485088585, 154, -1.0
32827.45307474247, 35, -1.0
32835.845614157195, 101, 1.0
32839.42418747023, 101, -1.0
32843.16434760818, 152, 1.0
32849.41453479874, 152, -1.0
32850.01987634417, 103, 1.0
32859.457329801095, 35, -1.0
32872.06824011392, 101, 1.0
32878.87670979117, 154, 1.0
32885.35892782018, 35, -1.0
32890.79524627596, 44, -1.0
32891.12333921142, 148, -1.0
32891.98616673807, 101, -1.0
32892.05898363213, 148, 1.0
32897.0404893375, 35, 1.0
32904.38826430464, 101, 1.0
32905.2726453928, 154, 1.0
32908.48896403118, 152, 1.0
32910.77714041223, 154, 1.0
32915.46219614446, 101, -1.0
32921.40901180918, 101, 1.0
32929.77180806492, 152, -1.0
32932.18435775195, 152, 1.0
32940.89415372376, 101, -1.0
32944.269345240704, 101, 1.0
32944.97376930585, 101, -1.0
32946.255111386876, 103, 1.0
32951.51890440801, 75, 1.0
32966.9064476611, 101, -1.0
32967.961089642275, 154, -1.0
32976.05745724734, 154, -1.0
32976.67300066488, 148, -1.0
32981.68480174294, 154, 1.0
32989.002282937, 101, 1.0
32990.81535952106, 154, -1.0
32997.54189282717, 75, -1.0
32998.87427504042, 101, 1.0
32999.2031285342, 35, 1.0
32999.25697739512, 75, 1.0
33002.75121328881, 35, -1.0
33004.09645510686, 154, -1.0
33011.16604949196, 101, 1.0
33022.437941431825, 103, -1.0
33039.557323481415, 75, 1.0
33040.74046311238, 101, 1.0
33041.64893123113, 148, -1.0
33049.90052240367, 75, 1.0
33050.9270796914, 101, 1.0
33052.31721397646, 44, 1.0
33056.399939944735, 44, -1.0
33057.585867399874, 75, 1.0
33066.489191241635, 154, -1.0
33069.59851460036, 103, 1.0
33071.34118442806, 148, 1.0
33072.01080358038, 35, -1.0
33074.758266968805, 35, 1.0
33082.2893279473, 103, 1.0
33082.516491337636, 154, -1.0
33097.333809678195, 44, -1.0
33100.24482757053, 101, -1.0
33104.89866960128, 35, 1.0
33108.77518217032, 101, -1.0
33109.17114660518, 44, -1.0
33114.165343030225, 101, -1.0
33121.52781472945, 152, -1.0
33137.60327074243, 75, 1.0
33139.94123187987, 44, -1.0
33148.58744588787, 148, 1.0
33150.53327090363, 103, 1.0
33150.55163489976, 75, -1.0
33159.53051262571, 75, 1.0
33173.75711472028, 44, -1.0
33177.99829680422, 103, 1.0
33180.27983179908, 101, 1.0
33182.64312156404, 101, 1.0
33182.99133096114, 35, -1.0
33187.27440490091, 101, 1.0
33189.78316463388, 101, -1.0
33192.29985541929, 152, 1.0
33194.05082533008, 148, -1.0
33198.43422921735, 148, -1.0
33199.54618788384, 148, -1.0
33200.29651683491, 154, -1.0
33202.40118340079, 75, -1.0
33213.95637850296, 154, -1.0
33216.072111746456, 44, -1.0
33221.604551176104, 35, -1.0
33223.25210055111, 152, -1.0
33228.931230082926, 152, 1.0
33232.25266458017, 35, 1.0
33240.17546708629, 103, 1.0
33242.032576420715, 154, -1.0
33246.76583676666, 152, -1.0
33248.27108667718, 35, 1.0
33255.76620788714, 101, 1.0
33258.669464652514, 154, 1.0
33267.832332153324, 35, -1.0
33269.958344694605, 101, 1.0
33274.139489697765, 75, -1.0
33276.924192192055, 35, -1.0
33277.792350391865, 44, 1.0
33279.243556360634, 44, -1.0
33283.81207977569, 148, -1.0
33284.39597974756, 35, -1.0
33287.11416398686, 101, 1.0
33289.560568497545, 152, -1.0
33300.611780369945, 35, -1.0
33303.982397322456, 103, 1.0
33304.25305150192, 35, 1.0
33307.837929056375, 75, -1.0
33314.18006523289, 35, 1.0
33323.4356984987, 75, 1.0
33326.77139455635, 35, -1.0
33340.90422221835, 101, 1.0
33346.21251441255, 152, -1.0
33356.74683052073, 152, 1.0
33359.8973217097, 75, 1.0
33363.66281328432, 75, 1.0
33364.97010315594, 44, -1.0
33368.89011376275, 35, -1.0
33371.47832061898, 148, 1.0
33372.982677645414, 154, -1.0
33375.76489324183, 101, -1.0
33377.5551077889, 103, 1.0
33380.680065624474, 154, -1.0
33383.19396422031, 152, -1.0
33391.96202616141, 35, -1.0
33408.25479671467, 101, 1.0
33411.759188699674, 35, -1.0
33428.080698863494, 35, -1.0
33430.91513921699, 75, 1.0
33436.71417743406, 101, -1.0
33445.86269816875, 44, -1.0
33446.09033983423, 148, -1.0
33446.41112049755, 152, -1.0
33446.414177883256, 35, -1.0
33450.303813541854, 101, 1.0
33452.7953308968, 101, 1.0
33455.40125592945, 75, 1.0
33455.69473157919, 152, -1.0
33466.35068304304, 101, -1.0
33468.646800080525, 103, -1.0
33470.91083745462, 35, -1.0
33474.58957096891, 35, -1.0
33479.571221680104, 152, 1.0
33485.65262817866, 35, 1.0
33496.60491910923, 35, 1.0
33496.61277813646, 35, -1.0
33498.71752008204, 35, -1.0
33502.754042558954, 101, 1.0
33508.32043902172, 75, 1.0
33511.01063052954, 35, -1.0
33514.16652041816, 154, 1.0
33514.88362510773, 103, 1.0
33518.889550343374, 35, -1.0
33526.16944063354, 75, 1.0
33530.23922043131, 103, -1.0
33531.713063610696, 75, -1.0
33533.369450645274, 35, -1.0
33534.20132495568, 35, -1.0
33535.19543714671, 101, -1.0
33536.12316122455, 152, 1.0
33539.182455778246, 152, -1.0
33550.248304796594, 154, -1.0
33551.46066324242, 101, 1.0
33552.641307373684, 35, -1.0
33553.1678320651, 101, 1.0
33553.61341367205, 152, 1.0
33557.36309867122, 44, -1.0
33559.06667078043, 75, 1.0
33564.305845377996, 154, 1.0
33566.26934389707, 35, 1.0
33586.13627029784, 152, -1.0
33603.78311669882, 101, 1.0
33608.43185177401, 148, -1.0
33617.11670401951, 35, -1.0
33617.888346516906, 75, 1.0
33621.7033396329, 103, 1.0
33633.64535506319, 75, 1.0
33634.97729735875, 35, -1.0
33636.745192076996, 44, -1.0
33641.09835818181, 103, 1.0
33642.63994683307, 152, 1.0
33644.41997965469, 101, 1.0
33646.107189678354, 103, -1.0
33651.58632329039, 103, 1.0
33656.25781607339, 75, 1.0
33663.43254067568, 101, 1.0
33663.44053723837, 75, -1.0
33664.14610382241, 152, 1.0
33669.456973799344, 75, 1.0
33674.781589774335, 103, 1.0
33675.19573842474, 152, -1.0
33686.61983556907, 35, 1.0
33687.601442014085, 101, -1.0
33690.164460285254, 103, 1.0
33691.864112015835, 75, 1.0
33697.72225669755, 35, -1.0
33701.77187982898, 101, 1.0
33702.76703693929, 154, -1.0
33703.109411371945, 152, 1.0
33716.933230535826, 35, -1.0
33720.27965709819, 101, 1.0
33725.999453798024, 101, 1.0
33726.812293710354, 75, 1.0
33727.08709286071, 154, 1.0
33728.27906388697, 148, 1.0
33730.04828010182, 75, 1.0
33743.71199933015, 101, 1.0
33751.10999686295, 35, -1.0
33752.15679361653, 101, 1.0
33754.79468057585, 103, 1.0
33764.94434989946, 75, 1.0
33775.88055150619, 101, 1.0
33776.0642882001, 148, -1.0
33781.30897754432, 35, -1.0
33782.428528716606, 152, -1.0
33806.28729160709, 101, -1.0
33811.45221575576, 154, 1.0
33813.90496528717, 152, -1.0
33816.039097389956, 35, -1.0
33818.2222419208, 152, 1.0
33820.836194586576, 75, 1.0
33821.25329185636, 148, 1.0
33822.969290514266, 103, 1.0
33823.336766368084, 75, -1.0
33825.60660529223, 101, 1.0
33826.08476540199, 75, 1.0
33829.93775561375, 35, -1.0
33831.32332876004, 35, -1.0
33833.77257906264, 152, -1.0
33835.22744706286, 75, 1.0
33838.970771275366, 35, -1.0
33839.87047494211, 154, -1.0
33841.54086200559, 75, 1.0
33845.12640694057, 44, -1.0
33846.33408688377, 101, 1.0
33851.599830971674, 148, -1.0
33869.38269285375, 35, 1.0
33875.19643578969, 101, 1.0
33876.43119645574, 152, -1.0
33878.43986857662, 75, 1.0
33880.224837819515, 103, 1.0
33881.654282069816, 101, 1.0
33884.94608491378, 103, 1.0
33895.35820430696, 75, -1.0
33906.03711461933, 75, 1.0
33906.16524259092, 44, -1.0
33912.80331667631, 152, -1.0
33916.626015873095, 103, -1.0
33919.69023760984, 75, 1.0
33921.44035606955, 101, 1.0
33923.04815553716, 152, 1.0
33924.46403374635, 101, -1.0
33929.47635906339, 75, 1.0
33932.53442111997, 101, 1.0
33939.80502694194, 44, -1.0
33940.82388005522, 101, 1.0
33942.41980832767, 35, -1.0
33943.3673994623, 101, -1.0
33946.0483187266, 101, -1.0
33950.58540593539, 101, -1.0
33952.33275028055, 44, -1.0
33956.28112328815, 101, 1.0
33960.464236214335, 44, -1.0
33961.49092072125, 148, -1.0
33962.541446377625, 35, -1.0
33964.89980756028, 154, 1.0
33965.84041613831, 103, -1.0
33969.30632511203, 35, -1.0
33971.63103675267, 44, -1.0
33976.71219784374, 35, -1.0
33982.74763626525, 103, 1.0
33986.49175877332, 101, 1.0
33990.4337371053, 35, -1.0
33990.648885243194, 103, 1.0
33992.77947363849, 103, -1.0
34007.041961019706, 101, 1.0
34009.25539968575, 101, 1.0
34015.879325680566, 75, 1.0
34019.177734061, 101, -1.0
34019.81657344679, 103, 1.0
34021.663481236494, 35, -1.0
34028.69710238357, 35, -1.0
34029.496407418716, 152, 1.0
34034.354092069225, 35, 1.0
34038.31084835771, 101, -1.0
34041.52455350444, 44, -1.0
34041.56811171222, 148, -1.0
34046.65172258019, 75, -1.0
34047.20061261157, 101, 1.0
34048.920679726725, 101, 1.0
34050.61636693098, 35, -1.0
34053.443268338546, 44, 1.0
34061.199133768234, 35, 1.0
34061.97783349526, 35, 1.0
34066.805937775374, 148, 1.0
34069.94668689699, 103, -1.0
34069.963410829005, 101, 1.0
34074.1742525784, 75, -1.0
34077.39586005151, 101, 1.0
34086.651011740665, 75, 1.0
34087.89917728285, 103, 1.0
34093.78279460562, 148, -1.0
34096.689431193125, 35, -1.0
34098.72484812869, 75, 1.0
34106.55584284851, 154, -1.0
34111.604831380646, 152, -1.0
34114.906849930856, 101, 1.0
34115.046991912175, 152, -1.0
34116.446254622424, 44, -1.0
34118.71635960549, 75, 1.0
34120.90381993196, 35, -1.0
34140.0970626682, 75, 1.0
34143.038628064154, 75, -1.0
34144.35007654226, 101, 1.0
34146.318164557175, 35, -1.0
34150.80980174997, 75, 1.0
34155.99264898759, 103, 1.0
34157.261737233304, 44, -1.0
34167.56000995814, 44, -1.0
34178.26446461296, 35, -1.0
34188.73415856752, 35, -1.0
34194.04641226059, 101, 1.0
34202.67148901916, 103, 1.0
34214.73163631317, 75, 1.0
34215.28412357101, 35, -1.0
34216.50172783709, 101, 1.0
34221.63889560935, 35, -1.0
34231.46767296403, 44, -1.0
34234.17296917856, 35, -1.0
34236.80310795056, 35, -1.0
34252.17110341004, 148, -1.0
34252.767805767966, 148, 1.0
34254.0122526094, 101, 1.0
34259.627136302675, 35, -1.0
34264.208691398635, 101, 1.0
34264.58313347139, 35, -1.0
34268.653019303754, 154, -1.0
34270.61085895355, 154, -1.0
34273.760802108816, 148, -1.0
34279.7433498793, 103, 1.0
34280.540138382705, 101, -1.0
34283.121370605164, 101, 1.0
34284.75264538719, 35, -1.0
34287.113667157966, 75, -1.0
34291.96254648412, 101, 1.0
34292.08774522535, 154, -1.0
34295.90205771625, 35, -1.0
34300.05972194451, 75, 1.0
34300.34824321359, 103, 1.0
34311.70223674773, 35, -1.0
34314.67521116471, 75, -1.0
34316.29840352057, 101, -1.0
34316.3818405095, 75, -1.0
34318.17531159138, 35, 1.0
34319.720732021735, 101, -1.0
34322.018153864636, 75, -1.0
34322.38033601675, 152, -1.0
34323.00141484671, 101, -1.0
34324.94889050425, 152, -1.0
34325.41084023668, 103, -1.0
34331.09898049189, 154, -1.0
34331.6961621498, 154, -1.0
34339.37071551517, 35, 1.0
34340.73157336661, 75, 1.0
34343.14053706557, 75, -1.0
34364.80292110969, 103, -1.0
34371.43062596276, 75, -1.0
34372.541441979534, 75, 1.0
34373.282608519, 75, 1.0
34374.25311069102, 103, 1.0
34374.346835183984, 101, 1.0
34376.58846579786, 152, -1.0
34377.85934589357, 35, -1.0
34396.6292546261, 101, 1.0
34407.411294788486, 75, 1.0
34410.10768269385, 75, 1.0
34410.822402155354, 101, -1.0
34416.92189970708, 103, -1.0
34434.54582946298, 154, 1.0
34441.70470730923, 75, -1.0
34444.007180870314, 148, 1.0
34446.245999856255, 35, -1.0
34446.74431938582, 101, 1.0
34449.97798838029, 75, 1.0
34452.753941272334, 103, -1.0
34455.09891279352, 101, 1.0
34457.051677456715, 152, 1.0
34458.15715030545, 44, -1.0
34462.97642711759, 44, -1.0
34472.31446345064, 103, 1.0
34477.75638435083, 35, -1.0
34486.25973375596, 35, 1.0
34492.32218314532, 44, -1.0
34495.49089631098, 75, 1.0
34496.51581423304, 75, -1.0
34500.43433307483, 44, -1.0
34502.78016827243, 103, 1.0
34504.03300565237, 152, 1.0
34504.282655765186, 35, -1.0
34505.266524056555, 103, 1.0
34510.72887030771, 154, -1.0
34514.38881629616, 35, -1.0
34518.01598884921, 35, 1.0
34523.237290017416, 101, 1.0
34529.29744353308, 75, 1.0
34535.1330606678, 103, 1.0
34536.44687665066, 101, 1.0
34539.13953231717, 154, -1.0
34565.42188978763, 154, -1.0
34590.190941562156, 75, -1.0
34592.05940053156, 35, 1.0
34592.82397420665, 103, 1.0
34604.29056402384, 35, -1.0
34605.42312047051, 103, -1.0
34607.95365985725, 154, -1.0
34608.74058280869, 152, -1.0
34612.065335093874, 44, -1.0
34616.382480167464, 75, 1.0
34620.01597400306, 103, -1.0
34624.44661683128, 103, 1.0
34628.9552254055, 44, -1.0
34629.82414666021, 75, 1.0
34632.14514043533, 152, 1.0
34636.264382138295, 44, -1.0
34638.92709598332, 148, 1.0
34640.49141180377, 154, -1.0
34640.973464443276, 103, 1.0
34644.119590396906, 103, 1.0
34649.00269650925, 101, -1.0
34653.14764443195, 75, -1.0
34655.0849624189, 101, 1.0
34655.201923137276, 44, 1.0
34655.33577949594, 101, 1.0
34658.51243809868, 35, -1.0
34660.22049171888, 103, -1.0
34664.60727414164, 35, -1.0
34666.95322288186, 75, -1.0
34672.93837455825, 35, -1.0
34674.732667323486, 103, 1.0
34675.48745785032, 75, 1.0
34685.46159071683, 101, 1.0
34688.0662042812, 75, -1.0
34690.10495236353, 101, 1.0
34691.010401663094, 44, 1.0
34692.72527275758, 152, -1.0
34693.53810534836, 44, -1.0
34699.91577803708, 44, 1.0
34701.135622771966, 101, 1.0
34701.64500740466, 101, 1.0
34718.59746853826, 101, 1.0
34719.53962607428, 103, -1.0
34724.68356476833, 148, -1.0
34724.814925328115, 101, 1.0
34725.12872719695, 35, -1.0
34728.66144044821, 101, 1.0
34733.53351308037, 44, -1.0
34734.30297827641, 154, -1.0
34735.45858013484, 148, -1.0
34744.771409353474, 148, -1.0
34747.734441066365, 154, -1.0
34767.14217139994, 75, 1.0
34769.574307913805, 152, 1.0
34772.14666824545, 35, -1.0
34774.45053688158, 152, 1.0
34782.86515724411, 101, -1.0
34785.0531042586, 35, 1.0
34792.94292237792, 35, -1.0
34794.81749650125, 103, 1.0
34799.05973525343, 101, 1.0
34807.07538692292, 101, 1.0
34808.964421643075, 103, 1.0
34809.69493114594, 154, -1.0
34811.199839752415, 35, 1.0
34811.27856852037, 75, -1.0
34814.95409868175, 75, -1.0
34822.77051233161, 35, 1.0
34827.169088303715, 101, -1.0
34828.83622129408, 152, 1.0
34832.1885977305, 101, -1.0
34843.86907369694, 35, -1.0
34853.84116342827, 35, -1.0
34858.28401705225, 35, 1.0
34860.66482605813, 35, -1.0
34863.500762139534, 101, -1.0
34865.957486358566, 101, 1.0
34868.60468172722, 101, -1.0
34874.64514371435, 101, -1.0
34876.043782158355, 152, -1.0
34884.90958416222, 75, -1.0
34888.65991352937, 75, -1.0
34890.74685296055, 154, -1.0
34891.203518951705, 75, -1.0
34896.864562846575, 101, 1.0
34899.5071428782, 103, -1.0
34905.31502717511, 101, 1.0
34907.98818232783, 101, 1.0
34912.059937926184, 44, -1.0
34913.12540864096, 75, -1.0
34913.27263283366, 75, 1.0
34928.115607992615, 75, -1.0
34929.076275634085, 44, 1.0
34933.34536695708, 101, 1.0
34937.03109766839, 35, -1.0
34939.787856226634, 75, -1.0
34939.96378803521, 44, -1.0
34942.11413784124, 101, -1.0
34942.20380148108, 35, -1.0
34951.10183607757, 101, 1.0
34954.161595103375, 152, 1.0
34957.57659758879, 35, 1.0
34960.33481257568, 101, 1.0
34960.41106212675, 101, 1.0
34963.7941623449, 35, 1.0
34975.37787423785, 101, 1.0
34978.094682122995, 75, 1.0
34978.24062556871, 75, -1.0
34983.262967110095, 152, 1.0
34991.50170794764, 103, 1.0
35000.188797450224, 75, -1.0
35006.38712092954, 152, 1.0
35006.58258638426, 44, -1.0
35012.596543968044, 75, 1.0
35013.23105737258, 101, 1.0
35022.35311942955, 103, -1.0
35031.20262043882, 44, -1.0
35054.93826986078, 152, -1.0
35054.95915029396, 35, -1.0
35058.76130382312, 75, 1.0
35067.5320499862, 35, -1.0
35071.81533340257, 103, -1.0
35076.42727492379, 152, 1.0
35078.430259137036, 152, 1.0
35083.43844766617, 148, -1.0
35084.57271580872, 35, -1.0
35085.041120642025, 35, 1.0
35094.15070403469, 148, -1.0
35104.5494865746, 148, 1.0
35104.5596162779, 152, 1.0
35105.76974682408, 152, -1.0
35106.8476227575, 152, 1.0
35112.27474038892, 101, 1.0
35119.59337756702, 154, 1.0
35120.07116830026, 35, 1.0
35123.626318672155, 35, -1.0
35128.92830648002, 101, -1.0
35133.1431288712, 75, 1.0
35136.46459663761, 75, -1.0
35139.07311757184, 152, 1.0
35148.7697225013, 148, -1.0
35158.914268182874, 152, -1.0
35160.52076992133, 101, 1.0
35160.92905888912, 103, 1.0
35170.85687697056, 152, 1.0
35172.528175319865, 75, 1.0
35177.483426145736, 103, -1.0
35178.81167906277, 103, -1.0
35192.21808054909, 75, -1.0
35195.5619442007, 75, 1.0
35200.465505147, 154, 1.0
35201.647222242595, 103, 1.0
35203.11782949798, 148, 1.0
35205.3602718242, 152, -1.0
35219.77404092719, 35, 1.0
35220.14589197803, 101, 1.0
35221.91917437267, 44, 1.0
35226.63328177887, 75, -1.0
35236.50802324937, 35, -1.0
35246.42498572531, 101, 1.0
35252.06251047208, 101, -1.0
35254.25871005649, 101, 1.0
35256.213219154415, 101, -1.0
35256.29408926034, 101, 1.0
35263.60613822255, 75, -1.0
35271.637508423286, 35, 1.0
35272.09060043751, 152, 1.0
35274.12820172481, 103, 1.0
35280.225991575484, 154, -1.0
35284.82856217176, 35, -1.0
35287.86730754707, 103, 1.0
35293.67602101974, 35, -1.0
35304.07239825517, 75, -1.0
35307.58133365433, 35, -1.0
35314.685318491756, 35, -1.0
35319.04336849799, 101, -1.0
35331.866254613386, 44, -1.0
35333.005657456546, 148, 1.0
35345.429326886806, 75, -1.0
35353.327307045336, 101, -1.0
35354.14646457309, 35, -1.0
35360.88376425273, 103, 1.0
35364.77887159152, 35, -1.0
35366.82722440891, 35, 1.0
35367.45754149649, 154, 1.0
35368.3913007931, 75, -1.0
35370.2182750318, 101, -1.0
35377.12605054135, 75, -1.0
35378.15613057128, 101, 1.0
35386.507508398245, 103, 1.0
35387.68068205744, 152, 1.0
35394.03463987158, 152, -1.0
35398.65142274479, 75, 1.0
35401.91079772668, 101, 1.0
35402.10791332634, 101, 1.0
35409.54363688884, 75, 1.0
35414.15634091966, 154, -1.0
35416.32548960735, 101, -1.0
35418.351885322794, 154, 1.0
35420.52753208083, 35, -1.0
35427.714127220206, 44, 1.0
35432.48844824519, 148, -1.0
35438.613397349756, 35, -1.0
35439.7717543538, 152, -1.0
35441.964521449474, 35, -1.0
35444.942328255805, 152, 1.0
35445.88804256554, 148, -1.0
35446.44117908553, 103, -1.0
35451.430730037726, 35, -1.0
35455.14381742541, 154, -1.0
35455.16262377949, 103, 1.0
35460.51518416206, 103, 1.0
35461.58659191628, 75, 1.0
35461.91249094395, 35, 1.0
35466.90869508966, 101, 1.0
35467.248761173745, 44, 1.0
35469.36656853982, 35, -1.0
35483.062367022656, 75, -1.0
35486.21791180316, 75, 1.0
35490.76215242973, 35, 1.0
35491.817867599246, 35, -1.0
35493.1905590552, 35, -1.0
35493.19530123258, 75, -1.0
35496.92058178192, 35, -1.0
35497.492842311396, 44, 1.0
35506.44606688738, 152, -1.0
35509.07501533341, 152, 1.0
35509.95184795008, 35, -1.0
35514.60476101025, 35, 1.0
35523.04816255657, 101, 1.0
35530.87200448079, 152, 1.0
35538.83385253181, 101, 1.0
35540.12232682841, 44, -1.0
35540.896609921445, 103, -1.0
35543.79908168299, 35, -1.0
35547.312275717326, 101, 1.0
35550.211822238736, 101, 1.0
35554.18809385356, 101, 1.0
35569.06704399738, 101, 1.0
35585.02549727465, 152, -1.0
35585.89432642247, 35, -1.0
35586.9247974966, 35, -1.0
35593.08676112332, 35, 1.0
35593.32347951794, 103, -1.0
35597.362995352676, 35, 1.0
35601.96758245742, 101, 1.0
35606.766412606514, 152, -1.0
35608.78294637887, 101, 1.0
35613.0176873585, 35, 1.0
35616.47993921469, 75, -1.0
35620.62322980184, 148, 1.0
35627.141793311646, 101, -1.0
35636.58581809008, 75, -1.0
35646.56368896885, 152, -1.0
35646.858125020335, 75, 1.0
35647.75706215478, 103, -1.0
35648.42004346307, 101, 1.0
35651.38255290826, 101, 1.0
35652.8883426275, 148, -1.0
35656.3280487315, 35, 1.0
35661.50641840859, 35, 1.0
35663.43447540837, 152, 1.0
35664.83994256371, 75, 1.0
35681.93083827039, 152, 1.0
35684.448210620285, 35, 1.0
35686.564427451056, 103, 1.0
35687.478368070435, 103, 1.0
35687.8383195801, 154, 1.0
35690.61629389614, 35, 1.0
35702.28093587988, 101, 1.0
35704.6886205693, 101, 1.0
35707.60538037991, 35, 1.0
35711.860047772454, 154, 1.0
35713.75363380123, 35, -1.0
35716.018940436654, 148, 1.0
35719.39165882994, 152, 1.0
35719.62464160862, 154, 1.0
35721.46453752736, 148, 1.0
35733.24224420174, 101, -1.0
35733.539396398315, 103, 1.0
35736.51891813847, 35, -1.0
35739.36030871409, 154, -1.0
35747.29525005359, 152, 1.0
35749.46137467558, 101, 1.0
35763.203784075675, 35, -1.0
35765.86761939277, 35, -1.0
35766.05181604066, 154, -1.0
35775.84861139162, 75, -1.0
35781.20551445326, 101, -1.0
35782.19432518607, 75, 1.0
35783.145129585806, 154, -1.0
35788.517068448135, 75, 1.0
35797.21039178336, 101, 1.0
35803.23761043487, 103, -1.0
35806.31054509696, 101, 1.0
35809.72803049321, 75, 1.0
35816.07871443567, 75, 1.0
35816.68417533013, 152, 1.0
35820.780316173805, 148, 1.0
35823.349438421414, 103, 1.0
35823.988770869066, 101, 1.0
35829.7811347002, 101, 1.0
35839.24865651114, 35, -1.0
35840.1535905904, 75, 1.0
35845.06849819801, 75, 1.0
35845.25773358175, 152, -1.0
35850.74160723656, 152, -1.0
35856.32728226445, 101, -1.0
35859.078311434976, 154, -1.0
35862.530848051996, 101, 1.0
35865.783222913444, 103, -1.0
35873.776772485304, 101, 1.0
35877.919286687, 154, -1.0
35878.52265479291, 75, 1.0
35886.05252974419, 101, -1.0
35888.99930659183, 103, 1.0
35889.84197640209, 103, 1.0
35889.91235364091, 101, -1.0
35891.05070801522, 103, 1.0
35897.92650368218, 148, -1.0
35898.802442752385, 152, 1.0
35907.67066911844, 35, -1.0
35908.798821121636, 44, -1.0
35914.4373672285, 75, 1.0
35917.80050822015, 101, 1.0
35921.31706769201, 103, 1.0
35927.10410330868, 103, -1.0
35927.68817157281, 75, 1.0
35927.73467387647, 101, 1.0
35930.57936470886, 75, 1.0
35931.69539501086, 103, 1.0
35931.86040916591, 101, -1.0
35942.810217816565, 75, -1.0
35956.80990738128, 152, -1.0
35957.047294669006, 154, 1.0
35962.536506308534, 103, 1.0
35966.921851738094, 152, 1.0
35975.40145183601, 35, -1.0
35980.28531454368, 103, 1.0
35993.61667098635, 35, 1.0
35995.66735689161, 152, -1.0
35997.29311664211, 101, -1.0
36002.757259785285, 75, -1.0
36004.93812753617, 101, -1.0
36015.209318824716, 101, 1.0
36020.8410012673, 152, -1.0
36021.72268813437, 35, -1.0
36022.47137847534, 101, -1.0
36024.092195479985, 103, 1.0
36029.74817842356, 101, -1.0
36030.40824552998, 154, -1.0
36034.68260771732, 75, 1.0
36046.68788238476, 103, 1.0
36048.41806411792, 75, -1.0
36057.52713423973, 103, 1.0
36061.433453577636, 148, -1.0
36062.10242266812, 35, -1.0
36068.417333899146, 148, -1.0
36070.72957719288, 103, 1.0
36074.96283038684, 152, 1.0
36084.74287070113, 44, -1.0
36087.10250955179, 75, 1.0
36092.25596335087, 75, -1.0
36096.80865953448, 35, 1.0
36098.60457736251, 75, -1.0
36101.815497930045, 35, 1.0
36109.52368886461, 154, 1.0
36112.24091920699, 148, 1.0
36113.35727294923, 154, 1.0
36114.88143759982, 75, -1.0
36118.20485687905, 75, 1.0
36121.70623653498, 152, 1.0
36123.030014694814, 103, 1.0
36125.378644438024, 154, 1.0
36132.54692219345, 103, 1.0
36133.88155830145, 148, -1.0
36134.0015610052, 101, 1.0
36140.23243577667, 75, -1.0
36140.90926205052, 35, -1.0
36143.00116977996, 35, -1.0
36148.01820700642, 35, -1.0
36149.69746317007, 101, 1.0
36156.5904831564, 75, -1.0
36158.68718060543, 103, 1.0
36163.01982615129, 35, 1.0
36163.77543855584, 154, -1.0
36164.48432624016, 154, -1.0
36170.632533441654, 154, -1.0
36174.29131842544, 103, -1.0
36190.0689046997, 75, -1.0
36190.751144921975, 101, 1.0
36192.91599865524, 148, 1.0
36212.3905524963, 152, -1.0
36220.33129517098, 103, 1.0
36222.490807705966, 154, -1.0
36227.115861247126, 101, -1.0
36231.39311464264, 152, -1.0
36233.50978235362, 154, -1.0
36239.348968826016, 101, -1.0
36242.291939944495, 148, -1.0
36245.72227413177, 154, 1.0
36245.953926572765, 75, -1.0
36250.81410300658, 103, -1.0
36256.58675382046, 44, -1.0
36258.481218245215, 75, 1.0
36259.21263792821, 35, -1.0
36261.365440346875, 101, 1.0
36264.33007718199, 101, 1.0
36283.561244433804, 101, 1.0
36283.691859085375, 35, 1.0
36287.73858405292, 101, 1.0
36289.43590264948, 154, 1.0
36290.28782820106, 148, -1.0
36297.0739678914, 75, -1.0
36302.72304445129, 154, -1.0
36304.73719518412, 103, -1.0
36305.13658570741, 35, -1.0
36308.0346465689, 148, -1.0
36310.70183145709, 103, -1.0
36319.41772654758, 154, 1.0
36326.37944696197, 35, -1.0
36327.445615751334, 103, -1.0
36329.65389335248, 101, -1.0
36336.95957145844, 35, -1.0
36349.052343373696, 148, -1.0
36354.652686216614, 75, 1.0
36356.35735564391, 101, 1.0
36358.400785427344, 103, 1.0
36365.01354670163, 154, -1.0
36366.40712701303, 103, 1.0
36370.376320547344, 101, 1.0
36373.22453220194, 35, -1.0
36386.4780912673, 103, 1.0
36388.30689553536, 35, -1.0
36390.23533539459, 35, -1.0
36390.85125399967, 101, -1.0
36390.87423688552, 101, 1.0
36392.425095533996, 101, 1.0
36393.34096683705, 75, -1.0
36401.47269464909, 101, -1.0
36406.12405917955, 103, 1.0
36408.45041404819, 152, -1.0
36410.86891645099, 75, -1.0
36417.0731862188, 148, -1.0
36429.01123543396, 35, 1.0
36431.16345115911, 75, 1.0
36435.567080072855, 35, -1.0
36438.463865883976, 101, -1.0
36442.56245079269, 75, 1.0
36450.400895049446, 101, 1.0
36460.19738726637, 148, -1.0
36463.87761733847, 101, 1.0
36465.038625832305, 101, -1.0
36467.55193621747, 154, -1.0
36467.76565608881, 154, -1.0
36477.30379737055, 75, 1.0
36479.88000367764, 44, -1.0
36481.890670571396, 148, -1.0
36488.49683627426, 44, -1.0
36500.17455184707, 75, 1.0
36506.856507030134, 75, -1.0
36510.44018455502, 75, -1.0
36513.88288641342, 75, -1.0
36520.23160006913, 152, -1.0
36522.42008593724, 75, 1.0
36523.06646385384, 75, -1.0
36526.3471367548, 154, -1.0
36532.29155307341, 44, -1.0
36532.709459294725, 103, -1.0
36537.0334045802, 152, -1.0
36538.32351446468, 101, 1.0
36539.014419293824, 154, -1.0
36541.65580591143, 75, -1.0
36544.799622373124, 154, 1.0
36546.20475485388, 152, -1.0
36547.860112888244, 103, -1.0
36551.88970405898, 103, 1.0
36553.69252995379, 44, -1.0
36555.97990022848, 152, -1.0
36556.95221553934, 75, 1.0
36568.88673050784, 152, -1.0
36573.208840805324, 35, -1.0
36578.447823098184, 152, 1.0
36584.941004565015, 75, 1.0
36585.58411810344, 101, -1.0
36587.08193269616, 35, -1.0
36587.83157733448, 75, -1.0
36592.992916971976, 148, 1.0
36601.62688095448, 154, -1.0
36602.199381743754, 148, -1.0
36612.33234725401, 44, -1.0
36619.600156718996, 101, 1.0
36632.49346163231, 152, -1.0
36636.2143929816, 75, 1.0
36638.267388608, 152, -1.0
36640.54695495927, 103, 1.0
36644.98742448527, 148, -1.0
36649.42026374975, 44, -1.0
36654.65310368999, 148, -1.0
36656.2378205503, 35, 1.0
36658.12671148789, 75, -1.0
36663.881904310925, 103, 1.0
36673.24281422722, 148, -1.0
36673.811537033056, 35, -1.0
36676.35029049243, 75, -1.0
36681.66686380097, 44, -1.0
36689.230537962096, 152, -1.0
36705.8086515235, 75, 1.0
36714.707170525246, 75, -1.0
36723.65785028332, 101, -1.0
36726.04971336123, 101, 1.0
36726.13527510539, 44, -1.0
36730.68194592143, 35, -1.0
36731.53139757877, 152, -1.0
36733.92248190247, 35, -1.0
36734.95747506127, 101, -1.0
36737.68566598826, 152, 1.0
36737.84372847905, 44, -1.0
36741.879834169, 35, -1.0
36743.724303010466, 152, -1.0
36753.00329383276, 148, -1.0
36763.629100662176, 101, -1.0
36770.59982278928, 75, -1.0
36776.174334985466, 35, -1.0
36778.35820381061, 35, 1.0
36790.381135255, 103, -1.0
36799.364371984484, 152, 1.0
36808.24257327999, 35, -1.0
36811.264064022114, 154, -1.0
36815.604172734995, 154, 1.0
36819.13578861726, 152, -1.0
36826.7868881558, 75, -1.0
36827.25043354773, 154, -1.0
36829.695846949486, 148, 1.0
36833.53670667992, 103, -1.0
36835.53172011296, 152, -1.0
36842.10709030539, 101, -1.0
36843.43537870003, 75, 1.0
36847.206984575096, 148, 1.0
36849.32502428447, 75, 1.0
36855.98794776237, 35, 1.0
36861.550235200135, 75, 1.0
36867.45739691857, 35, -1.0
36869.110784618555, 101, -1.0
36874.89799638015, 148, -1.0
36878.26964485927, 152, -1.0
36878.95917341544, 154, -1.0
36885.791548027875, 103, 1.0
36894.3784037174, 101, -1.0
36901.43556115549, 152, -1.0
36902.750478977985, 35, -1.0
36905.99283100657, 101, -1.0
36907.33153644083, 101, 1.0
36908.426364811654, 101, -1.0
36909.64036299501, 75, 1.0
36910.70888611766, 152, -1.0
36917.90390649522, 75, 1.0
36918.1665393876, 148, -1.0
36919.0764058508, 101, 1.0
36920.854563953224, 101, -1.0
36921.71893423053, 152, 1.0
36926.30366705368, 75, -1.0
36930.57989806904, 154, -1.0
36931.3888962814, 35, 1.0
36949.94463826393, 154, 1.0
36960.964108781714, 101, -1.0
36963.2682572587, 101, 1.0
36972.34620010377, 101, -1.0
36979.6319417072, 75, -1.0
36982.390688696134, 75, 1.0
36986.977396711, 75, 1.0
36988.689315059244, 75, -1.0
36989.725874365016, 154, 1.0
36990.434871542886, 75, -1.0
36996.57097515905, 148, -1.0
36997.22718641356, 75, 1.0
36998.898120715145, 103, -1.0
37000.41173938729, 35, -1.0
37003.3657685363, 148, 1.0
37010.41038023917, 35, -1.0
37016.24297771688, 103, 1.0
37028.10327831605, 152, -1.0
37028.62850204054, 101, 1.0
37032.38068301011, 154, -1.0
37038.276124322336, 103, -1.0
37048.54381363855, 152, -1.0
37051.38903239548, 35, -1.0
37051.927223030114, 103, 1.0
37056.048725109824, 75, -1.0
37059.40140626503, 75, 1.0
37062.029559316616, 152, 1.0
37063.94575197786, 103, 1.0
37069.23116330109, 101, -1.0
37074.5668047607, 75, 1.0
37080.50011839271, 35, 1.0
37090.78853303965, 103, 1.0
37090.84309145976, 152, 1.0
37093.75514248635, 35, -1.0
37093.93276789397, 154, -1.0
37102.61973228886, 44, -1.0
37104.00079337446, 75, 1.0
37107.93174870394, 35, 1.0
37110.20122250176, 148, -1.0
37111.31981072786, 103, 1.0
37117.88198707128, 154, -1.0
37120.05654529306, 101, -1.0
37120.43159719932, 154, -1.0
37121.63249924534, 152, -1.0
37123.929400706904, 35, 1.0
37135.00547894246, 35, 1.0
37145.943225363604, 152, 1.0
37148.12525496923, 154, -1.0
37150.55879795089, 75, 1.0
37156.04553002566, 75, -1.0
37156.819707271075, 152, 1.0
37174.10839428576, 35, 1.0
37189.60516687982, 101, 1.0
37196.76385015549, 152, 1.0
37199.94437773748, 103, 1.0
37200.569091015816, 75, -1.0
37200.947416259754, 35, -1.0
37208.77195817861, 148, -1.0
37216.42763611975, 75, -1.0
37216.976221505356, 154, -1.0
37219.42052259438, 148, -1.0
37226.97758372689, 75, 1.0
37231.71884231499, 148, -1.0
37239.80414359875, 154, 1.0
37242.17922723747, 101, -1.0
37242.35678720695, 152, -1.0
37243.96666366776, 35, -1.0
37247.859707185366, 75, -1.0
37250.107798686855, 44, -1.0
37255.13151003218, 154, 1.0
37258.20942847357, 75, -1.0
37260.18028626226, 154, -1.0
37265.29921382615, 154, 1.0
37272.00790810546, 44, -1.0
37272.98459731235, 35, -1.0
37279.06617884072, 103, 1.0
37281.26285969144, 101, 1.0
37284.55398896783, 154, 1.0
37285.30639796158, 75, 1.0
37286.2318908086, 101, 1.0
37289.887767737, 148, -1.0
37290.20690676175, 101, -1.0
37296.77426107377, 103, 1.0
37301.49053500209, 75, -1.0
37302.62333575151, 75, 1.0
37305.132981660616, 152, -1.0
37308.99089157574, 75, -1.0
37310.71684372381, 154, -1.0
37316.98591255301, 75, 1.0
37320.49645325165, 75, 1.0
37321.352854509874, 148, 1.0
37322.81477177435, 101, -1.0
37325.353453172465, 152, -1.0
37326.564603115345, 35, -1.0
37327.23089530823, 101, -1.0
37334.50523414168, 44, -1.0
37334.90513406313, 148, -1.0
37335.12014087337, 101, 1.0
37338.286976785625, 75, 1.0
37339.97370602717, 103, -1.0
37340.21415777541, 103, 1.0
37344.7857727844, 75, 1.0
37345.596227624585, 44, -1.0
37356.45523104367, 35, -1.0
37364.23964158006, 154, 1.0
37371.90341937828, 75, -1.0
37373.292570158046, 154, 1.0
37381.34389779694, 152, 1.0
37382.03433868995, 152, -1.0
37382.25234434958, 154, -1.0
37384.6246202173, 35, 1.0
37386.69837976278, 35, -1.0
37395.47611606291, 152, -1.0
37395.74150843834, 44, -1.0
37396.7611178534, 75, -1.0
37396.83488691502, 154, -1.0
37400.81243758551, 154, -1.0
37409.985979673795, 148, -1.0
37417.24099135645, 154, -1.0
37426.564642540194, 44, -1.0
37437.43671966236, 154, 1.0
37442.16061540335, 44, -1.0
37448.37521959184, 44, -1.0
37448.6520098766, 44, -1.0
37451.50006763255, 101, -1.0
37454.79874608167, 75, -1.0
37461.36303262274, 103, -1.0
37470.87588909784, 103, 1.0
37471.06000614159, 75, -1.0
37480.94511756392, 75, -1.0
37488.26744702507, 44, -1.0
37490.27774063568, 148, -1.0
37497.396426318315, 75, 1.0
37504.65790203538, 152, 1.0
37506.11101554714, 101, 1.0
37531.1681444564, 152, -1.0
37532.38581610741, 35, -1.0
37540.381456093004, 152, -1.0
37550.56526441933, 154, -1.0
37554.00710340067, 75, -1.0
37558.705520328884, 154, -1.0
37560.38406625513, 148, -1.0
37563.090794045616, 44, -1.0
37572.00479405603, 101, -1.0
37580.80022812553, 152, -1.0
37584.539385401455, 103, 1.0
37589.51349545314, 75, 1.0
37602.73367841769, 75, 1.0
37608.538308962445, 148, -1.0
37616.19895590391, 44, -1.0
37617.25787239541, 101, -1.0
37618.65570684798, 75, 1.0
37625.492394192865, 35, -1.0
37629.472018915396, 154, -1.0
37630.330665346366, 35, -1.0
37631.60062407174, 35, 1.0
37636.87410710173, 103, 1.0
37638.23379830574, 35, 1.0
37638.36400218353, 103, 1.0
37638.41596099016, 75, -1.0
37639.929502785184, 101, -1.0
37640.434180718745, 75, 1.0
37644.16009265213, 75, 1.0
37645.69500902801, 103, -1.0
37650.1786808085, 75, 1.0
37651.22333247081, 152, -1.0
37657.56167878176, 35, -1.0
37667.33252217634, 35, 1.0
37670.860071747586, 152, -1.0
37674.55565350074, 103, -1.0
37681.08800639975, 101, 1.0
37681.13877662634, 152, 1.0
37688.0815460864, 152, -1.0
37699.03819316252, 152, 1.0
37699.339576480364, 103, -1.0
37705.59418466282, 44, -1.0
37709.68874665252, 152, 1.0
37711.66101692335, 103, 1.0
37713.042584115086, 44, -1.0
37736.61852394426, 35, 1.0
37737.83489430713, 148, -1.0
37740.378275088675, 75, 1.0
37745.21038810549, 103, 1.0
37747.59321641525, 152, -1.0
37747.66812491019, 101, -1.0
37748.88096691097, 103, 1.0
37749.977044935826, 154, 1.0
37751.698027142804, 103, 1.0
37755.282410693704, 148, -1.0
37762.33209323013, 75, 1.0
37764.9237922625, 75, -1.0
37766.88046562312, 75, 1.0
37769.61382594316, 152, 1.0
37771.04245397398, 154, 1.0
37771.34897328715, 101, 1.0
37790.17216494012, 35, -1.0
37792.25287383712, 154, 1.0
37800.26998468417, 148, 1.0
37800.860258971814, 35, -1.0
37809.81515787239, 101, -1.0
37811.98767560032, 35, -1.0
37817.51259946926, 103, 1.0
37822.10328871137, 75, 1.0
37825.630182965215, 44, -1.0
37827.47003816401, 75, 1.0
37829.21664250888, 75, -1.0
37834.48502281912, 75, -1.0
37839.58144151916, 154, 1.0
37852.68740695638, 152, -1.0
37860.70370688138, 148, -1.0
37861.51043667649, 75, 1.0
37862.175584277335, 75, 1.0
37863.414730718694, 101, -1.0
37863.74514596918, 44, -1.0
37866.60669589005, 75, 1.0
37879.88353640487, 148, 1.0
37888.055915100565, 75, -1.0
37888.42194601181, 152, -1.0
37888.45535628974, 35, 1.0
37888.983305521375, 101, -1.0
37894.51061979811, 75, -1.0
37899.02785949909, 44, -1.0
37901.12603887837, 103, -1.0
37911.04159176477, 152, -1.0
37915.7215662049, 103, 1.0
37931.02941728541, 148, -1.0
37934.195347195455, 148, -1.0
37935.262840559546, 154, 1.0
37947.925493785166, 35, -1.0
37948.46943904606, 103, -1.0
37950.67371825167, 75, -1.0
37951.5026966962, 152, 1.0
37958.61498259629, 35, 1.0
37962.264794728464, 35, -1.0
37967.78186248151, 75, 1.0
37968.402608727985, 152, -1.0
37972.10891114599, 152, 1.0
37978.64100732653, 75, -1.0
37986.34684122444, 101, -1.0
37987.050533990936, 35, -1.0
37987.13583655649, 103, 1.0
37988.56014528193, 154, 1.0
37999.17399019757, 152, -1.0
37999.36433386867, 35, -1.0
37999.953957414014, 148, -1.0
38003.9559231421, 75, -1.0
38004.49351473209, 75, -1.0
38006.14910561272, 75, -1.0
38009.270169875424, 154, -1.0
38016.46043289606, 154, -1.0
38020.463495035016, 101, -1.0
38022.501897475726, 35, -1.0
38024.58076514939, 44, -1.0
38025.65637508387, 152, -1.0
38032.757932614084, 35, -1.0
38035.80052474081, 148, 1.0
38044.628464029156, 101, 1.0
38056.42986297527, 35, -1.0
38056.48513522411, 154, -1.0
38064.324033376295, 101, 1.0
38069.849343820104, 75, -1.0
38070.80172127605, 44, -1.0
38077.41437797349, 152, -1.0
38080.042066449816, 44, -1.0
38080.83850546176, 101, -1.0
38082.20205697531, 154, 1.0
38085.151634453156, 103, -1.0
38087.83552647084, 101, -1.0
38096.70556985015, 35, -1.0
38098.835946526815, 101, -1.0
38101.608035878984, 103, 1.0
38113.78757560587, 152, -1.0
38132.48583998617, 152, -1.0
38134.18241796966, 101, 1.0
38136.38666166224, 148, -1.0
38137.597974209646, 154, 1.0
38144.473446752316, 75, 1.0
38144.48735206178, 44, -1.0
38156.616856108594, 44, -1.0
38170.66913959312, 75, 1.0
38171.793627482, 75, -1.0
38179.92378013107, 101, -1.0
38181.999205483924, 35, -1.0
38186.954525576075, 103, -1.0
38192.38593461455, 152, -1.0
38194.61093943368, 75, -1.0
38197.444163763255, 101, 1.0
38198.56245188444, 154, 1.0
38200.13939680619, 75, -1.0
38200.990786853654, 152, 1.0
38204.5284490005, 148, -1.0
38207.08411224128, 154, -1.0
38213.13791886842, 152, -1.0
38215.78674250362, 148, -1.0
38216.81753387355, 101, -1.0
38226.33910940597, 75, -1.0
38227.00997571782, 103, 1.0
38227.89288027246, 44, -1.0
38233.41055340747, 101, 1.0
38233.6854905646, 35, -1.0
38241.78276657256, 35, -1.0
38244.652714405805, 152, -1.0
38263.022794808516, 35, -1.0
38269.45874607998, 35, -1.0
38273.690867449855, 44, -1.0
38280.270771957024, 35, -1.0
38283.3273098572, 148, -1.0
38284.64163821052, 101, -1.0
38294.36959339935, 35, 1.0
38296.02695988339, 152, -1.0
38312.205530418, 152, 1.0
38312.79483916721, 103, 1.0
38314.64471251123, 75, 1.0
38323.37937911297, 75, -1.0
38330.93818964091, 148, -1.0
38334.646977584685, 75, 1.0
38335.50802177534, 152, 1.0
38336.90013521176, 44, -1.0
38346.26509744693, 152, -1.0
38354.73040163083, 103, 1.0
38358.06078441016, 152, -1.0
38360.18656995219, 152, -1.0
38365.02132614409, 154, 1.0
38372.46661198909, 152, -1.0
38372.730306905636, 75, -1.0
38379.40192530935, 103, 1.0
38390.91340561903, 44, -1.0
38400.798112353514, 154, -1.0
38405.200173559235, 103, 1.0
38405.75458005027, 44, -1.0
38415.970697076074, 148, -1.0
38421.236180866385, 152, -1.0
38423.17399088439, 101, 1.0
38425.031110658245, 103, 1.0
38426.17770344282, 148, -1.0
38430.31137600605, 103, 1.0
38431.28374179079, 148, 1.0
38433.836715077196, 152, -1.0
38441.829257953075, 75, -1.0
38456.143875365604, 75, 1.0
38456.70901049106, 154, 1.0
38467.90815091804, 148, -1.0
38478.46727504251, 148, -1.0
38478.617406738216, 35, -1.0
38478.774596386604, 148, 1.0
38488.007230059186, 148, -1.0
38490.2888665189, 148, -1.0
38491.058928143015, 152, -1.0
38494.082627508185, 75, -1.0
38494.33070577503, 152, 1.0
38499.94716457137, 75, -1.0
38516.88614005323, 148, -1.0
38517.357691342426, 75, 1.0
38522.83095805323, 152, 1.0
38527.9609986492, 148, -1.0
38528.50205092831, 148, -1.0
38529.8830412013, 101, -1.0
38540.244143430005, 101, -1.0
38541.5394955857, 75, -1.0
38554.60571568955, 152, 1.0
38555.38835505587, 101, 1.0
38557.93476046211, 35, 1.0
38559.660470557275, 75, -1.0
38559.820722738325, 35, 1.0
38561.12611938257, 35, -1.0
38570.52872320443, 148, 1.0
38571.614799912604, 148, -1.0
38573.89027183329, 75, -1.0
38575.004610261225, 35, 1.0
38589.81052503788, 103, -1.0
38593.83541659379, 103, -1.0
38594.07831787636, 35, -1.0
38595.01874675778, 35, -1.0
38599.607360188646, 103, 1.0
38602.35867506939, 35, -1.0
38608.01907235924, 152, -1.0
38621.55040211262, 35, -1.0
38625.192671672194, 154, -1.0
38633.44451366749, 101, 1.0
38641.28908379415, 152, -1.0
38644.08557327033, 44, -1.0
38647.81797419533, 44, -1.0
38648.30917516104, 101, -1.0
38648.7845059307, 35, -1.0
38665.376799929145, 154, -1.0
38676.64493168736, 148, 1.0
38681.66841128252, 75, -1.0
38687.02288191493, 75, -1.0
38689.74540735446, 101, -1.0
38691.201105186934, 152, -1.0
38691.58737490595, 152, -1.0
38705.70613137638, 101, -1.0
38711.38722122202, 148, -1.0
38721.283005735924, 75, -1.0
38722.329817384874, 35, 1.0
38722.96428481691, 103, -1.0
38723.038845931434, 103, -1.0
38723.300892867395, 148, 1.0
38727.195468062935, 35, 1.0
38727.651812076765, 148, -1.0
38731.001349373015, 154, 1.0
38733.81272656474, 152, -1.0
38739.623679547, 101, -1.0
38740.50942911318, 101, -1.0
38748.4391875178, 103, -1.0
38751.26875945221, 101, -1.0
38753.56456434392, 103, 1.0
38764.77456511007, 44, -1.0
38772.28343280931, 103, -1.0
38776.49348812547, 35, -1.0
38778.36019352443, 75, 1.0
38779.27811493771, 75, -1.0
38783.02747640408, 103, -1.0
38784.19377187519, 154, 1.0
38787.260944537695, 148, -1.0
38795.52451209798, 44, -1.0
38797.138765329146, 148, -1.0
38805.587771656756, 75, -1.0
38811.723600311816, 75, -1.0
38812.17587612971, 148, -1.0
38813.61576329387, 35, -1.0
38815.40849037924, 148, -1.0
38826.75414105413, 75, -1.0
38835.33781108189, 152, -1.0
38836.63270476934, 148, -1.0
38842.036984968065, 35, 1.0
38848.91162780955, 75, 1.0
38850.11723112152, 44, -1.0
38853.26469235479, 148, 1.0
38854.75915546871, 148, -1.0
38858.491380340514, 75, -1.0
38860.81321656472, 103, 1.0
38862.54649817148, 44, -1.0
38863.87465474193, 148, -1.0
38864.335500398985, 75, 1.0
38865.2293762467, 35, -1.0
38865.61333095319, 103, -1.0
38867.49521620418, 35, -1.0
38869.288278010536, 154, -1.0
38871.232867792125, 148, 1.0
38873.77535121969, 152, 1.0
38875.96630967946, 75, -1.0
38878.25701370429, 152, -1.0
38891.49240512438, 103, -1.0
38897.907431155334, 152, -1.0
38901.75524094188, 103, -1.0
38902.21685452316, 44, -1.0
38905.14920805501, 75, -1.0
38912.794591923455, 152, -1.0
38913.3275838009, 101, 1.0
38915.18829670831, 103, -1.0
38917.51459683764, 44, -1.0
38921.4034827254, 154, 1.0
38921.92561659538, 103, 1.0
38926.714312086566, 154, -1.0
38926.895469836694, 154, 1.0
38928.77989387371, 75, 1.0
38933.741007450095, 154, -1.0
38933.93794317979, 103, 1.0
38934.04973983098, 103, 1.0
38943.00654675599, 35, -1.0
38964.45964785207, 75, -1.0
38968.659501573624, 152, 1.0
38974.205834635235, 154, -1.0
38979.874041771465, 101, 1.0
38992.319527456995, 103, -1.0
38992.8737234577, 101, -1.0
38993.77676081708, 154, 1.0
38997.18889470871, 101, -1.0
39006.712928756875, 103, -1.0
39011.70107456421, 101, -1.0
39011.7761081247, 154, -1.0
39013.571021277065, 154, 1.0
39014.63757201704, 152, -1.0
39018.46552009498, 103, 1.0
39019.133878271925, 35, -1.0
39019.76978360006, 101, 1.0
39020.95167021556, 103, 1.0
39024.46120778595, 75, -1.0
39029.0673217389, 154, -1.0
39032.8957333674, 35, -1.0
39040.127755481524, 154, -1.0
39042.26519407945, 103, -1.0
39042.580532935186, 75, 1.0
39054.16677771181, 35, -1.0
39057.12104651365, 103, -1.0
39057.90287642137, 75, -1.0
39060.18327909385, 101, 1.0
39060.25628434093, 35, -1.0
39062.669814192544, 35, -1.0
39078.497024382494, 35, -1.0
39083.98211179918, 75, -1.0
39100.13127037921, 35, -1.0
39100.30489519133, 75, 1.0
39105.81530647271, 103, 1.0
39108.84936279634, 35, -1.0
39121.86838773771, 148, -1.0
39122.104595097415, 154, -1.0
39129.97603015927, 103, 1.0
39134.44441292312, 35, 1.0
39135.64237132937, 152, -1.0
39146.33487015305, 154, 1.0
39165.886184595816, 152, 1.0
39173.0269493889, 75, 1.0
39173.03090667206, 35, 1.0
39176.71976102604, 148, -1.0
39180.940189556284, 152, -1.0
39185.61067009993, 75, -1.0
39192.36780856425, 101, 1.0
39193.404287764824, 154, 1.0
39195.434808267375, 148, -1.0
39195.81860895638, 152, -1.0
39196.286238736495, 152, -1.0
39197.0689080198, 44, -1.0
39197.109948261634, 44, -1.0
39201.878889093816, 75, 1.0
39214.98066052351, 152, -1.0
39216.91224259562, 148, 1.0
39217.646765437355, 152, -1.0
39224.082271390915, 154, -1.0
39226.97977605514, 75, 1.0
39228.090620011986, 75, -1.0
39230.335305720415, 101, 1.0
39243.9728947193, 148, 1.0
39253.79915490026, 103, -1.0
39256.31125544614, 152, -1.0
39267.86900945064, 44, -1.0
39272.681852101196, 101, 1.0
39277.574798222835, 101, 1.0
39278.25098169213, 154, -1.0
39280.20831004347, 148, -1.0
39280.30141083287, 75, -1.0
39283.34303134067, 148, -1.0
39284.22695512139, 154, -1.0
39290.29334008959, 152, -1.0
39309.47023998688, 101, -1.0
39311.207558307215, 152, 1.0
39315.32631638895, 152, -1.0
39319.95824012901, 148, -1.0
39333.18792387666, 103, 1.0
39333.39719844469, 154, -1.0
39335.286990066365, 75, -1.0
39337.271143654616, 101, -1.0
39342.30493779473, 35, -1.0
39346.34269288907, 103, 1.0
39347.88665938496, 75, 1.0
39362.03316774253, 103, 1.0
39365.97484661203, 101, -1.0
39371.22230872411, 101, -1.0
39386.88699331353, 152, -1.0
39390.53096159783, 152, 1.0
39395.61397439551, 152, -1.0
39397.95242685101, 152, 1.0
39399.50551081267, 101, 1.0
39400.44197455173, 75, -1.0
39402.487536163186, 44, -1.0
39403.32709951678, 152, -1.0
39403.56240397715, 35, -1.0
39404.128739593, 148, -1.0
39404.55713494013, 103, -1.0
39405.49098413407, 152, -1.0
39417.17515514882, 103, 1.0
39422.542430585876, 148, -1.0
39425.55784380152, 152, -1.0
39428.877079566344, 154, -1.0
39429.357205379005, 35, -1.0
39435.1736212595, 44, -1.0
39437.00096609908, 101, 1.0
39442.036415090544, 152, -1.0
39449.66601573832, 148, -1.0
39454.2317609583, 101, 1.0
39460.85524595723, 148, -1.0
39465.289210202194, 35, 1.0
39465.5658613742, 75, 1.0
39466.617880078986, 35, -1.0
39469.57394944127, 154, -1.0
39470.5615963497, 75, -1.0
39484.481053925025, 101, 1.0
39487.606002385466, 35, -1.0
39493.05997170207, 154, 1.0
39496.77460063239, 103, 1.0
39503.214330311275, 103, 1.0
39520.33683024364, 101, -1.0
39522.32387681342, 35, -1.0
39522.59583204059, 154, -1.0
39526.211003742195, 152, -1.0
39527.768018993556, 44, -1.0
39529.54446815863, 148, -1.0
39551.34332947617, 35, -1.0
39558.046971996184, 148, -1.0
39561.39382012535, 101, -1.0
39564.848410974504, 75, 1.0
39564.957587236844, 152, -1.0
39578.25164826479, 148, -1.0
39581.82395221866, 101, -1.0
39586.48708547479, 152, -1.0
39591.12083150249, 35, -1.0
39592.06183451211, 148, -1.0
39596.682497598966, 152, -1.0
39599.688270231236, 152, -1.0
