28801.35581607628, 73, -1.0
28802.621214645173, 114, -1.0
28803.794782843685, 193, -1.0
28804.955610217952, 163, 1.0
28808.03323614051, 58, 1.0
28808.545428976115, 34, 1.0
28808.55898979985, 44, -1.0
28810.601594558677, 159, -1.0
28811.53280335043, 126, 1.0
28812.366391006086, 228, 1.0
28813.319312462747, 116, -1.0
28813.82516671066, 89, -1.0
28814.01341938705, 62, -1.0
28815.35918527665, 83, 1.0
28816.098722266954, 59, -1.0
28817.713393213213, 43, -1.0
28818.543814912977, 82, 1.0
28822.51532090677, 157, -1.0
28822.889701773725, 100, -1.0
28823.11855249483, 188, -1.0
28825.604561489326, 90, 1.0
28826.68229451236, 39, -1.0
28827.131137372176, 84, -1.0
28833.469003243565, 149, 1.0
28834.15897149355, 129, -1.0
28834.82977742905, 123, 1.0
28840.94087545083, 202, -1.0
28842.127175449154, 164, -1.0
28845.028768074888, 26, -1.0
28848.098734730862, 80, -1.0
28848.81464020821, 233, 1.0
28848.818070775622, 137, -1.0
28848.97679265368, 97, 1.0
28851.30859810669, 163, 1.0
28853.01595596075, 166, -1.0
28860.389586197158, 149, 1.0
28862.521881780398, 233, 1.0
28862.74888940758, 40, 1.0
28864.474428781476, 102, 1.0
28865.21148559907, 235, -1.0
28866.280366964744, 101, -1.0
28866.936595586143, 116, -1.0
28872.309191052893, 27, -1.0
28872.652356350543, 33, -1.0
28874.430730041488, 99, -1.0
28874.754306287286, 27, -1.0
28875.748467114303, 51, -1.0
28878.279515690425, 67, 1.0
28880.704726324737, 91, -1.0
28885.30530358155, 35, 1.0
28888.115695037875, 110, -1.0
28888.67515733948, 54, -1.0
28888.865318883254, 45, -1.0
28890.628488199563, 158, -1.0
28890.924079309298, 88, 1.0
28892.411126349427, 164, -1.0
28895.126910240077, 101, 1.0
28896.715768843198, 51, 1.0
28896.748707308183, 133, -1.0
28897.058664581447, 94, 1.0
28897.653384923306, 83, -1.0
28899.749541981026, 123, 1.0
28900.92532036536, 64, -1.0
28903.42823476888, 35, -1.0
28903.551570035663, 69, -1.0
28905.004904932077, 76, -1.0
28910.604253883015, 59, -1.0
28910.899986955385, 85, -1.0
28913.411051279276, 76, -1.0
28913.670273703625, 162, 1.0
28918.649779548552, 137, 1.0
28919.97040873822, 110, -1.0
28920.99857768593, 80, -1.0
28921.304786476943, 98, -1.0
28923.457086506165, 126, 1.0
28926.454046608094, 71, 1.0
28928.671520581338, 80, -1.0
28934.842461969107, 168, 1.0
28936.858438952604, 193, -1.0
28937.331970781994, 35, -1.0
28939.266041487455, 137, 1.0
28940.638258945735, 81, -1.0
28942.913400753994, 193, -1.0
28944.68360602021, 158, 1.0
28944.73138353073, 163, 1.0
28945.875173769415, 100, -1.0
28946.566117760405, 117, -1.0
28952.924590208797, 159, -1.0
28960.874635663768, 114, 1.0
28964.059189620857, 59, 1.0
28970.722684652697, 117, -1.0
28971.307862195474, 46, -1.0
28972.14530201829, 177, -1.0
28973.073636897436, 154, 1.0
28977.449152514342, 165, -1.0
28980.25206495604, 43, -1.0
28981.759063437115, 64, 1.0
28982.36739431767, 67, 1.0
28985.663628455808, 105, -1.0
28986.27503402883, 44, -1.0
28986.680515205357, 152, -1.0
28989.808697647644, 182, -1.0
28990.297050193443, 36, 1.0
28990.307410245838, 69, 1.0
28990.60690347347, 148, 1.0
28992.04828431742, 52, 1.0
28993.029623732185, 141, 1.0
28995.43529466357, 59, 1.0
28996.40915635084, 142, 1.0
28997.165667033263, 163, 1.0
28997.587710881107, 153, -1.0
28999.014374663406, 146, -1.0
29001.56748670828, 99, -1.0
29001.976605476448, 113, 1.0
29002.811641853303, 154, -1.0
29003.55416423444, 34, -1.0
29008.487826101908, 67, 1.0
29009.169526154954, 96, -1.0
29014.90597945671, 51, -1.0
29015.39047897846, 148, -1.0
29017.847496026847, 42, -1.0
29018.40588025277, 103, -1.0
29021.304775841272, 233, -1.0
29024.25560916304, 40, -1.0
29025.399705817887, 126, 1.0
29026.58748214296, 50, 1.0
29027.198564189443, 68, 1.0
29028.527730265487, 86, 1.0
29029.5174438042, 91, -1.0
29029.986330208525, 69, 1.0
29031.51673913953, 53, 1.0
29034.81324453362, 76, 1.0
29037.25534842494, 152, -1.0
29038.217562146525, 148, -1.0
29039.89051016585, 193, -1.0
29042.147305551578, 41, 1.0
29051.81997698184, 164, -1.0
29052.438971870244, 62, -1.0
29053.13922462906, 32, -1.0
29054.85211648274, 74, -1.0
29055.735741909288, 69, -1.0
29057.93813344118, 60, 1.0
29060.25318151743, 103, 1.0
29062.160021009004, 114, 1.0
29062.496553824596, 41, -1.0
29064.27825978527, 51, 1.0
29066.38937107642, 126, 1.0
29067.61014285328, 33, -1.0
29068.484839901677, 40, -1.0
29070.71487151837, 43, 1.0
29071.402953791523, 101, -1.0
29074.99446876391, 234, 1.0
29074.99689945968, 159, -1.0
29076.302044517164, 165, -1.0
29077.07134971717, 71, 1.0
29082.295134448002, 142, 1.0
29084.44079880151, 109, 1.0
29092.611730056473, 228, 1.0
29096.012730498045, 160, -1.0
29097.43811841265, 152, 1.0
29098.360534547148, 73, 1.0
29099.66537870695, 28, 1.0
29100.684597222542, 158, -1.0
29100.75164002482, 66, 1.0
29104.12329411226, 222, -1.0
29107.22050673688, 158, -1.0
29107.372401423752, 169, 1.0
29110.023755789312, 106, -1.0
29113.95960965185, 233, 1.0
29120.734861826466, 103, 1.0
29121.770948808822, 51, 1.0
29124.185887555024, 235, 1.0
29127.121027661982, 116, -1.0
29127.130634336358, 32, -1.0
29129.39737762757, 142, -1.0
29130.52020554999, 52, -1.0
29132.91511225155, 68, 1.0
29133.944685759772, 41, -1.0
29140.971732389728, 68, 1.0
29143.92493864756, 81, -1.0
29143.92978668347, 169, 1.0
29144.254979717633, 87, -1.0
29144.36593443995, 46, -1.0
29145.479739545546, 129, -1.0
29147.085220351026, 234, 1.0
29153.97562475635, 177, -1.0
29154.9930344401, 58, -1.0
29155.122837839415, 43, 1.0
29156.687806737944, 177, -1.0
29157.379316589435, 87, -1.0
29160.390325366396, 114, 1.0
29160.593522684067, 51, -1.0
29162.726512784742, 182, 1.0
29163.36036287844, 87, -1.0
29163.59438971814, 137, 1.0
29164.166065607325, 188, -1.0
29167.96651537151, 109, 1.0
29171.70728910176, 118, -1.0
29171.826385635504, 114, -1.0
29176.16166248007, 137, 1.0
29178.456858679427, 40, 1.0
29180.779082693745, 48, 1.0
29181.587626847406, 141, 1.0
29182.319724909725, 163, -1.0
29182.63112988577, 36, 1.0
29183.475624263545, 58, -1.0
29184.40041427165, 64, -1.0
29185.296740620746, 228, 1.0
29185.335188214318, 139, -1.0
29188.852164171814, 67, 1.0
29192.400898755834, 164, 1.0
29192.622613743122, 153, 1.0
29192.640303442207, 71, 1.0
29195.183110825266, 103, 1.0
29203.051738346225, 98, -1.0
29207.637261884138, 235, 1.0
29208.586820587265, 126, 1.0
29209.379321077402, 101, 1.0
29210.29805869276, 54, -1.0
29210.369794759194, 58, -1.0
29213.673480191348, 108, -1.0
29214.63083872097, 157, -1.0
29216.7507512448, 28, -1.0
29219.914641225496, 142, -1.0
29220.023284386734, 68, 1.0
29222.33024113503, 71, 1.0
29223.79860776772, 154, 1.0
29227.56881075142, 162, -1.0
29228.33895911641, 241, 1.0
29231.12799213086, 163, -1.0
29232.158207147993, 114, 1.0
29235.538401398735, 66, 1.0
29236.30227660118, 72, -1.0
29236.515276233808, 26, -1.0
29237.3386735669, 28, -1.0
29238.354151572355, 59, -1.0
29239.213463335804, 181, -1.0
29241.635530875385, 146, -1.0
29242.58014697196, 152, 1.0
29250.456616942814, 35, -1.0
29250.631688363716, 116, 1.0
29251.619390476564, 177, -1.0
29252.229002492808, 119, -1.0
29252.856703000332, 126, 1.0
29255.96204747778, 117, -1.0
29259.294423441417, 164, 1.0
29259.595593364975, 149, 1.0
29260.078026779338, 114, -1.0
29262.250238047385, 146, -1.0
29263.996292943542, 118, -1.0
29267.087518751312, 68, 1.0
29269.728614879747, 36, 1.0
29269.841203114283, 67, 1.0
29270.4653397718, 146, 1.0
29271.042029895194, 114, -1.0
29271.674611811086, 148, -1.0
29276.999939104655, 56, 1.0
29277.559602069894, 42, -1.0
29280.53791609166, 32, -1.0
29283.233820670677, 161, -1.0
29283.649175905746, 123, -1.0
29284.4093758037, 92, 1.0
29286.543002766157, 67, 1.0
29287.641435957197, 87, 1.0
29287.752839311976, 106, -1.0
29289.391069362406, 103, 1.0
29289.391650724694, 114, -1.0
29292.606790099955, 198, 1.0
29293.994513900296, 137, -1.0
29295.76677354637, 233, 1.0
29298.631852257633, 116, 1.0
29309.055077472265, 99, -1.0
29309.428886770398, 130, -1.0
29310.494826843395, 202, -1.0
29312.475083624762, 148, -1.0
29313.98632415856, 84, -1.0
29314.000439840507, 35, -1.0
29314.264021052928, 67, 1.0
29314.943867001035, 40, 1.0
29317.5559992752, 137, 1.0
29319.75537789486, 56, 1.0
29319.81597281142, 182, 1.0
29321.10662388862, 27, 1.0
29322.28806170989, 51, -1.0
29323.207075438728, 40, 1.0
29324.466512244457, 59, -1.0
29326.231774470936, 37, -1.0
29326.460765269618, 35, -1.0
29328.86520103529, 116, 1.0
29332.571239312863, 124, 1.0
29333.29256161443, 165, 1.0
29334.341871889243, 60, -1.0
29341.086129051862, 108, -1.0
29343.466708471173, 177, -1.0
29346.801281019572, 40, 1.0
29350.677106062096, 40, 1.0
29350.852172999774, 59, -1.0
29355.057530905735, 33, -1.0
29357.794676654677, 26, -1.0
29358.29608256737, 66, 1.0
29367.16260999366, 41, -1.0
29367.264044998305, 119, -1.0
29368.150613246864, 55, -1.0
29370.041973608168, 40, -1.0
29370.976138972852, 60, -1.0
29371.420944102018, 98, -1.0
29372.0494545181, 124, 1.0
29373.597921958284, 123, 1.0
29374.817537060713, 71, 1.0
29375.782376766827, 83, -1.0
29375.835733892385, 28, -1.0
29377.703285612148, 41, -1.0
29379.036683935334, 149, -1.0
29379.229895693315, 98, 1.0
29380.09921082997, 182, 1.0
29380.144004964095, 142, 1.0
29381.544357905208, 116, -1.0
29383.910033816974, 158, -1.0
29386.59149812196, 59, 1.0
29388.09624725746, 76, -1.0
29388.58021600452, 26, -1.0
29392.61401769259, 159, -1.0
29393.476975967704, 114, 1.0
29394.285392612044, 142, -1.0
29394.692495124542, 83, -1.0
29395.723265097382, 165, -1.0
29398.252956912103, 69, 1.0
29399.348069321564, 165, 1.0
29399.83836412224, 114, -1.0
29402.78009462393, 44, -1.0
29404.277056508836, 163, 1.0
29404.526090435873, 95, -1.0
29405.436733081082, 74, -1.0
29407.520035290225, 126, 1.0
29409.037930273367, 148, -1.0
29410.170735096748, 75, 1.0
29410.889000590494, 29, -1.0
29412.573359571827, 43, 1.0
29415.155894348667, 142, 1.0
29416.55672797218, 126, 1.0
29416.706817786515, 59, 1.0
29418.49376999923, 154, -1.0
29421.351016988017, 43, 1.0
29422.15715970889, 34, 1.0
29422.696075891123, 105, -1.0
29423.085304130887, 65, 1.0
29423.496078023945, 43, 1.0
29424.2912547645, 58, -1.0
29424.78364390226, 35, -1.0
29425.37146979718, 177, -1.0
29427.359072000592, 110, -1.0
29427.688689007708, 92, -1.0
29428.73823940087, 148, -1.0
29430.44948799462, 142, -1.0
29430.586451212683, 234, 1.0
29433.57840343467, 234, 1.0
29440.184603357207, 58, -1.0
29446.943793615465, 163, -1.0
29448.40081363794, 163, -1.0
29451.474971554857, 58, 1.0
29454.262579548118, 177, -1.0
29454.659425074904, 233, 1.0
29454.927561554123, 44, -1.0
29464.792795300615, 27, -1.0
29467.897399709334, 66, 1.0
29470.19023767989, 146, -1.0
29470.558088507787, 59, -1.0
29473.32951509278, 81, -1.0
29474.726419434715, 43, 1.0
29483.036645310058, 73, -1.0
29483.920067130854, 27, -1.0
29484.010005446762, 230, -1.0
29484.111615676105, 81, 1.0
29486.52523370625, 81, -1.0
29486.84596224492, 87, -1.0
29487.1663921961, 86, -1.0
29488.123323650558, 32, -1.0
29489.766514747313, 76, -1.0
29492.422528460527, 73, 1.0
29494.021574142465, 53, 1.0
29497.927394530525, 146, 1.0
29499.75166945646, 54, -1.0
29500.155577816444, 141, -1.0
29503.693094983606, 50, -1.0
29505.229260648364, 90, -1.0
29515.587381174948, 71, 1.0
29519.368039118184, 28, -1.0
29520.854231423098, 154, -1.0
29526.279110511947, 114, -1.0
29527.10985497685, 155, -1.0
29527.328299728364, 81, -1.0
29531.152160411995, 86, -1.0
29531.394811177783, 155, -1.0
29532.348108252336, 137, -1.0
29533.441082301993, 198, -1.0
29533.6623932386, 141, 1.0
29534.66597428034, 122, -1.0
29535.699990951518, 98, -1.0
29542.907425900237, 58, -1.0
29544.203353909612, 152, -1.0
29544.40696159203, 36, 1.0
29544.57218506889, 148, -1.0
29544.915877838648, 105, -1.0
29545.557346617952, 139, 1.0
29551.660892576216, 149, -1.0
29553.068209788875, 119, -1.0
29554.309753637986, 103, -1.0
29555.41755762285, 142, -1.0
29556.480027033358, 101, 1.0
29557.238579490986, 81, -1.0
29559.462482183986, 180, 1.0
29561.096277845656, 29, 1.0
29564.419545317684, 45, -1.0
29568.31793029484, 152, -1.0
29574.38193267966, 64, 1.0
29576.467726322735, 42, -1.0
29576.633800676656, 114, 1.0
29578.582755359843, 103, -1.0
29579.659516984822, 233, 1.0
29586.96487569828, 28, 1.0
29591.21637790756, 169, -1.0
29591.347201996337, 40, 1.0
29592.595110601716, 235, 1.0
29592.95907681918, 93, -1.0
29596.876439697447, 222, 1.0
29600.158365664633, 116, 1.0
29600.564075560287, 51, -1.0
29603.168823585875, 142, 1.0
29604.062416219396, 36, -1.0
29606.33753484221, 58, 1.0
29614.24471637237, 53, -1.0
29615.863040832985, 42, -1.0
29617.21332488925, 97, 1.0
29617.842095160453, 139, -1.0
29618.320612460055, 87, 1.0
29618.862435279076, 99, -1.0
29619.42626859073, 27, 1.0
29622.504063275042, 117, -1.0
29624.413590858272, 163, 1.0
29626.531174512587, 177, -1.0
29627.244396861217, 152, 1.0
29629.25103498357, 83, -1.0
29629.383945808142, 92, -1.0
29630.561872123297, 33, -1.0
29631.781984672176, 46, -1.0
29632.528339322227, 181, -1.0
29633.221194829755, 165, 1.0
29634.380713700644, 234, 1.0
29636.69192797634, 74, 1.0
29637.459906495234, 66, -1.0
29637.59342662675, 98, -1.0
29638.32462040351, 162, -1.0
29638.38473704705, 58, -1.0
29639.677668352084, 119, -1.0
29641.34520196749, 60, -1.0
29641.37995423338, 149, -1.0
29646.752039969637, 70, 1.0
29647.549181112023, 91, -1.0
29652.29478967163, 40, -1.0
29654.76819267126, 152, -1.0
29655.308508849685, 188, -1.0
29655.98984959016, 53, 1.0
29658.160348479985, 40, -1.0
29658.297910283247, 88, -1.0
29658.440740740018, 83, -1.0
29661.04860389373, 235, 1.0
29663.34237968703, 55, 1.0
29664.504345540387, 89, -1.0
29664.649123500985, 130, -1.0
29666.161836593976, 28, -1.0
29666.829736341893, 161, 1.0
29668.336095640447, 35, -1.0
29668.551608249363, 187, 1.0
29669.325990036632, 146, 1.0
29670.771406253814, 234, -1.0
29673.896284887112, 81, -1.0
29676.08738237585, 58, -1.0
29678.60360292021, 71, 1.0
29680.80816410184, 50, -1.0
29681.944792399056, 116, -1.0
29683.74492917829, 53, 1.0
29684.867291872495, 81, 1.0
29685.000771895066, 44, -1.0
29685.74130509771, 58, 1.0
29688.99111833908, 116, 1.0
29689.37092976867, 103, 1.0
29689.410388913922, 102, 1.0
29690.174480793357, 65, 1.0
29692.04223438165, 56, 1.0
29693.16381398059, 36, -1.0
29695.354290658022, 100, -1.0
29695.401458286437, 120, -1.0
29696.79743754843, 35, -1.0
29697.358245662625, 103, 1.0
29698.716150501714, 155, 1.0
29701.734219947768, 158, 1.0
29705.66152466417, 141, -1.0
29706.593846114214, 68, 1.0
29708.256931742086, 91, -1.0
29709.472879312103, 119, -1.0
29713.54501365331, 170, -1.0
29713.54819314112, 64, 1.0
29715.760856850506, 163, -1.0
29718.489222522476, 67, 1.0
29720.535765837038, 114, -1.0
29721.90108433933, 88, -1.0
29726.053049102127, 59, -1.0
29737.41487677963, 86, -1.0
29740.721216219514, 158, -1.0
29741.663843039998, 74, -1.0
29744.322595150246, 105, -1.0
29745.271455435617, 163, -1.0
29751.156360225297, 146, 1.0
29751.34185959878, 149, -1.0
29751.8991388471, 228, 1.0
29751.925340979273, 33, -1.0
29753.519982461134, 137, -1.0
29754.754857004817, 64, -1.0
29758.941184599887, 65, 1.0
29759.509293041974, 103, 1.0
29760.15021546756, 75, -1.0
29760.415206601665, 141, 1.0
29760.54388832196, 152, -1.0
29761.644893303543, 45, -1.0
29763.479050382542, 157, -1.0
29766.985606124334, 157, 1.0
29771.850133667158, 152, 1.0
29772.51902197035, 35, -1.0
29773.294288332585, 32, 1.0
29773.721321857804, 34, -1.0
29775.01357873233, 100, -1.0
29780.942936921696, 123, -1.0
29782.269012279536, 103, 1.0
29784.403300032624, 27, -1.0
29784.77044379286, 152, -1.0
29784.89606511686, 242, 1.0
29786.537832017093, 122, -1.0
29787.255817602017, 159, -1.0
29787.721386447178, 76, -1.0
29789.181833846735, 26, 1.0
29794.933385292603, 103, 1.0
29796.79829381093, 164, 1.0
29798.952323044272, 84, -1.0
29804.825433302754, 80, -1.0
29805.109285543418, 114, -1.0
29805.916409173376, 160, -1.0
29806.153473999242, 193, 1.0
29807.18508563162, 84, -1.0
29807.266425642603, 69, 1.0
29809.76233939312, 44, -1.0
29811.07169015313, 83, -1.0
29816.396559609282, 103, -1.0
29818.491128369536, 153, -1.0
29818.989730098652, 146, -1.0
29820.01920459917, 116, 1.0
29820.52125276252, 157, -1.0
29822.99002185192, 137, 1.0
29824.55051573561, 233, 1.0
29826.888071885733, 87, -1.0
29827.554419994005, 149, 1.0
29829.392925833476, 114, 1.0
29830.153314003204, 98, -1.0
29830.156190598926, 51, -1.0
29830.291204217523, 96, 1.0
29830.89429871333, 164, 1.0
29831.9592002846, 149, -1.0
29833.021587607775, 155, 1.0
29834.130123373863, 162, 1.0
29834.371632035214, 106, 1.0
29835.61210676581, 75, 1.0
29838.09592306294, 59, 1.0
29839.41089308799, 158, -1.0
29839.630486400663, 71, 1.0
29842.421399088304, 59, 1.0
29843.06456433374, 56, -1.0
29845.62453508285, 114, 1.0
29846.06638557268, 163, -1.0
29846.606477387355, 233, 1.0
29849.060152364626, 74, -1.0
29850.62022222817, 64, -1.0
29850.694751341398, 74, 1.0
29853.149429940295, 159, -1.0
29854.26877870967, 105, -1.0
29859.938282479907, 59, -1.0
29861.345009548902, 169, 1.0
29861.414347297155, 59, -1.0
29865.100869802976, 26, 1.0
29865.9319097684, 158, -1.0
29872.545288151454, 103, -1.0
29875.220563589886, 163, 1.0
29876.48042288877, 100, -1.0
29877.842031428045, 50, -1.0
29880.834447912275, 34, 1.0
29885.79365787424, 100, -1.0
29888.683530728333, 95, -1.0
29889.237413234703, 101, 1.0
29891.224778286625, 43, -1.0
29892.088236104366, 40, -1.0
29894.225513061127, 235, 1.0
29896.85460651877, 96, -1.0
29904.323938210313, 170, -1.0
29910.417264115185, 74, 1.0
29915.1904765486, 160, -1.0
29915.598430007132, 161, 1.0
29916.36877879958, 116, 1.0
29917.178730259966, 58, 1.0
29919.655383912508, 133, -1.0
29923.284140879663, 165, -1.0
29924.151683200856, 71, 1.0
29929.475148523412, 69, -1.0
29930.09941192814, 116, -1.0
29931.385827873637, 76, 1.0
29931.5262696945, 59, -1.0
29932.451871245405, 141, -1.0
29933.061904771832, 99, 1.0
29936.53452402421, 165, -1.0
29940.23434949983, 74, -1.0
29940.85274472679, 116, -1.0
29944.569280108437, 149, -1.0
29944.78048868632, 202, -1.0
29944.812171555608, 108, -1.0
29947.39708064935, 76, -1.0
29948.01523649498, 235, 1.0
29948.283089528588, 177, 1.0
29952.70766266789, 161, -1.0
29953.83060599068, 118, -1.0
29956.236194550853, 120, -1.0
29957.132176615876, 116, -1.0
29964.464616166977, 163, 1.0
29965.655273273005, 114, -1.0
29970.489335394883, 165, 1.0
29972.31385112919, 105, -1.0
29973.11078303279, 155, 1.0
29974.322479317823, 75, -1.0
29974.494731896473, 64, 1.0
29976.178117868985, 101, 1.0
29976.865768876505, 103, 1.0
29978.875971180903, 40, 1.0
29980.13910395712, 94, 1.0
29981.124084030507, 93, -1.0
29981.857421029723, 146, -1.0
29983.71127021286, 100, -1.0
29984.40512147843, 112, 1.0
29985.008726598666, 233, -1.0
29985.466951165232, 67, -1.0
29986.814832194534, 142, -1.0
29987.50218807558, 222, -1.0
29987.585661373545, 116, -1.0
29989.27448207707, 86, -1.0
29991.486243096428, 66, -1.0
29992.326564927862, 80, 1.0
29993.634454640105, 44, 1.0
29995.286291574204, 110, -1.0
29995.541476673374, 59, -1.0
29999.065598635494, 35, -1.0
29999.169149471178, 146, -1.0
29999.349617429398, 105, -1.0
29999.43518615054, 89, -1.0
29999.71106130808, 73, 1.0
30001.946637075784, 50, -1.0
30003.08323625142, 126, 1.0
30005.04917692772, 241, 1.0
30005.767716080692, 142, -1.0
30007.988115113043, 69, -1.0
30011.93595424082, 148, -1.0
30012.728124330068, 92, -1.0
30018.38482288564, 117, 1.0
30018.47541590009, 94, -1.0
30020.641321229177, 71, 1.0
30021.48806767408, 40, -1.0
30025.222706994922, 58, 1.0
30028.897171215, 92, 1.0
30032.728945976745, 123, -1.0
30033.442899886788, 101, -1.0
30037.051175304627, 35, -1.0
30038.614372700893, 148, -1.0
30040.53170778132, 71, 1.0
30044.0851074991, 170, -1.0
30044.106937540164, 95, -1.0
30044.587500658312, 75, -1.0
30047.07561898512, 108, -1.0
30048.73897832716, 27, -1.0
30050.086261031134, 33, -1.0
30050.96386093194, 51, 1.0
30051.598716962824, 36, -1.0
30055.160176505586, 182, 1.0
30056.284448829494, 122, -1.0
30058.003097606364, 105, -1.0
30060.461224590264, 116, 1.0
30060.796131619725, 36, -1.0
30060.943451267394, 146, 1.0
30063.69658748812, 34, -1.0
30066.64406365865, 114, -1.0
30069.5866376486, 103, 1.0
30070.409490704453, 81, -1.0
30070.698405808485, 158, -1.0
30076.289019802658, 114, -1.0
30079.094384274875, 83, 1.0
30084.119201797617, 138, -1.0
30087.333384930636, 116, 1.0
30088.848619847064, 142, -1.0
30094.182875235027, 116, -1.0
30097.07394053394, 110, -1.0
30097.556471042462, 119, -1.0
30097.948958400157, 74, -1.0
30099.13600752243, 85, -1.0
30099.39209982218, 167, -1.0
30102.094246127737, 101, -1.0
30103.07261611239, 99, -1.0
30106.382688947404, 89, -1.0
30107.17188416158, 142, 1.0
30107.209580757735, 97, -1.0
30107.75189229951, 114, 1.0
30108.748652780287, 114, -1.0
30109.088056387092, 86, -1.0
30116.165815177268, 69, 1.0
30116.955058713356, 142, -1.0
30123.629012396697, 162, 1.0
30124.673447629415, 112, -1.0
30126.289583938847, 63, -1.0
30126.370373441798, 98, -1.0
30126.47460129106, 148, -1.0
30128.488065361795, 98, -1.0
30129.778077180777, 68, 1.0
30130.898905589536, 162, -1.0
30131.176335853652, 148, -1.0
30132.229117002495, 114, -1.0
30135.897037527375, 75, -1.0
30142.18296927688, 28, -1.0
30142.77100961904, 164, 1.0
30143.78722287368, 154, -1.0
30144.668396255307, 58, 1.0
30144.87285176825, 68, 1.0
30145.88669085645, 161, -1.0
30146.847596451065, 114, 1.0
30151.83063366809, 228, 1.0
30153.8388743605, 42, -1.0
30154.28400107872, 149, -1.0
30158.31738486716, 169, 1.0
30160.0846557769, 84, -1.0
30161.29920957396, 146, -1.0
30164.183344290337, 101, 1.0
30165.424896238514, 123, -1.0
30169.255602859506, 83, 1.0
30170.400654378074, 109, 1.0
30170.905866947858, 177, -1.0
30174.152550640134, 193, 1.0
30174.191631593105, 116, 1.0
30178.73750225635, 165, -1.0
30179.309327366835, 105, -1.0
30181.765643416216, 146, -1.0
30182.592318065686, 76, -1.0
30185.57247973594, 87, -1.0
30185.70894797156, 39, -1.0
30185.849729086392, 114, 1.0
30186.149497429513, 141, 1.0
30186.9003420295, 75, 1.0
30188.3615883475, 97, -1.0
30199.327872525926, 81, 1.0
30204.512528806976, 119, 1.0
30207.478904048592, 100, -1.0
30207.73575091245, 81, -1.0
30207.752821472794, 165, -1.0
30212.157415020472, 74, 1.0
30215.924033682277, 81, -1.0
30219.198745634945, 106, 1.0
30223.78764528138, 66, 1.0
30224.730826450515, 87, -1.0
30225.48522972179, 88, -1.0
30227.21587307951, 58, -1.0
30229.074990390738, 87, -1.0
30230.27625817455, 101, 1.0
30231.929424388283, 105, 1.0
30233.975718319336, 64, -1.0
30234.302124639184, 86, -1.0
30236.153860578193, 51, -1.0
30236.32772085761, 67, 1.0
30237.600953387748, 95, -1.0
30237.934329497264, 141, 1.0
30241.621212622213, 159, -1.0
30241.953305206036, 154, -1.0
30243.457763848393, 43, 1.0
30250.050253129873, 122, -1.0
30254.884336390904, 181, 1.0
30258.38631648429, 182, 1.0
30259.07984788214, 142, -1.0
30260.256156895237, 40, -1.0
30260.319595410645, 27, -1.0
30269.547365756378, 163, -1.0
30273.319849360945, 141, 1.0
30279.52496994414, 92, -1.0
30280.631952558444, 163, 1.0
30282.002049910072, 65, -1.0
30285.40946285209, 149, -1.0
30286.051205792006, 114, -1.0
30286.48912135682, 97, -1.0
30286.733383398678, 152, -1.0
30288.20639101779, 164, 1.0
30288.320279591033, 53, -1.0
30289.342570740428, 161, 1.0
30291.518849092434, 198, 1.0
30296.679683184655, 114, -1.0
30297.743308493184, 74, -1.0
30299.919758630538, 60, -1.0
30302.364699731723, 39, -1.0
30303.511869851947, 123, 1.0
30306.89432428044, 53, -1.0
30307.2112483609, 56, -1.0
30307.74870609329, 182, -1.0
30309.28170384761, 62, -1.0
30314.85963081298, 99, 1.0
30315.57806144095, 98, 1.0
30320.440194876242, 83, 1.0
30323.172440783877, 60, -1.0
30328.646014136517, 86, -1.0
30331.299484597454, 164, 1.0
30332.752277065236, 167, -1.0
30332.939057317868, 71, 1.0
30333.7441897694, 126, 1.0
30336.746203153998, 80, -1.0
30336.8312019657, 122, -1.0
30337.820627851917, 39, -1.0
30342.658088759694, 105, 1.0
30344.19361222983, 60, 1.0
30346.899696413064, 98, 1.0
30348.85133112798, 45, 1.0
30350.683688801208, 177, 1.0
30352.66297392189, 98, -1.0
30354.210130221083, 166, -1.0
30359.392920456048, 59, -1.0
30362.52219854824, 40, 1.0
30365.127354651762, 114, -1.0
30365.72820334213, 40, 1.0
30367.122034358854, 84, -1.0
30368.24228942966, 50, -1.0
30370.833370451575, 193, -1.0
30371.302269496224, 83, 1.0
30381.15610857837, 114, -1.0
30381.614225175286, 116, -1.0
30384.348666975533, 126, 1.0
30384.758391677457, 88, -1.0
30385.42297908454, 99, 1.0
30385.69139279497, 119, -1.0
30386.260801771667, 193, -1.0
30386.839272023437, 106, -1.0
30387.049084849248, 76, 1.0
30390.10852826023, 65, 1.0
30391.903602542476, 89, -1.0
30392.633414994216, 153, 1.0
30393.19006594666, 146, -1.0
30395.106604092263, 76, -1.0
30395.812090801726, 163, 1.0
30397.555059398186, 50, -1.0
30398.451972922154, 67, 1.0
30399.496921751263, 28, -1.0
30399.619174016643, 58, 1.0
30400.183926120415, 202, -1.0
30400.297188153225, 33, -1.0
30400.604453415322, 50, -1.0
30404.956194052622, 32, -1.0
30406.731571527755, 58, -1.0
30406.8578237886, 105, 1.0
30407.737410688995, 33, -1.0
30407.783257376876, 152, -1.0
30407.997622258845, 142, 1.0
30408.306647375968, 70, -1.0
30409.562914440692, 71, 1.0
30411.852189888108, 40, -1.0
30413.01858923892, 105, -1.0
30413.32269948894, 93, -1.0
30413.618855615416, 109, 1.0
30415.438104475736, 122, -1.0
30415.510992976175, 45, -1.0
30416.80591077977, 104, -1.0
30420.98457451501, 101, 1.0
30421.60001515956, 42, -1.0
30423.413519345235, 31, 1.0
30424.193237960826, 71, 1.0
30424.600104160283, 137, 1.0
30427.274552102168, 99, 1.0
30428.166130184283, 142, 1.0
30430.279700206152, 73, 1.0
30431.62818537072, 153, -1.0
30434.66871384994, 45, -1.0
30440.183538735193, 69, 1.0
30443.86953964539, 81, -1.0
30444.300108083742, 119, -1.0
30444.40286113261, 53, -1.0
30444.981944722324, 109, 1.0
30445.28599818001, 162, -1.0
30446.9309505295, 116, -1.0
30452.5954282418, 109, 1.0
30455.912147630854, 162, 1.0
30456.870161877763, 126, -1.0
30459.966807270754, 162, 1.0
30468.87452920498, 103, 1.0
30469.856638093286, 86, -1.0
30471.257396431785, 72, -1.0
30471.925013814827, 97, -1.0
30472.34608443313, 126, 1.0
30473.928017094462, 161, 1.0
30474.064423079086, 76, -1.0
30474.54579623881, 88, -1.0
30475.427917047327, 33, -1.0
30478.165632306936, 65, 1.0
30481.003544003866, 101, 1.0
30481.425285336776, 50, -1.0
30481.91175215029, 101, -1.0
30484.263786504802, 142, 1.0
30484.770659113634, 103, -1.0
30484.96479751455, 164, -1.0
30484.969337873816, 193, 1.0
30485.441555244004, 108, -1.0
30490.962126302882, 170, -1.0
30492.315894077823, 67, 1.0
30492.461994654008, 33, -1.0
30493.09342150737, 60, -1.0
30494.386343178776, 40, 1.0
30494.700469718402, 105, -1.0
30498.8984206688, 101, -1.0
30499.85060027816, 182, -1.0
30500.56912409131, 68, 1.0
30500.857083622534, 39, -1.0
30501.260552560827, 45, -1.0
30503.597478235726, 109, 1.0
30504.27214488585, 58, -1.0
30504.297559141323, 81, 1.0
30504.66582595102, 27, 1.0
30505.61718786494, 181, -1.0
30506.74527880982, 101, -1.0
30510.187076842296, 113, 1.0
30510.933826313638, 98, -1.0
30512.25807915696, 116, -1.0
30514.226674570305, 101, -1.0
30514.29656512979, 28, -1.0
30515.5527810608, 89, -1.0
30515.72190863779, 153, 1.0
30516.824173678757, 103, 1.0
30519.53693878629, 146, -1.0
30523.787876610768, 71, 1.0
30524.35375780649, 48, 1.0
30525.170297216217, 164, 1.0
30525.657199864945, 235, 1.0
30532.55454415339, 116, 1.0
30534.78779224951, 72, -1.0
30536.83596408921, 177, -1.0
30537.69657567095, 36, -1.0
30539.093722425616, 193, -1.0
30539.653693927874, 35, -1.0
30542.22231491908, 101, -1.0
30544.080687460722, 82, 1.0
30556.104634256255, 55, -1.0
30557.93479153216, 142, -1.0
30562.36842752785, 108, -1.0
30562.38315760794, 71, 1.0
30564.142961940077, 157, -1.0
30565.595464131846, 75, 1.0
30566.766225264888, 40, 1.0
30568.4438893262, 91, -1.0
30570.131103468255, 89, -1.0
30571.05978486219, 235, 1.0
30572.104912058847, 45, -1.0
30573.508040562974, 35, 1.0
30578.888968981297, 74, -1.0
30579.932646580044, 163, -1.0
30580.03773462124, 153, -1.0
30583.031935041352, 104, 1.0
30583.357888391998, 114, -1.0
30584.60647361688, 87, -1.0
30584.782025767614, 59, -1.0
30585.470570660345, 84, -1.0
30589.791460706547, 234, 1.0
30590.25614302171, 162, 1.0
30591.27010097114, 39, 1.0
30593.873671474546, 96, 1.0
30594.733051296113, 69, -1.0
30596.264510619632, 43, -1.0
30597.203675656903, 54, 1.0
30597.689505701444, 33, -1.0
30603.684412100207, 75, 1.0
30604.058547615485, 163, 1.0
30607.774419165413, 70, -1.0
30610.137534155776, 31, -1.0
30611.894345969955, 222, -1.0
30615.544856010943, 97, -1.0
30619.127336885074, 65, 1.0
30621.804593418536, 59, 1.0
30622.13295658418, 46, 1.0
30624.310046266346, 116, -1.0
30626.87338741201, 153, -1.0
30628.920321661455, 102, 1.0
30633.238681079918, 155, -1.0
30634.290359282102, 157, -1.0
30634.457131624647, 101, 1.0
30635.308121579732, 181, -1.0
30636.526203463407, 105, -1.0
30637.890284921123, 126, 1.0
30638.179070299502, 159, -1.0
30639.48928076954, 164, -1.0
30640.26513196803, 160, -1.0
30641.55920574948, 188, -1.0
30645.505883765523, 40, 1.0
30646.36138640401, 163, 1.0
30651.341882453977, 67, -1.0
30651.369170614358, 106, -1.0
30655.766491349, 101, -1.0
30656.057580064495, 75, -1.0
30659.20591405618, 101, -1.0
30663.089774602016, 28, 1.0
30664.99503719413, 193, -1.0
30667.725457300865, 70, -1.0
30669.766733554497, 45, -1.0
30672.694080352583, 109, -1.0
30678.65262735016, 161, -1.0
30683.03768211049, 139, -1.0
30688.093359250895, 165, -1.0
30689.230752971813, 103, 1.0
30691.33749986083, 122, -1.0
30692.174702767174, 62, -1.0
30701.173065083465, 137, -1.0
30703.493343576367, 72, 1.0
30705.722313869057, 159, -1.0
30706.22009400826, 59, 1.0
30706.345548557125, 170, -1.0
30706.413504159606, 137, 1.0
30706.809993608764, 105, 1.0
30707.034907495865, 119, -1.0
30708.260003779018, 71, 1.0
30709.583791723137, 120, -1.0
30710.2512201943, 103, 1.0
30711.368920997396, 44, -1.0
30713.343995646464, 71, 1.0
30718.20625422564, 43, -1.0
30718.947106595424, 51, 1.0
30719.88720472715, 123, 1.0
30721.081161009006, 161, -1.0
30722.50338932497, 141, 1.0
30723.6912166476, 97, -1.0
30729.84184647021, 45, 1.0
30730.097549999402, 109, 1.0
30731.404017647663, 88, -1.0
30732.215791462135, 28, -1.0
30733.77124985674, 118, -1.0
30735.099349164284, 66, -1.0
30738.968510484243, 27, -1.0
30740.520045145437, 105, 1.0
30742.50209044092, 103, 1.0
30743.236248413625, 84, -1.0
30751.37607994005, 109, -1.0
30752.036230060352, 69, -1.0
30758.125335177927, 40, 1.0
30759.3563886558, 114, -1.0
30760.024486596667, 74, -1.0
30768.20904502119, 141, 1.0
30774.466627407986, 137, 1.0
30774.68507595378, 103, 1.0
30775.84792299343, 90, -1.0
30777.228873403743, 163, -1.0
30778.81110095474, 104, -1.0
30782.72635529502, 83, -1.0
30787.18585500156, 182, 1.0
30788.853312084913, 155, -1.0
30789.34443374337, 181, -1.0
30789.638691933804, 114, -1.0
30790.09673413391, 123, -1.0
30791.421853017968, 182, 1.0
30792.473974512344, 92, -1.0
30794.17925078688, 32, -1.0
30795.073200990344, 90, -1.0
30795.821763075633, 32, -1.0
30802.252547297616, 139, -1.0
30803.722961023566, 116, 1.0
30804.5772654371, 92, -1.0
30807.89905790253, 65, -1.0
30810.001660429676, 73, 1.0
30814.474843432723, 64, 1.0
30820.810826699115, 89, -1.0
30821.674686170732, 108, -1.0
30825.238466735103, 60, -1.0
30831.74540425388, 71, 1.0
30833.510524376146, 81, -1.0
30833.854940036374, 169, 1.0
30834.389719445324, 164, -1.0
30836.343200817544, 99, 1.0
30836.382659729676, 83, -1.0
30838.174886969064, 90, -1.0
30839.279184129322, 100, -1.0
30839.950960738595, 59, 1.0
30841.517649748705, 177, 1.0
30843.873084505514, 53, -1.0
30845.64068121878, 64, 1.0
30845.908727738894, 100, -1.0
30851.006987188306, 126, -1.0
30851.778838767455, 81, -1.0
30856.939106326758, 137, -1.0
30860.225149059705, 29, -1.0
30860.52553685694, 97, -1.0
30861.581904610954, 146, -1.0
30867.171807785973, 163, -1.0
30868.774013302675, 46, 1.0
30869.552835858034, 109, 1.0
30869.621714509525, 89, -1.0
30871.546471462978, 67, 1.0
30873.773384674372, 93, -1.0
30874.630287426095, 139, -1.0
30880.276882062844, 155, -1.0
30881.04071178016, 45, -1.0
30884.814061182846, 58, -1.0
30886.865513325578, 84, -1.0
30887.405138870923, 32, -1.0
30888.460457240966, 141, -1.0
30890.98982604473, 35, 1.0
30892.01229763697, 123, -1.0
30893.351374009137, 34, -1.0
30896.55036314678, 69, 1.0
30898.112851989168, 92, 1.0
30898.71308446696, 99, 1.0
30900.051285700512, 98, -1.0
30900.40182823078, 32, -1.0
30900.907485633128, 118, -1.0
30903.552224584113, 152, 1.0
30904.123067722605, 142, -1.0
30904.87102942344, 177, -1.0
30904.93567827511, 45, -1.0
30905.566908596775, 116, 1.0
30907.28856763999, 64, -1.0
30913.73573175311, 193, -1.0
30915.29240939278, 90, -1.0
30917.495082885995, 148, -1.0
30918.211067827, 76, -1.0
30919.24635451294, 168, 1.0
30921.7594951324, 92, -1.0
30930.775593122256, 75, -1.0
30931.081274144377, 88, -1.0
30933.760848267593, 31, -1.0
30935.47896016073, 116, 1.0
30936.34306977509, 50, -1.0
30936.757183416456, 119, 1.0
30937.41154649739, 146, -1.0
30938.24631840668, 152, -1.0
30939.25716723582, 161, -1.0
30943.19802954338, 55, 1.0
30943.35676217409, 234, 1.0
30944.43354257766, 142, -1.0
30946.279231782268, 41, -1.0
30946.637430280156, 71, 1.0
30952.61887014556, 162, -1.0
30960.97165791218, 105, 1.0
30961.143011443637, 88, -1.0
30964.64518560108, 45, 1.0
30966.976988728282, 114, -1.0
30973.40376540141, 89, -1.0
30982.15958314817, 114, -1.0
30982.275546109307, 163, 1.0
30983.521316956125, 101, 1.0
30985.95782264315, 148, -1.0
30989.96587597457, 63, 1.0
30990.75942468405, 169, 1.0
30990.944059440222, 67, 1.0
30990.95843506935, 202, -1.0
30993.03123106034, 177, -1.0
30993.743815071124, 34, -1.0
30994.554124240374, 164, -1.0
30996.454506703347, 228, 1.0
30999.14256392562, 235, 1.0
30999.378457327, 109, 1.0
31002.02738104422, 109, 1.0
31004.47247007962, 73, 1.0
31006.22905093273, 43, -1.0
31008.112140037778, 35, 1.0
31009.059118926176, 67, -1.0
31009.661589527197, 45, -1.0
31009.947970471, 146, -1.0
31011.31376047645, 76, -1.0
31016.526996310327, 165, -1.0
31018.726051271904, 53, -1.0
31020.479806288204, 42, -1.0
31022.027864169428, 35, -1.0
31024.249124375005, 76, -1.0
31025.22425964416, 43, -1.0
31025.652050482946, 233, -1.0
31028.1274824994, 76, -1.0
31029.722590362642, 103, 1.0
31030.059372249147, 76, -1.0
31033.146459223426, 64, -1.0
31033.403344723803, 101, -1.0
31033.571146649214, 98, -1.0
31038.803156521746, 117, -1.0
31039.962577888735, 116, -1.0
31040.130886560204, 40, -1.0
31043.744052903912, 141, 1.0
31044.163209206425, 126, -1.0
31044.218110179976, 142, 1.0
31048.154387991104, 105, 1.0
31049.251945345364, 163, 1.0
31049.949878799012, 58, 1.0
31053.32991763681, 50, 1.0
31054.828517778897, 50, -1.0
31058.827756780152, 83, 1.0
31059.36620305067, 116, -1.0
31063.247544245292, 152, 1.0
31068.956833052758, 235, 1.0
31069.70000148109, 122, -1.0
31071.621421240357, 116, 1.0
31075.010552731077, 71, 1.0
31078.313396034613, 157, -1.0
31078.73151786677, 39, -1.0
31079.328215938192, 152, -1.0
31080.20584845777, 222, -1.0
31080.630742566278, 137, 1.0
31081.82978408533, 42, -1.0
31082.758342679605, 91, -1.0
31087.112672536965, 69, 1.0
31088.536807086544, 81, 1.0
31092.846644306723, 86, -1.0
31093.054383714865, 109, 1.0
31095.008408947142, 52, 1.0
31096.834639127934, 45, -1.0
31100.061079570023, 154, -1.0
31103.088435940714, 32, 1.0
31106.05511473045, 86, -1.0
31106.14469969347, 235, -1.0
31110.86683686135, 93, -1.0
31114.031361412064, 42, -1.0
31115.882474341703, 36, 1.0
31116.555853922564, 90, 1.0
31117.771309167358, 95, -1.0
31119.205988718444, 142, -1.0
31119.679710531385, 51, 1.0
31121.063938844745, 28, -1.0
31121.541661963533, 116, -1.0
31121.9243050333, 108, -1.0
31124.42089483677, 116, -1.0
31130.329625790713, 234, -1.0
31135.832491218112, 33, 1.0
31136.37138815629, 97, -1.0
31136.74576145584, 167, -1.0
31139.116404487035, 44, 1.0
31140.71002537376, 100, -1.0
31140.900469546712, 99, -1.0
31143.62043376079, 60, -1.0
31143.775260056533, 163, -1.0
31145.636271558342, 59, -1.0
31148.033236040428, 80, -1.0
31150.006247000827, 162, -1.0
31159.377514765252, 117, -1.0
31159.55298209589, 129, -1.0
31160.86752347512, 159, -1.0
31165.907674008915, 103, 1.0
31167.939483140646, 163, -1.0
31168.41220257478, 101, 1.0
31169.893071997074, 234, -1.0
31175.28281734435, 45, 1.0
31175.559421162638, 109, 1.0
31177.538533823426, 126, 1.0
31178.534943016686, 101, -1.0
31179.82519696985, 36, 1.0
31180.260776609048, 116, 1.0
31181.974422301733, 35, -1.0
31182.471266191074, 193, -1.0
31183.985855783198, 158, -1.0
31184.46366251703, 126, -1.0
31184.564011229057, 65, -1.0
31186.09858461773, 102, -1.0
31186.99415510314, 44, -1.0
31188.9400049326, 88, -1.0
31189.32434554101, 54, 1.0
31191.11290586284, 40, 1.0
31192.973464960116, 105, 1.0
31193.8510279374, 81, -1.0
31198.470565762356, 99, -1.0
31200.162726719667, 114, 1.0
31201.828485911985, 58, -1.0
31202.248650806512, 44, -1.0
31202.374167169353, 71, 1.0
31203.060313053287, 99, 1.0
31204.508970449195, 45, 1.0
31206.400937485538, 157, -1.0
31208.406608780027, 50, 1.0
31209.00208178623, 60, -1.0
31209.413128267086, 45, -1.0
31210.50744621783, 130, -1.0
31212.474413114123, 177, -1.0
31213.896017903022, 45, 1.0
31214.21277246483, 233, 1.0
31214.64583009207, 109, -1.0
31216.972441650247, 193, 1.0
31227.192905590964, 233, 1.0
31227.4594364261, 142, -1.0
31230.571601517517, 43, 1.0
31232.782746245044, 58, 1.0
31234.558357530106, 42, -1.0
31234.800427395374, 116, 1.0
31236.69183381881, 81, -1.0
31237.16280256461, 33, -1.0
31240.2138532896, 158, -1.0
31245.56043731644, 100, -1.0
31247.235127540458, 159, -1.0
31257.190729943173, 69, -1.0
31257.56603383194, 165, -1.0
31258.710891055594, 152, 1.0
31264.90384002253, 228, 1.0
31268.630229418657, 120, -1.0
31269.51437654562, 119, -1.0
31270.17880138073, 59, 1.0
31270.341743194524, 163, 1.0
31270.675811850724, 117, 1.0
31270.937159530502, 65, 1.0
31273.81138393965, 27, -1.0
31275.71510803796, 51, -1.0
31276.60586112614, 40, 1.0
31278.77209812135, 53, -1.0
31281.32385639017, 88, -1.0
31283.801473492575, 33, -1.0
31283.865324688046, 50, -1.0
31285.42514865138, 110, -1.0
31287.28086173583, 61, 1.0
31291.41426188474, 148, -1.0
31296.456458427605, 147, -1.0
31297.640193659863, 60, -1.0
31298.535981342295, 39, -1.0
31303.706760467947, 193, 1.0
31304.227344157473, 234, -1.0
31306.0528571278, 117, -1.0
31308.206719949696, 114, -1.0
31309.88335319331, 153, 1.0
31310.64465826334, 45, -1.0
31311.245725823876, 70, 1.0
31311.66069884473, 43, 1.0
31313.01472742048, 148, -1.0
31314.519108414963, 177, -1.0
31315.330470392, 53, -1.0
31324.279566344325, 94, -1.0
31325.64623065456, 152, 1.0
31329.04731008988, 234, 1.0
31329.239988712085, 58, 1.0
31333.398367610636, 87, 1.0
31334.7612972581, 154, 1.0
31335.087019334638, 59, -1.0
31335.63518762837, 154, -1.0
31335.76263741245, 163, -1.0
31338.1696634257, 59, 1.0
31338.512961063276, 69, 1.0
31342.598092370896, 34, -1.0
31343.214424735917, 168, -1.0
31343.458413654564, 67, 1.0
31343.493757481367, 233, 1.0
31346.307604422906, 95, 1.0
31346.774079366856, 177, -1.0
31347.8405870619, 44, -1.0
31347.998829722022, 89, -1.0
31349.625434766218, 137, -1.0
31349.77627230113, 160, -1.0
31350.649899673732, 29, 1.0
31354.16243328363, 67, 1.0
31356.92204617082, 119, -1.0
31358.200248406916, 75, 1.0
31360.842171205073, 50, -1.0
31361.43603377332, 71, 1.0
31362.742762064485, 28, -1.0
31364.20795184888, 64, -1.0
31366.773756686776, 40, -1.0
31368.697935055847, 29, 1.0
31369.149753963473, 152, -1.0
31374.01142624834, 66, -1.0
31375.064279404793, 116, 1.0
31379.321285826514, 105, 1.0
31387.34622341797, 103, 1.0
31389.805653862757, 40, -1.0
31391.011927122818, 87, 1.0
31391.75550606143, 55, -1.0
31396.38506544637, 98, -1.0
31397.203905280185, 114, 1.0
31408.59422792201, 96, -1.0
31410.056232196803, 29, -1.0
31411.206007408957, 76, -1.0
31417.692551192853, 60, -1.0
31418.4145274654, 75, -1.0
31418.833709957948, 50, 1.0
31422.32480450981, 104, 1.0
31426.214469566272, 130, -1.0
31426.31208664801, 54, -1.0
31426.415349073126, 152, -1.0
31426.442843748882, 61, -1.0
31427.644626975187, 100, -1.0
31428.621345242424, 154, 1.0
31431.622093326878, 40, 1.0
31432.550552225897, 154, 1.0
31434.81326876846, 123, 1.0
31435.130833952113, 73, -1.0
31438.348267555844, 72, -1.0
31440.30916615265, 162, -1.0
31443.032062623013, 81, -1.0
31445.31697265061, 63, 1.0
31446.725160702994, 116, -1.0
31446.828728926233, 28, 1.0
31447.060370203075, 126, 1.0
31447.32605848714, 35, -1.0
31449.230711811528, 120, -1.0
31453.04368192167, 101, -1.0
31454.014546859536, 84, 1.0
31458.678790451384, 54, -1.0
31462.331397687853, 59, -1.0
31462.54968171243, 103, 1.0
31462.5977057262, 241, -1.0
31465.77646860341, 163, -1.0
31468.44526375192, 40, 1.0
31471.02915942063, 154, -1.0
31474.567379956825, 149, -1.0
31478.273393793126, 119, -1.0
31481.290835862226, 44, -1.0
31488.419153720697, 124, -1.0
31488.908798961125, 114, 1.0
31489.293241597385, 34, 1.0
31493.908557934577, 86, -1.0
31494.6564011851, 126, 1.0
31494.94101919388, 228, 1.0
31495.787567704163, 45, -1.0
31500.003698306722, 122, -1.0
31503.724544144767, 52, 1.0
31504.195262967318, 169, 1.0
31504.823646443143, 104, -1.0
31504.90884227857, 146, -1.0
31506.071986000286, 109, 1.0
31506.54791204233, 124, -1.0
31508.33339424602, 101, -1.0
31508.507314442817, 104, 1.0
31517.02750346202, 162, -1.0
31517.27120438563, 59, -1.0
31519.970164906525, 103, -1.0
31521.17876125552, 103, 1.0
31522.555813843013, 50, -1.0
31523.80346309224, 40, 1.0
31525.801428990377, 35, 1.0
31529.391927363366, 60, -1.0
31530.211933360402, 59, 1.0
31530.231171724183, 130, -1.0
31535.625922706313, 116, 1.0
31536.202354276385, 114, 1.0
31537.584688057887, 152, 1.0
31537.852240274966, 157, 1.0
31539.47581126127, 169, 1.0
31540.39421129141, 74, 1.0
31540.545400360603, 167, -1.0
31543.126152019297, 35, 1.0
31543.367664729132, 41, -1.0
31544.44324477441, 35, -1.0
31549.018345780925, 35, -1.0
31549.203247421105, 159, -1.0
31550.776865189433, 105, -1.0
31557.372187185414, 163, -1.0
31569.567197536704, 182, 1.0
31574.620821449265, 71, 1.0
31576.736378786085, 102, 1.0
31585.745992922144, 153, 1.0
31586.65431425578, 33, -1.0
31592.707515610018, 97, -1.0
31593.0442697524, 162, -1.0
31595.14486392315, 48, 1.0
31599.937764890616, 75, 1.0
31603.343621485994, 64, 1.0
31603.879322317247, 60, -1.0
31605.91682383798, 120, -1.0
31607.969897074647, 96, -1.0
31610.38372134116, 109, -1.0
31618.061753234324, 86, -1.0
31619.423103417572, 142, -1.0
31619.724485832605, 148, -1.0
31626.92019986967, 154, 1.0
31629.532583309207, 76, -1.0
31631.87138595693, 50, 1.0
31632.93373775057, 222, -1.0
31635.360379798432, 137, -1.0
31639.520674832063, 67, -1.0
31643.495879202637, 101, -1.0
31643.911914152166, 94, -1.0
31647.80512699074, 112, 1.0
31649.513501751462, 71, 1.0
31650.10631173865, 103, 1.0
31651.45297838853, 69, 1.0
31655.27460351951, 37, -1.0
31657.904250456762, 50, -1.0
31659.103090192162, 90, -1.0
31661.32847763079, 103, 1.0
31662.529887645556, 67, -1.0
31664.04374922055, 169, 1.0
31665.275035696028, 40, -1.0
31667.07044830015, 161, 1.0
31668.03420873654, 165, -1.0
31670.21453413985, 126, 1.0
31670.653945727445, 105, 1.0
31671.000330677733, 114, 1.0
31672.939588663983, 116, 1.0
31674.082919719316, 80, 1.0
31674.266235508472, 46, -1.0
31678.080715005643, 67, -1.0
31678.4175315312, 45, 1.0
31678.51636868299, 108, 1.0
31678.63240682946, 58, -1.0
31678.693265237514, 222, -1.0
31679.611199652616, 29, 1.0
31686.421424647335, 101, -1.0
31686.798163230837, 53, -1.0
31687.1381010478, 142, -1.0
31688.417448309698, 118, 1.0
31689.584537557403, 64, -1.0
31689.67887871611, 74, -1.0
31697.299074070477, 114, -1.0
31698.345051085325, 165, 1.0
31698.771504940058, 160, 1.0
31702.0178535255, 41, 1.0
31706.251559438493, 146, -1.0
31707.471950192175, 169, 1.0
31710.285323184136, 88, -1.0
31711.811097382106, 234, 1.0
31712.73158329088, 98, -1.0
31716.28006600906, 130, 1.0
31717.086089427678, 137, 1.0
31720.304349958744, 92, -1.0
31721.24056964166, 83, -1.0
31721.510533035187, 138, -1.0
31724.077861432237, 58, -1.0
31724.58340217862, 123, -1.0
31730.166055085385, 52, -1.0
31730.616084362595, 103, 1.0
31731.328400622406, 43, -1.0
31732.68391062213, 97, -1.0
31733.583488771947, 142, 1.0
31734.213353579755, 153, 1.0
31738.091753530214, 66, 1.0
31741.016401164037, 36, 1.0
31741.02791771232, 182, -1.0
31741.262374255537, 64, -1.0
31744.94289958881, 141, -1.0
31745.83489253259, 66, 1.0
31747.576104997417, 40, 1.0
31750.089253547107, 56, -1.0
31750.76539867439, 91, -1.0
31751.132039700846, 109, 1.0
31751.305131581445, 45, -1.0
31751.494516324223, 75, 1.0
31752.408246889034, 120, -1.0
31752.768142999892, 137, 1.0
31752.92376485738, 74, -1.0
31753.022891413384, 61, -1.0
31753.770908146926, 59, 1.0
31759.302492334322, 116, -1.0
31760.762484978317, 81, 1.0
31763.37787336993, 233, -1.0
31765.781304379943, 117, -1.0
31766.106281371325, 81, -1.0
31767.036185361103, 61, 1.0
31767.352558762523, 90, -1.0
31772.300269450006, 83, -1.0
31775.59472468232, 67, -1.0
31775.888722689026, 39, -1.0
31777.0634821775, 141, -1.0
31777.974532223816, 161, 1.0
31778.357325312965, 177, -1.0
31781.935267688466, 48, -1.0
31783.131654621186, 169, -1.0
31786.746216700034, 61, 1.0
31786.960752367853, 158, -1.0
31790.81605685839, 146, -1.0
31790.932806185843, 149, -1.0
31790.939099386054, 54, -1.0
31793.405338943707, 228, 1.0
31793.588331918952, 96, -1.0
31795.342622411503, 130, -1.0
31797.03937051521, 59, 1.0
31801.86081364668, 82, 1.0
31802.764773738112, 81, -1.0
31803.420084439687, 29, 1.0
31803.584769002224, 170, -1.0
31804.179731850494, 66, -1.0
31807.43796084944, 160, -1.0
31810.46714524997, 163, 1.0
31810.59693852751, 126, 1.0
31812.618630252662, 167, 1.0
31813.59087712959, 146, -1.0
31815.24626048415, 122, -1.0
31816.712525853145, 50, -1.0
31820.021632753975, 142, 1.0
31820.110458744108, 52, -1.0
31821.38409276241, 165, 1.0
31822.52769337659, 177, 1.0
31826.174959159292, 152, 1.0
31826.543374119923, 158, -1.0
31827.469344603072, 162, -1.0
31827.846117124445, 182, 1.0
31830.562978448856, 74, 1.0
31831.999922059083, 105, 1.0
31832.8863910277, 157, 1.0
31833.02838586623, 126, 1.0
31835.088869881038, 71, 1.0
31842.18511159211, 83, -1.0
31843.22187835047, 62, -1.0
31843.430237575925, 32, -1.0
31846.07817621963, 34, -1.0
31847.106561929257, 126, 1.0
31847.433752878187, 48, 1.0
31851.84732124809, 72, 1.0
31854.56891819073, 91, -1.0
31855.35285736082, 84, -1.0
31855.631337242397, 112, -1.0
31858.900516567668, 99, 1.0
31862.71520726999, 113, 1.0
31870.43611999359, 40, 1.0
31871.620196028372, 97, -1.0
31873.924879880436, 68, 1.0
31873.978369937864, 92, -1.0
31874.140899634123, 35, 1.0
31874.478806506017, 171, -1.0
31878.797728643473, 116, 1.0
31878.939278065875, 152, -1.0
31881.773779573243, 154, -1.0
31882.17628250268, 89, -1.0
31884.90885987298, 35, -1.0
31885.07898294479, 109, 1.0
31888.107755676672, 158, -1.0
31893.08392497714, 69, 1.0
31894.048328636534, 91, -1.0
31894.920434336997, 111, 1.0
31895.359923714866, 45, 1.0
31895.855741613937, 76, -1.0
31895.87579990612, 95, 1.0
31897.247538157313, 100, -1.0
31897.783089830984, 28, 1.0
31897.958572054016, 166, -1.0
31898.80008087031, 235, -1.0
31903.502135468367, 81, 1.0
31905.817572709268, 67, 1.0
31908.845101368777, 150, -1.0
31911.15293861186, 91, -1.0
31913.083630589717, 177, -1.0
31918.22637220284, 165, 1.0
31921.37879406356, 56, 1.0
31921.640977454757, 165, 1.0
31922.341125251372, 26, -1.0
31925.60505345177, 40, -1.0
31925.754180372664, 142, 1.0
31927.130556235094, 101, 1.0
31928.624025486417, 114, -1.0
31930.00193381836, 81, 1.0
31932.399955149645, 120, -1.0
31932.821523294522, 44, -1.0
31933.536276517676, 114, -1.0
31934.197754270743, 40, -1.0
31938.453425414067, 146, -1.0
31940.328018046228, 31, -1.0
31941.67407736796, 165, -1.0
31942.211120478187, 103, 1.0
31944.13313066322, 35, -1.0
31945.558500646242, 76, 1.0
31947.733004517417, 99, -1.0
31947.763026377626, 234, -1.0
31948.35552182154, 66, 1.0
31948.749162521322, 28, -1.0
31950.92045997333, 51, 1.0
31958.701189119853, 141, 1.0
31958.94600518713, 181, 1.0
31961.644046421647, 114, 1.0
31964.428800850914, 35, 1.0
31965.89792795979, 36, 1.0
31966.04235239626, 163, -1.0
31967.351866157598, 114, -1.0
31968.901432443123, 48, -1.0
31969.098053450856, 68, 1.0
31969.45084261977, 141, -1.0
31970.679274535018, 45, -1.0
31971.19831026021, 142, -1.0
31971.436422293806, 161, 1.0
31971.987343442364, 60, -1.0
31974.963886399633, 222, -1.0
31976.488062975302, 33, -1.0
31977.453669796032, 43, 1.0
31978.723296706296, 105, 1.0
31979.3017657372, 152, -1.0
31980.655635002033, 45, -1.0
31985.057439065113, 99, 1.0
31985.825356922513, 88, 1.0
31990.522462448625, 103, 1.0
31993.892472850574, 86, -1.0
31994.57774344733, 161, 1.0
31994.82275938521, 146, 1.0
31996.99408537452, 57, 1.0
31998.316010780865, 75, -1.0
31998.532824322196, 159, -1.0
31998.99674041554, 159, -1.0
31999.37076033343, 81, 1.0
32001.713665510073, 120, -1.0
32002.453576958, 58, -1.0
32005.695304968853, 141, 1.0
32007.9479048877, 35, 1.0
32008.206932803867, 162, -1.0
32011.927377878194, 95, 1.0
32011.95081220987, 99, -1.0
32013.58870078016, 146, -1.0
32014.96415289032, 233, 1.0
32015.374541900845, 27, -1.0
32017.753299168155, 130, -1.0
32018.36831914907, 52, 1.0
32021.97163210172, 72, -1.0
32022.52986720509, 69, 1.0
32023.368801845252, 109, 1.0
32031.85888688414, 71, 1.0
32032.121422609747, 97, -1.0
32036.871634229166, 59, -1.0
32039.224568474005, 166, -1.0
32042.387629094796, 123, 1.0
32047.357824282004, 164, 1.0
32051.149786466118, 193, -1.0
32051.81648718714, 83, 1.0
32053.632568613728, 87, -1.0
32060.010763451104, 72, 1.0
32063.995861175288, 45, 1.0
32064.22658578994, 26, 1.0
32065.021693841223, 86, 1.0
32067.613952648586, 169, 1.0
32070.540578830958, 33, -1.0
32070.74330497633, 83, -1.0
32072.055785925102, 83, -1.0
32073.06156807967, 119, -1.0
32073.557293681475, 119, 1.0
32075.315763485894, 46, -1.0
32075.725813164878, 58, -1.0
32076.479116912767, 123, 1.0
32079.25302428004, 75, 1.0
32080.38028221741, 117, -1.0
32082.258260765735, 116, 1.0
32082.504773943903, 152, 1.0
32083.388842421642, 92, -1.0
32086.65271281379, 28, -1.0
32089.857354733344, 182, 1.0
32091.071319231567, 28, -1.0
32091.33094226282, 149, -1.0
32091.859121876216, 164, 1.0
32092.69884751482, 95, -1.0
32093.74271648529, 99, -1.0
32095.396134715105, 67, 1.0
32101.763878292168, 72, 1.0
32103.038148221996, 74, -1.0
32105.167123976727, 33, -1.0
32110.276693253843, 166, -1.0
32110.31593259581, 71, 1.0
32112.626551553665, 150, -1.0
32114.755871851856, 28, -1.0
32116.273565628948, 163, 1.0
32117.04725041953, 126, -1.0
32119.106516309905, 139, -1.0
32119.372233214846, 69, -1.0
32119.85583600796, 100, -1.0
32120.622511270274, 182, 1.0
32123.403633700567, 198, -1.0
32123.48649582718, 80, -1.0
32124.520502282256, 99, -1.0
32128.077288352037, 59, -1.0
32129.017298169634, 58, 1.0
32129.754304342212, 32, -1.0
32130.254992224676, 101, -1.0
32133.523851131933, 146, 1.0
32133.593248805875, 164, -1.0
32135.282408927174, 169, 1.0
32135.504758703133, 118, -1.0
32135.97837394193, 163, 1.0
32139.31704580991, 210, 1.0
32145.081153885712, 66, 1.0
32149.99269540627, 152, 1.0
32153.64241343327, 83, 1.0
32156.141509860066, 158, -1.0
32158.20290349899, 65, -1.0
32158.597960572482, 141, 1.0
32161.114412095736, 26, 1.0
32163.282615890028, 73, -1.0
32164.644460794712, 60, -1.0
32167.277117946887, 116, -1.0
32170.44992916676, 72, -1.0
32171.11815010741, 91, 1.0
32177.210741667182, 152, -1.0
32178.05616770486, 101, 1.0
32180.336818961394, 40, -1.0
32182.410635591863, 119, 1.0
32182.980575614973, 169, -1.0
32184.442342726546, 116, -1.0
32186.53905617656, 35, -1.0
32188.231248846263, 87, 1.0
32188.418073879337, 105, 1.0
32190.241114385833, 198, -1.0
32192.775075869504, 40, -1.0
32195.776870907204, 165, -1.0
32195.972737958386, 59, 1.0
32197.638281098418, 139, -1.0
32198.051401970675, 148, -1.0
32198.15487695618, 81, -1.0
32198.449175835172, 142, 1.0
32200.973528377068, 154, -1.0
32201.466125216342, 155, -1.0
32206.11790106952, 35, 1.0
32209.12783630841, 58, -1.0
32209.855099472148, 35, -1.0
32210.97620011757, 102, -1.0
32211.274951042076, 164, 1.0
32211.443470154478, 149, 1.0
32215.697069534774, 54, -1.0
32217.11945716064, 46, -1.0
32218.08953360086, 99, 1.0
32218.952429843433, 39, -1.0
32219.10912030595, 46, -1.0
32221.53553445702, 105, -1.0
32221.72758228258, 53, -1.0
32223.234841787824, 83, -1.0
32226.095546219, 114, 1.0
32232.86509405033, 86, 1.0
32236.140345503823, 44, -1.0
32238.897647152302, 163, -1.0
32240.484219430356, 68, 1.0
32244.39186885547, 42, -1.0
32244.462178096197, 99, 1.0
32246.543479606098, 181, 1.0
32246.991838220623, 59, -1.0
32249.18084687228, 118, -1.0
32249.763717933176, 104, 1.0
32255.291009355282, 116, 1.0
32258.40506430714, 27, 1.0
32262.111310057884, 51, 1.0
32268.652463003033, 105, -1.0
32273.905159227987, 146, -1.0
32274.556564477927, 62, 1.0
32274.575800834456, 76, -1.0
32274.605699941403, 50, -1.0
32275.101467086883, 153, 1.0
32277.126833008624, 169, 1.0
32278.287189544626, 152, -1.0
32280.009112527976, 154, 1.0
32281.846530200586, 101, -1.0
32282.910610434043, 97, -1.0
32284.686392739255, 110, -1.0
32287.011215190418, 182, -1.0
32293.502020738582, 142, 1.0
32295.015988325307, 123, 1.0
32295.64430332224, 165, 1.0
32296.260693989854, 148, -1.0
32296.99671170512, 118, -1.0
32297.037706281073, 160, 1.0
32297.643799759808, 126, 1.0
32298.357359673846, 193, -1.0
32304.87844579789, 149, -1.0
32305.12274192654, 56, -1.0
32305.239079664432, 35, -1.0
32308.657131029544, 142, 1.0
32310.69855034804, 146, -1.0
32311.480279268002, 119, 1.0
32312.696084662173, 102, 1.0
32319.26419123896, 130, 1.0
32320.42203120746, 163, -1.0
32326.08571435208, 162, -1.0
32327.059212208034, 81, -1.0
32327.45459805098, 165, -1.0
32336.464279558168, 107, 1.0
32337.70043545373, 76, -1.0
32339.719695038617, 105, 1.0
32341.105913987816, 163, 1.0
32344.39553961598, 44, 1.0
32345.150446941774, 149, -1.0
32346.138172675932, 99, -1.0
32347.513153063825, 148, -1.0
32352.919104726494, 119, -1.0
32353.18441208956, 169, 1.0
32357.583424239325, 165, -1.0
32358.22365368048, 158, 1.0
32358.539362915235, 177, -1.0
32359.795919495562, 148, 1.0
32360.008310963774, 163, -1.0
32361.329903174286, 68, 1.0
32362.21789522733, 233, -1.0
32365.543820430223, 37, 1.0
32375.60888175723, 68, 1.0
32376.083850484767, 27, -1.0
32378.117018529167, 159, -1.0
32378.531742948948, 154, -1.0
32379.72786922461, 137, -1.0
32381.420731564605, 58, -1.0
32383.18975488378, 50, 1.0
32389.28723148966, 45, -1.0
32391.734700843164, 114, 1.0
32392.022068513546, 53, -1.0
32392.340119099827, 40, 1.0
32392.670609267745, 91, -1.0
32393.68332951209, 40, 1.0
32395.8556725907, 42, -1.0
32395.9128418765, 114, -1.0
32399.406908279983, 60, -1.0
