28803.98614710298, 234, 1.0
28806.681985835407, 75, 1.0
28807.74698108609, 159, -1.0
28809.192595516084, 65, 1.0
28811.579067486076, 59, -1.0
28814.709602858537, 59, 1.0
28815.943713822908, 75, 1.0
28817.932064946915, 33, -1.0
28819.949933465257, 69, 1.0
28824.68473780783, 161, 1.0
28824.995325188, 97, -1.0
28825.809854644707, 100, -1.0
28826.126410861536, 46, -1.0
28829.837294805522, 193, -1.0
28833.91784093472, 41, -1.0
28834.781383660218, 98, -1.0
28835.184532872954, 71, 1.0
28836.99286376583, 161, 1.0
28837.42733653309, 152, -1.0
28840.88712400683, 146, -1.0
28841.36370849959, 177, 1.0
28841.82549261281, 105, 1.0
28843.074025761645, 73, -1.0
28850.74782802583, 182, 1.0
28851.2537500033, 61, -1.0
28853.35257711199, 159, 1.0
28858.522706414136, 101, 1.0
28858.728284240467, 74, -1.0
28862.142192163086, 87, -1.0
28863.512499635606, 154, 1.0
28863.655679323496, 71, 1.0
28865.677794306208, 152, -1.0
28867.203493423152, 54, -1.0
28867.265103613456, 130, -1.0
28870.323862777677, 97, -1.0
28872.1328742433, 54, -1.0
28874.120881861978, 80, 1.0
28874.2746382289, 165, 1.0
28874.74844623641, 241, -1.0
28875.15805092348, 68, 1.0
28875.40675295465, 68, 1.0
28877.81098606525, 32, -1.0
28882.220383076845, 86, -1.0
28882.46951163377, 94, -1.0
28884.312683625063, 108, -1.0
28884.44149776689, 36, 1.0
28884.8319094564, 54, -1.0
28886.884430766386, 43, -1.0
28887.831496782106, 233, 1.0
28889.373239570894, 90, -1.0
28889.56448547557, 58, -1.0
28894.106734261426, 114, -1.0
28894.304679492663, 235, 1.0
28900.34024977445, 67, 1.0
28904.047710752864, 149, 1.0
28904.32314505789, 116, -1.0
28906.045068508487, 102, -1.0
28906.171756936987, 81, 1.0
28909.372180084505, 114, -1.0
28910.108041458363, 116, 1.0
28911.644163453915, 75, 1.0
28914.81364681114, 146, -1.0
28918.027360090007, 126, -1.0
28919.503112938473, 164, 1.0
28920.15715708447, 99, -1.0
28922.527409531238, 116, -1.0
28922.795554811506, 146, -1.0
28924.858210085455, 75, 1.0
28924.94001146745, 142, -1.0
28927.739763534017, 90, -1.0
28933.289113573854, 69, 1.0
28940.197382361228, 241, -1.0
28942.827078864622, 58, -1.0
28942.84051924736, 233, 1.0
28944.018832889375, 75, 1.0
28944.13059050301, 101, 1.0
28945.025598834414, 87, -1.0
28946.31735304359, 152, -1.0
28948.574380729835, 81, -1.0
28950.07151143216, 163, 1.0
28952.753838636985, 27, 1.0
28953.863536883608, 154, -1.0
28954.693991279513, 126, 1.0
28958.991869562116, 40, 1.0
28959.171406694113, 100, 1.0
28961.098330159424, 161, 1.0
28961.336258176863, 161, -1.0
28962.472858675486, 41, 1.0
28965.46883429722, 114, -1.0
28967.821239708665, 41, 1.0
28967.933306260173, 70, 1.0
28969.231804406125, 48, 1.0
28970.234310425436, 152, -1.0
28972.025888634525, 114, 1.0
28972.594123115538, 165, -1.0
28976.78346925818, 34, -1.0
28977.931189473464, 182, -1.0
28981.288659838443, 80, -1.0
28983.394266928415, 182, 1.0
28986.652478756718, 113, -1.0
28991.799841744898, 163, -1.0
28993.07691687786, 65, -1.0
28995.151731613405, 59, -1.0
28996.64604144098, 75, -1.0
28996.853272557768, 68, 1.0
28997.649633389337, 100, 1.0
29002.588600812684, 164, 1.0
29003.587830143828, 235, 1.0
29003.981949348057, 97, -1.0
29007.24049367367, 84, -1.0
29011.430508343623, 152, 1.0
29014.008644124362, 142, 1.0
29018.81263983533, 35, 1.0
29019.371119226646, 112, -1.0
29019.584935164905, 234, 1.0
29023.46373966101, 126, 1.0
29024.084817408977, 187, -1.0
29029.990400633826, 65, -1.0
29030.114904609152, 34, 1.0
29030.369858109614, 235, 1.0
29030.825344990153, 86, -1.0
29031.274800985117, 137, 1.0
29032.6107957686, 154, -1.0
29035.819525526476, 137, 1.0
29035.865576346256, 58, 1.0
29038.931323503537, 74, -1.0
29042.203198524214, 36, -1.0
29043.102738067093, 106, -1.0
29043.48309238564, 116, -1.0
29051.49504249483, 103, 1.0
29053.60312562505, 129, -1.0
29055.50543334635, 64, -1.0
29055.84680879276, 81, -1.0
29057.440581288225, 116, -1.0
29058.051356847, 84, -1.0
29058.692605605625, 153, -1.0
29061.60454052279, 163, 1.0
29063.180423070226, 42, -1.0
29065.483654168114, 118, -1.0
29066.17626522111, 40, 1.0
29067.085390290686, 101, -1.0
29068.37976442677, 167, 1.0
29068.797010399525, 28, 1.0
29073.54565978272, 35, -1.0
29076.75835817279, 233, 1.0
29078.78283182862, 113, -1.0
29079.98916151811, 146, 1.0
29080.64081766129, 106, -1.0
29084.816379514414, 152, -1.0
29085.81896985837, 126, -1.0
29088.38011545079, 40, 1.0
29089.914481006577, 50, -1.0
29090.064455515312, 42, -1.0
29090.49477576078, 35, -1.0
29090.515333225365, 116, 1.0
29091.351439847967, 123, -1.0
29091.559125746564, 188, -1.0
29094.391217150183, 35, 1.0
29094.531085100807, 51, -1.0
29102.84810452075, 101, 1.0
29102.889085942417, 142, 1.0
29103.094152611135, 164, 1.0
29104.28740794018, 69, -1.0
29105.222111734904, 35, 1.0
29105.82340761444, 83, -1.0
29107.440183022212, 46, 1.0
29108.466859620323, 146, -1.0
29110.496387496405, 52, 1.0
29111.02343676667, 129, 1.0
29117.687699394017, 75, -1.0
29119.771874356768, 28, 1.0
29120.540809131402, 75, 1.0
29120.924587691585, 114, -1.0
29121.557624824283, 73, 1.0
29123.07706954243, 74, 1.0
29129.40732374886, 114, -1.0
29129.684416003744, 74, 1.0
29132.28657391341, 43, 1.0
29135.30365222505, 104, 1.0
29136.043656795773, 104, -1.0
29140.770094834905, 101, 1.0
29140.83217406702, 177, -1.0
29141.640514092447, 69, -1.0
29143.20765804269, 188, -1.0
29145.430000892382, 103, 1.0
29146.345647077575, 99, -1.0
29147.46785014149, 130, -1.0
29149.440146711357, 67, 1.0
29149.542505224956, 33, -1.0
29150.871880134702, 137, 1.0
29150.989452907113, 50, -1.0
29151.250815586816, 81, -1.0
29153.562509088522, 50, -1.0
29154.49725196059, 67, 1.0
29156.82879797864, 100, -1.0
29160.566311788265, 152, 1.0
29161.580044000435, 75, 1.0
29161.9349698121, 109, 1.0
29163.675922907416, 64, -1.0
29163.809398676523, 123, 1.0
29165.62281210699, 87, -1.0
29166.618422687163, 61, -1.0
29168.904581917428, 67, 1.0
29171.084285793895, 67, 1.0
29173.1374548445, 119, -1.0
29176.728315886176, 119, -1.0
29177.01025464981, 39, -1.0
29178.640718566778, 80, 1.0
29187.671245493908, 34, -1.0
29187.748489292313, 29, -1.0
29187.983460756244, 87, 1.0
29189.883343028247, 65, -1.0
29192.648295000654, 84, 1.0
29193.142291379372, 126, -1.0
29194.95030601051, 163, 1.0
29195.51146794355, 100, -1.0
29199.291301501584, 26, -1.0
29199.346848795114, 46, -1.0
29199.76477644045, 163, 1.0
29200.075708385033, 52, 1.0
29200.615738870663, 67, 1.0
29203.49915926403, 41, 1.0
29203.58569891709, 83, -1.0
29203.889602935364, 101, 1.0
29203.957700248517, 188, 1.0
29204.619153427542, 153, -1.0
29205.530849561008, 98, 1.0
29209.058487110502, 116, 1.0
29211.69205084352, 71, 1.0
29212.31607603282, 75, 1.0
29213.541664873617, 89, -1.0
29215.48538516042, 126, -1.0
29218.512851781397, 152, 1.0
29219.258862029845, 75, 1.0
29226.370540701093, 81, 1.0
29226.381857297587, 114, -1.0
29226.40316158235, 173, -1.0
29226.940164261323, 51, -1.0
29228.144994076276, 130, -1.0
29229.294956979305, 50, -1.0
29229.834632406848, 71, -1.0
29229.900843423857, 32, -1.0
29231.754016797844, 114, -1.0
29232.97536828309, 116, -1.0
29233.035486309727, 114, -1.0
29238.44521598097, 141, 1.0
29239.357050791707, 235, 1.0
29240.12925207857, 33, 1.0
29244.33799523422, 101, 1.0
29248.10006958926, 80, -1.0
29248.491589597957, 116, 1.0
29249.113514601533, 45, -1.0
29253.42327479305, 234, -1.0
29256.672663038986, 98, -1.0
29265.542846339704, 141, 1.0
29265.788678516892, 75, -1.0
29267.282197007058, 35, 1.0
29269.35430745739, 108, -1.0
29270.940213236983, 74, -1.0
29272.777081677727, 187, -1.0
29273.184323430676, 61, -1.0
29273.841631113755, 51, 1.0
29276.942767347675, 93, -1.0
29277.727748819605, 103, 1.0
29285.884071003708, 160, 1.0
29287.790753743062, 28, -1.0
29291.84139446279, 58, -1.0
29291.957620650497, 76, -1.0
29292.071144539463, 101, 1.0
29292.31441868874, 103, 1.0
29293.96229967639, 148, -1.0
29294.295433679166, 126, -1.0
29295.01328775103, 198, -1.0
29297.60550317866, 28, -1.0
29299.15154931379, 126, 1.0
29299.187900544537, 119, -1.0
29303.682663387433, 130, -1.0
29304.187654976962, 33, -1.0
29307.68062506979, 104, -1.0
29311.574186528225, 29, 1.0
29312.509021615577, 98, -1.0
29315.607209784568, 84, -1.0
29315.783378131866, 162, 1.0
29318.668691328392, 123, -1.0
29319.98122396175, 154, 1.0
29320.907059843725, 188, -1.0
29325.444369313525, 81, -1.0
29330.19200669195, 152, 1.0
29332.075341790463, 157, -1.0
29333.677500583923, 36, 1.0
29334.430259073706, 71, 1.0
29336.262397101316, 34, -1.0
29338.106205238306, 54, -1.0
29339.883112526473, 142, -1.0
29341.11482610211, 102, -1.0
29341.93423145812, 109, -1.0
29342.199413766186, 137, -1.0
29343.431911828815, 103, 1.0
29347.751838842876, 141, 1.0
29348.50137250065, 100, -1.0
29349.282163132997, 100, 1.0
29350.745575648485, 111, -1.0
29356.58332964704, 188, -1.0
29356.85820602497, 44, 1.0
29360.550639767273, 146, -1.0
29370.655428945585, 147, -1.0
29374.71345889809, 116, -1.0
29379.12254737161, 89, -1.0
29381.08085072517, 177, -1.0
29384.204976123525, 71, 1.0
29385.581978334565, 130, -1.0
29385.96843291473, 34, 1.0
29388.03786384932, 164, -1.0
29388.666962379357, 98, -1.0
29389.00058953085, 161, -1.0
29389.132859534126, 53, 1.0
29389.187812443855, 81, 1.0
29392.434123342187, 75, 1.0
29398.25220128242, 163, 1.0
29398.753469212796, 59, -1.0
29401.497937971362, 149, -1.0
29401.542191126253, 26, -1.0
29407.49225536106, 103, 1.0
29408.794999183505, 193, -1.0
29408.853444632507, 148, -1.0
29409.062210815227, 40, 1.0
29409.383659855044, 163, 1.0
29410.66528068642, 119, -1.0
29411.241081202817, 75, 1.0
29418.88679261987, 75, 1.0
29419.36242911007, 84, 1.0
29422.00114921914, 146, -1.0
29422.322986171115, 67, -1.0
29423.627930579198, 103, 1.0
29426.125328762348, 36, 1.0
29428.279353217964, 109, 1.0
29430.901391959585, 81, 1.0
29431.105917234087, 177, -1.0
29431.940094009646, 141, 1.0
29433.473333722002, 98, -1.0
29434.795440327805, 141, -1.0
29437.179345838776, 165, 1.0
29439.56378119185, 126, -1.0
29443.04930895106, 114, -1.0
29444.846037779396, 35, 1.0
29445.754464957085, 114, -1.0
29449.73599480672, 96, 1.0
29450.751708424865, 75, 1.0
29454.51526652536, 123, 1.0
29455.480596211735, 56, -1.0
29456.32269491263, 193, -1.0
29457.682095408378, 109, 1.0
29457.859896985883, 163, 1.0
29457.979113811107, 94, -1.0
29463.52593488361, 29, 1.0
29465.401740678783, 104, 1.0
29466.726263837965, 148, -1.0
29471.135495411232, 81, 1.0
29472.47781623411, 64, -1.0
29473.735210373725, 123, -1.0
29474.50054153087, 123, -1.0
29475.22627367597, 29, -1.0
29475.72709659536, 45, -1.0
29477.18090027299, 235, 1.0
29478.624164783407, 177, -1.0
29491.982618159964, 28, -1.0
29492.02727415518, 74, -1.0
29492.86930695978, 155, -1.0
29494.82875948011, 67, -1.0
29497.505521654562, 106, 1.0
29499.15600459283, 159, -1.0
29503.79764457298, 152, -1.0
29506.57961442102, 198, -1.0
29508.758339241667, 149, -1.0
29510.4210219253, 161, -1.0
29511.89585373014, 89, -1.0
29512.29606829187, 163, -1.0
29512.36964007487, 28, -1.0
29513.115749492263, 164, 1.0
29514.452134726744, 198, -1.0
29514.793564411644, 50, 1.0
29515.37861603615, 116, -1.0
29515.941102133176, 45, -1.0
29520.493796211456, 114, -1.0
29520.690196223542, 177, -1.0
29521.292560687365, 123, -1.0
29522.129313512254, 58, 1.0
29524.65523307248, 71, -1.0
29527.869116857702, 130, -1.0
29528.233617425547, 114, -1.0
29529.806765896574, 109, 1.0
29530.09640237694, 107, -1.0
29531.01300705751, 165, -1.0
29533.102928161938, 152, -1.0
29533.62141896543, 116, 1.0
29535.784433430417, 155, 1.0
29536.534675828603, 235, 1.0
29539.535831339137, 177, -1.0
29539.726842042743, 34, -1.0
29541.046463466468, 58, -1.0
29543.040892277455, 177, -1.0
29546.174994930003, 75, 1.0
29548.319097224856, 164, -1.0
29548.396145439412, 149, -1.0
29550.11146949502, 126, -1.0
29556.79583695541, 159, -1.0
29562.389892057057, 163, -1.0
29565.889325081644, 133, 1.0
29568.192935111336, 101, -1.0
29571.087169026847, 62, 1.0
29571.51892800801, 40, 1.0
29572.940736899087, 89, -1.0
29576.38576049242, 188, 1.0
29577.15181920411, 116, 1.0
29577.791526843932, 89, -1.0
29580.658857419585, 142, 1.0
29585.93201992523, 59, 1.0
29588.121127180166, 41, -1.0
29595.86741249725, 210, 1.0
29598.237465181825, 162, 1.0
29598.748359594192, 164, -1.0
29600.576962189967, 58, -1.0
29601.22887190756, 93, -1.0
29603.591238670866, 97, 1.0
29605.663167228842, 103, 1.0
29608.01683746637, 103, 1.0
29609.571836608255, 101, -1.0
29614.605698112966, 67, 1.0
29614.748489603986, 32, -1.0
29616.479441953292, 41, 1.0
29623.938338103177, 97, -1.0
29625.822858464788, 141, 1.0
29628.10458394333, 163, 1.0
29628.417042875608, 99, 1.0
29632.52485452428, 193, 1.0
29637.759804832087, 146, 1.0
29640.860675122265, 161, -1.0
29641.02579690532, 67, 1.0
29642.382523275835, 159, -1.0
29642.475663105113, 100, -1.0
29643.08626358705, 233, 1.0
29643.207678564017, 58, -1.0
29643.986397087807, 83, -1.0
29645.60906733862, 162, -1.0
29647.418130625992, 58, -1.0
29647.732618510312, 88, 1.0
29651.078782147502, 103, 1.0
29651.397782677217, 177, -1.0
29652.751246571053, 130, 1.0
29654.377418881217, 35, -1.0
29655.338899987506, 177, -1.0
29656.24068901652, 74, -1.0
29656.875510148366, 42, 1.0
29660.6141406617, 67, 1.0
29660.763789688925, 139, 1.0
29661.6045071848, 142, -1.0
29665.125048090613, 123, 1.0
29670.119082670728, 141, 1.0
29670.709279138617, 71, 1.0
29672.38038998425, 51, 1.0
29672.575258301746, 45, 1.0
29673.85652855795, 108, -1.0
29675.397409763387, 60, -1.0
29675.949497071175, 73, -1.0
29676.094859274523, 177, 1.0
29678.413365632183, 114, -1.0
29679.591952835006, 73, -1.0
29680.626565630166, 161, -1.0
29681.28689262948, 104, -1.0
29682.13997129992, 87, -1.0
29684.575519095393, 76, -1.0
29688.10689925293, 61, -1.0
29689.773255409815, 43, 1.0
29690.222155438107, 59, -1.0
29692.177416397535, 103, 1.0
29695.515497356922, 165, 1.0
29696.224025805765, 35, 1.0
29697.15754133699, 92, 1.0
29697.371316294266, 67, -1.0
29697.673382908117, 70, -1.0
29697.727247827395, 46, -1.0
29699.282334505227, 159, -1.0
29702.10633056186, 105, -1.0
29703.01889476676, 113, 1.0
29703.675662831174, 177, -1.0
29706.910928667414, 40, 1.0
29718.085786617205, 97, -1.0
29718.87675389232, 164, -1.0
29719.193770433976, 177, -1.0
29720.14344126502, 81, 1.0
29722.879153810485, 53, -1.0
29725.65950828709, 92, -1.0
29726.7627091616, 114, 1.0
29727.432837818065, 193, 1.0
29728.79559236016, 41, 1.0
29729.9755429555, 65, 1.0
29731.278918275435, 126, -1.0
29736.24459049581, 233, -1.0
29739.731535397674, 60, -1.0
29740.53219840704, 157, -1.0
29742.934888549844, 164, 1.0
29743.572404978397, 141, 1.0
29745.104734014418, 69, 1.0
29745.837928348566, 31, 1.0
29746.16100544375, 105, 1.0
29747.86104628823, 26, -1.0
29749.117265233934, 69, 1.0
29750.642538795862, 99, -1.0
29751.93421209187, 54, -1.0
29755.895905303307, 68, 1.0
29756.225601772618, 97, 1.0
29757.574362881947, 56, 1.0
29760.038095430664, 48, -1.0
29762.81781626357, 177, 1.0
29764.221186294264, 142, 1.0
29764.984784824162, 90, -1.0
29769.81791688461, 234, -1.0
29772.472668439317, 222, -1.0
29772.728208306453, 182, 1.0
29778.535658305816, 76, -1.0
29781.08586209976, 126, 1.0
29781.19747356368, 234, 1.0
29788.055931290703, 162, 1.0
29788.200437358104, 126, 1.0
29790.339698607102, 75, 1.0
29793.042047611954, 142, 1.0
29794.976355672312, 75, 1.0
29797.629080547376, 158, 1.0
29798.662613228003, 75, 1.0
29800.23484698813, 53, -1.0
29803.39134056544, 101, 1.0
29804.36476583997, 28, -1.0
29804.747679682336, 59, -1.0
29807.12158523769, 159, -1.0
29816.723108036713, 70, 1.0
29816.87509650715, 74, 1.0
29821.38482297971, 88, -1.0
29826.948070284707, 89, -1.0
29827.067674728216, 45, -1.0
29828.22676428215, 177, -1.0
29828.242889146844, 100, 1.0
29829.014107085364, 168, -1.0
29829.15490598769, 92, -1.0
29832.416909985637, 71, 1.0
29834.580655838294, 41, -1.0
29835.699656599183, 90, 1.0
29838.761171549726, 84, -1.0
29839.271437021755, 74, -1.0
29842.216281042984, 164, 1.0
29843.38044793779, 108, -1.0
29843.585049332207, 114, -1.0
29844.150378966384, 87, -1.0
29844.79140053913, 180, 1.0
29848.593830523972, 163, -1.0
29855.21765585276, 114, -1.0
29856.887883783253, 87, 1.0
29856.893412776102, 75, 1.0
29858.40745567814, 116, 1.0
29859.63371359667, 67, 1.0
29860.498570551194, 149, -1.0
29861.475646345723, 81, -1.0
29862.21207358494, 173, -1.0
29866.24405288101, 90, -1.0
29867.548606839096, 76, 1.0
29871.54162495135, 50, -1.0
29871.89028184191, 94, -1.0
29871.93999491713, 152, 1.0
29872.279039978344, 74, -1.0
29874.242837530015, 67, -1.0
29875.538420029865, 153, -1.0
29876.016096811647, 97, -1.0
29878.34108760227, 113, -1.0
29879.40897490824, 81, -1.0
29880.269866396735, 116, 1.0
29881.057202972668, 84, 1.0
29888.124419691856, 234, 1.0
29896.042303807706, 165, -1.0
29898.14978944592, 148, -1.0
29899.324173389912, 40, 1.0
29899.45338797768, 153, -1.0
29903.200294439943, 84, -1.0
29907.59113978476, 104, -1.0
29907.619567564027, 146, 1.0
29909.770971725728, 67, 1.0
29910.82376433622, 71, 1.0
29911.027829477083, 32, -1.0
29911.401924495505, 148, -1.0
29915.05928451468, 130, -1.0
29916.58987108414, 148, -1.0
29916.61901028288, 29, -1.0
29917.865952887918, 35, -1.0
29918.196832340553, 101, 1.0
29919.012422123327, 103, 1.0
29924.47512972232, 46, -1.0
29925.321740115927, 29, -1.0
29926.652942062694, 119, 1.0
29928.401275028544, 241, 1.0
29938.86202656642, 99, 1.0
29939.979635452415, 112, -1.0
29942.761378655625, 58, -1.0
29945.737801445703, 101, 1.0
29949.5114255397, 126, 1.0
29951.45351741491, 58, -1.0
29952.330230906045, 99, 1.0
29953.213560613403, 87, -1.0
29953.36557466704, 59, -1.0
29953.405538032242, 67, -1.0
29954.72275314758, 169, 1.0
29955.886391751304, 33, 1.0
29958.22595412278, 69, 1.0
29960.37184861388, 130, -1.0
29960.851384364898, 103, 1.0
29962.639656459156, 68, -1.0
29962.815251459, 86, -1.0
29963.636561478703, 106, -1.0
29964.02653868807, 54, -1.0
29964.479933176888, 159, -1.0
29964.65763297685, 103, 1.0
29967.59506923624, 59, 1.0
29972.02915271416, 104, 1.0
29972.141434252513, 152, -1.0
29973.76911109815, 182, -1.0
29977.258792968816, 164, 1.0
29977.997487707096, 162, -1.0
29978.572031335898, 61, -1.0
29981.125767413498, 40, 1.0
29983.48747207366, 45, -1.0
29985.17401639072, 123, 1.0
29987.45996053802, 114, -1.0
29987.54954580206, 241, -1.0
29989.11864348922, 66, 1.0
29989.929540895308, 101, 1.0
29992.475237739556, 75, 1.0
29994.571534474515, 164, -1.0
29997.618074955662, 82, 1.0
29997.76891047065, 68, 1.0
29998.3888550336, 52, -1.0
29998.482659438047, 235, -1.0
29999.644545751595, 154, 1.0
30001.198468353512, 142, 1.0
30003.721834236458, 56, -1.0
30004.581042919704, 88, -1.0
30007.397804415374, 40, 1.0
30007.736005713836, 126, 1.0
30008.014938784592, 89, -1.0
30010.635116001107, 162, 1.0
30012.453527990252, 119, -1.0
30012.93404471118, 109, 1.0
30020.169526318132, 98, -1.0
30020.931977250875, 163, -1.0
30022.246673717775, 152, -1.0
30023.48463112969, 117, -1.0
30026.409716054426, 34, 1.0
30028.355802183672, 148, -1.0
30029.25454137268, 40, 1.0
30029.857920663067, 163, 1.0
30029.934604601458, 152, -1.0
30030.067556553404, 105, -1.0
30030.36270168061, 188, -1.0
30031.89930836768, 29, -1.0
30032.3861206428, 71, 1.0
30033.12835302647, 133, 1.0
30037.190306248154, 75, 1.0
30037.27940605474, 163, -1.0
30038.74671885099, 40, -1.0
30040.266206856413, 32, -1.0
30040.288237040706, 26, -1.0
30040.670201544446, 152, -1.0
30041.386040546684, 152, 1.0
30041.440103328147, 75, -1.0
30043.61105967757, 33, -1.0
30044.591836895823, 40, -1.0
30047.185385479977, 142, 1.0
30047.591093221658, 114, -1.0
30048.638264881174, 160, 1.0
30049.436618484746, 81, -1.0
30052.13501088562, 39, 1.0
30054.559411809994, 164, -1.0
30055.792545297187, 139, 1.0
30058.328586587377, 112, -1.0
30060.601628490265, 59, 1.0
30061.8219597528, 233, 1.0
30063.572508195924, 103, 1.0
30066.649103175485, 75, 1.0
30069.68658439042, 95, -1.0
30070.703836905544, 34, -1.0
30073.74136358454, 74, -1.0
30074.622152543052, 117, -1.0
30074.86920848406, 59, 1.0
30078.173495908206, 157, -1.0
30081.51832688827, 142, 1.0
30082.79434507637, 104, 1.0
30083.857640184866, 99, -1.0
30084.250095072162, 65, 1.0
30085.716334763532, 61, 1.0
30089.580915406463, 42, -1.0
30098.607445357044, 37, -1.0
30099.851749802772, 69, 1.0
30100.614089508024, 116, 1.0
30101.650608902713, 163, 1.0
30101.856883727996, 75, 1.0
30102.615509251737, 114, -1.0
30104.00594208315, 148, 1.0
30104.654866088145, 106, -1.0
30106.002397980676, 83, -1.0
30106.153655686758, 101, 1.0
30106.900710302732, 148, -1.0
30114.23350303851, 35, 1.0
30117.39287567814, 92, -1.0
30118.704695023316, 99, -1.0
30119.087678476855, 104, -1.0
30119.986233846197, 46, -1.0
30121.95894302097, 142, -1.0
30126.928504898737, 234, 1.0
30127.5806753724, 56, 1.0
30128.367686747504, 58, -1.0
30129.85015765365, 207, -1.0
30130.797626691983, 54, -1.0
30135.253801105555, 109, 1.0
30140.019235163916, 169, 1.0
30147.161569223765, 154, 1.0
30148.85025613705, 71, -1.0
30149.625300783813, 152, -1.0
30151.261070416323, 116, -1.0
30153.864244067867, 74, -1.0
30157.079795162244, 53, 1.0
30158.343549871468, 54, -1.0
30161.32663009523, 64, -1.0
30161.80466046667, 97, -1.0
30162.948442400982, 154, -1.0
30163.889445477773, 59, -1.0
30164.16919239911, 133, -1.0
30170.638477130564, 40, 1.0
30171.70762998826, 154, 1.0
30172.18642432909, 67, 1.0
30173.196482571257, 68, -1.0
30173.30576714438, 69, -1.0
30173.525048563275, 152, 1.0
30173.817855610956, 87, -1.0
30174.587868501687, 26, -1.0
30174.78865959379, 98, 1.0
30176.646831954728, 139, 1.0
30177.724280091097, 80, -1.0
30186.83233040463, 75, -1.0
30187.482763478212, 27, -1.0
30188.419441855774, 42, 1.0
30189.30686804069, 117, -1.0
30191.235351795982, 75, 1.0
30193.285723452438, 154, 1.0
30198.155302147617, 177, -1.0
30199.01879490835, 64, -1.0
30199.09138952616, 95, -1.0
30200.80175720554, 89, 1.0
30200.908800571746, 123, -1.0
30203.592925025187, 65, -1.0
30205.11001054872, 165, 1.0
30209.3223969065, 169, -1.0
30212.31654873452, 165, -1.0
30215.8193568507, 154, -1.0
30222.29993996888, 133, -1.0
30224.79671164237, 45, -1.0
30226.15361440822, 149, -1.0
30226.26788299944, 110, 1.0
30227.38101957109, 55, -1.0
30227.620992115037, 228, 1.0
30228.762534006048, 76, -1.0
30232.536350842263, 28, -1.0
30234.716044128487, 68, 1.0
30242.826382630232, 173, 1.0
30243.46505399611, 147, -1.0
30245.18269994283, 163, 1.0
30245.28941358181, 84, -1.0
30246.5695763669, 91, -1.0
30248.789844135255, 81, -1.0
30252.673958902156, 68, 1.0
30256.68294516158, 100, 1.0
30256.888328932535, 71, 1.0
30257.25407914816, 81, -1.0
30257.691525392685, 36, -1.0
30265.165886564628, 110, -1.0
30265.74328146397, 51, -1.0
30267.243182856935, 114, -1.0
30267.353365704952, 154, -1.0
30267.552216335393, 35, -1.0
30269.655270051528, 76, -1.0
30270.859162440767, 146, 1.0
30272.41549564116, 75, 1.0
30275.550066222033, 165, -1.0
30275.832168464152, 166, -1.0
30277.173293186064, 68, 1.0
30278.357391653182, 181, 1.0
30278.563049111497, 163, 1.0
30278.896871272937, 163, -1.0
30282.5742421499, 89, -1.0
30282.582357467058, 142, -1.0
30284.95777220741, 26, -1.0
30285.68568922828, 142, -1.0
30287.18355202701, 235, -1.0
30287.71868629829, 198, 1.0
30290.3942932193, 234, -1.0
30295.83008332528, 68, 1.0
30298.699089116515, 87, 1.0
30302.997944400435, 40, -1.0
30303.570468041562, 137, -1.0
30304.78754181173, 58, -1.0
30304.82655853182, 109, 1.0
30305.555156839375, 87, 1.0
30307.746977542767, 58, -1.0
30308.607797132674, 97, -1.0
30314.74509090315, 40, 1.0
30315.98378859715, 42, -1.0
30316.55073671274, 142, 1.0
30318.307722557234, 173, -1.0
30321.50424535957, 116, 1.0
30323.203830872506, 59, -1.0
30326.17700550852, 33, -1.0
30327.861254537114, 120, -1.0
30328.328030230266, 114, 1.0
30329.70678939284, 58, 1.0
30333.435179993594, 84, -1.0
30337.30971873123, 67, -1.0
30339.02300107526, 32, -1.0
30339.968811716215, 152, 1.0
30342.069252896803, 71, 1.0
30343.393297324266, 101, 1.0
30343.601771438585, 154, 1.0
30344.173582197116, 69, 1.0
30344.95825964163, 101, 1.0
30347.260323534763, 99, 1.0
30349.5693153628, 73, -1.0
30349.81596658904, 103, 1.0
30353.21332030059, 100, 1.0
30354.233346315763, 164, -1.0
30356.61863105218, 165, 1.0
30356.714789949117, 43, -1.0
30356.988235624456, 149, -1.0
30357.635472761885, 123, -1.0
30359.73592460088, 167, -1.0
30363.69231229112, 40, 1.0
30364.028664326095, 71, 1.0
30371.230554732992, 233, 1.0
30372.46774771569, 31, 1.0
30373.221834092077, 87, -1.0
30378.64929573384, 180, -1.0
30380.419520038737, 81, -1.0
30381.601873560336, 152, -1.0
30381.878418897864, 40, 1.0
30383.164619459174, 96, 1.0
30383.760927686893, 68, 1.0
30383.90109773817, 154, 1.0
30384.822957169265, 101, 1.0
30385.021969782265, 234, -1.0
30385.399994515992, 114, -1.0
30392.338903083197, 152, 1.0
30393.244908847777, 164, 1.0
30398.015344094365, 44, -1.0
30409.99267082115, 59, -1.0
30412.677332674208, 27, 1.0
30416.22826796238, 80, -1.0
30418.52889177067, 103, 1.0
30421.530160168142, 235, 1.0
30424.66904245453, 146, -1.0
30425.102568039274, 87, -1.0
30426.684393202326, 116, 1.0
30429.180927054877, 26, -1.0
30429.918149955854, 58, 1.0
30430.7018041922, 154, 1.0
30431.014827648807, 89, -1.0
30431.04958146684, 33, -1.0
30431.804019158644, 68, 1.0
30435.51501282058, 161, 1.0
30437.37706496483, 67, 1.0
30438.21953637132, 146, -1.0
30439.309028952102, 91, 1.0
30440.662622615768, 105, 1.0
30444.977632974817, 76, -1.0
30449.3916033029, 64, -1.0
30450.557744357917, 177, -1.0
30453.739264014264, 29, -1.0
30453.826718833025, 181, 1.0
30454.971020471745, 154, 1.0
30455.982406907868, 165, 1.0
30457.084193497754, 59, -1.0
30457.144222110044, 101, -1.0
30457.79092124313, 54, -1.0
30459.459343317187, 99, 1.0
30460.560870930083, 162, -1.0
30460.6907641112, 93, -1.0
30461.41229512599, 165, -1.0
30463.499210380804, 92, -1.0
30465.220167550884, 101, 1.0
30465.30949089398, 99, -1.0
30467.892647053242, 123, -1.0
30468.158945321153, 123, -1.0
30470.564429278365, 235, 1.0
30471.087295425998, 89, -1.0
30471.382186882856, 113, -1.0
30471.526571825285, 163, -1.0
30471.955190397406, 40, 1.0
30472.748121378798, 71, 1.0
30473.491437246783, 109, 1.0
30474.75657816804, 36, 1.0
30476.63609954966, 146, 1.0
30481.25414729564, 159, -1.0
30482.575880179556, 45, -1.0
30484.08556788621, 74, 1.0
30485.430251921145, 126, -1.0
30485.569695311704, 87, 1.0
30486.83232613797, 142, -1.0
30486.956919749544, 54, -1.0
30487.831113012224, 26, -1.0
30489.839636091263, 165, -1.0
30492.029689313527, 56, -1.0
30494.125527957643, 181, 1.0
30496.828955463257, 152, -1.0
30499.177478065347, 80, -1.0
30500.47601759032, 133, -1.0
30500.600849771694, 94, -1.0
30502.014781903654, 75, 1.0
30505.0153591181, 139, -1.0
30505.968580251712, 81, -1.0
30506.44870745338, 235, -1.0
30508.492146393895, 100, -1.0
30510.521219205686, 188, 1.0
30512.129154175935, 75, -1.0
30512.261919544406, 170, -1.0
30512.794838492555, 92, -1.0
30513.70359015048, 39, -1.0
30513.923377853374, 59, 1.0
30514.735647279456, 90, -1.0
30516.163527285673, 142, -1.0
30517.63554232586, 163, -1.0
30522.454608087413, 75, 1.0
30523.445277866147, 59, -1.0
30523.78826568095, 101, 1.0
30526.406605396704, 114, -1.0
30529.52506319447, 141, -1.0
30529.65753241978, 166, -1.0
30529.70819310027, 114, -1.0
30530.90871890282, 234, -1.0
30532.486818223388, 83, -1.0
30533.121364106348, 50, -1.0
30536.94493326765, 91, -1.0
30540.231139146723, 109, 1.0
30543.30492414184, 163, -1.0
30543.496679440013, 139, -1.0
30543.904723161555, 162, -1.0
30545.012340031797, 126, 1.0
30545.5645050238, 181, 1.0
30546.459487094526, 102, -1.0
30547.57431262792, 34, 1.0
30549.675397754014, 159, -1.0
30551.15005481601, 163, 1.0
30551.99240720542, 59, -1.0
30558.866163137347, 113, 1.0
30558.899284136067, 87, 1.0
30560.34286894905, 162, 1.0
30562.71831726627, 68, 1.0
30563.057792675463, 181, -1.0
30573.809269138354, 167, -1.0
30574.161771634837, 99, 1.0
30577.744193538292, 43, 1.0
30585.326701171543, 154, 1.0
30587.8981865845, 126, 1.0
30589.598691012197, 153, -1.0
30594.366100411087, 101, 1.0
30596.370169118007, 141, -1.0
30596.848406002457, 81, 1.0
30596.856941967428, 173, -1.0
30597.1218772824, 235, 1.0
30598.14310214477, 92, -1.0
30600.04249155845, 103, 1.0
30602.55451370599, 51, -1.0
30602.75978401138, 59, -1.0
30602.960756606702, 48, 1.0
30604.724394191413, 157, -1.0
30606.464531056503, 58, -1.0
30607.41756133602, 58, -1.0
30608.87024166617, 146, 1.0
30610.632613229318, 162, -1.0
30610.71496951855, 128, 1.0
30611.64069309846, 116, 1.0
30614.606118494863, 76, -1.0
30617.04449857538, 100, -1.0
30617.659934480605, 67, 1.0
30621.6056139925, 163, -1.0
30622.697658714693, 92, -1.0
30623.06444293169, 65, 1.0
30625.3008759898, 126, 1.0
30628.484118533434, 109, -1.0
30629.013317635465, 106, -1.0
30636.492947260675, 126, -1.0
30637.946979835553, 162, -1.0
30639.618906281416, 35, 1.0
30639.720635877362, 146, -1.0
30639.86988974805, 235, 1.0
30639.891407067735, 109, 1.0
30642.053395349543, 141, 1.0
30647.090279662072, 106, -1.0
30650.319487582696, 58, -1.0
30652.16636109676, 126, 1.0
30652.740215615613, 53, -1.0
30654.254199628365, 116, -1.0
30654.507018793895, 109, 1.0
30654.978945362156, 90, -1.0
30658.971030004017, 163, 1.0
30659.151042763453, 45, -1.0
30661.208724612843, 182, 1.0
30666.434446669722, 27, 1.0
30667.780712961954, 61, -1.0
30670.586997994054, 163, -1.0
30678.62704172523, 70, 1.0
30679.564061593563, 152, 1.0
30680.233533584753, 142, -1.0
30680.934581388185, 162, -1.0
30681.895104603613, 97, -1.0
30683.91688163626, 163, -1.0
30685.25438346408, 107, -1.0
30686.2744566534, 45, 1.0
30687.265418608837, 97, -1.0
30687.9734049012, 68, 1.0
30690.99423325143, 74, -1.0
30692.402240291205, 66, 1.0
30694.016311808748, 114, -1.0
30698.280405494654, 142, 1.0
30700.044722841983, 101, 1.0
30701.483861715024, 155, 1.0
30703.98105095658, 51, 1.0
30708.00883224651, 106, -1.0
30708.48714081074, 50, -1.0
30709.20366319786, 80, 1.0
30709.90007543118, 35, -1.0
30716.873293458233, 29, -1.0
30717.194768373778, 116, 1.0
30717.999962320202, 26, -1.0
30718.15633946565, 163, -1.0
30719.22519398009, 58, -1.0
30720.58639917988, 103, 1.0
30721.476888243866, 42, -1.0
30722.67722114276, 114, -1.0
30722.96610612739, 42, -1.0
30726.279828766277, 222, -1.0
30726.554102789956, 114, -1.0
30727.96237685191, 177, -1.0
30728.977255314327, 45, -1.0
30730.167142248098, 241, 1.0
30737.21987749646, 68, 1.0
30737.223337647625, 126, 1.0
30738.64935808669, 65, 1.0
30738.700342643446, 182, 1.0
30739.691504175607, 147, -1.0
30740.36352033681, 165, 1.0
30741.988963498294, 163, 1.0
30742.371630342644, 45, -1.0
30744.154142818654, 162, -1.0
30747.777624631653, 29, -1.0
30751.77540558889, 162, -1.0
30751.942085074803, 103, 1.0
30753.006861353308, 137, 1.0
30754.735643898173, 165, 1.0
30754.82326569138, 198, -1.0
30755.05869961009, 65, -1.0
30758.452979346228, 84, -1.0
30761.564641460227, 167, -1.0
30765.67109542152, 76, -1.0
30766.247010935644, 84, -1.0
30769.378753753248, 32, -1.0
30769.650181842284, 133, -1.0
30774.037396598582, 87, 1.0
30777.57735341034, 50, 1.0
30778.454570578095, 40, 1.0
30782.162022314355, 133, 1.0
30785.689740391244, 58, -1.0
30787.190734366282, 129, -1.0
30788.42915746026, 162, 1.0
30788.825950845898, 64, -1.0
30788.8923677475, 165, -1.0
30789.824113708113, 154, -1.0
30792.349378685252, 235, -1.0
30795.188035492534, 65, 1.0
30799.001592863166, 241, 1.0
30804.125934327236, 154, 1.0
30804.692818009982, 36, -1.0
30806.99864072463, 35, -1.0
30809.686327017327, 103, 1.0
30810.55399679039, 101, -1.0
30810.648204861805, 180, 1.0
30813.00883624868, 90, -1.0
30815.343501355943, 182, 1.0
30818.255455988176, 164, -1.0
30820.928373468636, 154, 1.0
30826.55195338615, 42, -1.0
30827.665889671858, 157, -1.0
30830.388286530466, 148, -1.0
30832.104659487, 59, -1.0
30832.657070183508, 50, 1.0
30832.987277169115, 103, 1.0
30836.05642186903, 154, 1.0
30837.80775396809, 48, -1.0
30839.39058226508, 75, 1.0
30843.78529898905, 81, -1.0
30844.422142115032, 169, -1.0
30846.77839123312, 153, 1.0
30847.26520538126, 142, 1.0
30847.668977408706, 58, -1.0
30847.723097545615, 152, 1.0
30851.252634513286, 142, -1.0
30854.96918985377, 167, -1.0
30856.26702306265, 87, -1.0
30857.006639919087, 101, 1.0
30857.117920950564, 105, 1.0
30857.236718296444, 118, -1.0
30857.665141333924, 51, -1.0
30858.52038974951, 116, -1.0
30858.71511967432, 154, 1.0
30863.48691805736, 52, 1.0
30863.779274475008, 146, -1.0
30865.212224428557, 28, 1.0
30867.619723924974, 137, 1.0
30869.626057973004, 146, -1.0
30869.734997155898, 34, 1.0
30872.308707994864, 193, -1.0
30873.70856404294, 114, -1.0
30873.72393949514, 142, -1.0
30874.096696018736, 94, -1.0
30875.71754599016, 137, -1.0
30878.931417054788, 147, -1.0
30880.33583011689, 142, 1.0
30884.17082535015, 73, -1.0
30884.798892935167, 153, -1.0
30884.876816616958, 32, -1.0
30888.155048467674, 114, 1.0
30888.21492838541, 81, -1.0
30888.467282009027, 123, -1.0
30889.715452854747, 61, -1.0
30893.228381172146, 58, -1.0
30898.405948449585, 188, -1.0
30899.04868750767, 118, -1.0
30899.889851885993, 234, -1.0
30900.148105282482, 58, -1.0
30900.798943482605, 68, -1.0
30903.90355538859, 149, -1.0
30908.69038324647, 114, 1.0
30909.312572645937, 146, 1.0
30910.47610372519, 40, 1.0
30915.793695818764, 120, -1.0
30919.06366977491, 74, -1.0
30920.99176120653, 82, 1.0
30921.39422444729, 181, 1.0
30922.671378880616, 56, -1.0
30926.544805394697, 162, 1.0
30928.424737321966, 64, -1.0
30930.213451714357, 33, -1.0
30930.266733422137, 98, -1.0
30934.86507819293, 27, -1.0
30936.979809699602, 154, -1.0
30938.806539012898, 162, -1.0
30940.429476837595, 34, -1.0
30942.412362268118, 111, -1.0
30943.782239290817, 62, 1.0
30944.38311500882, 84, -1.0
30948.1399865245, 106, 1.0
30948.155056156134, 152, 1.0
30948.250110260593, 69, 1.0
30948.34420886205, 97, -1.0
30948.571849621105, 95, -1.0
30952.305221479888, 120, -1.0
30956.500448092665, 233, 1.0
30957.127534690775, 133, -1.0
30958.84281412184, 94, -1.0
30960.12010378548, 235, 1.0
30961.008604662413, 61, 1.0
30962.346916334558, 89, -1.0
30964.267253102757, 65, 1.0
30966.337872556745, 99, -1.0
30967.787326062935, 142, 1.0
30968.057255844546, 71, -1.0
30969.2572323029, 148, -1.0
30969.89361066116, 74, -1.0
30973.44665849869, 228, 1.0
30974.03915584661, 71, 1.0
30974.308531921455, 109, 1.0
30975.750883075274, 163, 1.0
30976.239751568035, 193, 1.0
30978.16621984396, 235, 1.0
30981.028222520585, 104, -1.0
30982.369035964835, 66, 1.0
30984.141973824684, 71, 1.0
30985.467478921244, 58, -1.0
30986.943869587423, 116, 1.0
30996.342357802972, 34, 1.0
30997.362767338815, 40, 1.0
31000.04574378515, 29, 1.0
31004.840122422098, 41, -1.0
31006.897799357754, 153, 1.0
31010.06397307471, 119, 1.0
31016.68244041932, 149, 1.0
31017.654342928465, 97, -1.0
31017.793739695793, 40, -1.0
31019.100404391338, 90, 1.0
31021.312260867566, 87, 1.0
31021.752983391016, 86, -1.0
31022.956433672814, 234, 1.0
31023.11827077661, 75, -1.0
31023.915110740076, 80, 1.0
31025.58255233098, 58, 1.0
31027.245083397804, 142, -1.0
31030.00531630102, 106, 1.0
31030.99384847748, 155, -1.0
31031.203135752447, 61, -1.0
31032.96382742284, 75, 1.0
31034.188365288835, 123, 1.0
31035.658900945073, 90, -1.0
31037.514673737285, 59, -1.0
31039.465863978527, 130, -1.0
31043.20842563768, 146, -1.0
31044.140327835332, 102, -1.0
31046.661100006568, 39, 1.0
31056.089637896617, 97, 1.0
31061.22850499252, 97, -1.0
31064.065829052495, 83, -1.0
31067.48790203859, 133, -1.0
31067.81976555412, 55, -1.0
31068.108920383376, 34, -1.0
31068.56084957887, 58, -1.0
31072.01063180478, 149, -1.0
31072.464510525635, 97, -1.0
31072.958676120124, 113, -1.0
31073.487643984954, 162, 1.0
31074.77069893631, 128, -1.0
31076.843973004514, 157, -1.0
31076.993112925462, 59, -1.0
31080.25914020946, 45, -1.0
31083.446714957478, 126, 1.0
31093.235136150615, 75, 1.0
31097.112595731567, 67, 1.0
31097.685066800175, 29, -1.0
31101.295605386436, 58, -1.0
31101.868690279418, 87, -1.0
31102.159500365877, 74, 1.0
31103.62715550625, 152, 1.0
31105.303498892696, 75, -1.0
31107.654812196575, 109, -1.0
31108.689466707234, 152, 1.0
31109.570871062086, 123, -1.0
31109.967786405177, 54, -1.0
31110.412464604648, 87, 1.0
31110.814129223203, 154, 1.0
31113.25749801143, 233, 1.0
31115.20729620587, 87, 1.0
31115.288707683947, 103, 1.0
31122.910148142804, 193, -1.0
31123.48793282291, 59, -1.0
31123.96047621545, 65, 1.0
31124.723290606984, 163, 1.0
31124.888240316977, 123, 1.0
31126.19334288109, 113, -1.0
31129.973074339086, 119, 1.0
31130.912632844273, 142, -1.0
31130.97451839701, 228, 1.0
31131.105021435684, 228, 1.0
31136.347860579677, 33, -1.0
31137.702221362153, 169, -1.0
31138.489523391214, 35, 1.0
31139.486188353145, 48, -1.0
31141.071707357845, 39, -1.0
31142.22395124248, 92, -1.0
31142.42683571024, 75, 1.0
31143.36568345594, 32, 1.0
31146.299885548156, 193, -1.0
31146.45428232179, 42, -1.0
31152.07736127484, 58, -1.0
31153.654091336757, 54, -1.0
31155.58481938622, 96, -1.0
31160.313141478004, 114, -1.0
31167.97583851175, 123, -1.0
31168.612869616205, 80, 1.0
31169.049858699917, 99, 1.0
31169.505543707663, 161, 1.0
31169.841078103513, 165, -1.0
31175.319685329097, 76, -1.0
31175.48443156906, 45, -1.0
31176.384615418712, 95, -1.0
31176.6478443043, 157, -1.0
31177.22977105346, 228, -1.0
31178.636601357626, 222, -1.0
31178.669587877215, 123, 1.0
31178.88069582787, 76, -1.0
31183.127510539016, 45, -1.0
31193.851718018755, 107, 1.0
31195.243427016165, 104, 1.0
31195.37150982373, 235, 1.0
31195.73428105539, 154, 1.0
31198.144245473733, 103, 1.0
31198.508944477388, 51, -1.0
31199.968201421656, 141, 1.0
31201.906822207515, 87, -1.0
31202.919061266457, 141, -1.0
31206.882337871568, 103, 1.0
31207.142938973757, 40, 1.0
31209.974030694513, 146, -1.0
31210.122652157206, 35, -1.0
31210.432169765434, 159, -1.0
31212.398399320595, 53, -1.0
31212.788941293755, 67, 1.0
31219.5702370424, 45, -1.0
31221.0303741902, 116, -1.0
31221.75293316783, 64, -1.0
31223.94153570416, 35, 1.0
31224.096015543226, 67, -1.0
31233.282766065666, 105, 1.0
31234.60510145408, 104, 1.0
31234.654185075473, 71, 1.0
31238.96377118019, 29, -1.0
31239.782745912184, 54, -1.0
31240.369801797053, 101, 1.0
31244.008943832385, 41, 1.0
31246.075821221486, 68, 1.0
31246.756526309073, 193, -1.0
31249.715367974266, 164, 1.0
31251.565620875583, 116, 1.0
31254.30788355467, 106, -1.0
31256.45838021104, 116, -1.0
31257.853244245813, 89, -1.0
31260.83125431015, 114, -1.0
31261.096946456222, 164, -1.0
31261.406923724677, 153, -1.0
31264.465476559286, 126, -1.0
31267.544611626625, 97, 1.0
31269.75868310781, 28, -1.0
31272.937652481003, 43, -1.0
31273.666007117616, 148, 1.0
31273.880598234085, 29, 1.0
31274.035321639254, 233, -1.0
31277.933043283385, 62, -1.0
31278.380917163744, 155, 1.0
31280.4493733672, 35, -1.0
31282.107108607437, 75, -1.0
31284.263557140068, 103, 1.0
31285.005105777018, 160, -1.0
31285.325588814034, 114, 1.0
31287.35329425589, 75, 1.0
31293.684737041724, 64, -1.0
31294.731548081283, 75, 1.0
31296.4762118683, 116, 1.0
31300.87022368813, 35, -1.0
31306.314731512084, 36, 1.0
31306.34296219252, 34, 1.0
31311.07184113701, 109, 1.0
31312.32843575294, 163, -1.0
31313.04211148484, 76, 1.0
31313.46115548087, 106, -1.0
31314.25796051398, 198, -1.0
31315.994946829564, 101, -1.0
31322.02592645635, 28, -1.0
31322.756345359587, 71, 1.0
31326.759945964404, 45, 1.0
31327.302151636835, 34, 1.0
31327.771146213385, 53, 1.0
31334.870541832963, 72, -1.0
31337.027867572393, 160, 1.0
31337.613211432006, 40, -1.0
31338.11799228302, 64, -1.0
31339.12619948458, 128, -1.0
31343.240342148536, 59, -1.0
31343.825295616392, 162, 1.0
31345.47246456463, 97, 1.0
31348.72382400467, 35, 1.0
31350.772186070273, 97, -1.0
31351.85475369364, 182, 1.0
31356.317142262047, 119, 1.0
31357.828399679413, 235, 1.0
31358.555411464997, 87, -1.0
31359.194816158775, 235, 1.0
31363.796515657818, 114, -1.0
31364.334975941183, 116, 1.0
31366.56017108303, 112, -1.0
31369.16129753023, 116, 1.0
31371.541689098525, 61, -1.0
31373.540053252676, 35, 1.0
31379.3524912113, 59, -1.0
31380.651644930233, 117, -1.0
31380.710616558972, 116, 1.0
31380.728771010792, 89, 1.0
31381.779375662205, 101, 1.0
31382.32944361771, 101, 1.0
31384.905818066938, 32, -1.0
31387.975908177435, 142, 1.0
31390.628582671154, 28, 1.0
31391.820425776834, 123, -1.0
31392.89507051828, 58, -1.0
31395.36823199352, 162, -1.0
31395.695537654483, 40, 1.0
31398.052957869557, 92, -1.0
31400.661254121533, 80, 1.0
31401.08097023887, 81, -1.0
31401.781432773725, 98, -1.0
31405.788729288768, 106, -1.0
31405.9485354142, 141, 1.0
31406.504300744808, 65, 1.0
31408.99697134656, 105, 1.0
31410.947435783313, 71, 1.0
31410.991301869406, 228, 1.0
31411.46481791297, 123, 1.0
31415.12750673851, 104, 1.0
31415.371887739126, 65, -1.0
31416.256200233212, 71, -1.0
31416.581358487412, 105, 1.0
31417.605169972732, 90, -1.0
31418.77619235919, 74, -1.0
31423.982505560463, 148, -1.0
31425.838720995376, 163, 1.0
31430.490493548095, 105, 1.0
31432.355315230765, 101, 1.0
31434.11355377199, 193, -1.0
31434.94239779241, 146, 1.0
31435.004374242013, 153, -1.0
31437.589479312996, 97, -1.0
31439.58034092129, 141, 1.0
31444.84290848473, 117, -1.0
31447.0959423774, 114, -1.0
31452.549800263925, 58, -1.0
31452.589512156217, 165, -1.0
31453.09228043688, 142, 1.0
31455.597903966354, 26, -1.0
31459.94084676199, 161, -1.0
31461.439392723616, 71, 1.0
31462.425505128784, 26, -1.0
31464.478630507405, 29, 1.0
31464.74953400319, 235, 1.0
31471.10150940716, 154, 1.0
31472.355009943778, 71, 1.0
31476.277269983788, 130, -1.0
31476.421483729115, 233, -1.0
31476.925802320104, 95, -1.0
31478.665956804674, 80, -1.0
31482.943276876624, 96, 1.0
31484.824746535058, 151, -1.0
31488.364870309568, 108, -1.0
31490.187372243254, 119, -1.0
31491.403441469723, 155, -1.0
31492.344125515894, 109, 1.0
31492.55688644114, 53, 1.0
31496.397616257094, 152, 1.0
31497.409999926622, 71, 1.0
31498.37500557545, 105, -1.0
31499.20152742519, 58, -1.0
31510.663554708324, 157, 1.0
31512.93153755048, 146, 1.0
31513.543413504845, 35, 1.0
31514.186895863088, 235, 1.0
31517.39809761678, 105, 1.0
31519.568178527166, 153, -1.0
31519.698669375543, 139, -1.0
31519.87929457406, 101, 1.0
31521.14508963246, 84, -1.0
31521.882667818834, 34, -1.0
31523.196535847826, 165, 1.0
31523.563492030127, 146, -1.0
31525.644302582237, 62, 1.0
31529.625129863325, 84, -1.0
31530.773820302526, 165, 1.0
31530.794585374813, 67, 1.0
31537.203544099968, 158, 1.0
31538.37791498817, 108, 1.0
31539.615958516595, 142, 1.0
31541.280929399323, 45, -1.0
31541.72294740233, 146, 1.0
31542.97678288415, 86, -1.0
31544.452906037368, 234, 1.0
31549.349927220654, 104, 1.0
31554.489724687177, 54, -1.0
31555.01589053846, 96, -1.0
31555.165184143574, 29, -1.0
31555.547354071638, 41, 1.0
31558.830350385702, 146, 1.0
31558.901102829117, 83, 1.0
31558.965451027565, 42, -1.0
31562.176464699973, 146, -1.0
31564.98355168054, 48, 1.0
31566.366391915995, 123, -1.0
31566.831600615467, 80, -1.0
31571.461754831984, 67, -1.0
31571.88298254248, 126, -1.0
31573.3070748458, 67, 1.0
31582.751969853925, 228, 1.0
31585.07745571165, 69, 1.0
31587.448091075268, 228, 1.0
31591.597633845227, 234, -1.0
31593.102872161286, 76, -1.0
31595.4603552617, 133, -1.0
31596.10063304429, 234, -1.0
31597.191364453425, 163, 1.0
31598.6456264074, 90, -1.0
31600.210765699445, 141, 1.0
31602.43665290605, 43, 1.0
31604.437714076073, 100, -1.0
31604.658068327957, 95, -1.0
31605.325038342893, 114, 1.0
31608.028721133378, 163, 1.0
31608.91148432808, 152, -1.0
31612.68469360381, 76, -1.0
31614.680188427235, 116, 1.0
31615.956270441246, 188, 1.0
31616.13821838511, 123, 1.0
31617.99225889807, 198, -1.0
31619.67943133992, 234, -1.0
31620.43242806443, 75, 1.0
31622.961204808264, 35, -1.0
31625.313388482115, 50, -1.0
31626.399252188952, 187, 1.0
31629.580419662867, 75, 1.0
31632.40609341406, 29, -1.0
31632.828745244307, 35, -1.0
31634.042445225037, 109, -1.0
31634.242023689025, 91, -1.0
31634.48294023376, 41, 1.0
31636.609011156685, 68, -1.0
31638.876874299036, 126, -1.0
31647.53426745367, 155, -1.0
31648.498121292818, 154, -1.0
31649.66939827606, 87, -1.0
31650.735489942082, 36, -1.0
31651.033490058984, 101, 1.0
31651.94019552776, 100, -1.0
31654.82420992979, 40, -1.0
31658.307647631333, 114, 1.0
31659.156285507255, 45, 1.0
31664.28287105823, 173, 1.0
31665.364053494162, 102, -1.0
31667.17357074937, 105, 1.0
31668.687855575987, 169, -1.0
31673.05403225872, 235, -1.0
31677.852777829306, 126, -1.0
31680.42721963338, 68, -1.0
31681.896964143543, 103, 1.0
31683.76520838964, 103, 1.0
31685.093141246765, 56, 1.0
31685.13549721574, 35, 1.0
31688.27632293463, 41, 1.0
31689.111662200663, 233, -1.0
31694.375118290205, 93, -1.0
31696.600201696823, 164, -1.0
31696.95299716967, 146, -1.0
31700.480638169633, 117, -1.0
31701.920794874524, 33, -1.0
31702.682356107696, 99, 1.0
31703.67814370811, 105, 1.0
31704.42186540814, 58, -1.0
31709.843797025187, 64, -1.0
31713.21117910667, 233, 1.0
31716.345594884522, 126, -1.0
31718.562216622973, 142, 1.0
31719.971264997315, 105, -1.0
31723.25110499988, 181, -1.0
31733.319897197027, 35, -1.0
31736.139239358992, 90, -1.0
31738.599586007775, 67, -1.0
31739.75553060753, 113, -1.0
31747.226506304723, 101, -1.0
31748.04183378863, 26, -1.0
31750.932181347984, 169, -1.0
31751.695923424417, 68, -1.0
31754.447305238646, 35, -1.0
31755.997055785243, 141, 1.0
31758.76231429135, 165, 1.0
31762.38486385276, 92, -1.0
31764.39820612407, 141, 1.0
31766.15826409278, 110, -1.0
31767.088731579533, 88, -1.0
31767.153343958045, 116, -1.0
31768.14883386244, 108, -1.0
31768.90995190712, 128, -1.0
31770.370738649508, 36, 1.0
31773.228739945145, 142, 1.0
31774.29227202238, 39, -1.0
31776.86028720384, 87, 1.0
31780.11865679818, 100, 1.0
31780.582305991335, 100, 1.0
31781.881988954723, 114, -1.0
31782.701554450745, 142, -1.0
31786.265433997087, 58, -1.0
31786.337475265023, 233, -1.0
31790.77706255964, 36, 1.0
31790.869483374376, 139, 1.0
31794.983727417744, 126, -1.0
31795.812971305488, 142, -1.0
31795.99939455775, 76, -1.0
31797.394330177944, 99, 1.0
31798.157847251627, 55, 1.0
31802.818714061028, 64, -1.0
31803.132404295226, 155, 1.0
31804.892831339435, 68, 1.0
31805.29465439423, 75, -1.0
31806.81339112328, 123, -1.0
31808.433956990015, 152, -1.0
31808.919659478972, 146, -1.0
31809.55280673343, 59, 1.0
31810.37543973655, 89, -1.0
31810.791378466223, 67, 1.0
31812.599862394807, 152, 1.0
31813.227260543386, 71, 1.0
31813.523776837388, 50, -1.0
31813.668733609273, 80, -1.0
31814.913288809104, 163, -1.0
31825.24269116315, 146, -1.0
31827.10833450253, 39, -1.0
31830.90034726634, 149, -1.0
31832.42641973165, 114, -1.0
31832.70324854275, 120, -1.0
31833.760352460762, 87, -1.0
31834.577574064133, 109, 1.0
31836.37147124402, 177, -1.0
31840.43559329694, 105, 1.0
31840.558256261935, 53, -1.0
31842.208713077518, 164, 1.0
31843.468165370967, 163, -1.0
31843.98312676661, 233, -1.0
31844.053963698258, 155, 1.0
31845.13703953216, 188, -1.0
31848.368454512824, 71, -1.0
31848.504517667137, 59, -1.0
31849.169533070213, 177, -1.0
31849.6217988685, 87, -1.0
31849.884133068757, 124, 1.0
31852.133091007476, 116, 1.0
31852.741798999057, 116, 1.0
31854.94034874704, 188, 1.0
31855.27076025984, 116, -1.0
31855.97213877227, 27, -1.0
31856.25372597243, 165, 1.0
31858.244906004333, 69, 1.0
31859.167921740365, 106, 1.0
31860.057774067365, 33, -1.0
31860.127312607736, 35, 1.0
31860.20946069245, 87, -1.0
31861.072174331883, 149, -1.0
31864.464838166394, 75, -1.0
31866.171366621533, 241, 1.0
31866.74306644542, 97, -1.0
31875.045152574658, 71, 1.0
31876.69507334737, 155, -1.0
31881.908540001616, 67, -1.0
31882.941483926872, 165, 1.0
31883.872366213815, 130, -1.0
31885.7647336223, 29, -1.0
31886.424907391614, 76, -1.0
31887.338103157137, 26, 1.0
31887.454190651362, 39, -1.0
31892.494968856485, 234, 1.0
31894.401087953873, 188, -1.0
31894.678576964623, 142, -1.0
31896.99443335026, 142, 1.0
31897.64725398283, 233, 1.0
31899.880694659707, 50, 1.0
31904.39522919697, 133, -1.0
31905.17498252393, 83, -1.0
31905.17869388289, 75, 1.0
31906.1384529911, 76, -1.0
31909.443481167506, 142, 1.0
31911.34004259065, 60, -1.0
31912.179679460787, 114, 1.0
31912.949468561143, 81, -1.0
31916.384293033574, 241, 1.0
31917.87383321833, 106, 1.0
31918.54669891856, 159, 1.0
31928.628684132316, 164, -1.0
31932.79889912134, 71, 1.0
31932.857942943603, 165, -1.0
31933.44474233566, 169, -1.0
31933.903693577726, 71, 1.0
31934.347706804296, 101, -1.0
31935.44614406602, 83, -1.0
31936.272388212205, 67, -1.0
31937.848764646144, 84, -1.0
31940.332809424355, 29, -1.0
31941.8619960176, 116, -1.0
31941.96783267364, 99, -1.0
31944.642346642693, 45, 1.0
31945.35499635637, 133, -1.0
31945.798220202592, 96, 1.0
31948.98141489761, 101, -1.0
31950.20886794889, 96, -1.0
31952.82894479637, 33, -1.0
31958.601647548545, 154, -1.0
31963.09176116297, 126, 1.0
31964.237964562108, 51, -1.0
31965.751237553955, 64, -1.0
31966.507831224553, 87, 1.0
31968.471297625674, 235, 1.0
31969.993529835298, 40, 1.0
31970.234921308263, 153, -1.0
31970.625660068574, 101, -1.0
31972.12874684691, 114, -1.0
31972.691716281643, 137, 1.0
31973.636918367938, 101, 1.0
31975.691553709083, 75, 1.0
31980.67479002637, 147, -1.0
31988.047117892093, 97, 1.0
31991.05476134485, 59, -1.0
31991.514620998154, 69, 1.0
31993.584823602472, 107, 1.0
31994.87928888617, 159, -1.0
31995.015996473252, 105, -1.0
31997.090349644055, 83, 1.0
31997.518375127467, 142, 1.0
31997.659607397873, 84, 1.0
32001.558454270857, 34, 1.0
32001.72347258748, 163, -1.0
32004.056523042265, 31, -1.0
32010.18694378556, 119, 1.0
32013.932036027276, 116, 1.0
32015.32212199128, 74, -1.0
32018.37321343704, 40, 1.0
32018.475825882837, 43, -1.0
32019.34530385204, 181, -1.0
32021.09562747688, 67, -1.0
32022.8378050687, 241, 1.0
32023.194862434662, 32, -1.0
32029.81565376719, 113, -1.0
32030.907336023578, 70, -1.0
32034.341074054242, 98, -1.0
32035.566746886238, 148, -1.0
32035.74803917086, 155, 1.0
32036.175506620322, 101, 1.0
32037.559520200164, 152, 1.0
32040.88184941556, 137, 1.0
32041.180579815173, 157, -1.0
32041.394231506794, 102, -1.0
32041.744388524872, 45, 1.0
32045.66854604819, 40, -1.0
32045.913727937987, 137, 1.0
32046.219695366577, 87, 1.0
32046.405403099667, 97, -1.0
32048.339346061057, 40, 1.0
32048.343360853716, 188, -1.0
32049.595111205606, 41, 1.0
32050.808679779842, 29, -1.0
32054.534890650153, 101, -1.0
32056.8534915226, 163, 1.0
32058.104450903895, 147, -1.0
32059.086018825343, 101, -1.0
32060.473981372346, 154, 1.0
32066.944443658584, 114, 1.0
32067.20425968134, 97, -1.0
32073.138645010044, 126, -1.0
32073.230754532065, 193, 1.0
32073.784707128943, 68, -1.0
32075.391196935787, 119, -1.0
32075.3952588383, 71, 1.0
32076.167392007064, 75, -1.0
32076.607977567153, 148, -1.0
32077.706547256865, 103, 1.0
32078.309642335065, 46, -1.0
32078.602641238074, 62, -1.0
32083.974631004545, 142, 1.0
32085.437503716996, 105, 1.0
32090.55182908946, 56, 1.0
32092.814192527574, 163, -1.0
32092.832213103182, 103, 1.0
32093.626276891813, 228, -1.0
32094.295147826066, 126, 1.0
32095.21086703697, 71, 1.0
32095.754155431445, 29, -1.0
32096.96779058755, 76, -1.0
32098.153501007713, 123, -1.0
32099.98391583213, 36, 1.0
32100.874876229707, 41, 1.0
32101.89763475111, 41, -1.0
32103.18304867209, 105, -1.0
32105.998264226986, 126, 1.0
32106.897124559422, 187, 1.0
32109.852453796077, 161, 1.0
32113.436679645023, 35, -1.0
32120.830433905827, 228, 1.0
32126.815211360583, 50, -1.0
32130.237888371255, 242, 1.0
32131.536776059642, 182, 1.0
32132.531491498677, 40, 1.0
32134.608020216023, 75, 1.0
32135.615536745318, 182, -1.0
32139.000131343488, 98, -1.0
32141.339968625118, 35, -1.0
32142.251122059537, 142, -1.0
32142.540099544225, 123, 1.0
32143.579148679546, 142, 1.0
32144.625484580774, 75, -1.0
32144.946772072046, 163, 1.0
32145.016379224373, 45, 1.0
32146.300371419835, 83, -1.0
32146.40275574831, 61, -1.0
32146.441632856026, 130, -1.0
32147.08464886043, 50, 1.0
32147.294584363226, 110, -1.0
32147.694436676724, 129, -1.0
32149.941173020383, 123, 1.0
32151.296971110234, 35, -1.0
32152.443519323875, 64, -1.0
32153.70492610815, 92, -1.0
32153.86114805737, 164, -1.0
32154.090276295676, 133, -1.0
32156.156759342357, 93, -1.0
32156.817178143363, 32, 1.0
32157.236638575218, 228, -1.0
32160.65884882469, 234, -1.0
32163.767071069266, 114, -1.0
32164.402697836616, 146, 1.0
32165.79455350187, 161, -1.0
32166.94026030236, 40, -1.0
32167.298418510833, 159, -1.0
32168.56319638438, 75, -1.0
32168.804277022457, 76, 1.0
32168.867519113493, 188, -1.0
32168.905158478003, 90, 1.0
32169.10001502333, 83, -1.0
32170.207376858492, 106, -1.0
32170.77810602215, 177, -1.0
32171.936365011912, 105, 1.0
32172.87576785792, 59, -1.0
32177.50083504419, 146, -1.0
32178.21823390949, 71, 1.0
32183.13423767928, 106, -1.0
32183.790533138996, 48, -1.0
32187.04933448212, 87, -1.0
32187.52018017838, 76, -1.0
32188.04721128468, 32, -1.0
32189.844714230534, 154, -1.0
32191.154905804942, 162, 1.0
32192.329318321223, 50, 1.0
32193.25793415807, 56, -1.0
32193.320306298923, 101, -1.0
32195.73877949948, 141, 1.0
32199.570564726484, 113, -1.0
32199.785333337328, 101, -1.0
32200.89596029574, 142, -1.0
32201.26682837804, 105, 1.0
32202.52938845302, 64, -1.0
32204.027717460558, 142, -1.0
32206.59250335172, 137, 1.0
32207.420871246362, 68, -1.0
32208.54347250906, 28, 1.0
32209.276331629797, 117, -1.0
32211.733717927236, 193, -1.0
32214.337715875048, 117, -1.0
32215.217105363423, 152, 1.0
32215.879021466782, 48, 1.0
32216.152514403402, 35, 1.0
32216.422000485454, 105, -1.0
32217.7046987719, 40, 1.0
32224.18611423707, 164, 1.0
32224.236457201536, 68, 1.0
32224.300187421923, 60, -1.0
32226.0905586107, 90, -1.0
32228.681711216024, 167, -1.0
32231.304789907383, 71, 1.0
32235.41653997171, 163, 1.0
32236.018318412287, 109, 1.0
32244.73072156405, 40, -1.0
32245.923315036027, 234, 1.0
32247.233542183163, 34, -1.0
32249.820049393733, 42, -1.0
32250.03112278248, 99, 1.0
32250.998106321873, 54, 1.0
32255.446727547893, 117, 1.0
32259.23005768979, 42, -1.0
32261.340539609537, 146, -1.0
32263.4223499508, 61, 1.0
32263.48896855002, 76, -1.0
32264.6072808618, 70, 1.0
32265.771964788575, 58, -1.0
32268.226206524356, 75, -1.0
32268.34941276383, 40, 1.0
32269.490038103813, 75, 1.0
32270.071599862673, 177, -1.0
32272.833821621447, 59, -1.0
32276.942854808203, 111, 1.0
32278.429109336106, 51, 1.0
32281.74456421463, 155, -1.0
32281.78990874908, 163, 1.0
32285.539578943746, 107, -1.0
32286.09250149066, 142, -1.0
32287.778655884027, 42, -1.0
32290.723259985476, 75, 1.0
32291.27855205029, 230, -1.0
32292.26211998372, 74, -1.0
32292.922646683674, 97, -1.0
32294.817027846817, 32, -1.0
32297.969055470792, 84, -1.0
32301.39008662647, 123, -1.0
32303.060556046745, 126, 1.0
32307.67959648437, 80, -1.0
32319.066140573734, 27, -1.0
32320.57782201485, 99, 1.0
32323.321176374906, 29, 1.0
32323.651361529297, 66, 1.0
32324.48368440816, 101, -1.0
32326.045681007497, 105, -1.0
32326.27090456396, 75, 1.0
32330.191933883627, 34, -1.0
32332.674432371903, 42, 1.0
32336.46279254302, 126, 1.0
32337.367590940336, 67, 1.0
32340.088775304022, 173, -1.0
32343.410679775552, 109, 1.0
32349.909480412956, 89, -1.0
32354.42186999668, 137, 1.0
32357.49745859309, 64, -1.0
32359.76857956006, 41, 1.0
32364.101110073796, 116, -1.0
32364.49121727037, 117, -1.0
32364.838424164624, 154, -1.0
32365.041511728297, 169, 1.0
32365.32552717687, 116, -1.0
32365.430460080464, 152, -1.0
32369.340772563788, 141, -1.0
32371.82651805193, 235, -1.0
32371.827321294506, 74, -1.0
32373.154506987987, 108, 1.0
32382.474062549692, 114, -1.0
32384.889333776988, 163, -1.0
32385.66688387236, 75, -1.0
32388.972744605002, 89, 1.0
32389.4884986989, 114, -1.0
32389.57941806437, 34, 1.0
32390.89377536889, 141, -1.0
32395.43798107311, 141, 1.0
