25201.446444992707, 44, -1.0
25223.253712025202, 154, 1.0
25229.649061117056, 101, 1.0
25232.69334976006, 103, 1.0
25234.523704686068, 152, -1.0
25237.428564125126, 35, 1.0
25239.71345627847, 148, -1.0
25241.748511187536, 44, -1.0
25260.710438749433, 148, -1.0
25262.497573510253, 101, 1.0
25263.12105011789, 152, -1.0
25266.80179204407, 101, -1.0
25270.299986264326, 103, 1.0
25272.339643561776, 148, 1.0
25277.193203525538, 152, -1.0
25279.980007286773, 103, 1.0
25296.816751418475, 152, -1.0
25314.880440268604, 75, 1.0
25315.35636121541, 75, 1.0
25321.571318160582, 75, 1.0
25325.061892656955, 35, 1.0
25325.845645966052, 35, -1.0
25340.56243464704, 154, -1.0
25340.568071131325, 35, 1.0
25359.103351863614, 103, 1.0
25362.29875132842, 35, 1.0
25362.931675792795, 152, 1.0
25363.640727112474, 75, 1.0
25370.03582506748, 152, -1.0
25376.987425887866, 101, -1.0
25377.762788673514, 101, 1.0
25378.42236140716, 75, -1.0
25379.600375938142, 103, 1.0
25383.191320508042, 154, 1.0
25383.6663056006, 44, -1.0
25405.14007285419, 103, 1.0
25408.96586289217, 154, -1.0
25419.978927129927, 148, -1.0
25425.916670061397, 75, -1.0
25432.73741686972, 103, 1.0
25435.57927958532, 154, 1.0
25445.104417145212, 154, -1.0
25446.166319122232, 44, -1.0
25448.840461631647, 103, 1.0
25457.20466992304, 101, 1.0
25458.6108966093, 101, 1.0
25459.176987643456, 44, -1.0
25461.476891325125, 148, -1.0
25464.80287502273, 35, -1.0
25467.73316502744, 103, 1.0
25469.671669284853, 75, 1.0
25480.993281496158, 148, -1.0
25483.47242902097, 154, -1.0
25497.192009120852, 148, -1.0
25497.547280499195, 103, 1.0
25502.008426981272, 101, 1.0
25502.41030046371, 75, -1.0
25505.245996247748, 35, 1.0
25508.27242121808, 154, 1.0
25509.904754729374, 148, -1.0
25514.959256990704, 103, 1.0
25519.864818923812, 154, 1.0
25526.2165412712, 75, 1.0
25549.233690629906, 103, 1.0
25549.530485651565, 103, 1.0
25550.065028327932, 152, -1.0
25551.2296803536, 103, 1.0
25554.447163948833, 154, -1.0
25558.69072377994, 152, 1.0
25561.73064517294, 75, -1.0
25563.062847226814, 152, 1.0
25565.757491336437, 44, -1.0
25574.737325630536, 101, 1.0
25576.71977823, 101, 1.0
25581.73536017001, 35, -1.0
25589.882139839898, 101, -1.0
25594.80847098724, 75, 1.0
25596.143345107477, 35, 1.0
25608.546831335272, 152, -1.0
25610.218283453127, 35, -1.0
25611.09651153617, 148, -1.0
25612.47943003158, 148, -1.0
25615.570124198257, 75, 1.0
25616.752795142118, 148, -1.0
25621.15830775014, 35, 1.0
25634.509792804023, 35, 1.0
25665.498924447453, 154, 1.0
25668.590702393438, 35, 1.0
25671.013596601984, 101, 1.0
25675.24788164278, 75, -1.0
25680.574378425143, 103, 1.0
25688.79206742526, 154, 1.0
25689.244847592785, 75, 1.0
25697.64893271879, 101, 1.0
25707.40084329167, 44, 1.0
25707.649903548707, 148, -1.0
25709.862149074106, 148, -1.0
25716.649872580943, 75, 1.0
25717.712006277332, 148, -1.0
25723.781424085402, 44, 1.0
25723.96696237307, 148, -1.0
25726.094892543886, 44, -1.0
25726.62481675422, 148, -1.0
25730.259120421582, 75, -1.0
25732.557183990248, 101, -1.0
25734.482808912693, 35, -1.0
25736.472844853433, 101, 1.0
25758.54836911152, 103, 1.0
25766.424726213456, 148, -1.0
25772.79560792918, 35, -1.0
25781.318796052186, 154, 1.0
25790.76229384929, 35, 1.0
25790.9775637462, 148, 1.0
25790.98028840933, 101, 1.0
25798.056390094935, 101, 1.0
25800.264902380455, 152, -1.0
25811.85496674937, 44, -1.0
25812.822961664162, 75, 1.0
25821.703592793376, 101, -1.0
25834.59015472135, 152, 1.0
25835.31355295606, 103, 1.0
25838.369096648046, 35, -1.0
25845.21622972208, 148, -1.0
25861.917801761134, 44, -1.0
25862.590755126446, 101, 1.0
25865.39719177279, 103, 1.0
25873.505643689048, 101, -1.0
25873.583034226704, 148, -1.0
25873.951518237664, 152, 1.0
25875.57097895824, 152, -1.0
25876.68741824915, 75, 1.0
25877.64612918991, 154, 1.0
25893.598483604455, 148, -1.0
25901.018052445797, 148, -1.0
25906.581133066506, 75, 1.0
25915.9181277094, 148, -1.0
25923.29643142837, 35, 1.0
25928.2652583311, 44, -1.0
25928.550022659474, 103, 1.0
25939.69888058817, 148, -1.0
25949.94069011072, 101, 1.0
25950.763692125216, 154, 1.0
25957.684014755963, 152, -1.0
25960.851979325053, 103, 1.0
25967.29643831082, 103, -1.0
25967.8694354732, 154, 1.0
25979.07632562641, 103, 1.0
25983.959227705796, 101, 1.0
25985.946627441426, 101, -1.0
25996.88437845915, 101, 1.0
26003.805578689473, 154, 1.0
26016.399291721653, 103, 1.0
26031.350756577718, 75, 1.0
26034.778560717616, 75, 1.0
26044.72249864274, 154, 1.0
26047.46407277793, 75, 1.0
26076.75796357137, 101, 1.0
26081.579314304672, 152, 1.0
26098.419755223986, 44, -1.0
26098.455835102144, 35, 1.0
26101.951550913647, 35, -1.0
26106.56590162207, 101, -1.0
26111.331586814013, 35, -1.0
26116.507312300648, 75, -1.0
26118.759193207723, 75, 1.0
26121.86738473621, 75, 1.0
26123.636066171275, 75, 1.0
26125.271265243973, 103, 1.0
26126.14903867225, 75, 1.0
26127.29659828997, 103, 1.0
26131.206862160252, 101, -1.0
26136.357478255235, 75, 1.0
26147.01898849547, 75, 1.0
26163.625365600452, 101, 1.0
26172.07886011059, 154, 1.0
26175.763459229616, 35, 1.0
26182.18385844949, 44, -1.0
26184.38844273089, 103, 1.0
26184.621655390765, 152, -1.0
26189.227665155064, 75, 1.0
26191.234056420304, 101, 1.0
26192.21130059995, 101, 1.0
26194.21943535113, 103, 1.0
26208.305746129306, 103, -1.0
26216.82616215636, 152, 1.0
26220.923048629047, 75, 1.0
26224.10914331154, 152, 1.0
26226.26540351921, 101, -1.0
26228.485004590144, 154, 1.0
26229.151293918618, 101, 1.0
26232.209626701464, 35, 1.0
26241.81220807019, 148, -1.0
26242.212417705596, 101, -1.0
26249.902573131207, 75, 1.0
26249.98591067678, 103, 1.0
26261.862032152254, 75, 1.0
26264.95615327872, 154, 1.0
26267.203442668568, 75, 1.0
26268.754615153637, 152, 1.0
26270.863962542986, 101, -1.0
26307.440845028046, 152, -1.0
26310.409591854397, 152, 1.0
26311.332876821016, 35, 1.0
26324.106575482012, 154, 1.0
26328.46066482858, 35, 1.0
26332.10456506844, 101, -1.0
26333.4487203599, 35, 1.0
26348.60390088172, 75, -1.0
26351.975884368214, 148, -1.0
26354.116464621526, 103, 1.0
26354.39177008949, 152, -1.0
26359.24863667769, 75, -1.0
26359.499389546123, 35, 1.0
26363.606083256895, 148, -1.0
26370.75417176015, 103, 1.0
26375.22528728984, 152, -1.0
26387.257556028642, 152, -1.0
26402.549420406547, 148, -1.0
26402.981009785188, 103, 1.0
26405.55557516757, 75, 1.0
26406.514454230568, 152, -1.0
26410.36466862126, 101, -1.0
26433.203344403042, 35, 1.0
26437.65360034791, 75, 1.0
26438.93604294734, 75, 1.0
26443.688725639884, 154, -1.0
26453.969958830414, 35, -1.0
26455.15340525581, 152, -1.0
26455.882686146015, 75, 1.0
26461.69341779822, 44, -1.0
26463.214861930584, 75, 1.0
26463.238233386626, 35, -1.0
26467.09061273511, 75, 1.0
26471.30946737852, 148, -1.0
26472.696099499215, 152, 1.0
26472.845370868898, 103, 1.0
26474.305132177327, 75, -1.0
26478.798740353348, 103, -1.0
26482.334308209098, 103, 1.0
26485.277701191862, 75, 1.0
26487.53729056991, 35, 1.0
26488.10777503585, 101, 1.0
26504.35785383138, 103, 1.0
26505.284022615488, 75, 1.0
26516.4317884806, 154, 1.0
26520.655946952687, 152, 1.0
26521.814642566747, 101, -1.0
26527.052262788373, 75, 1.0
26530.375692156813, 75, 1.0
26536.898618602085, 44, 1.0
26547.46592506957, 148, -1.0
26551.091363147854, 103, 1.0
26551.571653507654, 103, 1.0
26553.49872745386, 154, 1.0
26558.78136714168, 154, -1.0
26574.361283480797, 35, 1.0
26576.754586987183, 75, -1.0
26588.335884470915, 148, -1.0
26588.57559686943, 103, 1.0
26590.58869502354, 101, 1.0
26597.20279111846, 152, 1.0
26599.353464373366, 148, -1.0
26601.494332185583, 101, 1.0
26613.043442620554, 103, 1.0
26615.17641473392, 101, 1.0
26616.61457470062, 35, 1.0
26618.292085206594, 101, 1.0
26625.79271792886, 154, 1.0
26626.796902056856, 103, 1.0
26633.165848377455, 44, 1.0
26637.804428338368, 75, -1.0
26643.542343690115, 35, 1.0
26644.454837065317, 35, 1.0
26647.750874132973, 152, 1.0
26650.802895308512, 75, 1.0
26653.081520925472, 101, 1.0
26661.00755521912, 101, 1.0
26668.052747410515, 44, -1.0
26685.62825038709, 154, -1.0
26685.668812460637, 148, -1.0
26687.2327682564, 75, 1.0
26694.01884298229, 101, -1.0
26695.385176739797, 35, 1.0
26699.194367595017, 103, 1.0
26707.80034874892, 154, 1.0
26710.517589323736, 154, 1.0
26712.506262386072, 35, 1.0
26715.462323207877, 101, 1.0
26726.173118812847, 35, -1.0
26728.46832622282, 35, -1.0
26733.597887168984, 152, -1.0
26735.944900414732, 35, 1.0
26759.72069155594, 148, -1.0
26763.701375112552, 44, -1.0
26768.936586303877, 154, 1.0
26775.902882895236, 44, -1.0
26786.365900040735, 101, -1.0
26809.55488868175, 154, 1.0
26810.942672556044, 148, -1.0
26813.27561261273, 35, 1.0
26818.77786765492, 75, 1.0
26818.784669874443, 103, 1.0
26820.96672501047, 75, 1.0
26835.509163425322, 101, 1.0
26843.560183308608, 75, 1.0
26852.27279610948, 103, 1.0
26858.64920007639, 154, 1.0
26861.37589953789, 35, 1.0
26867.211128116305, 75, 1.0
26868.285045666373, 154, 1.0
26870.77750121032, 103, 1.0
26875.320801183778, 154, 1.0
26875.38350123958, 44, 1.0
26875.687177056672, 103, 1.0
26876.657036258475, 103, 1.0
26884.978553359946, 44, 1.0
26902.532082045553, 75, 1.0
26905.63140940928, 101, 1.0
26906.376709446136, 101, 1.0
26909.105250424218, 75, 1.0
26910.387637224838, 35, 1.0
26912.629321990702, 152, -1.0
26915.79932486774, 75, 1.0
26919.49448286262, 75, 1.0
26926.51416866347, 35, -1.0
26928.568534363327, 75, 1.0
26929.0884836568, 101, -1.0
26937.1101299894, 35, 1.0
26948.809110254206, 75, -1.0
26962.306252834034, 152, -1.0
26963.859340917388, 101, -1.0
26967.67389034147, 148, -1.0
26969.796090281743, 35, -1.0
26969.9605548799, 148, -1.0
26979.24850465199, 35, 1.0
26979.555225508433, 103, 1.0
26981.607994251128, 101, 1.0
26984.808577895797, 152, -1.0
26986.455978650203, 148, -1.0
26987.462156854468, 152, 1.0
26990.268020572992, 152, 1.0
26994.30149512538, 75, 1.0
26996.83444264741, 152, 1.0
27001.282696026326, 44, -1.0
27003.770892023495, 101, 1.0
27005.93054155118, 75, -1.0
27012.900957950074, 103, 1.0
27012.922162854506, 44, 1.0
27017.59497591467, 152, -1.0
27019.651949378927, 101, 1.0
27025.25976209774, 75, 1.0
27025.887464100713, 154, 1.0
27033.707245626538, 152, -1.0
27036.888405767135, 101, 1.0
27040.57934526808, 148, -1.0
27044.00851609983, 152, -1.0
27052.98714657437, 103, 1.0
27053.177551575267, 101, 1.0
27065.446142810833, 35, 1.0
27067.562501650515, 103, -1.0
27076.73709677247, 75, -1.0
27085.604253035926, 101, 1.0
27086.787718100724, 75, -1.0
27094.55297411177, 152, -1.0
27100.051738474, 75, 1.0
27101.315231341527, 35, 1.0
27129.98531962926, 148, -1.0
27132.133334757997, 75, 1.0
27133.09250724939, 101, 1.0
27138.141088430093, 75, 1.0
27143.603953825164, 148, -1.0
27147.09117812112, 101, 1.0
27147.88218328313, 44, 1.0
27155.574522023897, 103, -1.0
27169.96389944458, 35, -1.0
27177.277190760826, 35, 1.0
27178.823781602896, 101, 1.0
27195.71792239934, 103, 1.0
27195.766507570326, 101, 1.0
27200.952248394027, 101, 1.0
27201.48133113153, 154, 1.0
27202.539838442506, 35, 1.0
27204.229768176414, 103, 1.0
27207.39043608858, 148, -1.0
27207.985196368176, 101, 1.0
27214.27298149657, 154, 1.0
27224.713725405927, 148, -1.0
27225.7852047436, 154, 1.0
27226.624959932553, 75, 1.0
27231.899594757848, 101, -1.0
27232.328772764045, 35, -1.0
27239.454987365592, 75, 1.0
27244.84553502747, 148, -1.0
27257.381973106163, 75, 1.0
27277.44511755784, 44, -1.0
27279.508143249102, 101, -1.0
27283.278790619977, 75, -1.0
27289.418125972363, 101, 1.0
27289.87241087426, 44, -1.0
27296.333727192217, 152, -1.0
27306.87000032799, 152, 1.0
27308.962326949237, 44, -1.0
27310.406223042322, 35, 1.0
27313.324330980522, 103, 1.0
27313.498505655185, 101, 1.0
27316.951738790147, 75, -1.0
27323.332311983948, 154, 1.0
27326.44374619208, 75, 1.0
27338.11732252296, 101, -1.0
27343.600407628244, 148, -1.0
27349.73202715149, 152, -1.0
27351.703019689536, 75, 1.0
27352.700572696445, 101, -1.0
27361.043367886967, 152, -1.0
27365.020702052534, 75, 1.0
27371.158154769506, 103, 1.0
27374.464636531644, 35, -1.0
27379.734944751533, 75, -1.0
27381.59645448921, 35, 1.0
27392.75567128552, 35, 1.0
27402.252747127677, 148, -1.0
27402.751254732655, 152, -1.0
27412.176180187198, 154, 1.0
27414.518500058628, 44, -1.0
27433.389414357895, 75, 1.0
27433.614995873922, 44, -1.0
27449.482450470987, 152, 1.0
27453.947943839186, 101, 1.0
27454.530303804546, 44, -1.0
27456.726603416224, 75, 1.0
27456.728123215016, 101, 1.0
27462.91463519346, 148, -1.0
27467.02460996958, 75, -1.0
27474.43985943478, 154, -1.0
27475.222399960363, 101, -1.0
27475.270708088097, 75, 1.0
27490.220243221946, 75, -1.0
27493.25703970409, 75, 1.0
27493.565104305857, 75, 1.0
27500.766905744105, 75, 1.0
27504.201804241427, 101, -1.0
27505.57152472688, 148, -1.0
27510.19421409751, 75, 1.0
27512.35865099204, 75, 1.0
27524.832833846096, 44, -1.0
27527.04303693374, 148, -1.0
27535.35799446763, 154, 1.0
27537.764935482242, 152, -1.0
27543.6362132446, 103, 1.0
27546.697508984213, 101, 1.0
27551.041403468596, 75, 1.0
27561.592026784514, 103, 1.0
27563.732522661507, 152, 1.0
27565.51103538936, 154, 1.0
27565.601690766645, 75, 1.0
27565.99931785405, 44, -1.0
27571.30833694283, 152, 1.0
27574.101390777567, 154, 1.0
27583.13993877638, 152, -1.0
27586.264395050563, 75, 1.0
27609.0115555728, 44, 1.0
27609.939486107247, 152, -1.0
27612.06158485187, 35, 1.0
27615.300302659136, 75, -1.0
27616.916805086374, 75, 1.0
27617.08600095499, 75, 1.0
27624.50412302836, 44, -1.0
27636.65789926701, 75, 1.0
27647.845601189714, 148, -1.0
27657.10199356468, 75, 1.0
27681.281996173202, 101, -1.0
27686.145156555696, 103, 1.0
27686.61653846148, 75, 1.0
27686.697413481237, 75, 1.0
27686.963208074358, 44, -1.0
27688.053661461305, 103, 1.0
27695.967385010543, 148, -1.0
27706.314530925833, 101, 1.0
27708.229672404916, 152, 1.0
27709.184966283938, 152, -1.0
27713.59390284258, 75, 1.0
27714.17731797466, 103, -1.0
27720.041769142037, 101, 1.0
27721.47343917435, 75, -1.0
27727.572627807607, 103, 1.0
27740.49237257702, 44, -1.0
27751.92916203674, 148, -1.0
27757.76884250881, 101, -1.0
27760.82085813453, 103, 1.0
27764.707301305094, 35, 1.0
27775.857666789045, 101, -1.0
27779.768072549326, 35, -1.0
27780.61421977863, 154, 1.0
27780.72056638477, 75, -1.0
27781.059280899113, 75, 1.0
27795.885905997446, 152, 1.0
27804.449443898447, 148, -1.0
27810.284150525542, 101, -1.0
27811.220239328723, 148, -1.0
27811.774071085114, 35, 1.0
27825.19514120873, 44, -1.0
27826.861687550732, 75, 1.0
27836.37160454919, 101, -1.0
27839.03851581608, 148, -1.0
27848.17243823534, 103, 1.0
27854.989036202584, 75, 1.0
27861.074918854833, 148, -1.0
27861.32257855827, 148, -1.0
27864.17424983919, 35, 1.0
27865.04130939278, 75, 1.0
27865.698481676332, 101, -1.0
27869.34784102263, 44, -1.0
27877.207982260614, 152, 1.0
27884.460654061106, 152, 1.0
27888.125756021902, 101, -1.0
27899.33783520298, 148, -1.0
27903.241264399163, 101, -1.0
27906.751889476047, 148, -1.0
27909.397709230765, 75, 1.0
27912.480996136623, 75, 1.0
27914.101817223174, 154, 1.0
27918.35660911748, 103, 1.0
27920.887306076278, 75, 1.0
27921.78690147315, 101, 1.0
27925.439786184634, 148, -1.0
27950.808833203897, 75, 1.0
27957.943490694153, 75, 1.0
27959.555172271088, 103, 1.0
27965.777591259863, 75, 1.0
27968.104760871815, 103, 1.0
27968.227975765956, 154, 1.0
27971.212161674335, 103, 1.0
27971.641508462024, 75, -1.0
27972.090607268638, 101, -1.0
27985.1556029883, 103, 1.0
27997.685199647167, 75, 1.0
27999.072769619725, 103, 1.0
27999.639867404483, 75, -1.0
28016.003963724703, 152, 1.0
28025.78154648812, 103, 1.0
28033.796545726298, 154, 1.0
28047.9046738378, 101, 1.0
28050.302898459697, 152, 1.0
28051.687134619042, 75, -1.0
28062.233395764488, 35, 1.0
28065.572729205145, 44, -1.0
28076.390699040294, 75, -1.0
28078.074148453597, 75, -1.0
28079.177325927467, 101, -1.0
28082.152869272104, 101, -1.0
28093.861612458684, 35, -1.0
28104.233106237734, 75, -1.0
28107.17715074799, 154, 1.0
28107.76216220837, 152, -1.0
28113.270682628572, 148, -1.0
28119.878962117582, 101, 1.0
28122.999168300164, 35, 1.0
28124.67937790685, 152, 1.0
28130.105461632236, 44, -1.0
28137.753098437417, 35, 1.0
28140.75969292564, 152, -1.0
28141.7661128673, 75, 1.0
28145.879670181374, 154, 1.0
28152.246366563646, 148, -1.0
28152.502907256414, 148, -1.0
28164.536289572778, 154, 1.0
28170.720600897457, 44, -1.0
28174.29143709213, 154, 1.0
28180.996391359287, 35, -1.0
28193.63528763655, 148, -1.0
28197.19221099936, 75, 1.0
28197.784830084467, 154, 1.0
28200.253424036895, 103, 1.0
28217.760701069037, 75, 1.0
28227.92742700744, 154, 1.0
28228.336417310427, 75, 1.0
28237.154516750157, 154, 1.0
28240.950066271253, 152, 1.0
28243.545510581236, 35, 1.0
28246.91730440539, 154, 1.0
28249.064649885073, 101, 1.0
28253.156650851626, 75, -1.0
28253.992029949826, 35, -1.0
28254.644381481525, 75, 1.0
28264.892101575024, 35, 1.0
28267.26066436387, 152, -1.0
28268.36699192626, 154, 1.0
28274.829385302106, 148, -1.0
28285.22973947973, 75, -1.0
28286.944759925853, 44, -1.0
28288.79759077281, 101, 1.0
28290.120310332226, 44, 1.0
28290.35833358651, 75, 1.0
28295.799739805832, 103, 1.0
28316.368886905024, 103, 1.0
28321.85904149765, 44, -1.0
28329.56864224557, 75, 1.0
28341.007722667924, 103, -1.0
28341.47843601509, 101, -1.0
28348.620986612677, 75, 1.0
28360.924630383874, 148, -1.0
28369.42537590333, 154, -1.0
28370.18772712484, 154, -1.0
28373.180823358565, 75, 1.0
28376.44015379486, 148, -1.0
28377.923306187822, 152, -1.0
28378.68735134253, 148, -1.0
28385.916612213558, 154, -1.0
28395.029301362225, 35, 1.0
28397.227189575497, 35, -1.0
28406.81219012151, 75, 1.0
28410.220390847287, 148, -1.0
28413.451535697164, 154, 1.0
28431.736400181322, 75, 1.0
28433.23462471572, 75, -1.0
28452.168791626416, 148, -1.0
28454.51481622562, 75, -1.0
28458.377223087526, 148, -1.0
28467.79937229604, 154, 1.0
28477.00666914849, 154, 1.0
28481.099652890633, 75, -1.0
28495.276170066954, 103, -1.0
28498.048413969253, 44, -1.0
28501.786348615144, 75, 1.0
28514.97967105949, 103, 1.0
28524.50299130574, 154, -1.0
28524.560524894823, 35, 1.0
28530.959134303208, 101, 1.0
28536.23778164397, 154, -1.0
28538.262901512124, 35, 1.0
28540.396666170665, 35, -1.0
28544.616513533736, 35, -1.0
28559.276628380296, 152, -1.0
28563.620114329533, 103, -1.0
28572.44220790645, 152, -1.0
28577.13511362269, 35, 1.0
28591.293402096442, 101, -1.0
28599.92931373625, 148, -1.0
28600.259818452436, 35, 1.0
28600.410216550867, 75, 1.0
28614.560678377005, 44, -1.0
28622.113398663794, 148, -1.0
28626.08407467267, 154, 1.0
28628.232041642495, 75, 1.0
28636.58688011184, 103, 1.0
28637.980485011492, 148, -1.0
28643.1451028039, 75, 1.0
28645.83520076955, 75, 1.0
28646.70804700737, 101, 1.0
28653.329742951468, 35, -1.0
28654.11080459613, 35, 1.0
28658.308083407195, 35, 1.0
28683.72474653889, 75, 1.0
28687.140178179223, 152, -1.0
28688.110223763048, 35, 1.0
28696.791384505435, 101, 1.0
28703.816303326956, 152, -1.0
28714.4443838864, 35, -1.0
28740.3011614832, 148, -1.0
28745.906095744544, 35, -1.0
28748.066560696316, 35, 1.0
28750.11198465552, 101, 1.0
28752.240662785334, 35, -1.0
28755.311711968563, 75, -1.0
28767.223527033315, 154, 1.0
28774.54408086125, 75, -1.0
28775.03125628943, 148, -1.0
28775.74879065102, 35, 1.0
28780.174376064257, 44, 1.0
28780.915038129602, 103, 1.0
28782.003494335193, 35, 1.0
28782.277054306815, 103, 1.0
28789.84662821146, 148, -1.0
28805.135256139478, 35, -1.0
28807.001039625662, 101, -1.0
28813.609947898556, 75, -1.0
28815.17108453319, 154, -1.0
28816.342804660737, 152, 1.0
28817.709434399356, 75, -1.0
28824.98715794583, 75, -1.0
28828.02646875069, 101, -1.0
28835.521590805278, 44, -1.0
28835.700527227513, 101, -1.0
28844.49080458218, 101, 1.0
28846.98719545072, 44, -1.0
28858.16006429828, 75, 1.0
28859.774005249434, 148, -1.0
28866.80468869107, 101, 1.0
28868.481212599032, 101, -1.0
28876.155319982856, 103, -1.0
28876.738171470675, 44, -1.0
28876.800481711274, 148, -1.0
28889.9271633585, 152, 1.0
28893.75804872023, 35, 1.0
28896.72996198674, 103, 1.0
28899.148822453444, 101, 1.0
28919.189399896084, 103, -1.0
28924.39836779657, 35, -1.0
28924.399210569216, 152, 1.0
28925.662691876438, 154, 1.0
28945.717589829994, 101, 1.0
28949.974886755117, 154, 1.0
28951.60003248121, 75, 1.0
28961.806288376676, 75, -1.0
28962.70717822555, 152, 1.0
28964.363249130423, 35, -1.0
28966.8890727514, 152, -1.0
28969.121397583578, 44, -1.0
28970.37316153696, 101, -1.0
28984.514926540745, 101, 1.0
28990.397474981102, 35, -1.0
28990.831277409332, 152, -1.0
28995.410854773858, 35, 1.0
29015.124006251637, 152, 1.0
29020.522025325536, 101, -1.0
29025.366737901102, 101, -1.0
29033.422178856086, 101, 1.0
29036.41604628209, 101, -1.0
29040.817462432296, 75, -1.0
29061.705252768563, 101, 1.0
29073.288293833713, 35, -1.0
29083.013872430307, 152, -1.0
29087.37193206776, 152, -1.0
29096.371993350836, 44, -1.0
29098.10707322089, 101, 1.0
29104.009833616576, 44, -1.0
29105.688900082452, 154, 1.0
29108.36275972204, 103, -1.0
29112.93921992947, 44, -1.0
29114.591760559324, 154, 1.0
29115.210402655688, 101, -1.0
29119.42419925738, 35, 1.0
29125.2320088366, 101, -1.0
29126.38219048828, 101, -1.0
29127.053513993833, 152, 1.0
29128.859544049945, 44, -1.0
29129.231847584342, 44, -1.0
29130.562096273527, 103, 1.0
29134.474555518696, 103, 1.0
29137.782752534615, 35, 1.0
29152.535811026362, 152, -1.0
29162.65502224915, 35, 1.0
29178.00655934126, 103, -1.0
29182.75864916978, 152, 1.0
29186.874321547086, 152, -1.0
29187.234875777183, 75, 1.0
29188.96126744905, 152, -1.0
29197.393842841306, 154, 1.0
29203.58716698753, 35, 1.0
29205.44635122057, 35, -1.0
29209.697078854424, 44, -1.0
29214.278346633066, 35, -1.0
29230.652269203918, 152, -1.0
29231.91582167843, 152, 1.0
29232.056991202953, 152, -1.0
29250.958340184585, 103, 1.0
29271.620865619727, 35, -1.0
29284.3497797429, 101, -1.0
29284.412819135654, 103, 1.0
29291.860905197715, 35, -1.0
29294.123231113947, 44, -1.0
29312.920696049532, 101, -1.0
29325.02070311854, 101, -1.0
29325.026256789046, 101, 1.0
29327.712396229243, 152, 1.0
29333.981615050507, 152, 1.0
29340.93085598343, 35, -1.0
29344.809826246812, 101, 1.0
29346.237093461124, 154, -1.0
29353.194382664435, 44, -1.0
29355.38331490136, 152, 1.0
29357.197360052225, 35, -1.0
29363.6945031792, 152, 1.0
29367.973049543092, 35, -1.0
29372.659971032128, 44, -1.0
29373.25021291827, 103, 1.0
29374.95348899056, 44, -1.0
29385.883823362667, 152, 1.0
29394.162581261204, 35, -1.0
29403.589223832947, 154, 1.0
29405.41040063816, 35, 1.0
29413.480158734677, 35, -1.0
29415.254430689456, 75, -1.0
29418.212914897176, 35, 1.0
29422.8935551141, 152, 1.0
29437.35451472362, 35, -1.0
29447.567630391342, 101, 1.0
29451.0486502697, 152, -1.0
29461.165828957943, 148, 1.0
29463.646839108693, 35, -1.0
29464.584579551924, 101, 1.0
29468.530603603143, 152, 1.0
29474.16728429985, 44, -1.0
29489.909899096245, 75, -1.0
29490.39207686147, 154, -1.0
29497.468297500127, 152, -1.0
29497.771162793026, 35, -1.0
29498.20320469018, 75, 1.0
29498.42695922813, 101, 1.0
29499.33396298293, 101, 1.0
29516.267358697653, 101, 1.0
29522.83308222968, 101, 1.0
29538.251702152324, 101, 1.0
29538.59944803623, 75, 1.0
29554.82438981682, 103, -1.0
29575.493359013, 152, -1.0
29580.338045144315, 44, -1.0
29588.654135839744, 44, -1.0
29589.734434570826, 103, 1.0
29596.89661567853, 44, -1.0
29599.513972319408, 44, -1.0
29600.5750613815, 101, -1.0
29600.64695260843, 103, 1.0
29603.80034401667, 103, 1.0
29604.940072217483, 101, 1.0
29611.113625477472, 152, 1.0
29619.261337353244, 44, -1.0
29626.944793769166, 148, -1.0
29636.281265819227, 152, -1.0
29642.81440442288, 103, -1.0
29661.894898998507, 101, -1.0
29664.87424337631, 101, -1.0
29665.60815213027, 35, 1.0
29674.945288531115, 44, -1.0
29675.32666277017, 152, -1.0
29677.56358453672, 148, -1.0
29685.561000313366, 35, -1.0
29691.82038146461, 35, -1.0
29695.941932510174, 44, -1.0
29705.584208654207, 152, 1.0
29716.8353590036, 35, -1.0
29716.927318638867, 35, -1.0
29718.56007535967, 101, -1.0
29719.936134038468, 154, -1.0
29721.155397150098, 152, -1.0
29728.804924426302, 101, 1.0
29734.534710986107, 35, -1.0
29736.222374629397, 75, -1.0
29741.17149071392, 101, 1.0
29741.411193865155, 103, -1.0
29742.10065008518, 103, -1.0
29752.770217517587, 35, 1.0
29754.032943066675, 75, -1.0
29758.641811317848, 101, 1.0
29764.74101745364, 35, 1.0
29766.118376240345, 101, 1.0
29768.71434792024, 148, -1.0
29778.30486890825, 35, 1.0
29784.816223743255, 101, 1.0
29786.374907360576, 152, -1.0
29796.408215266016, 35, -1.0
29799.822114500494, 44, -1.0
29803.943066006563, 35, -1.0
29805.735796296543, 101, -1.0
29821.824323597313, 154, 1.0
29828.664612155255, 148, -1.0
29842.783989887437, 103, 1.0
29850.467769532457, 35, 1.0
29850.477443580516, 152, -1.0
29854.943671312823, 152, 1.0
29859.443693862133, 152, -1.0
29861.543637771654, 35, -1.0
29876.9388516635, 154, 1.0
29885.999486323984, 154, -1.0
29891.55792441166, 101, 1.0
29893.027581390466, 101, -1.0
29901.24058027612, 101, 1.0
29906.221814746525, 154, 1.0
29908.314110091684, 152, -1.0
29923.64802354658, 152, 1.0
29923.6883201945, 152, -1.0
29933.248154549638, 35, -1.0
29938.231556531286, 35, -1.0
29942.030497858446, 44, 1.0
29946.661776789853, 44, -1.0
29949.340008727424, 154, 1.0
29949.525145503234, 103, -1.0
29954.874893174747, 44, -1.0
29967.30623283205, 101, -1.0
29979.444369685676, 152, -1.0
29987.79673936517, 152, -1.0
29990.20683245398, 35, -1.0
29995.60018077945, 35, -1.0
30010.843166441016, 103, 1.0
30012.887991344112, 101, -1.0
30016.853053569976, 75, 1.0
30018.450582976835, 35, -1.0
30018.472037556312, 103, 1.0
30025.125629698843, 103, -1.0
30032.906876127978, 75, 1.0
30044.426452940363, 103, -1.0
30058.579382436044, 35, -1.0
30061.990127919576, 152, -1.0
30065.294277711666, 103, 1.0
30070.42759411076, 35, 1.0
30075.313849221675, 35, 1.0
30075.343165536884, 35, -1.0
30077.882738776705, 154, 1.0
30089.085528688433, 101, -1.0
30095.587780893722, 103, 1.0
30100.258669966526, 154, -1.0
30110.634571063878, 152, 1.0
30111.696153206987, 101, -1.0
30118.97968473493, 75, 1.0
30136.340953771032, 35, -1.0
30146.576483754452, 152, -1.0
30148.810453775757, 35, -1.0
30186.809400925737, 103, 1.0
30197.42201614411, 152, -1.0
30199.157242208974, 35, -1.0
30200.1084639104, 148, -1.0
30208.525445829277, 44, -1.0
30209.11417793591, 152, -1.0
30218.58831788957, 101, 1.0
30223.164875145096, 35, -1.0
30223.994580476134, 44, -1.0
30224.125090034573, 103, -1.0
30225.717240384423, 35, -1.0
30230.459122069813, 35, -1.0
30230.94407517768, 103, -1.0
30233.94602319731, 35, -1.0
30238.0132114033, 75, 1.0
30259.72651387457, 152, -1.0
30261.774507834165, 35, -1.0
30264.619766472108, 101, 1.0
30266.657127863007, 75, 1.0
30272.73451449875, 35, -1.0
30275.489558603076, 44, -1.0
30279.7528074818, 44, -1.0
30292.787972976977, 44, -1.0
30307.92656825548, 154, 1.0
30310.497071285474, 101, 1.0
30326.78635110308, 101, -1.0
30328.32367781845, 101, 1.0
30329.91349836498, 75, -1.0
30330.56321016931, 154, 1.0
30333.715145315742, 35, 1.0
30342.352494958028, 101, -1.0
30345.378446450028, 103, 1.0
30362.327037571602, 75, -1.0
30362.495856278445, 101, -1.0
30363.53970818506, 75, -1.0
30364.438788381554, 152, -1.0
30367.037244400533, 152, 1.0
30369.167380097166, 152, 1.0
30369.478870060633, 154, -1.0
30372.33524776588, 35, -1.0
30373.18550974487, 44, -1.0
30374.872599136528, 75, -1.0
30375.18657959291, 152, -1.0
30384.033852957673, 101, 1.0
30385.35698389652, 152, -1.0
30387.16595004219, 44, -1.0
30390.515546055532, 75, -1.0
30404.450230355582, 101, -1.0
30409.39415469458, 35, -1.0
30416.68537875747, 75, -1.0
30422.586204031835, 75, 1.0
30428.128234024225, 152, 1.0
30430.814348844997, 103, -1.0
30441.987449777836, 101, -1.0
30442.539524546624, 35, 1.0
30453.50976788523, 75, 1.0
30454.763813101552, 75, -1.0
30455.78681210049, 154, -1.0
30459.98697274026, 35, 1.0
30461.883045916176, 101, -1.0
30464.259804408874, 75, -1.0
30468.96125071336, 152, -1.0
30477.127914431792, 101, -1.0
30480.75151067017, 35, -1.0
30485.19874832297, 152, -1.0
30487.773357468854, 35, -1.0
30504.257882089638, 148, -1.0
30507.734639494014, 152, -1.0
30508.774148819786, 148, -1.0
30509.491199172582, 44, -1.0
30523.44716025886, 154, -1.0
30525.660609627554, 44, -1.0
30526.165399085276, 101, -1.0
30528.303646143635, 152, -1.0
30539.382012173843, 35, 1.0
30539.683238365873, 101, 1.0
30541.443448452148, 101, -1.0
30570.233143044392, 35, -1.0
30570.274091571522, 35, -1.0
30570.890916499273, 103, 1.0
30571.398627455434, 154, -1.0
30589.859702312653, 152, 1.0
30598.19768171149, 35, -1.0
30607.463649861624, 44, -1.0
30614.75491254279, 35, -1.0
30617.296145371693, 148, -1.0
30618.78624273088, 44, -1.0
30637.648409373258, 35, -1.0
30643.344292399415, 103, 1.0
30651.269525236527, 101, 1.0
30660.05425316778, 154, 1.0
30665.371741652525, 101, -1.0
30669.99068089014, 44, -1.0
30681.67335154066, 35, -1.0
30686.12753607874, 152, -1.0
30688.503507840946, 152, 1.0
30689.41468532324, 35, -1.0
30690.294059432672, 44, -1.0
30691.98793347298, 35, -1.0
30692.862849454363, 35, -1.0
30697.103993324665, 75, 1.0
30697.77708304575, 154, -1.0
30703.541015939096, 148, -1.0
30714.06563132289, 44, -1.0
30724.95648867897, 101, 1.0
30728.336438238686, 101, 1.0
30729.80781891803, 103, -1.0
30731.195411053937, 101, 1.0
30746.31681955601, 101, -1.0
30748.041876039406, 101, 1.0
30748.359177633527, 44, -1.0
30772.242893755996, 101, 1.0
30790.908930548798, 35, -1.0
30793.874687054562, 103, 1.0
30812.472322426882, 103, -1.0
30812.655191431455, 101, 1.0
30813.07605076898, 101, 1.0
30814.911677149244, 101, 1.0
30824.550746323155, 75, 1.0
30826.883872878912, 35, -1.0
30827.485000064393, 154, -1.0
30830.30707218042, 148, -1.0
30839.58651356835, 44, -1.0
30849.69684216362, 103, 1.0
30858.1564965414, 35, 1.0
30858.958917287422, 35, -1.0
30871.37209479046, 152, -1.0
30883.83361955623, 148, -1.0
30890.886973292167, 148, -1.0
30898.096369921714, 35, -1.0
30904.94933606663, 44, -1.0
30907.87692165313, 103, 1.0
30908.77148599455, 75, -1.0
30915.994824400244, 35, -1.0
30918.26562115907, 75, 1.0
30925.510575720684, 35, 1.0
30932.47515660447, 35, 1.0
30951.86157730321, 35, -1.0
30956.05784637131, 103, 1.0
30956.37530449319, 35, -1.0
30966.105829265372, 154, -1.0
30983.81725163338, 154, -1.0
30986.54595404583, 152, -1.0
30989.70443508345, 154, 1.0
30989.772795988534, 75, 1.0
30995.402390238844, 101, 1.0
31011.593566184194, 148, -1.0
31012.118911152742, 101, 1.0
31014.91940034893, 44, -1.0
31020.855635771164, 103, 1.0
31030.294581935133, 152, -1.0
31035.875467953967, 35, -1.0
31040.264956273655, 101, -1.0
31044.150932897523, 154, 1.0
31044.869274090546, 101, -1.0
31055.50405710291, 35, -1.0
31055.83117495432, 35, 1.0
31057.41730434011, 35, -1.0
31071.414051278305, 75, 1.0
31077.622652245922, 35, -1.0
31079.843953619125, 101, 1.0
31081.818723230313, 44, -1.0
31085.81538888104, 75, 1.0
31096.25962174787, 101, -1.0
31096.832445907392, 148, 1.0
31100.721143283263, 35, 1.0
31126.149377570393, 44, -1.0
31127.348833766187, 101, 1.0
31130.74539281252, 152, 1.0
31131.34359562656, 101, 1.0
31137.811206879833, 152, 1.0
31152.167766563693, 44, -1.0
31157.549276191538, 152, 1.0
31189.31708615036, 44, -1.0
31194.678646436383, 103, -1.0
31195.518628513535, 44, -1.0
31199.801966869465, 101, -1.0
31213.969985053038, 101, 1.0
31227.042814962526, 44, -1.0
31229.618275607463, 154, 1.0
31233.28818164039, 35, 1.0
31237.636028890018, 152, 1.0
31240.996347636094, 35, -1.0
31241.665723506634, 101, 1.0
31245.308460015724, 103, -1.0
31246.18281780733, 35, 1.0
31250.803360797134, 35, -1.0
31252.50417957351, 101, -1.0
31264.528932526402, 101, 1.0
31266.11493919989, 75, -1.0
31271.818695341302, 103, 1.0
31274.933956265893, 154, 1.0
31276.061893655748, 35, -1.0
31292.806420093904, 152, -1.0
31295.190706265534, 103, -1.0
31297.791627140865, 35, -1.0
31302.235958124365, 152, 1.0
31318.21376445741, 101, 1.0
31320.777355575505, 101, 1.0
31326.24110966433, 103, 1.0
31332.81987358169, 75, 1.0
31339.32807170861, 152, 1.0
31347.653516020542, 75, 1.0
31359.84356731943, 35, -1.0
31368.003923696866, 152, -1.0
31368.05233543072, 101, 1.0
31381.73686681559, 35, -1.0
31381.82362992086, 44, -1.0
31382.523350817068, 101, 1.0
31385.270531700484, 103, 1.0
31389.98850168543, 152, 1.0
31405.597799895462, 103, 1.0
31408.682743976464, 101, 1.0
31416.669733548984, 152, 1.0
31416.932256973654, 101, 1.0
31430.91541176413, 152, 1.0
31438.4934106923, 103, 1.0
31438.988363377423, 154, -1.0
31443.564617151882, 101, -1.0
31453.698435638973, 154, -1.0
31454.2543182763, 101, 1.0
31455.55141102637, 152, -1.0
31462.770405142488, 75, -1.0
31470.59195088968, 152, -1.0
31472.718195739668, 103, 1.0
31477.43956614334, 44, -1.0
31477.674093676716, 154, -1.0
31480.33097237786, 154, 1.0
31488.0742389062, 35, -1.0
31489.304823464572, 75, -1.0
31491.156794386385, 44, -1.0
31496.88281860399, 101, 1.0
31504.968239869715, 44, -1.0
31506.474387643233, 101, -1.0
31516.097559753493, 103, 1.0
31516.441218079854, 154, 1.0
31521.02275489723, 75, -1.0
31528.472421998904, 35, -1.0
31532.519663210616, 44, -1.0
31533.247165022753, 35, -1.0
31554.004207241964, 152, -1.0
31560.645042073607, 148, -1.0
31565.827600246455, 75, 1.0
31566.66747928608, 152, -1.0
31567.521795639055, 152, -1.0
31570.71101464796, 44, -1.0
31600.654603666022, 101, -1.0
31600.741793877925, 101, 1.0
31600.854881343446, 154, 1.0
31604.35192300683, 101, -1.0
31605.55448918505, 75, 1.0
31608.149432040296, 101, 1.0
31614.618363022033, 44, -1.0
31618.506419457175, 103, 1.0
31637.04650691042, 35, -1.0
31638.316333188355, 101, -1.0
31638.989209390642, 101, 1.0
31639.59312551481, 101, -1.0
31642.712725873338, 101, 1.0
31646.017264716942, 35, -1.0
31654.75675975847, 103, 1.0
31655.59066276021, 101, -1.0
31657.661719886542, 103, 1.0
31670.846789270094, 35, 1.0
31671.57137514005, 101, 1.0
31675.832045814037, 154, 1.0
31677.624730790303, 103, 1.0
31680.374449363615, 101, 1.0
31694.083406283495, 101, 1.0
31695.491433358788, 103, 1.0
31700.54900315829, 35, -1.0
31707.86613059835, 44, -1.0
31712.566078934884, 154, -1.0
31716.582882652576, 154, -1.0
31719.902825773046, 101, 1.0
31723.529454236108, 101, -1.0
31723.810586125976, 103, -1.0
31724.116249557213, 154, 1.0
31725.430517470006, 101, -1.0
31733.18463865892, 101, 1.0
31734.07126656279, 44, -1.0
31739.060951670213, 75, 1.0
31740.189530449574, 103, 1.0
31742.99337939052, 101, -1.0
31759.422610825335, 44, -1.0
31793.855010504816, 35, -1.0
31794.619560546143, 101, 1.0
31809.864689119036, 35, -1.0
31811.158654724215, 75, -1.0
31813.35241862333, 75, -1.0
31816.135309787103, 101, -1.0
31820.054839657227, 44, -1.0
31822.84904519574, 44, -1.0
31823.786246946413, 152, -1.0
31828.611613068122, 152, 1.0
31841.098382371143, 35, 1.0
31841.293967709527, 35, -1.0
31844.56223950728, 35, 1.0
31845.972975856843, 152, -1.0
31848.17712221153, 101, -1.0
31848.227201463145, 103, 1.0
31849.729155075795, 103, 1.0
31861.73643116802, 35, 1.0
31864.27334029815, 103, -1.0
31870.072681998878, 152, 1.0
31879.32369459745, 101, 1.0
31879.957176651777, 152, -1.0
31898.97681146559, 101, 1.0
31899.460237766063, 75, 1.0
31901.417445208288, 75, 1.0
31908.077205811896, 44, -1.0
31909.952971739887, 101, 1.0
31917.859573094862, 152, -1.0
31928.711523358244, 103, -1.0
31937.569059069083, 101, -1.0
31937.815558203925, 152, 1.0
31938.351772598027, 101, -1.0
31938.56471442942, 152, -1.0
31940.34707667341, 75, 1.0
31943.44278607753, 35, 1.0
31955.148090961397, 101, 1.0
31957.10841778617, 152, -1.0
31957.139811337125, 154, -1.0
31964.708685294976, 35, 1.0
31968.221795055586, 103, -1.0
31971.08593233617, 101, 1.0
31971.135946178973, 75, -1.0
31971.811401241936, 152, -1.0
31973.703036432486, 35, -1.0
31993.620109880037, 44, -1.0
31994.720585019924, 103, -1.0
32005.100234099944, 101, -1.0
32006.1427421639, 152, -1.0
32014.605284006208, 75, 1.0
32015.7415927803, 101, -1.0
32021.67942241584, 75, 1.0
32028.689356404073, 103, 1.0
32037.64998822049, 35, -1.0
32056.6692429487, 75, 1.0
32060.06262984568, 44, -1.0
32060.53417095246, 35, -1.0
32063.3558524686, 103, 1.0
32067.716560020504, 35, -1.0
32073.353839367923, 101, 1.0
32073.708661280984, 101, -1.0
32081.18535023604, 152, 1.0
32090.414641241172, 148, 1.0
32093.532873131797, 44, -1.0
32098.071383575294, 35, 1.0
32101.121382731013, 35, -1.0
32105.635416862006, 35, -1.0
32108.666247857844, 101, 1.0
32113.161086878423, 75, -1.0
32118.239416763732, 103, -1.0
32120.87583595707, 154, -1.0
32121.500344052503, 154, 1.0
32126.717410509766, 75, -1.0
32137.943188712718, 101, -1.0
32139.226534409467, 101, -1.0
32174.1357030429, 35, -1.0
32175.862538459645, 103, 1.0
32179.19965837051, 101, 1.0
32217.65587578891, 101, 1.0
32217.76107881916, 35, 1.0
32220.672982754553, 35, -1.0
32224.23299866687, 101, 1.0
32226.791771231314, 44, -1.0
32231.112199728195, 44, -1.0
32235.04651666028, 75, -1.0
32243.865967899095, 35, 1.0
32245.38358529812, 44, -1.0
32252.07662791876, 101, -1.0
32257.269765727193, 35, 1.0
32261.74915724615, 35, -1.0
32278.87262659007, 44, -1.0
32280.531997428916, 101, -1.0
32280.763872636813, 148, 1.0
32282.690054785726, 103, -1.0
32290.08063323704, 44, -1.0
32290.36791320901, 152, -1.0
32298.644723387515, 152, 1.0
32307.456432621908, 101, -1.0
32312.861973942334, 44, -1.0
32324.3183735952, 101, 1.0
32324.503243586918, 152, -1.0
32326.50926341961, 35, 1.0
32335.22289277174, 101, 1.0
32343.47672955958, 35, 1.0
32354.00825618234, 148, 1.0
32364.18235384493, 101, -1.0
32365.37238672839, 75, 1.0
32365.40044275314, 152, 1.0
32366.673739139955, 44, -1.0
32367.697849752374, 44, -1.0
32379.182905916965, 44, -1.0
32380.024013600334, 152, 1.0
32380.96292734343, 44, -1.0
32383.111032310473, 35, 1.0
32391.005566822645, 75, 1.0
32391.41730575695, 75, 1.0
32395.71759187417, 152, -1.0
32405.108190639316, 101, -1.0
32413.36293174789, 101, 1.0
32413.898350692914, 101, 1.0
32416.427467608573, 103, 1.0
32417.356273747228, 75, -1.0
32422.834682013035, 35, -1.0
32423.610723919963, 148, 1.0
32424.38945246012, 35, 1.0
32432.778644611804, 101, 1.0
32435.364867231223, 35, -1.0
32437.36885074384, 35, 1.0
32438.637299739272, 75, -1.0
32440.791151876263, 154, -1.0
32443.30265402193, 152, -1.0
32447.709924465158, 44, 1.0
32447.77891305215, 44, -1.0
32448.451421044447, 35, -1.0
32451.387365295344, 103, 1.0
32451.747448788206, 35, 1.0
32451.794738438046, 101, -1.0
32475.12109865958, 44, 1.0
32486.54398388213, 35, 1.0
32499.565833396766, 101, -1.0
32501.5406539374, 103, 1.0
32502.127144321144, 103, 1.0
32505.74072649491, 101, 1.0
32511.976953675563, 75, -1.0
32524.45382930047, 35, 1.0
32526.40766536657, 35, 1.0
32526.47924372874, 75, 1.0
32527.145126363986, 152, -1.0
32527.821219728918, 44, -1.0
32528.02816770605, 152, 1.0
32535.545266974143, 35, 1.0
32546.93893161889, 152, -1.0
32549.315608744895, 35, -1.0
32550.2065279117, 152, 1.0
32553.66941898865, 152, 1.0
32556.18051329405, 101, -1.0
32560.903180332476, 44, -1.0
32562.17813413477, 152, -1.0
32570.83540255799, 101, -1.0
32573.008354915262, 152, 1.0
32573.471254808257, 75, -1.0
32584.128816523575, 101, -1.0
32584.134594099603, 75, -1.0
32587.208654114234, 154, -1.0
32588.042771560828, 44, -1.0
32598.355616870456, 75, 1.0
32598.40594890407, 101, -1.0
32621.321188913797, 154, 1.0
32632.157975429385, 35, -1.0
32635.137315760745, 152, -1.0
32638.62411169814, 154, -1.0
32645.414504173357, 44, -1.0
32645.547675980095, 154, -1.0
32653.6513905018, 44, -1.0
32655.22070710205, 75, -1.0
32658.5001803648, 35, -1.0
32660.0188155357, 35, 1.0
32663.102980794807, 103, 1.0
32667.55273998141, 103, -1.0
32670.53555607985, 103, 1.0
32670.733880686, 148, -1.0
32674.229386573912, 148, 1.0
32675.555555919815, 101, -1.0
32687.503742085988, 75, -1.0
32688.220479561587, 75, 1.0
32711.308957608664, 101, -1.0
32714.291498027593, 101, -1.0
32718.46548208511, 154, -1.0
32721.41860435952, 148, -1.0
32745.854970647502, 152, -1.0
32755.091834599836, 35, -1.0
32757.721016131258, 103, -1.0
32764.754329411473, 154, -1.0
32767.19660230802, 154, 1.0
32773.27296867888, 35, -1.0
32776.307553496874, 154, 1.0
32785.39132867193, 75, 1.0
32797.79192569285, 75, 1.0
32801.78014124575, 103, 1.0
32820.42802422872, 101, -1.0
32823.52962350413, 148, -1.0
32824.1252265628, 103, 1.0
32832.747020639225, 152, -1.0
32834.73311527553, 44, -1.0
32846.23782863689, 103, 1.0
32848.485917992955, 152, 1.0
32849.647385560515, 75, -1.0
32865.66028635872, 35, 1.0
32876.14205653528, 103, 1.0
32880.387526846614, 101, 1.0
32892.56877022015, 103, 1.0
32896.919341691326, 35, -1.0
32917.67611791582, 44, -1.0
32920.6933348262, 75, 1.0
32925.07758486472, 152, -1.0
32927.1042949739, 35, -1.0
32933.158637531604, 152, 1.0
32938.04138509776, 152, -1.0
32940.4604073584, 148, -1.0
32942.69139644547, 154, 1.0
32965.03680513259, 44, 1.0
32966.92501166426, 103, 1.0
32978.81492513051, 101, -1.0
32980.26871882314, 35, 1.0
32984.83614132543, 35, -1.0
32987.11622912907, 154, 1.0
32991.508872820246, 154, 1.0
33009.24804732564, 148, -1.0
33011.2800042352, 35, 1.0
33013.415141681646, 152, -1.0
33014.52855485599, 35, -1.0
33023.25886828195, 101, 1.0
33027.41819512367, 35, -1.0
33027.60241094604, 75, -1.0
33028.38729182656, 35, -1.0
33034.574686243766, 35, -1.0
33047.75261655021, 35, -1.0
33064.3951242737, 101, 1.0
33076.927577967595, 152, -1.0
33087.4829945038, 101, 1.0
33093.04982849622, 154, 1.0
33093.57804645004, 75, -1.0
33114.977148575264, 35, 1.0
33115.27051224126, 152, -1.0
33115.417135134936, 101, 1.0
33132.3378285507, 154, -1.0
33142.95056872715, 103, 1.0
33152.44650581144, 154, -1.0
33164.20803199681, 148, -1.0
33164.8262218032, 148, -1.0
33175.87748291044, 101, -1.0
33181.26941237328, 148, 1.0
33194.675088527496, 101, -1.0
33197.3878441005, 103, 1.0
33198.220079587176, 152, -1.0
33198.333798588676, 152, -1.0
33202.96345850887, 103, -1.0
33203.381256857865, 101, 1.0
33215.79724940002, 101, 1.0
33218.98314498931, 152, -1.0
33220.39479042501, 154, -1.0
33234.96216229207, 148, -1.0
33241.96752060096, 152, 1.0
33244.66949218019, 101, -1.0
33248.05234203287, 103, 1.0
33248.96034839236, 152, 1.0
33249.85297783596, 103, 1.0
33259.659583255394, 101, 1.0
33276.32019792696, 148, -1.0
33278.03922432818, 101, 1.0
33281.064237825005, 152, 1.0
33293.5266991257, 148, 1.0
33299.65793867541, 148, -1.0
33301.47314471028, 35, -1.0
33305.460790270416, 35, -1.0
33306.25783388512, 103, 1.0
33308.9566181357, 154, 1.0
33320.86467840077, 101, -1.0
33321.967653916494, 101, -1.0
33333.32383518385, 152, 1.0
33334.33209831861, 148, -1.0
33334.44549551196, 154, 1.0
33334.94422147416, 152, -1.0
33352.84149822529, 35, 1.0
33359.99856695841, 35, -1.0
33360.10558982953, 103, 1.0
33361.555696584895, 152, 1.0
33362.91626637047, 154, 1.0
33369.89063402108, 35, -1.0
33370.41321682703, 103, 1.0
33373.383513481385, 101, -1.0
33379.04351619491, 35, -1.0
33385.84322309922, 152, 1.0
33389.02946712055, 101, -1.0
33394.36565111917, 148, -1.0
33395.904904860305, 103, 1.0
33397.049997785565, 44, -1.0
33397.47527215743, 148, -1.0
33408.77084931979, 35, -1.0
33411.618939343854, 103, 1.0
33412.967927634694, 75, -1.0
33423.35564177727, 101, -1.0
33423.84543842335, 103, 1.0
33431.33458699293, 101, -1.0
33431.76429317298, 101, -1.0
33435.59954344504, 101, -1.0
33443.92848998872, 103, -1.0
33446.50350735826, 35, 1.0
33449.07410023189, 148, -1.0
33454.838143517634, 101, 1.0
33455.68921472939, 75, -1.0
33456.704632300316, 103, -1.0
33463.009937266805, 154, -1.0
33465.11981300542, 152, 1.0
33492.54461671138, 103, 1.0
33497.31240060145, 101, 1.0
33497.643449584386, 103, 1.0
33498.58099404401, 152, -1.0
33499.46146531321, 152, -1.0
33505.46212863055, 101, 1.0
33506.665636391495, 44, -1.0
33509.04595650232, 148, -1.0
33513.34823003016, 103, 1.0
33515.35265807777, 103, -1.0
33529.86950578779, 148, -1.0
33541.19894714431, 103, 1.0
33542.8673360333, 35, 1.0
33545.775830990475, 103, 1.0
33549.406088469135, 35, 1.0
33554.70109877351, 75, -1.0
33557.56812013798, 35, -1.0
33558.89030804247, 152, -1.0
33560.165195406276, 103, 1.0
33563.341393160736, 148, -1.0
33568.58449679103, 101, 1.0
33570.255132022765, 35, -1.0
33581.95327543742, 75, -1.0
33588.57674725098, 152, 1.0
33590.83116815255, 35, -1.0
33593.188885708936, 101, -1.0
33593.85685726404, 101, -1.0
33595.06943425092, 154, 1.0
33598.15881535687, 75, 1.0
33599.96594698915, 35, -1.0
33605.435300896104, 35, -1.0
33606.68911219592, 35, 1.0
33606.95060007944, 103, 1.0
33609.17675821367, 148, -1.0
33615.278327061336, 103, 1.0
33616.40522662911, 35, -1.0
33623.29784841543, 44, -1.0
33643.18746872366, 35, 1.0
33646.505516007484, 101, 1.0
33646.9375151896, 101, 1.0
33650.73845891224, 44, -1.0
33661.854533260586, 101, -1.0
33666.910009135834, 103, 1.0
33674.27388341509, 152, -1.0
33675.95739464672, 148, 1.0
33676.38634561798, 101, 1.0
33677.14868817062, 103, 1.0
33684.01692025251, 152, -1.0
33684.98246563807, 154, -1.0
33686.6965192354, 35, -1.0
33688.084413907134, 148, -1.0
33711.36399761222, 148, -1.0
33711.66034428411, 152, -1.0
33712.78649055952, 152, -1.0
33719.56051593266, 152, -1.0
33731.60454073399, 35, -1.0
33753.72243328982, 35, 1.0
33768.625121597346, 154, 1.0
33772.910642738054, 75, -1.0
33774.61291829458, 154, -1.0
33782.02130400583, 148, -1.0
33783.626431471, 103, 1.0
33788.9244770922, 35, 1.0
33792.75802034485, 103, 1.0
33800.30001756444, 101, -1.0
33803.11669960518, 75, -1.0
33805.47359604446, 148, -1.0
33809.808835749325, 101, 1.0
33810.43659365449, 103, 1.0
33822.3045596883, 152, -1.0
33825.69670201753, 101, -1.0
33827.55279447617, 35, -1.0
33828.00540566764, 103, 1.0
33833.5205301746, 35, 1.0
33833.85092951432, 101, -1.0
33838.96247283351, 103, -1.0
33843.978589931896, 101, 1.0
33846.17198755602, 152, -1.0
33846.31957162532, 103, 1.0
33847.01892879927, 154, 1.0
33847.50122027429, 101, -1.0
33852.758677902166, 152, 1.0
33854.55819579379, 148, -1.0
33865.84537707726, 35, 1.0
33867.77254041193, 35, -1.0
33872.38637130319, 154, -1.0
33872.466519992886, 148, -1.0
33881.27102372742, 101, -1.0
33893.754123430685, 103, 1.0
33898.066424289485, 101, 1.0
33904.312694102846, 35, -1.0
33907.479202501425, 152, 1.0
33907.820524749775, 101, -1.0
33909.496970242704, 35, -1.0
33915.72153828531, 103, 1.0
33918.32400147909, 148, -1.0
33922.154796593706, 35, -1.0
33931.1104363241, 103, 1.0
33935.1154891686, 35, -1.0
33936.67998705831, 101, -1.0
33939.325229746726, 154, -1.0
33954.89922471581, 152, -1.0
33956.71328874571, 103, 1.0
33957.30620507611, 103, -1.0
33960.72506564266, 103, 1.0
33965.50007415828, 101, 1.0
33970.30330007359, 152, 1.0
33975.93779858762, 44, -1.0
33981.27978358296, 35, -1.0
33982.11821242014, 35, -1.0
33987.322980162055, 44, -1.0
33989.919929442454, 103, 1.0
34009.505992296385, 101, -1.0
34012.10217040897, 154, 1.0
34013.191892849085, 44, 1.0
34014.241746357526, 152, -1.0
34017.49765853542, 35, 1.0
34030.239320209854, 148, -1.0
34033.948349040715, 35, -1.0
34041.75433310594, 44, 1.0
34046.8035583844, 101, -1.0
34060.812416517176, 35, 1.0
34066.41261919326, 44, 1.0
34067.84068677185, 103, 1.0
34071.31743167932, 35, 1.0
34084.011019420424, 152, 1.0
34094.62205905439, 35, 1.0
34100.43641928069, 101, 1.0
34104.27486154859, 75, 1.0
34108.72201310418, 101, 1.0
34116.72234365228, 101, 1.0
34118.23255808092, 44, -1.0
34125.22188181771, 75, -1.0
34131.048135947596, 101, -1.0
34138.00464835515, 101, 1.0
34138.56558116028, 154, 1.0
34143.22764517261, 103, 1.0
34149.421173410905, 35, -1.0
34159.236947286474, 148, -1.0
34164.13497511859, 152, 1.0
34172.97741091268, 75, -1.0
34174.32734884802, 148, -1.0
34179.09889148451, 101, 1.0
34189.38181539166, 101, -1.0
34194.20839878637, 101, 1.0
34199.44959630997, 154, -1.0
34202.56635359847, 35, 1.0
34204.957495146096, 101, 1.0
34205.31762691995, 152, -1.0
34209.84189511388, 152, 1.0
34212.32897902469, 35, -1.0
34216.84398695858, 152, -1.0
34224.90230314877, 152, 1.0
34227.447822665454, 101, -1.0
34231.61334929284, 152, 1.0
34232.972715296004, 35, -1.0
34235.802422350105, 101, -1.0
34238.73268081272, 101, -1.0
34256.35456165007, 103, -1.0
34259.137257823895, 101, 1.0
34259.225483245165, 152, -1.0
34260.20066399613, 35, -1.0
34261.49220243948, 101, 1.0
34267.01773706706, 103, 1.0
34274.94900739051, 75, -1.0
34280.81221754158, 148, -1.0
34282.7358439625, 103, 1.0
34285.740102882395, 154, 1.0
34299.62191821943, 148, -1.0
34300.76104904142, 103, 1.0
34310.22889168945, 101, 1.0
34310.58274634733, 101, 1.0
34314.42898841519, 101, -1.0
34326.87831803666, 148, -1.0
34333.45085732754, 35, -1.0
34334.153526875554, 44, 1.0
34356.1727532482, 35, -1.0
34365.26131996376, 101, 1.0
34367.72627600563, 148, -1.0
34371.99525132728, 101, -1.0
34372.25380590751, 44, -1.0
34378.77835704942, 152, 1.0
34381.28593900519, 44, -1.0
34381.991975579476, 103, 1.0
34382.72024449131, 152, 1.0
34383.67179621273, 35, 1.0
34388.8881321552, 148, -1.0
34389.35212833046, 35, -1.0
34394.962457477646, 103, 1.0
34395.706586656954, 152, 1.0
34397.247736071025, 154, -1.0
34399.37682886209, 101, -1.0
34406.681634817105, 101, -1.0
34417.798140308434, 154, -1.0
34417.9797851316, 152, -1.0
34428.76008305432, 44, -1.0
34431.221678500595, 103, 1.0
34444.851572836684, 152, -1.0
34450.628941670046, 148, -1.0
34460.38967230844, 44, -1.0
34461.29326715751, 101, -1.0
34461.64778693732, 148, -1.0
34467.18680816617, 101, 1.0
34473.881424428575, 35, 1.0
34477.57569125767, 35, 1.0
34478.98244662745, 103, 1.0
34480.04205931906, 35, -1.0
34489.54384030411, 75, -1.0
34497.77661255546, 152, 1.0
34502.06448506712, 101, 1.0
34505.60335661179, 152, -1.0
34512.30573543808, 35, -1.0
34512.30898340784, 152, 1.0
34514.31960989214, 152, 1.0
34517.88997883638, 35, -1.0
34519.761882523104, 103, 1.0
34529.76817653274, 103, 1.0
34536.02887738201, 154, -1.0
34539.912124522394, 154, 1.0
34541.14142401574, 154, -1.0
34542.73529001464, 154, -1.0
34550.746891275674, 103, 1.0
34558.75323852466, 148, 1.0
34564.582606506105, 148, 1.0
34567.74699845359, 103, 1.0
34568.11564283562, 75, -1.0
34569.86899860651, 44, -1.0
34577.26058199193, 75, -1.0
34579.59592244814, 35, -1.0
34587.40085722975, 148, -1.0
34591.39183863374, 154, -1.0
34592.42341987106, 101, -1.0
34592.64197812696, 101, 1.0
34593.269765167046, 35, -1.0
34603.72548005106, 103, -1.0
34609.18593480484, 101, 1.0
34612.881116920216, 148, -1.0
34614.05011931619, 101, -1.0
34626.40287192432, 154, -1.0
34639.715255628136, 148, -1.0
34653.785134254525, 103, 1.0
34655.902860878436, 101, 1.0
34658.008392041454, 152, -1.0
34660.16165426226, 35, -1.0
34668.63727264038, 101, -1.0
34673.43016516683, 154, 1.0
34676.210324946995, 154, -1.0
34677.04403952064, 103, 1.0
34681.446814452705, 101, -1.0
34697.870787396525, 35, -1.0
34699.19517559341, 103, 1.0
34700.691283518085, 44, -1.0
34704.0484762341, 101, 1.0
34704.863581002006, 44, 1.0
34723.0564808424, 44, -1.0
34726.27006222503, 101, 1.0
34735.81602563774, 152, -1.0
34737.60456995558, 152, 1.0
34739.167427718494, 152, 1.0
34750.513800459645, 35, 1.0
34751.745860504525, 35, -1.0
34756.58758410873, 101, -1.0
34788.53419912569, 152, 1.0
34792.43634890378, 154, 1.0
34795.430676450575, 154, -1.0
34797.46640957125, 75, -1.0
34805.308709450044, 101, 1.0
34809.4360536446, 154, -1.0
34829.43483254806, 152, 1.0
34841.83900196534, 152, -1.0
34843.31058372994, 103, 1.0
34845.62594152993, 35, -1.0
34845.84479187358, 44, -1.0
34852.27956414686, 103, 1.0
34858.71151898357, 35, 1.0
34863.8132594988, 103, 1.0
34864.038619999425, 152, 1.0
34865.81631441182, 103, 1.0
34872.26087149264, 148, -1.0
34881.841298208616, 75, 1.0
34883.739926554714, 101, -1.0
34886.84643453815, 101, 1.0
34887.05841534413, 154, 1.0
34889.19710326995, 103, 1.0
34893.49413285943, 44, -1.0
34894.735762793265, 101, -1.0
34895.15576755091, 152, 1.0
34895.19056717, 35, -1.0
34899.37615452981, 35, -1.0
34910.7813155916, 101, 1.0
34911.1692322071, 103, 1.0
34911.85683187075, 148, -1.0
34915.33885938449, 152, 1.0
34947.51505039006, 103, 1.0
34949.38555129943, 44, 1.0
34954.16460587894, 101, 1.0
34956.27229011799, 35, 1.0
34960.54731741071, 101, -1.0
34964.64370823442, 154, 1.0
34982.26024591576, 103, -1.0
34989.231894526114, 152, 1.0
35004.74431426708, 148, 1.0
35009.04680958353, 103, 1.0
35012.67257099947, 154, 1.0
35017.05812449941, 75, 1.0
35029.95720848381, 101, 1.0
35030.12387802571, 101, 1.0
35030.330638657564, 35, 1.0
35038.19958825314, 75, -1.0
35045.03674948275, 75, -1.0
35045.29936551496, 152, -1.0
35049.631954120334, 101, 1.0
35051.366543691416, 101, -1.0
35055.30557332835, 152, -1.0
35061.41458980195, 103, 1.0
35062.467712671394, 103, 1.0
35076.04776434137, 148, -1.0
35081.674783242444, 101, -1.0
35086.51168929829, 101, 1.0
35093.916073972476, 101, 1.0
35096.84561222247, 101, -1.0
35102.14620308038, 152, 1.0
35107.14968867353, 154, -1.0
35117.90755970899, 44, -1.0
35121.418405398894, 148, -1.0
35129.273588613316, 101, 1.0
35131.7364082598, 35, 1.0
35138.62500592894, 103, 1.0
35143.10642502758, 75, -1.0
35146.204439196496, 154, -1.0
35147.272633313936, 148, -1.0
35154.78481101567, 148, -1.0
35155.05421123184, 101, -1.0
35185.43447522029, 101, -1.0
35191.01450586036, 103, 1.0
35197.317248944346, 103, 1.0
35202.97697569736, 103, 1.0
35204.823350345614, 152, 1.0
35222.91501622454, 148, -1.0
35223.613771387805, 152, 1.0
35225.50408943491, 103, -1.0
35225.63250433606, 35, 1.0
35228.41773519477, 101, 1.0
35229.48403263229, 101, 1.0
35231.0470528825, 154, -1.0
35237.8040027498, 103, 1.0
35240.83297431593, 44, 1.0
35244.25452998229, 152, 1.0
35257.11205710258, 152, 1.0
35257.764774626354, 148, 1.0
35266.57095052772, 148, -1.0
35271.477222971254, 152, -1.0
35282.88053722033, 152, -1.0
35283.31398256641, 75, 1.0
35290.41968809876, 148, 1.0
35290.75053868795, 35, -1.0
35297.370084233065, 75, -1.0
35298.90197095047, 44, -1.0
35305.562663936544, 152, 1.0
35315.033296526926, 154, -1.0
35315.83834269251, 154, 1.0
35318.916185764894, 154, -1.0
35336.0661739381, 103, 1.0
35343.47050492922, 148, 1.0
35352.77644937685, 101, 1.0
35360.84479763101, 35, 1.0
35361.43324415954, 152, -1.0
35361.92169198663, 103, 1.0
35362.753926654725, 148, 1.0
35364.11751797185, 35, 1.0
35372.50127064887, 35, 1.0
35377.39044014699, 101, 1.0
35386.600534767254, 152, 1.0
35399.411400916724, 44, -1.0
35400.83089212532, 154, 1.0
35400.87338872459, 148, -1.0
35413.39734071371, 148, -1.0
35418.514105425464, 101, -1.0
35431.48248991283, 152, 1.0
35431.711364118586, 103, 1.0
35438.38523564151, 103, 1.0
35443.82877526814, 101, -1.0
35444.27698098633, 152, 1.0
35452.65433603668, 148, -1.0
35457.832131804724, 154, 1.0
35464.23434090539, 103, 1.0
35466.57244245393, 75, 1.0
35467.15511063045, 35, -1.0
35467.18769475808, 44, 1.0
35470.388909204754, 35, -1.0
35471.369174187916, 101, -1.0
35476.39770014887, 154, 1.0
35480.273676115794, 101, -1.0
35481.98634755333, 103, 1.0
35483.86174596289, 44, -1.0
35501.01521065393, 101, 1.0
35503.93762562047, 44, -1.0
35510.25380506271, 148, -1.0
35513.60329325695, 154, 1.0
35523.09321050528, 103, 1.0
35528.68110768548, 101, 1.0
35532.39726606997, 152, 1.0
35537.024761579516, 148, -1.0
35546.08151394832, 103, 1.0
35552.70327518444, 35, -1.0
35553.53213815094, 35, 1.0
35554.610513161184, 101, -1.0
35558.49390019732, 35, -1.0
35568.46805885392, 103, 1.0
35572.85072637989, 154, -1.0
35574.164758899366, 103, 1.0
35575.25419413423, 152, -1.0
35576.616037690284, 152, 1.0
35586.9571024945, 103, 1.0
35592.36810997582, 154, 1.0
35594.598620662204, 35, -1.0
35600.048363785034, 152, 1.0
35600.59295574259, 44, -1.0
35602.310512021904, 103, 1.0
35605.62914062755, 148, -1.0
35609.03828330547, 103, 1.0
35611.777292119994, 35, 1.0
35613.670161220005, 44, -1.0
35615.842226440924, 44, -1.0
35630.07225085218, 152, 1.0
35636.78226851747, 101, -1.0
35645.56423102313, 101, 1.0
35657.19463824095, 101, -1.0
35662.06367873906, 154, 1.0
35664.6799405168, 148, -1.0
35664.74369722411, 152, -1.0
35668.44336817066, 101, 1.0
35676.25559940404, 101, -1.0
35676.58735580555, 75, -1.0
35694.11878982291, 101, 1.0
35694.18111095166, 152, 1.0
35699.24206803868, 35, 1.0
35703.17026308411, 35, -1.0
35708.22995022831, 35, -1.0
35710.308081572555, 103, 1.0
35714.45130250048, 152, -1.0
35721.77284356255, 148, -1.0
35722.48201975911, 103, -1.0
35723.40808459358, 103, -1.0
35729.515130517924, 101, -1.0
35734.07695031364, 103, 1.0
35740.23927089485, 101, -1.0
35741.212377569806, 154, 1.0
35744.611211867115, 152, 1.0
35746.40615810075, 148, -1.0
35754.85333926551, 35, -1.0
35756.68208905053, 44, -1.0
35757.843459779375, 152, 1.0
35760.06952015712, 152, 1.0
35760.50544303101, 154, -1.0
35765.07445643348, 44, -1.0
35767.216426342406, 154, -1.0
35788.86908261007, 35, 1.0
35813.180629923314, 75, -1.0
35815.63796530056, 44, -1.0
35819.14012310571, 75, 1.0
35819.69163156621, 35, -1.0
35821.45959338937, 148, -1.0
35834.79878103955, 148, -1.0
35836.24247315823, 35, 1.0
35848.30435368555, 101, -1.0
35857.124990931174, 101, -1.0
35864.11860717806, 101, -1.0
35864.54929837829, 44, -1.0
35868.10271268899, 101, 1.0
35873.675573634595, 152, 1.0
35883.750980446355, 44, -1.0
35896.21339294352, 103, -1.0
35900.27482531505, 148, -1.0
35913.8680088295, 35, -1.0
35916.68866326432, 35, 1.0
35919.57974870268, 35, -1.0
35921.710539213076, 152, -1.0
35929.972572777304, 154, -1.0
35938.939729584, 101, 1.0
35944.40413458843, 154, -1.0
35945.70837865948, 101, -1.0
35948.578614229285, 35, -1.0
35951.41719289198, 103, 1.0
35955.38676989842, 154, -1.0
35956.19612789607, 103, 1.0
35960.83570085945, 75, 1.0
35971.337942131344, 101, 1.0
35981.37450681746, 44, -1.0
35981.99673936073, 35, -1.0
35984.456905009116, 101, 1.0
35988.886116603564, 154, 1.0
35990.29393919869, 35, -1.0
35994.701056386904, 152, -1.0
35995.65364981751, 148, -1.0
35997.156928530836, 35, -1.0
36004.34342346322, 44, -1.0
36007.23006670269, 101, -1.0
36013.2769625051, 101, 1.0
36013.709859962095, 75, -1.0
36018.46808663135, 44, -1.0
36020.23279972756, 152, -1.0
36021.922807046765, 152, -1.0
36029.021707570464, 103, 1.0
36032.790619654945, 152, -1.0
36033.03193619519, 44, -1.0
36035.09619229674, 75, -1.0
36036.76316661675, 148, -1.0
36037.6446987757, 75, 1.0
36038.92242438827, 101, 1.0
36039.146684149324, 101, 1.0
36046.274012620706, 148, 1.0
36050.395850979854, 103, 1.0
36054.016129625066, 101, -1.0
36055.25515019708, 148, -1.0
36059.96861439195, 35, -1.0
36064.79166091263, 35, -1.0
36067.325671077575, 101, -1.0
36071.72960129614, 75, 1.0
36075.8578618079, 148, 1.0
36076.968653916476, 103, 1.0
36077.44999225476, 152, -1.0
36078.24638702464, 35, -1.0
36084.99389669053, 103, 1.0
36090.37686700288, 103, 1.0
36093.83582473877, 152, -1.0
36096.77861572922, 103, -1.0
36104.33238736454, 152, -1.0
36104.69702319769, 35, 1.0
36114.99596689588, 154, -1.0
36115.11356201403, 35, -1.0
36116.009626127336, 103, 1.0
36117.62047218834, 152, 1.0
36119.58674995151, 101, 1.0
36121.13663002653, 75, 1.0
36126.80310817747, 152, -1.0
36128.58420774736, 75, -1.0
36133.15512126602, 152, -1.0
36133.40432781684, 101, 1.0
36133.903524506204, 148, -1.0
36134.69650597679, 148, 1.0
36134.80904731356, 152, 1.0
36134.844993364524, 101, 1.0
36142.37049107817, 35, -1.0
36147.33345869238, 148, -1.0
36149.26125411784, 148, -1.0
36149.468546711636, 152, -1.0
36153.98919434348, 154, 1.0
36157.14077349112, 35, -1.0
36158.68192208344, 152, 1.0
36163.701864060284, 35, -1.0
36166.44963219231, 152, -1.0
36185.41645676782, 154, -1.0
36185.42203251836, 44, -1.0
36186.92985329907, 35, -1.0
36187.77830273378, 35, -1.0
36191.54008544959, 154, 1.0
36192.88111479306, 152, 1.0
36194.64782757622, 75, 1.0
36195.131451118716, 152, 1.0
36198.355003975244, 75, 1.0
36207.71404835615, 75, -1.0
36210.04869057915, 101, -1.0
36214.10252820004, 75, 1.0
36219.15388366755, 75, 1.0
36220.95792817456, 44, -1.0
36221.19919515038, 75, -1.0
36227.25526964679, 101, 1.0
36228.603895672284, 44, -1.0
36241.77535857938, 44, -1.0
36245.31452867477, 101, -1.0
36250.88475259348, 75, 1.0
36254.761087872685, 148, -1.0
36256.60194732195, 35, -1.0
36258.1299702866, 152, -1.0
36258.968113748066, 152, -1.0
36260.81690656766, 75, 1.0
36266.54812143269, 35, -1.0
36269.11025262503, 35, -1.0
36270.34214315319, 103, 1.0
36276.911627271154, 101, 1.0
36278.747309757775, 44, -1.0
36278.749066984805, 35, 1.0
36281.958068254164, 152, 1.0
36286.828512149004, 44, -1.0
36295.78022998451, 148, -1.0
36296.59061970799, 148, -1.0
36296.62973993543, 152, 1.0
36299.673965497, 148, -1.0
36299.72641442221, 101, 1.0
36300.46949257468, 101, 1.0
36300.943550270706, 44, -1.0
36303.330440179474, 75, -1.0
36314.99969927509, 44, -1.0
36317.03526681197, 44, -1.0
36320.507737208274, 75, -1.0
36320.961443250424, 75, 1.0
36330.46749098572, 75, -1.0
36335.64870647609, 101, -1.0
36338.976287143385, 152, 1.0
36339.73717164272, 75, -1.0
36348.92452699018, 152, 1.0
36349.560515871155, 101, -1.0
36355.37913296419, 152, -1.0
36356.3896024206, 101, 1.0
36357.38837244277, 103, 1.0
36358.623248434116, 44, -1.0
36359.97050995835, 44, -1.0
36361.02324164705, 44, -1.0
36362.51765416544, 103, -1.0
36363.769008684794, 75, 1.0
36365.04075501784, 101, 1.0
36368.814471069905, 154, 1.0
36369.85455746704, 75, 1.0
36371.8780127312, 101, -1.0
36383.46409870594, 101, 1.0
36384.7647398262, 152, -1.0
36387.15366367201, 103, -1.0
36387.241492305264, 35, 1.0
36388.508175146824, 35, -1.0
36390.23936633783, 44, -1.0
36391.84683231313, 154, 1.0
36392.01983482748, 35, -1.0
36392.02019985012, 152, -1.0
36393.12327911758, 154, -1.0
36394.578141814825, 44, -1.0
36395.30171364227, 103, 1.0
36407.572168522885, 152, 1.0
36408.361915675676, 103, -1.0
36416.32470432294, 44, -1.0
36419.38945332813, 148, -1.0
36421.52436970217, 75, 1.0
36438.17158413982, 152, -1.0
36439.36914661015, 154, -1.0
36444.905698493814, 35, -1.0
36445.302221354636, 103, -1.0
36446.50652172323, 103, -1.0
36470.73676603411, 75, -1.0
36475.773089369424, 152, -1.0
36478.92910549206, 148, -1.0
36487.312299009194, 75, 1.0
36492.38141877872, 152, 1.0
36501.75406163651, 101, -1.0
36501.94375716766, 44, -1.0
36503.145749487354, 35, 1.0
36507.04165244089, 152, 1.0
36514.31370967721, 148, -1.0
36517.87653663698, 75, -1.0
36519.53750816376, 103, -1.0
36519.865977702866, 44, -1.0
36528.05717416313, 44, -1.0
36540.213159437946, 152, 1.0
36542.50956268325, 152, -1.0
36545.02603734498, 75, -1.0
36545.44210096519, 101, 1.0
36550.36239048395, 152, 1.0
36560.075870601904, 75, -1.0
36560.84321979413, 152, 1.0
36563.40444574149, 101, -1.0
36564.73894300639, 101, -1.0
36576.97303533944, 101, 1.0
36579.211645450436, 154, 1.0
36581.59687289001, 152, 1.0
36581.63407661855, 152, 1.0
36581.77514978702, 75, 1.0
36582.307187807484, 101, 1.0
36586.71188145077, 101, 1.0
36586.78942602243, 101, 1.0
36589.33387038488, 75, 1.0
36589.6389053674, 75, 1.0
36590.385913693026, 75, 1.0
36608.48547298336, 75, -1.0
36617.82788050127, 152, -1.0
36619.707045730036, 154, -1.0
36620.589308066956, 152, -1.0
36621.81106469272, 75, 1.0
36624.18905070039, 148, -1.0
36642.475450530575, 101, -1.0
36649.91771774107, 75, 1.0
36655.082022356735, 35, -1.0
36671.87019117007, 152, -1.0
36680.40257739019, 154, 1.0
36682.31607018053, 35, -1.0
36686.28296692281, 44, 1.0
36688.9738728086, 35, 1.0
36692.413061617335, 101, 1.0
36697.7853022912, 75, 1.0
36707.129098922866, 75, -1.0
36708.48643069979, 154, 1.0
36709.75816675228, 148, 1.0
36714.189849488546, 75, -1.0
36715.23359373211, 35, 1.0
36719.56899220772, 101, -1.0
36725.6238263564, 75, -1.0
36729.75506485336, 75, -1.0
36733.89074851976, 154, -1.0
36734.77139167653, 148, -1.0
36743.55170051623, 103, -1.0
36750.43176532267, 154, -1.0
36750.51733933134, 44, 1.0
36762.022675514265, 101, 1.0
36769.86884797421, 44, -1.0
36770.09151132209, 44, -1.0
36777.95252692761, 101, -1.0
36780.75164724455, 75, 1.0
36788.66342397241, 103, -1.0
36792.23114555254, 44, -1.0
36792.371779687615, 152, -1.0
36795.81201187522, 44, -1.0
36795.81267443999, 44, -1.0
36802.24892132275, 152, -1.0
36820.1065604642, 154, 1.0
36823.698886755024, 103, -1.0
36832.116795306916, 152, -1.0
36835.062352107256, 35, -1.0
36837.391064325515, 75, 1.0
36846.60053698168, 103, -1.0
36849.62101098676, 154, -1.0
36864.04994170299, 103, -1.0
36866.01818109341, 148, -1.0
36866.38006164538, 101, 1.0
36868.5536433425, 154, 1.0
36869.16916728299, 152, -1.0
36885.43111440306, 35, -1.0
36887.53479035272, 44, -1.0
36889.03553660265, 148, -1.0
36894.77959791692, 75, 1.0
36895.879994340845, 103, 1.0
36896.673502434714, 101, 1.0
36906.99950339393, 152, -1.0
36909.623428203384, 154, -1.0
36911.690824370366, 148, -1.0
36923.707166533124, 101, 1.0
36927.13215492555, 148, 1.0
36927.164015270224, 44, -1.0
36936.225435093525, 101, 1.0
36936.53347036059, 35, 1.0
36940.12896855679, 35, -1.0
36941.53821495455, 148, 1.0
36943.90794481747, 75, 1.0
36949.72814092956, 103, 1.0
36958.09227298382, 152, 1.0
36960.13775955208, 75, -1.0
36978.27432046241, 35, -1.0
36982.39113248453, 101, 1.0
36985.37210241158, 35, -1.0
36986.45013664442, 148, -1.0
36987.864861147114, 103, -1.0
36992.7102997692, 152, -1.0
37005.56961880003, 101, 1.0
37009.86163267024, 101, -1.0
37010.52633679713, 44, -1.0
37012.01675448459, 148, -1.0
37019.27065093528, 44, -1.0
37023.326936250865, 148, -1.0
37023.71840266272, 75, -1.0
37032.55564658683, 35, 1.0
37037.52243283307, 154, -1.0
37038.229897844, 101, -1.0
37039.82382138406, 101, 1.0
37042.22967106151, 152, 1.0
37057.78907235997, 152, 1.0
37058.933424410396, 152, -1.0
37059.78581284715, 103, 1.0
37060.65090593563, 152, -1.0
37066.616042114234, 148, 1.0
37067.99254809746, 44, -1.0
37072.20711604679, 101, -1.0
37073.51161363936, 44, 1.0
37073.56098538483, 44, -1.0
37075.50297644801, 152, -1.0
37084.40069906411, 101, 1.0
37086.753443568174, 152, -1.0
37093.95594442365, 101, 1.0
37103.110482594166, 154, 1.0
37111.05727824947, 75, -1.0
37112.916016781805, 75, 1.0
37115.81277390444, 103, 1.0
37119.05049161747, 101, 1.0
37120.42663944593, 152, 1.0
37124.762838930284, 75, 1.0
37135.80717281795, 75, 1.0
37142.79721988413, 44, -1.0
37142.97094977012, 152, 1.0
37149.330847927136, 103, 1.0
37156.65786063217, 44, -1.0
37158.39049938447, 75, -1.0
37158.81316952261, 75, 1.0
37163.66232197434, 75, 1.0
37166.913815386135, 35, 1.0
37168.34740417472, 101, 1.0
37169.83669575721, 148, -1.0
37170.88796162477, 103, 1.0
37181.48806017957, 101, -1.0
37184.42885419702, 44, -1.0
37187.1387320497, 75, 1.0
37191.1422318912, 148, -1.0
37194.46058368104, 75, 1.0
37196.28099057611, 75, 1.0
37197.76721451811, 44, -1.0
37205.62634365653, 35, -1.0
37207.18925404063, 154, 1.0
37208.336795435884, 35, 1.0
37210.257334807844, 101, 1.0
37213.92117328085, 75, 1.0
37220.04525887581, 101, 1.0
37221.332323357994, 75, 1.0
37221.5167269616, 35, 1.0
37223.72023677191, 103, 1.0
37226.10320948635, 103, 1.0
37229.7569890155, 148, 1.0
37232.01858791586, 101, 1.0
37238.08820825843, 44, -1.0
37248.90039926992, 152, -1.0
37251.889037056186, 44, -1.0
37263.128461799606, 152, 1.0
37263.14612664076, 103, -1.0
37276.11563454097, 35, -1.0
37276.50196306892, 103, 1.0
37279.56078359922, 152, -1.0
37289.30778392624, 103, -1.0
37297.90251092196, 75, 1.0
37299.94104374276, 75, -1.0
37300.52346385709, 152, -1.0
37301.44602562303, 148, -1.0
37303.79464311629, 75, 1.0
37304.230465138426, 148, -1.0
37312.960765304015, 35, -1.0
37320.37740824071, 154, 1.0
37320.60624924667, 101, 1.0
37322.62302191276, 103, -1.0
37325.02669598458, 103, 1.0
37327.058581957586, 101, 1.0
37332.10339993439, 44, 1.0
37343.2605058309, 35, -1.0
37349.45810787403, 152, -1.0
37351.37652980198, 35, -1.0
37358.97451464474, 152, -1.0
37360.0258946109, 103, -1.0
37362.33699660832, 101, -1.0
37366.74096720617, 154, -1.0
37368.96111260454, 154, 1.0
37372.47838614761, 75, -1.0
37377.03863983939, 148, -1.0
37378.61404372071, 152, 1.0
37381.186771685476, 75, 1.0
37381.49201618725, 152, 1.0
37381.59104832456, 152, -1.0
37383.23910095357, 44, -1.0
37386.801105446284, 152, -1.0
37391.67191436336, 103, 1.0
37393.19156021433, 101, 1.0
37402.42874314951, 44, 1.0
37403.476856152876, 152, -1.0
37404.785923531, 152, 1.0
37405.61550070688, 152, -1.0
37408.846466125164, 148, -1.0
37409.73081450941, 152, 1.0
37411.955023777955, 101, 1.0
37413.53893211486, 101, -1.0
37414.94974639293, 75, 1.0
37415.18322766255, 101, 1.0
37423.41853968566, 101, 1.0
37426.31891203177, 101, 1.0
37429.06526849974, 103, -1.0
37435.044519409115, 101, -1.0
37435.531412157456, 152, -1.0
37436.16160318367, 148, 1.0
37444.293728091005, 75, 1.0
37444.46391650427, 35, 1.0
37446.778612872586, 35, 1.0
37457.381249094135, 154, -1.0
37461.66952599922, 44, -1.0
37464.641561190154, 154, 1.0
37469.187985877936, 44, -1.0
37472.22577099556, 152, -1.0
37478.46209636929, 154, -1.0
37480.87290586209, 44, -1.0
37489.7672050778, 44, -1.0
37494.9564061862, 154, 1.0
37500.448369730264, 44, -1.0
37501.80502666281, 75, -1.0
37503.7347142213, 75, -1.0
37508.92915197224, 101, -1.0
37509.556126288204, 103, 1.0
37528.52578895582, 35, -1.0
37540.999869259416, 152, -1.0
37541.96696271358, 44, -1.0
37553.991304053525, 148, -1.0
37562.806576448595, 75, -1.0
37568.20280694803, 44, -1.0
37569.49635870746, 148, -1.0
37582.65059653959, 152, 1.0
37593.83299360832, 44, 1.0
37602.79342409273, 75, 1.0
37603.51129086299, 152, 1.0
37606.785292186054, 101, 1.0
37607.706901435085, 44, -1.0
37610.12388199294, 101, 1.0
37610.82498046534, 154, 1.0
37617.83133981201, 101, 1.0
37621.14529035111, 103, 1.0
37621.81490915299, 103, -1.0
37623.25372166533, 35, -1.0
37623.490840949904, 148, -1.0
37625.829494365615, 154, -1.0
37630.14540387399, 103, 1.0
37636.07810547657, 152, -1.0
37636.1149754046, 35, 1.0
37639.849417002944, 152, -1.0
37641.24980513675, 103, -1.0
37641.70544544682, 152, -1.0
37644.73791557736, 75, 1.0
37647.225954858775, 35, -1.0
37649.68074124844, 44, -1.0
37657.21530590822, 154, 1.0
37657.31701250044, 152, -1.0
37657.95949494934, 44, -1.0
37659.24382760265, 148, -1.0
37659.67183656868, 75, 1.0
37662.82375879265, 35, -1.0
37664.093694376, 101, -1.0
37666.01079870243, 75, -1.0
37667.41432615608, 154, -1.0
37679.627816320644, 101, 1.0
37683.42302967927, 35, -1.0
37687.40866987222, 148, -1.0
37690.65003520393, 101, 1.0
37701.47617104181, 44, -1.0
37706.45975302747, 152, -1.0
37708.94129009611, 75, 1.0
37711.24389726182, 152, 1.0
37719.079728273675, 148, -1.0
37727.61076774201, 103, 1.0
37728.53275413352, 101, 1.0
37730.01332836221, 101, 1.0
37731.565857956804, 44, -1.0
37732.850056568655, 75, -1.0
37734.92055805389, 35, -1.0
37737.28394246074, 44, -1.0
37737.29984908172, 101, 1.0
37738.015324569344, 101, -1.0
37738.624231314105, 35, -1.0
37740.32740938085, 75, 1.0
37741.520421732974, 44, -1.0
37748.71379535186, 75, -1.0
37749.71181214789, 148, -1.0
37752.30669797281, 35, -1.0
37753.8892842606, 152, -1.0
37756.904025845346, 101, 1.0
37761.22389396353, 148, -1.0
37761.451767813494, 101, 1.0
37762.15282020362, 44, -1.0
37762.95937128214, 152, -1.0
37764.00137776613, 75, 1.0
37765.27225023319, 101, -1.0
37769.69210772794, 103, 1.0
37783.38994876495, 35, 1.0
37788.524981388095, 44, -1.0
37788.9900756294, 148, -1.0
37789.09272553569, 154, -1.0
37792.07960259277, 154, -1.0
37794.781654728526, 101, 1.0
37798.48948397856, 44, -1.0
37799.88214154661, 75, -1.0
37802.419877861576, 152, -1.0
37803.835384736696, 75, 1.0
37821.456802398134, 103, -1.0
37822.112724690945, 75, 1.0
37822.219833265735, 75, 1.0
37824.25830398603, 44, -1.0
37826.73103320114, 44, -1.0
37827.9419759186, 148, -1.0
37840.586671180594, 152, 1.0
37843.58634650007, 75, 1.0
37847.523926728296, 103, -1.0
37855.608150533146, 44, 1.0
37859.48740260313, 75, -1.0
37860.38736414849, 148, 1.0
37864.53792693988, 35, -1.0
37865.31939926391, 103, 1.0
37867.72008030655, 75, 1.0
37868.604691519955, 44, -1.0
37869.09454130647, 148, -1.0
37874.33598623872, 152, -1.0
37877.69576827892, 75, 1.0
37887.00961564727, 75, 1.0
37896.18693869122, 148, 1.0
37896.941550157906, 75, 1.0
37897.07141848581, 154, -1.0
37898.258490174834, 75, -1.0
37900.67226351717, 75, 1.0
37905.57275998988, 101, -1.0
37907.310163433634, 101, -1.0
37908.6879249751, 44, -1.0
37910.9646446254, 35, 1.0
37922.40516920835, 152, -1.0
37925.48081816108, 35, -1.0
37929.7851178943, 154, -1.0
37931.26292634609, 44, -1.0
37931.61381008831, 148, -1.0
37939.909470307066, 35, -1.0
37942.34816347407, 154, 1.0
37944.384773142745, 35, -1.0
37947.19640421333, 152, 1.0
37949.847676207166, 154, -1.0
37950.882678256094, 75, -1.0
37951.687089588086, 101, 1.0
37955.101221539146, 75, 1.0
37956.15102241463, 148, -1.0
37956.32741871361, 35, -1.0
37957.29724586337, 101, -1.0
37963.07341403532, 75, 1.0
37967.05623142306, 101, 1.0
37972.72860473796, 35, -1.0
37972.80521975787, 148, -1.0
37974.847709520465, 103, 1.0
37981.88754012218, 101, -1.0
37982.09181169777, 75, -1.0
37985.67057917718, 44, -1.0
37987.74347336541, 44, 1.0
37991.452822990956, 35, -1.0
37995.29587339861, 75, 1.0
37996.294663051835, 103, 1.0
38005.95785787361, 35, -1.0
38018.77136436723, 75, 1.0
38032.83338371395, 75, 1.0
38036.607112663405, 103, -1.0
38039.56271266194, 75, -1.0
38041.27665843886, 75, 1.0
38060.448289757085, 44, -1.0
38062.24321142163, 103, 1.0
38062.258020712565, 101, 1.0
38062.76528495113, 152, 1.0
38067.118169759575, 152, -1.0
38069.28359973504, 101, 1.0
38070.55047040047, 148, -1.0
38088.2480649036, 103, -1.0
38095.01586334894, 101, 1.0
38095.879377290905, 152, 1.0
38097.00522258346, 101, 1.0
38097.08521577475, 44, 1.0
38107.92374940802, 75, 1.0
38109.39960133762, 154, 1.0
38112.4946210236, 35, -1.0
38113.12019603188, 44, -1.0
38116.66350391792, 152, -1.0
38120.024301662736, 152, 1.0
38121.78687531539, 35, 1.0
38123.85219844371, 44, -1.0
38123.99459616948, 152, -1.0
38134.50502347139, 148, -1.0
38136.23210961001, 152, 1.0
38138.55843424381, 154, -1.0
38144.0092392283, 154, 1.0
38145.71846694028, 35, -1.0
38148.00057877694, 35, -1.0
38149.62450266195, 154, -1.0
38150.07779767516, 75, -1.0
38170.956130143066, 44, -1.0
38173.374873971334, 101, -1.0
38175.41401923944, 75, 1.0
38176.13490598283, 152, 1.0
38177.475647054, 154, 1.0
38183.48107330788, 35, -1.0
38184.84089075657, 101, 1.0
38191.82287709019, 101, 1.0
38198.27781464561, 101, 1.0
38198.83529347735, 35, -1.0
38211.031778586796, 35, 1.0
38217.725190668316, 148, -1.0
38220.01778411894, 154, -1.0
38221.92682708787, 152, -1.0
38227.14846812151, 75, 1.0
38230.25305340404, 35, 1.0
38230.75486444564, 101, 1.0
38231.06167637475, 35, -1.0
38232.97119961739, 101, 1.0
38239.459022125535, 148, -1.0
38240.25812949661, 35, -1.0
38242.4038828743, 75, 1.0
38243.37980757791, 148, -1.0
38244.61546932851, 152, 1.0
38251.04357961368, 103, 1.0
38266.02041991058, 44, -1.0
38267.684490606196, 75, 1.0
38268.62962875364, 101, -1.0
38268.910957028274, 101, -1.0
38269.129175839196, 44, -1.0
38273.2116030266, 152, 1.0
38281.31796517133, 148, -1.0
38282.20811650002, 152, -1.0
38285.13588694187, 101, 1.0
38285.77938057041, 152, -1.0
38287.39183215429, 75, 1.0
38288.4687730956, 75, 1.0
38290.141075803236, 101, -1.0
38297.89155496648, 44, 1.0
38298.19451843324, 148, -1.0
38298.41738569166, 148, 1.0
38300.134998167225, 35, -1.0
38302.47207605719, 101, 1.0
38308.03634494562, 44, 1.0
38315.63337356144, 152, -1.0
38316.65009887589, 35, 1.0
38318.451694963675, 75, 1.0
38320.77887615809, 154, -1.0
38323.22475643142, 154, -1.0
38323.406607157296, 101, -1.0
38323.84041259696, 103, -1.0
38323.90170257706, 101, 1.0
38325.33865499956, 75, -1.0
38340.299440982504, 152, -1.0
38340.733733351546, 152, 1.0
38342.56441267262, 44, -1.0
38347.08892693774, 75, 1.0
38353.41907733269, 75, 1.0
38383.34054921323, 152, -1.0
38384.420150379156, 44, -1.0
38386.05147802374, 103, 1.0
38387.09750338622, 152, -1.0
38395.84032560242, 75, 1.0
38399.647332916, 75, -1.0
38406.94701449349, 44, 1.0
38410.16072280057, 154, -1.0
38412.87890431252, 101, 1.0
38427.22416159603, 154, -1.0
38442.082825815814, 152, -1.0
38444.15167060424, 101, 1.0
38445.97832176192, 148, -1.0
38446.766429422525, 103, 1.0
38448.62028568421, 44, -1.0
38453.91862586931, 44, 1.0
38455.09055315518, 44, -1.0
38455.95326138829, 75, 1.0
38457.29979896382, 75, -1.0
38459.85254174143, 44, -1.0
38469.87961140181, 148, -1.0
38473.23777489645, 103, -1.0
38474.89913217593, 152, -1.0
38478.96423320657, 152, -1.0
38479.248155677735, 103, 1.0
38485.40893131559, 154, -1.0
38488.728535457114, 152, -1.0
38489.737171022905, 75, -1.0
38498.53708726292, 101, 1.0
38501.74845399412, 101, -1.0
38505.853389359894, 152, -1.0
38520.182275621795, 75, 1.0
38520.91449838021, 35, -1.0
38530.76522846597, 101, -1.0
38531.2809630616, 101, -1.0
38550.63123856772, 152, -1.0
38556.17715762102, 101, 1.0
38556.798497176205, 101, 1.0
38558.60249160859, 103, 1.0
38559.91546672878, 75, 1.0
38564.7935362237, 152, 1.0
38571.13451519564, 75, 1.0
38578.455662997876, 101, 1.0
38579.66095910434, 148, 1.0
38581.3400565111, 152, -1.0
38582.82977414931, 101, 1.0
38586.47001101919, 148, -1.0
38587.98011030876, 44, -1.0
38594.49753431887, 101, -1.0
38595.59218350765, 44, -1.0
38596.965991150195, 103, 1.0
38608.22338847381, 152, -1.0
38615.821264889746, 44, -1.0
38627.526655297515, 35, -1.0
38633.2598398466, 148, -1.0
38636.77404159914, 75, 1.0
38637.69754864555, 75, -1.0
38641.79476172596, 103, 1.0
38644.618256366695, 101, -1.0
38647.20713998796, 152, 1.0
38650.95951151995, 101, 1.0
38663.520748738585, 75, 1.0
38665.47157077564, 75, -1.0
38668.19699042315, 154, -1.0
38669.26057849037, 152, -1.0
38670.263612051385, 101, 1.0
38671.303938005214, 152, 1.0
38671.321505299326, 148, -1.0
38675.766207719884, 152, -1.0
38678.3475947849, 75, 1.0
38682.14146302794, 35, 1.0
38686.47569941521, 103, -1.0
38692.78514922822, 75, 1.0
38693.35369442162, 154, 1.0
38695.442045016884, 35, -1.0
38709.956353468064, 101, 1.0
38716.635251751024, 75, -1.0
38716.8034253272, 103, 1.0
38716.80709755268, 75, 1.0
38720.812283521314, 44, 1.0
38727.145828680535, 35, -1.0
38728.37600370152, 103, -1.0
38741.33137151331, 44, -1.0
38745.936891620324, 75, 1.0
38750.76168275483, 75, 1.0
38751.829953824534, 35, -1.0
38753.07252928847, 103, 1.0
38756.7297741712, 35, -1.0
38761.52528467193, 101, 1.0
38761.58404876633, 75, 1.0
38766.88323367806, 152, -1.0
38768.58949115732, 152, -1.0
38770.285861221426, 103, 1.0
38772.35105151181, 75, 1.0
38773.947907689915, 152, 1.0
38778.72554993056, 101, -1.0
38785.83533375835, 103, -1.0
38788.85640728673, 75, -1.0
38789.20635437162, 101, 1.0
38791.58904875317, 75, 1.0
38800.19710212451, 148, -1.0
38801.656689813484, 101, -1.0
38807.82091758588, 101, -1.0
38815.23993146383, 148, -1.0
38818.636564040724, 44, -1.0
38818.71000873329, 103, 1.0
38819.35086557265, 152, 1.0
38820.18706163054, 152, 1.0
38823.545439784364, 35, 1.0
38825.11591487068, 35, 1.0
38828.28724428936, 103, 1.0
38838.524946621015, 75, 1.0
38839.563268830556, 35, -1.0
38839.931923991426, 44, -1.0
38841.557779674375, 152, -1.0
38843.04257687675, 101, 1.0
38859.15426304018, 44, -1.0
38859.5229066115, 75, 1.0
38873.38892169813, 35, 1.0
38878.167235576904, 152, -1.0
38883.30560206961, 35, 1.0
38884.680672881506, 103, 1.0
38889.90302501419, 44, -1.0
38892.47771395831, 101, 1.0
38895.277284091375, 154, -1.0
38895.73054040102, 44, -1.0
38895.88049120352, 148, -1.0
38899.35841323947, 103, -1.0
38906.12617455977, 148, -1.0
38916.757079461095, 101, 1.0
38917.97138980361, 152, -1.0
38923.36187482907, 148, 1.0
38924.55597874236, 152, 1.0
38936.50697524418, 35, -1.0
38937.32045691905, 148, -1.0
38956.07177229391, 152, 1.0
38960.04250472769, 154, -1.0
38967.26759622445, 35, 1.0
38970.29870434287, 154, -1.0
38973.21250500957, 35, -1.0
38984.58692824388, 35, 1.0
38984.80920625124, 35, 1.0
38985.016506016145, 44, -1.0
38996.116047488315, 75, -1.0
39007.64721752988, 103, 1.0
39009.13506605161, 101, -1.0
39009.58324392216, 154, 1.0
39013.05063013056, 103, 1.0
39013.64429358371, 44, -1.0
39015.802089016186, 154, -1.0
39015.812308634384, 101, 1.0
39020.66810012964, 103, 1.0
39022.01763935015, 152, -1.0
39023.69582363874, 152, -1.0
39027.74829296142, 101, -1.0
39029.26484531626, 152, 1.0
39062.44060026686, 103, 1.0
39064.5943336706, 152, -1.0
39073.14480318589, 101, -1.0
39081.81957341797, 35, -1.0
39084.01168384835, 154, 1.0
39084.60956932703, 101, 1.0
39096.94628491834, 35, -1.0
39101.65456537955, 101, 1.0
39109.686046375595, 154, -1.0
39112.20874320538, 148, -1.0
39122.57451684118, 154, 1.0
39127.60724777954, 44, -1.0
39129.67952166855, 103, 1.0
39135.142790732636, 103, -1.0
39144.48597254803, 101, 1.0
39155.662446614675, 101, 1.0
39160.016011489075, 44, -1.0
39160.331061960074, 148, -1.0
39161.13500296325, 103, -1.0
39188.40099432746, 154, -1.0
39189.553933357776, 75, 1.0
39196.379451964865, 75, -1.0
39198.957742264654, 101, -1.0
39229.683268709225, 44, 1.0
39235.255192389064, 152, 1.0
39238.256120230115, 154, 1.0
39238.26273944307, 148, 1.0
39240.71178122728, 44, -1.0
39243.44271782842, 152, -1.0
39245.58132764522, 35, -1.0
39248.38542398831, 148, -1.0
39253.32068734268, 35, -1.0
39258.75801332591, 101, -1.0
39259.29525652992, 152, 1.0
39262.828897434905, 75, 1.0
39266.661015746926, 152, -1.0
39268.975695883586, 154, -1.0
39274.415015254424, 154, 1.0
39277.646974019895, 101, 1.0
39284.57578949293, 101, 1.0
39285.94648054178, 152, 1.0
39296.190843203636, 154, -1.0
39297.50717568834, 152, 1.0
39303.85518251371, 148, -1.0
39314.06030211296, 44, -1.0
39317.354288985, 103, 1.0
39321.37150125862, 44, -1.0
39328.42614500433, 152, 1.0
39329.6607971454, 44, -1.0
39337.84230105403, 75, 1.0
39340.57132765577, 44, -1.0
39345.57495329197, 75, -1.0
39347.99287264639, 75, 1.0
39352.78856163095, 35, -1.0
39360.64218012122, 103, 1.0
39362.77095783525, 44, -1.0
39363.6976110931, 103, 1.0
39367.06204563312, 101, 1.0
39367.28903176681, 103, 1.0
39369.8809718498, 103, 1.0
39373.60323021714, 152, -1.0
39390.167528658836, 35, 1.0
39391.16432170388, 35, -1.0
39395.173927191645, 101, 1.0
39395.9571578141, 148, -1.0
39397.905330188994, 148, -1.0
39402.628944392076, 44, -1.0
39404.5670050134, 44, -1.0
39408.05406148269, 75, 1.0
39411.61079267472, 154, -1.0
39428.898985904205, 44, -1.0
39430.07061323239, 35, 1.0
39436.108098021316, 75, -1.0
39439.78329804553, 75, -1.0
39443.02090649984, 35, 1.0
39447.17828693667, 35, -1.0
39453.52825252753, 44, -1.0
39457.3548556408, 103, -1.0
39458.81763806371, 154, -1.0
39460.371937484, 152, 1.0
39469.216672663926, 44, -1.0
39470.66428111334, 44, -1.0
39474.23340807681, 152, -1.0
39474.374999796506, 44, -1.0
39474.70330426168, 44, -1.0
39476.0778240579, 101, 1.0
39476.33159893414, 103, 1.0
39476.642731356784, 101, 1.0
39483.048729239825, 75, 1.0
39484.35199667675, 101, -1.0
39488.655846117625, 35, -1.0
39489.2180239588, 101, -1.0
39494.41477371705, 152, -1.0
39495.75213842264, 154, 1.0
39500.28935627239, 152, 1.0
39501.99048125343, 35, -1.0
39509.45135878043, 148, -1.0
39514.44103532224, 101, -1.0
39515.30960229511, 44, -1.0
39516.01964582725, 75, 1.0
39516.064679649004, 154, -1.0
39520.87103704818, 103, 1.0
39525.02057753834, 44, -1.0
39527.534206718046, 152, -1.0
39528.23092743177, 35, 1.0
39528.8598415414, 154, 1.0
39532.974213781505, 75, -1.0
39533.84644513381, 75, -1.0
39549.327142205366, 44, 1.0
39552.450645170204, 35, -1.0
39554.921438548656, 44, -1.0
39555.92927379074, 152, -1.0
39563.13180547202, 152, -1.0
39563.588106146395, 101, -1.0
39572.786297014165, 148, -1.0
39575.12100773408, 152, 1.0
39576.23266733365, 101, 1.0
39579.81074222017, 101, 1.0
39581.783922639224, 103, -1.0
39585.308560406935, 75, 1.0
39586.21942636159, 75, -1.0
39586.74383628839, 148, 1.0
39589.63677310495, 152, -1.0
39590.9074901627, 101, 1.0
39595.275527995145, 101, 1.0
