28801.478914935942, 228, 1.0
28802.303943061746, 71, 1.0
28802.874643518797, 83, -1.0
28804.92791951129, 75, 1.0
28812.90588644882, 88, -1.0
28813.063024777486, 40, 1.0
28813.11433761096, 74, 1.0
28814.87234853996, 148, -1.0
28817.873863864534, 45, -1.0
28819.24835894148, 142, -1.0
28821.22523336641, 160, 1.0
28827.119166131608, 116, 1.0
28835.337710767264, 130, -1.0
28839.576443634083, 104, -1.0
28843.231450595733, 101, -1.0
28843.50002235405, 119, -1.0
28845.904410002357, 198, 1.0
28846.823159532396, 148, -1.0
28847.695947157295, 158, -1.0
28851.118961835095, 39, 1.0
28852.963388379525, 29, -1.0
28853.071351789116, 42, -1.0
28855.474951673757, 101, 1.0
28857.39392052113, 153, -1.0
28858.706186739553, 44, -1.0
28860.353565451784, 158, -1.0
28866.098071532437, 68, 1.0
28872.475566144378, 69, 1.0
28873.540559108013, 155, -1.0
28874.47665453597, 42, -1.0
28875.012006566303, 52, -1.0
28876.937661785298, 37, -1.0
28876.980211751663, 163, -1.0
28877.536402270718, 59, 1.0
28878.78654456861, 109, 1.0
28882.775086073347, 188, -1.0
28887.105586976733, 99, -1.0
28888.42795162655, 101, 1.0
28890.36093585288, 116, 1.0
28892.280773956685, 153, -1.0
28894.268635867757, 163, 1.0
28895.329277974484, 108, -1.0
28895.888815866485, 142, -1.0
28897.680318687413, 42, -1.0
28898.57752874234, 160, -1.0
28898.786650927937, 28, 1.0
28900.891860449938, 41, 1.0
28900.954889519195, 105, 1.0
28901.59908216712, 99, -1.0
28905.59560102709, 173, -1.0
28905.816630305897, 40, -1.0
28909.014354618666, 88, 1.0
28912.49767005615, 45, 1.0
28913.056595510414, 76, -1.0
28917.83582816834, 173, -1.0
28918.39257027488, 101, -1.0
28919.03090953519, 72, -1.0
28925.34464169156, 146, -1.0
28925.613600757068, 233, 1.0
28941.727848874893, 48, 1.0
28953.08772835891, 162, -1.0
28955.956728336296, 27, -1.0
28959.944765231987, 45, 1.0
28961.189809477175, 151, -1.0
28963.98564353279, 37, -1.0
28965.79669581897, 105, 1.0
28967.140607151152, 53, -1.0
28967.96621628834, 105, -1.0
28968.492280853203, 154, -1.0
28968.790162857673, 41, 1.0
28969.135473350238, 148, 1.0
28971.806857421714, 40, 1.0
28973.8507874425, 119, -1.0
28976.180930965522, 109, 1.0
28977.89589927431, 28, 1.0
28978.78334680081, 84, -1.0
28982.32830520131, 39, -1.0
28985.682613611636, 66, 1.0
28986.555848913256, 188, -1.0
28991.809237454232, 177, -1.0
28992.706428689664, 105, 1.0
28995.78062011166, 169, -1.0
28995.943475500764, 103, 1.0
28997.36355046319, 28, -1.0
28999.23180480338, 123, 1.0
29000.447404502673, 169, 1.0
29001.517763788095, 165, -1.0
29004.085990587602, 59, 1.0
29004.185376911057, 165, -1.0
29005.224204180813, 167, -1.0
29005.37219444, 233, 1.0
29007.62502319896, 152, -1.0
29008.902194860624, 101, -1.0
29009.323662891704, 169, 1.0
29010.683769080435, 58, -1.0
29011.650852879255, 58, -1.0
29012.126697975513, 123, -1.0
29014.108408147888, 58, -1.0
29016.316128149247, 59, 1.0
29017.28205473793, 146, -1.0
29023.68605232011, 84, -1.0
29026.81412147753, 163, -1.0
29030.33230400856, 163, 1.0
29030.47747701097, 43, -1.0
29032.382918896546, 142, 1.0
29040.981814598446, 34, -1.0
29042.00147568119, 116, 1.0
29042.49612690458, 46, 1.0
29042.769056949754, 114, -1.0
29045.989410307913, 126, 1.0
29046.280722231386, 67, 1.0
29047.343555163327, 40, 1.0
29050.112199835403, 83, -1.0
29051.992433014813, 158, -1.0
29053.63731410329, 198, -1.0
29055.466647809142, 164, 1.0
29055.98258297519, 104, -1.0
29056.68214084462, 173, -1.0
29057.27820722608, 75, -1.0
29057.632858950536, 177, -1.0
29058.28175614052, 114, 1.0
29058.492928561936, 75, 1.0
29062.49861329149, 111, -1.0
29065.175566116428, 162, 1.0
29067.07958978072, 161, 1.0
29068.111890681525, 55, 1.0
29068.887600461945, 158, -1.0
29076.44976796496, 81, 1.0
29077.22247783162, 141, 1.0
29078.980688428288, 162, -1.0
29081.5009556013, 31, 1.0
29082.571565827828, 126, 1.0
29084.47298330871, 154, -1.0
29084.97712249971, 40, 1.0
29085.824164789075, 235, -1.0
29087.32939435928, 109, 1.0
29089.445824903934, 67, 1.0
29091.010345888073, 50, 1.0
29091.856055453783, 40, 1.0
29094.313954907215, 152, -1.0
29097.236047190083, 120, 1.0
29098.927177766524, 148, -1.0
29099.078028780976, 75, -1.0
29100.69443789959, 41, -1.0
29100.959128571198, 159, -1.0
29105.281192533483, 114, -1.0
29105.41067034132, 158, 1.0
29105.699046959715, 105, -1.0
29105.954751024285, 169, 1.0
29106.00241321021, 114, -1.0
29106.826490719526, 109, 1.0
29110.84485885493, 57, 1.0
29112.622508180862, 59, 1.0
29113.584931905036, 92, -1.0
29118.488894670172, 91, 1.0
29127.493453612, 103, 1.0
29128.048436941346, 87, -1.0
29131.843825225147, 87, -1.0
29132.459841039687, 62, 1.0
29133.013809324668, 105, 1.0
29134.029048761593, 99, -1.0
29134.649615504353, 103, -1.0
29137.65360616135, 76, -1.0
29138.93783104613, 170, -1.0
29140.119161807488, 126, -1.0
29141.58270700687, 142, -1.0
29142.235063329852, 228, 1.0
29145.062296459724, 54, -1.0
29146.91836770474, 95, -1.0
29147.351295742996, 65, 1.0
29152.656990673862, 142, 1.0
29153.25689352836, 167, -1.0
29154.610478294613, 28, -1.0
29156.239518362778, 167, 1.0
29160.789470238327, 67, -1.0
29161.707602058643, 149, -1.0
29162.792929712297, 32, -1.0
29163.077825448065, 163, 1.0
29163.928735532365, 45, -1.0
29164.08545862243, 105, 1.0
29165.897594545946, 58, -1.0
29166.652474588922, 90, -1.0
29172.368666441984, 228, 1.0
29175.051792163933, 101, 1.0
29180.61461449505, 116, 1.0
29182.55345828311, 99, -1.0
29182.73943187315, 163, -1.0
29184.48060277729, 198, 1.0
29185.644679768455, 103, -1.0
29188.753136682015, 234, 1.0
29194.23723191027, 35, -1.0
29195.378389581874, 74, -1.0
29196.389815434115, 148, -1.0
29196.758294852072, 96, -1.0
29197.85055449085, 43, -1.0
29199.50363463639, 83, -1.0
29200.28940118212, 43, -1.0
29200.656816866594, 118, -1.0
29202.321942877585, 165, -1.0
29202.65096374722, 41, -1.0
29202.668203397378, 169, -1.0
29205.254432586662, 152, -1.0
29206.563744002742, 148, -1.0
29207.354665599076, 87, 1.0
29207.386147086192, 37, 1.0
29214.716144625017, 153, 1.0
29223.894395874482, 74, -1.0
29224.795941923076, 90, -1.0
29227.40374030744, 162, 1.0
29227.728594499982, 94, 1.0
29229.588638567297, 68, 1.0
29235.105214121813, 53, 1.0
29236.564343625712, 99, -1.0
29240.46145422567, 81, 1.0
29249.653862884355, 142, 1.0
29249.994253198955, 71, 1.0
29252.56612432829, 147, -1.0
29253.35227463756, 154, -1.0
29255.453778372972, 66, -1.0
29257.685058380837, 114, -1.0
29258.975600783222, 28, -1.0
29263.5496154276, 154, -1.0
29266.538779156777, 54, -1.0
29266.990099243372, 126, 1.0
29269.05882478276, 48, -1.0
29270.656633773488, 44, -1.0
29274.157578874754, 76, -1.0
29276.55317692041, 84, -1.0
29277.857786556204, 233, 1.0
29282.398143366045, 116, 1.0
29295.104617681787, 142, -1.0
29295.901103537428, 154, -1.0
29297.811189054126, 114, -1.0
29306.231470618906, 234, 1.0
29309.44197351896, 94, -1.0
29315.037990099936, 99, -1.0
29315.100169825608, 103, -1.0
29315.991316091156, 104, -1.0
29316.54189849933, 116, -1.0
29316.95899427987, 110, -1.0
29317.275195156453, 52, -1.0
29319.34680944788, 152, -1.0
29323.791621499207, 157, 1.0
29326.75861038587, 119, -1.0
29327.151510059517, 119, -1.0
29328.864161690915, 162, -1.0
29332.322765123812, 75, -1.0
29332.832918817847, 152, -1.0
29333.606204864514, 87, -1.0
29334.431524939042, 50, -1.0
29336.696805294232, 40, -1.0
29339.564033267212, 165, -1.0
29340.84815548068, 40, 1.0
29342.05742013418, 36, -1.0
29342.232953431383, 28, 1.0
29344.129492840057, 50, -1.0
29345.950556406213, 58, -1.0
29347.238682328458, 35, -1.0
29349.41211221717, 62, -1.0
29352.229657105552, 165, 1.0
29352.591034990637, 44, -1.0
29353.16470779477, 52, -1.0
29354.53878600318, 89, -1.0
29356.526523542452, 59, 1.0
29359.45335361943, 99, -1.0
29368.33870607629, 126, 1.0
29371.03956599822, 41, 1.0
29371.612080087205, 99, 1.0
29374.587118207604, 165, -1.0
29375.057073608215, 169, 1.0
29377.82387327676, 188, 1.0
29378.07895581811, 168, -1.0
29379.083241222073, 163, -1.0
29380.758598648175, 34, 1.0
29382.750961332367, 50, -1.0
29383.05722043046, 165, 1.0
29383.199799112383, 80, -1.0
29384.438256423484, 152, -1.0
29384.98024518838, 28, 1.0
29385.40815061581, 234, 1.0
29386.007668901024, 40, -1.0
29386.79162988568, 234, 1.0
29388.229940540627, 165, 1.0
29389.139963407477, 142, -1.0
29389.391695928574, 106, -1.0
29390.792270885457, 142, -1.0
29400.001011977725, 154, -1.0
29400.881269350888, 35, -1.0
29401.383166927328, 83, -1.0
29405.518170591084, 90, -1.0
29407.21791937516, 126, 1.0
29407.840049282535, 35, -1.0
29409.495807740874, 106, -1.0
29409.93977220314, 141, 1.0
29412.807925955218, 100, -1.0
29415.5394537265, 29, -1.0
29416.429240540692, 154, -1.0
29421.171423266725, 110, -1.0
29424.153433595424, 142, -1.0
29425.543446574335, 126, 1.0
29425.57692707747, 164, 1.0
29425.864166309915, 29, -1.0
29430.951097303707, 75, -1.0
29431.655181103666, 165, 1.0
29433.06542573594, 76, -1.0
29434.36775437713, 110, -1.0
29434.707760248555, 41, -1.0
29438.84014007696, 75, 1.0
29442.188851302093, 233, 1.0
29442.38663671987, 75, -1.0
29444.290634974375, 152, 1.0
29444.63385687035, 228, 1.0
29446.30965142553, 48, -1.0
29449.060720446312, 80, -1.0
29456.495521205725, 137, -1.0
29457.329278769444, 59, -1.0
29459.312789634067, 165, -1.0
29459.859133674032, 84, -1.0
29465.34304281884, 148, -1.0
29466.258462600705, 149, -1.0
29470.19208249172, 128, -1.0
29470.649012740712, 234, 1.0
29470.93597317664, 126, 1.0
29482.02608837477, 67, -1.0
29483.19201743217, 37, -1.0
29485.60162599997, 40, 1.0
29486.419976147437, 137, -1.0
29487.492216970837, 64, -1.0
29488.846887817996, 111, -1.0
29491.409153150336, 34, -1.0
29494.97593131216, 159, 1.0
29498.188701990675, 99, -1.0
29501.155740105456, 40, 1.0
29503.954972223833, 173, -1.0
29505.260807805756, 142, -1.0
29507.13962936574, 95, -1.0
29514.984288924712, 83, -1.0
29516.201549001158, 154, 1.0
29516.71866664986, 116, -1.0
29520.132786538652, 32, -1.0
29521.68804322055, 106, 1.0
29521.8164131571, 105, 1.0
29523.08764024705, 35, 1.0
29523.27101019001, 162, -1.0
29524.065069617413, 29, 1.0
29525.18137452642, 167, -1.0
29525.96120293717, 105, -1.0
29527.13407050572, 90, -1.0
29528.103082502468, 98, -1.0
29533.36407470591, 44, -1.0
29536.083371184006, 153, -1.0
29536.242737935976, 74, -1.0
29537.083753141033, 71, -1.0
29538.827602717203, 59, -1.0
29542.53967841299, 169, 1.0
29544.182337134866, 119, -1.0
29545.44063673436, 126, 1.0
29546.163771972126, 40, 1.0
29550.505232973766, 48, 1.0
29554.684305868555, 120, 1.0
29555.086986278002, 67, 1.0
29555.220069039944, 126, -1.0
29561.290291379704, 90, -1.0
29562.178014913636, 74, -1.0
29562.213631600287, 67, 1.0
29562.955615262155, 35, 1.0
29572.109407573418, 235, -1.0
29574.019206162448, 235, -1.0
29574.87048496601, 74, -1.0
29576.12897799669, 193, -1.0
29576.31166718461, 34, -1.0
29578.51693593432, 242, -1.0
29578.99547319946, 56, 1.0
29579.692691145894, 58, 1.0
29579.976282672756, 59, 1.0
29585.89787873567, 159, -1.0
29592.96868499029, 106, -1.0
29594.87115545071, 58, 1.0
29595.753963027186, 58, -1.0
29598.50412002936, 50, -1.0
29598.616757597272, 67, -1.0
29600.567039815465, 43, 1.0
29601.368201382626, 148, -1.0
29605.682160071792, 91, -1.0
29607.980187766472, 146, 1.0
29609.102785075727, 123, -1.0
29609.1387049917, 40, 1.0
29609.28393705106, 43, 1.0
29610.267322869062, 114, 1.0
29614.07497323616, 87, -1.0
29614.51796758393, 81, -1.0
29615.345704257506, 198, -1.0
29618.730612474425, 48, 1.0
29631.85974563566, 177, 1.0
29634.497857619743, 75, 1.0
29637.4699667328, 46, 1.0
29637.779210356843, 92, -1.0
29640.449412297643, 142, 1.0
29641.43204437427, 235, -1.0
29649.50164905802, 27, -1.0
29650.189200376528, 83, -1.0
29651.330600782956, 68, -1.0
29651.920022798196, 26, -1.0
29652.125723847537, 76, -1.0
29654.8074324559, 133, 1.0
29656.278257805596, 87, 1.0
29657.21639112946, 40, 1.0
29657.70525288968, 67, 1.0
29657.943797321503, 89, 1.0
29663.076504545323, 103, 1.0
29666.39557766643, 126, 1.0
29666.8012631287, 99, 1.0
29668.02908206533, 149, -1.0
29670.341671474795, 141, 1.0
29670.724845107048, 167, 1.0
29672.167345602666, 35, -1.0
29673.091272633126, 137, -1.0
29676.953626948736, 164, 1.0
29682.463773762578, 130, -1.0
29682.628722857964, 55, -1.0
29683.457022249815, 153, -1.0
29684.95342085473, 114, -1.0
29685.46057641524, 67, -1.0
29685.730856180267, 105, 1.0
29687.461212348986, 75, 1.0
29689.636938558426, 141, 1.0
29692.331624720762, 101, -1.0
29693.958284859385, 69, 1.0
29696.06836614719, 51, -1.0
29696.572291796703, 88, -1.0
29700.84989604922, 104, 1.0
29705.566240255528, 58, -1.0
29707.832653023666, 44, -1.0
29708.646516458604, 158, -1.0
29708.70056929081, 50, -1.0
29710.364781241107, 149, -1.0
29710.557218059304, 147, -1.0
29710.838248010077, 109, 1.0
29711.53378644242, 48, 1.0
29712.348628947868, 116, 1.0
29713.760113139906, 155, 1.0
29716.759136174456, 119, 1.0
29716.773693002237, 72, -1.0
29721.22132364913, 29, -1.0
29721.455098046586, 64, 1.0
29721.8858402096, 71, -1.0
29723.46555120351, 152, -1.0
29724.520925346464, 103, 1.0
29725.245250630698, 138, -1.0
29726.161156148664, 63, -1.0
29727.250334830765, 105, 1.0
29728.590922545154, 67, 1.0
29730.238615828708, 40, 1.0
29730.800351910188, 35, -1.0
29733.882149506127, 40, -1.0
29736.497166090838, 71, 1.0
29738.744147422556, 67, 1.0
29741.9204090806, 153, -1.0
29744.005634879584, 61, -1.0
29746.290248292, 233, 1.0
29750.298316122826, 65, -1.0
29751.63962138261, 35, 1.0
29751.791854105304, 163, -1.0
29753.2175237401, 168, 1.0
29755.372589800427, 84, -1.0
29757.70605839582, 76, 1.0
29761.59121490057, 141, -1.0
29763.370582489497, 56, 1.0
29763.59948994452, 89, -1.0
29767.0651209792, 233, -1.0
29769.968126943113, 169, 1.0
29772.752124148425, 100, -1.0
29776.025764145517, 95, -1.0
29777.170894817773, 126, -1.0
29778.703341829758, 173, -1.0
29779.08569985741, 105, 1.0
29781.017161280717, 126, 1.0
29783.19616969582, 126, 1.0
29785.925526274485, 89, -1.0
29786.759584216332, 103, 1.0
29788.82602644425, 89, -1.0
29791.0384559834, 59, -1.0
29791.867131271814, 34, 1.0
29792.198434923957, 97, -1.0
29792.432657497466, 114, -1.0
29794.001947999557, 58, -1.0
29795.75505353522, 29, -1.0
29801.200357537346, 50, 1.0
29801.794245958277, 43, 1.0
29810.85309919141, 119, -1.0
29816.313663698507, 59, 1.0
29817.208474833827, 130, -1.0
29819.168745539508, 141, 1.0
29822.301714413115, 152, -1.0
29823.420465320676, 43, 1.0
29830.529546451413, 222, -1.0
29834.774609952095, 69, 1.0
29837.811856281864, 142, 1.0
29842.180877315073, 28, 1.0
29842.72948500408, 35, -1.0
29843.843252026152, 70, 1.0
29845.20639863609, 43, -1.0
29846.67749688472, 148, -1.0
29847.688734750427, 106, 1.0
29848.10459719274, 54, 1.0
29850.788606605303, 58, -1.0
29853.573459422656, 58, -1.0
29854.62418155072, 58, -1.0
29857.271630560244, 158, -1.0
29868.241405561246, 45, -1.0
29868.90829628807, 182, -1.0
29871.22986613949, 154, 1.0
29872.121500029767, 99, 1.0
29872.139532976144, 92, 1.0
29872.20065773966, 52, -1.0
29874.681913724482, 233, 1.0
29876.7545121826, 32, -1.0
29878.021333305845, 123, -1.0
29878.096779888103, 154, 1.0
29878.200020506087, 137, 1.0
29879.301086431, 154, -1.0
29879.44615727234, 126, 1.0
29879.941506979158, 162, -1.0
29883.123502889128, 152, -1.0
29884.973091447428, 142, -1.0
29887.22706633853, 75, 1.0
29889.277105026707, 106, 1.0
29890.03385742223, 128, 1.0
29890.04233181482, 128, 1.0
29890.04511843763, 116, 1.0
29891.49710744461, 59, 1.0
29891.573805944896, 123, -1.0
29892.545860462706, 67, 1.0
29894.63516815971, 104, 1.0
29894.787486634716, 123, -1.0
29900.94382814618, 59, 1.0
29901.207518987572, 177, -1.0
29903.925686251605, 167, -1.0
29906.842969052443, 74, 1.0
29909.078016399035, 164, 1.0
29910.031695327132, 102, -1.0
29910.392813079307, 95, -1.0
29912.478084590744, 59, -1.0
29913.019011575616, 33, 1.0
29914.955333461094, 241, -1.0
29915.8912384636, 75, -1.0
29916.568711798634, 116, 1.0
29918.23423060317, 84, -1.0
29925.039178822866, 182, -1.0
29925.60414495545, 90, -1.0
29926.714869035794, 148, -1.0
29926.891047804453, 126, 1.0
29931.935711524828, 126, 1.0
29932.170021448015, 87, 1.0
29932.33584016777, 165, -1.0
29936.389870993262, 95, 1.0
29937.102250945347, 26, -1.0
29937.12250674315, 160, -1.0
29940.91874071147, 234, 1.0
29941.30806481904, 83, -1.0
29944.3083142969, 100, -1.0
29945.108926589488, 43, -1.0
29951.02273400805, 169, 1.0
29954.380724561262, 56, 1.0
29959.579044809438, 105, 1.0
29960.250732196117, 114, -1.0
29961.856910389277, 164, -1.0
29966.141999736305, 74, -1.0
29970.951931018782, 141, 1.0
29971.858032471515, 41, 1.0
29973.492216843886, 43, 1.0
29974.815679354633, 68, -1.0
29976.95127398717, 40, 1.0
29979.84151121881, 90, -1.0
29981.959274734305, 158, -1.0
29983.203650476255, 87, 1.0
29983.79351436307, 169, -1.0
29985.94531981069, 60, -1.0
29986.043500001408, 67, 1.0
29986.872771354138, 146, -1.0
29987.20214476947, 153, -1.0
29988.785165456928, 95, 1.0
29991.548883202147, 161, -1.0
29995.060856193326, 26, 1.0
29996.61818094456, 188, -1.0
29997.281024255142, 67, 1.0
29999.66842955725, 40, -1.0
30000.16185310452, 168, -1.0
30000.851000065024, 68, -1.0
30002.406036177203, 233, 1.0
30003.23257889001, 58, -1.0
30003.546303929234, 123, -1.0
30005.85337998896, 44, -1.0
30006.33649918928, 69, -1.0
30009.862269403016, 58, -1.0
30013.879232027346, 97, 1.0
30023.79687177067, 193, -1.0
30026.99824114132, 105, 1.0
30027.833051553498, 164, 1.0
30028.626868021463, 107, -1.0
30029.24822271718, 97, -1.0
30031.662245090563, 34, -1.0
30031.974307959972, 112, -1.0
30034.20040609444, 41, 1.0
30037.596039669294, 105, 1.0
30038.83993979087, 89, -1.0
30039.183698077355, 71, -1.0
30039.281822653724, 45, 1.0
30042.143371175567, 114, 1.0
30045.93594868032, 41, 1.0
30050.340648441746, 92, 1.0
30052.430365070068, 141, 1.0
30057.02999024702, 159, 1.0
30057.14487339689, 97, -1.0
30058.587350789636, 41, 1.0
30060.70947159665, 101, -1.0
30074.11909318095, 32, -1.0
30074.94175267674, 152, -1.0
30076.61973550917, 170, -1.0
30077.554089386027, 44, -1.0
30078.28554986634, 48, 1.0
30079.1592478975, 44, -1.0
30082.959973987854, 233, 1.0
30088.37750218316, 99, -1.0
30090.01734512297, 103, 1.0
30090.670528825056, 42, -1.0
30097.399743504124, 37, -1.0
30097.78602609092, 114, -1.0
30099.91558826002, 118, -1.0
30100.414458005085, 147, -1.0
30102.530209600704, 173, -1.0
30106.287787234574, 36, 1.0
30110.222565387325, 168, 1.0
30111.61540522783, 126, -1.0
30113.99288484099, 165, 1.0
30117.318665679923, 80, -1.0
30118.333368064494, 103, 1.0
30119.28740444504, 161, -1.0
30124.115821653788, 101, -1.0
30126.551209168418, 114, -1.0
30129.066566021815, 155, -1.0
30129.578116560417, 137, 1.0
30134.59360923017, 162, -1.0
30135.430632287596, 75, 1.0
30135.738097604757, 126, 1.0
30136.622754432174, 108, -1.0
30137.04824663995, 154, 1.0
30139.887582903182, 50, 1.0
30140.176133084093, 43, -1.0
30140.583702033284, 64, 1.0
30141.692795332074, 40, 1.0
30146.109667199384, 96, 1.0
30148.580708891597, 55, 1.0
30149.315390870543, 76, -1.0
30150.000834416453, 59, 1.0
30150.625115441908, 53, -1.0
30153.129288504897, 165, -1.0
30154.56323105757, 117, -1.0
30155.07175856738, 152, 1.0
30156.34715206085, 114, -1.0
30157.926194333515, 128, -1.0
30161.089481346753, 137, 1.0
30169.067015529377, 114, 1.0
30169.093038918778, 45, -1.0
30171.50990456088, 107, -1.0
30172.08160122166, 71, 1.0
30178.488976731423, 35, -1.0
30179.394019934854, 111, -1.0
30180.235650743823, 81, 1.0
30180.839959779845, 59, 1.0
30181.828448060292, 48, 1.0
30182.420782653688, 40, 1.0
30186.87112991907, 84, -1.0
30187.07565249874, 105, -1.0
30191.680497926656, 75, 1.0
30196.35217254864, 116, 1.0
30196.98374876352, 160, -1.0
30197.206103753306, 154, 1.0
30201.38142112148, 126, 1.0
30202.55675687489, 71, 1.0
30204.101006092795, 45, 1.0
30205.137417369137, 141, 1.0
30207.380580308512, 56, -1.0
30208.1953710862, 152, -1.0
30212.683529923732, 105, -1.0
30213.268741711097, 104, 1.0
30215.28530077088, 84, -1.0
30216.80857415297, 58, -1.0
30218.167248210986, 43, -1.0
30218.939440110713, 40, -1.0
30220.00328694996, 114, -1.0
30221.489584271367, 141, 1.0
30221.554970865258, 60, -1.0
30224.591723235528, 148, -1.0
30225.969540707043, 105, 1.0
30228.95381158107, 142, -1.0
30237.222530227624, 50, 1.0
30239.47043060081, 96, 1.0
30239.670376802358, 35, -1.0
30241.282654788578, 167, -1.0
30246.94696469459, 39, 1.0
30249.87793347347, 98, 1.0
30250.728468469235, 41, 1.0
30255.931689642446, 126, 1.0
30256.45227857897, 74, -1.0
30257.594372602875, 29, -1.0
30258.628118051056, 58, -1.0
30266.156498357526, 71, -1.0
30266.949599693457, 198, -1.0
30267.34550542811, 41, 1.0
30267.427486613422, 146, -1.0
30269.56576264657, 141, -1.0
30269.800047290806, 44, -1.0
30272.110554650797, 68, 1.0
30273.066188887424, 65, -1.0
30275.871142319163, 75, 1.0
30278.567967171293, 58, 1.0
30280.028999965565, 114, -1.0
30281.28596490738, 83, -1.0
30286.423068806736, 98, -1.0
30287.811614360562, 28, -1.0
30287.98840235712, 118, -1.0
30288.378311265977, 51, -1.0
30289.59981223206, 45, -1.0
30291.303470352093, 103, 1.0
30292.031898447603, 87, 1.0
30292.144010991644, 163, -1.0
30292.25712079472, 83, -1.0
30293.284062905757, 161, 1.0
30294.134018172743, 67, -1.0
30304.09970754002, 83, 1.0
30306.400685007648, 155, 1.0
30310.846061885186, 58, 1.0
30311.281113462963, 163, -1.0
30312.22547238737, 75, 1.0
30314.786357057736, 114, -1.0
30315.257249091537, 228, 1.0
30320.48131520168, 35, -1.0
30323.380469340125, 101, -1.0
30325.746927673157, 119, -1.0
30325.777055385053, 35, -1.0
30326.906513943177, 29, -1.0
30327.75968506639, 152, 1.0
30330.996595356257, 37, -1.0
30331.25795642015, 116, -1.0
30331.393443793622, 114, 1.0
30331.78588943601, 123, 1.0
30332.95766535758, 160, -1.0
30338.138432404015, 126, 1.0
30339.769197420923, 114, 1.0
30340.821315843026, 152, 1.0
30341.55991650579, 59, -1.0
30344.147017293664, 96, 1.0
30344.354301961976, 114, -1.0
30344.554001151184, 44, -1.0
30350.29756238616, 103, 1.0
30351.46369718387, 146, -1.0
30351.518883903547, 35, -1.0
30355.212107185587, 40, -1.0
30358.296356109313, 169, 1.0
30359.569608601665, 52, 1.0
30360.723546490895, 101, -1.0
30365.460455097596, 96, -1.0
30368.6107249869, 69, -1.0
30368.679850866218, 87, -1.0
30369.913467208575, 153, -1.0
30370.21846969994, 137, 1.0
30372.17898854165, 43, -1.0
30375.604807804542, 91, -1.0
30376.06412228146, 162, 1.0
30377.12151148399, 103, 1.0
30377.321293260688, 116, -1.0
30377.432372506344, 71, 1.0
30379.518303717028, 116, 1.0
30380.388474496922, 88, -1.0
30381.856653634633, 107, -1.0
30384.35643908041, 74, -1.0
30387.390024918994, 202, -1.0
30388.200170609023, 154, 1.0
30388.72479312358, 37, -1.0
30396.65090970164, 163, 1.0
30397.174277607515, 103, 1.0
30400.181596459923, 163, 1.0
30400.29556705247, 56, 1.0
30406.630355124453, 83, -1.0
30407.723598139335, 35, -1.0
30408.546272834854, 86, 1.0
30410.514893497926, 153, 1.0
30411.682178649, 68, 1.0
30412.769378493904, 42, 1.0
30417.453079253246, 44, -1.0
30419.101103713427, 90, -1.0
30419.83544051692, 126, 1.0
30423.78937460757, 42, -1.0
30426.217189596508, 32, -1.0
30427.410573901096, 149, 1.0
30428.448129807988, 114, 1.0
30430.606957055144, 71, 1.0
30436.23236137108, 130, 1.0
30436.85095193322, 43, -1.0
30438.530260544332, 154, 1.0
30444.557853790506, 103, 1.0
30444.838324715816, 92, -1.0
30448.260066774197, 159, -1.0
30449.6764281567, 103, 1.0
30453.597347540435, 158, -1.0
30456.989863273982, 28, -1.0
30459.061933376466, 103, 1.0
30460.766621989158, 40, -1.0
30461.93098798125, 169, -1.0
30465.358369597136, 80, -1.0
30472.669857743505, 76, -1.0
30473.619431120722, 114, -1.0
30475.177959184755, 35, 1.0
30477.67330800031, 177, -1.0
30480.602296963352, 60, -1.0
30482.562649326574, 169, 1.0
30483.939143992502, 44, -1.0
30485.031922703914, 26, 1.0
30485.096700321756, 59, 1.0
30485.97706485168, 40, 1.0
30486.997392114925, 165, -1.0
30489.188356650902, 50, -1.0
30489.461433879605, 75, 1.0
30489.66981613524, 40, 1.0
30491.136792379035, 98, -1.0
30493.56719837551, 52, -1.0
30495.45555488931, 110, -1.0
30496.736812590876, 75, 1.0
30500.153069109725, 48, -1.0
30504.166978012923, 116, 1.0
30504.96247254964, 103, 1.0
30505.45805128734, 233, 1.0
30506.54959793132, 100, -1.0
30507.311283871913, 169, 1.0
30510.964379132958, 64, -1.0
30511.587930976468, 84, -1.0
30514.059684902044, 29, -1.0
30514.17085744322, 28, 1.0
30517.498704107806, 80, -1.0
30517.891454985274, 146, 1.0
30525.979899664115, 83, -1.0
30527.41275616711, 114, 1.0
30528.710176436503, 39, -1.0
30528.96434680554, 71, -1.0
30531.30841467986, 101, -1.0
30534.321845784893, 114, -1.0
30538.97243386708, 117, -1.0
30539.712094001843, 42, -1.0
30543.635074558217, 105, -1.0
30548.885016934462, 117, -1.0
30549.12127492116, 80, 1.0
30549.25169540702, 51, 1.0
30553.07778673174, 27, -1.0
30553.64744051588, 74, -1.0
30554.345681970535, 58, -1.0
30555.767587506733, 202, -1.0
30556.760559052822, 45, -1.0
30556.826167365518, 152, -1.0
30559.157080740788, 75, 1.0
30559.705055687875, 161, 1.0
30561.24477930576, 35, -1.0
30562.58547393293, 159, -1.0
30562.867170856487, 57, -1.0
30563.655384059828, 44, -1.0
30565.169784322294, 84, -1.0
30567.544690298677, 126, 1.0
30567.67325274217, 58, -1.0
30568.65380601783, 84, -1.0
30568.683846081076, 108, -1.0
30573.654577254543, 100, -1.0
30574.08428169912, 71, 1.0
30574.341160561, 71, 1.0
30577.224867651323, 162, -1.0
30578.146328789786, 32, -1.0
30579.089352373863, 71, 1.0
30579.687043648657, 58, -1.0
30579.90599311354, 33, 1.0
30580.85910347053, 101, 1.0
30582.275609389286, 52, 1.0
30582.50400623744, 50, 1.0
30582.686392215986, 43, -1.0
30583.04722429409, 105, 1.0
30583.965288927753, 51, -1.0
30588.428922538445, 83, -1.0
30590.039033532124, 52, 1.0
30590.36518857215, 154, 1.0
30591.27441621627, 80, -1.0
30595.219718501707, 108, -1.0
30597.089332628053, 169, 1.0
30599.92793544125, 160, -1.0
30600.154783756156, 52, -1.0
30601.767869580814, 84, -1.0
30602.656210202305, 122, -1.0
30604.63645329427, 45, -1.0
30606.586806943, 34, -1.0
30607.186538554448, 103, -1.0
30607.68911830156, 67, -1.0
30608.853543528716, 29, -1.0
30610.640395459624, 89, -1.0
30611.227263841145, 116, -1.0
30611.399389930113, 165, 1.0
30617.083060650504, 69, 1.0
30618.512072326255, 111, -1.0
30620.205579724436, 116, 1.0
30623.33822746705, 159, -1.0
30623.61264054724, 167, 1.0
30623.753957643148, 101, -1.0
30624.454250057373, 123, -1.0
30625.29923866215, 112, -1.0
30629.03762323606, 71, 1.0
30631.920967384907, 40, 1.0
30632.011450560887, 141, 1.0
30636.058651018786, 228, 1.0
30643.707026109656, 148, -1.0
30645.849759610956, 154, 1.0
30645.97640521885, 167, 1.0
30648.488680387753, 58, 1.0
30648.921609327863, 198, -1.0
30649.937318994234, 91, -1.0
30656.721919050186, 114, 1.0
30656.998755416116, 146, -1.0
30657.07676678287, 188, -1.0
30658.415708128137, 91, -1.0
30659.615413917694, 163, 1.0
30661.255274001265, 59, 1.0
30661.601371076827, 147, -1.0
30664.251576251292, 101, 1.0
30665.095662798052, 109, -1.0
30667.14828535753, 67, 1.0
30668.68116976545, 76, -1.0
30672.598314260656, 148, -1.0
30676.70458893217, 76, -1.0
30677.74187831806, 153, -1.0
30678.074652606247, 149, -1.0
30678.6837699406, 146, -1.0
30682.38357713763, 110, -1.0
30685.15166131178, 188, -1.0
30688.40839257583, 165, -1.0
30689.563994599273, 141, -1.0
30693.509626100124, 53, -1.0
30696.421334009166, 80, 1.0
30696.703734121584, 109, 1.0
30699.438794462054, 158, -1.0
30703.137435447516, 40, 1.0
30706.15399290435, 142, 1.0
30707.169324880593, 148, -1.0
30708.546901507274, 119, 1.0
30711.487756157603, 141, 1.0
30713.705852431798, 234, 1.0
30721.50009017401, 164, -1.0
30721.58764121144, 35, -1.0
30724.176469624967, 70, 1.0
30731.33885849754, 35, -1.0
30731.721025975523, 101, -1.0
30732.039527413952, 128, -1.0
30734.188060023756, 44, -1.0
30739.076769170457, 141, 1.0
30741.062216425675, 181, -1.0
30741.578194802813, 45, 1.0
30741.829120631886, 87, -1.0
30742.600428129244, 52, -1.0
30742.949597432922, 126, 1.0
30744.98200916725, 89, -1.0
30746.45808263131, 114, -1.0
30749.939125357676, 87, 1.0
30750.01839528344, 71, 1.0
30751.708583035994, 158, 1.0
30752.861485861027, 97, -1.0
30757.24191731881, 97, -1.0
30758.94306016304, 119, 1.0
30760.03404467673, 116, -1.0
30760.361976565895, 141, 1.0
30760.96391402061, 142, -1.0
30761.537926988778, 241, -1.0
30762.114487338047, 103, 1.0
30764.24601942014, 68, 1.0
30766.228157465925, 96, 1.0
30767.592553968894, 83, -1.0
30767.624423969977, 137, 1.0
30770.407679735505, 76, -1.0
30773.75667679856, 76, 1.0
30776.47453041693, 40, -1.0
30776.745842578024, 104, -1.0
30778.01020787024, 146, -1.0
30784.849519748324, 75, 1.0
30785.09311052401, 40, 1.0
30787.52716135518, 71, -1.0
30789.951899096977, 116, 1.0
30790.46180333146, 80, 1.0
30792.321227664896, 35, 1.0
30792.824801285562, 67, 1.0
30793.263877304562, 123, 1.0
30793.760155573735, 70, 1.0
30797.982687772947, 109, -1.0
30798.25810768082, 87, -1.0
30803.82995036896, 126, -1.0
30804.220496522772, 141, 1.0
30804.36172247125, 61, 1.0
30806.195612723892, 59, 1.0
30806.93835907272, 146, -1.0
30807.39289730597, 90, 1.0
30810.045478651427, 116, -1.0
30813.26455384062, 137, -1.0
30814.424831712564, 235, -1.0
30818.14761845541, 97, -1.0
30818.626093680934, 34, 1.0
30820.13851522714, 67, 1.0
30823.132747182604, 152, -1.0
30824.80258874217, 97, -1.0
30826.380112600324, 234, 1.0
30829.38636882966, 160, -1.0
30830.395988896882, 74, -1.0
30833.8312581762, 142, -1.0
30834.180809047644, 152, -1.0
30837.993166733497, 64, 1.0
30839.22121603357, 75, 1.0
30840.74330729121, 48, 1.0
30842.941137175974, 181, -1.0
30843.25530028656, 177, 1.0
30844.347894768063, 109, 1.0
30845.87575444701, 149, 1.0
30849.001051437106, 165, -1.0
30849.96400432591, 99, -1.0
30851.31760127148, 42, -1.0
30852.11440188151, 141, 1.0
30852.59121494925, 94, -1.0
30856.694077986405, 173, -1.0
30858.1451531782, 130, -1.0
30860.359184379377, 63, 1.0
30861.066138204336, 155, -1.0
30863.182704228864, 87, 1.0
30865.356866351376, 154, 1.0
30866.836758964095, 58, -1.0
30868.559532799627, 108, -1.0
30871.633074874902, 147, -1.0
30876.720041386798, 141, -1.0
30878.130406807355, 34, 1.0
30883.602107120794, 114, 1.0
30884.487148051587, 169, -1.0
30885.151086285132, 165, 1.0
30886.130292432856, 158, -1.0
30886.717813130086, 222, -1.0
30886.764628352536, 159, -1.0
30891.211172800555, 87, 1.0
30906.062359415915, 120, -1.0
30906.08810313905, 44, -1.0
30906.699768086048, 233, 1.0
30909.839895583165, 50, -1.0
30909.921782552316, 29, 1.0
30912.770396766606, 105, 1.0
30913.765608954796, 50, 1.0
30914.77967712131, 58, -1.0
30916.164744515012, 52, 1.0
30918.999564634654, 149, -1.0
30919.67239311093, 116, 1.0
30922.478492476872, 103, 1.0
30924.025678045255, 163, 1.0
30924.07115652587, 101, 1.0
30925.625208170713, 60, -1.0
30925.70395881899, 40, 1.0
30926.160278599553, 152, 1.0
30926.32283041567, 117, -1.0
30926.751151096436, 83, -1.0
30927.56316049167, 170, -1.0
30934.549619291596, 58, 1.0
30935.954564528907, 76, -1.0
30937.320526009804, 98, 1.0
30938.19037877189, 35, 1.0
30938.22926139823, 75, -1.0
30939.866668798284, 161, -1.0
30940.147159889566, 152, 1.0
30943.444757221547, 104, 1.0
30944.71044400732, 163, -1.0
30945.789426440886, 35, 1.0
30947.512942502675, 233, -1.0
30947.574896077014, 235, 1.0
30947.824170574, 152, 1.0
30948.030809642034, 40, 1.0
30948.31674392492, 151, 1.0
30950.421034472267, 35, -1.0
30951.656113609373, 39, -1.0
30957.541077269278, 111, -1.0
30960.287233586423, 126, 1.0
30961.785522155995, 110, -1.0
30963.480878490533, 37, -1.0
30964.187939826756, 99, -1.0
30967.417270956696, 168, 1.0
30968.09296350807, 149, -1.0
30969.65468655974, 126, -1.0
30973.115253755757, 99, -1.0
30975.698273103433, 39, -1.0
30976.728738502097, 65, 1.0
30976.756949743572, 34, 1.0
30990.02869119631, 165, -1.0
30990.154904834886, 114, 1.0
30990.663603094104, 230, -1.0
30995.570959021028, 233, -1.0
30996.035654024367, 151, -1.0
31000.46133172996, 107, -1.0
31001.46285062188, 60, -1.0
31001.5556292478, 44, -1.0
31003.65126765232, 177, 1.0
31003.875350963706, 233, 1.0
31005.640580082523, 58, -1.0
31005.754616914404, 40, 1.0
31006.228728541788, 161, 1.0
31006.473965169975, 126, 1.0
31014.560445556923, 36, 1.0
31017.487194394944, 163, 1.0
31019.123947224092, 87, 1.0
31019.57671587099, 40, -1.0
31019.969624828605, 165, -1.0
31020.737821915332, 151, -1.0
31024.97207295988, 164, -1.0
31027.646359767066, 44, -1.0
31028.38670130398, 146, 1.0
31028.9437039008, 45, 1.0
31029.06312357801, 101, 1.0
31031.13988263595, 123, -1.0
31031.392889701317, 146, -1.0
31034.716970256806, 34, -1.0
31036.298614289713, 141, -1.0
31038.01967181475, 169, 1.0
31041.322733701443, 235, 1.0
31041.71923234358, 71, 1.0
31042.84771652148, 31, 1.0
31045.150817869886, 76, -1.0
31045.28230913418, 45, -1.0
31046.194353161038, 76, -1.0
31048.820564265257, 141, 1.0
31049.70721184792, 139, -1.0
31051.231878439023, 55, -1.0
31053.695985561066, 89, -1.0
31055.833012100746, 73, 1.0
31060.1783539918, 161, -1.0
31064.81663622866, 41, -1.0
31072.347143037863, 34, -1.0
31073.291201519492, 182, -1.0
31073.382679279333, 161, 1.0
31076.301745278142, 60, -1.0
31077.165460854972, 45, 1.0
31079.186820756855, 155, 1.0
31080.41445419577, 71, 1.0
31080.672035344895, 233, 1.0
31082.51949062036, 32, -1.0
31082.685249774953, 101, -1.0
31085.28150316633, 126, -1.0
31085.876533283998, 40, 1.0
31087.335755242926, 39, 1.0
31093.47123501484, 133, 1.0
31098.904871370833, 71, -1.0
31099.38992066874, 114, -1.0
31100.431593013258, 53, 1.0
31101.192464096708, 141, -1.0
31104.600688742918, 130, 1.0
31105.573113694354, 43, -1.0
31106.63684257066, 111, -1.0
31109.23891437394, 142, -1.0
31109.69158469094, 33, -1.0
31111.32789007959, 35, -1.0
31116.027448136632, 233, 1.0
31116.772449111828, 142, 1.0
31117.204172032263, 122, -1.0
31118.26347010855, 48, 1.0
31119.0280909386, 101, 1.0
31120.894559324777, 75, 1.0
31121.84583912238, 123, -1.0
31123.607454802623, 83, 1.0
31126.60925532358, 104, 1.0
31130.240558705944, 233, 1.0
31133.830531557363, 116, 1.0
31134.405650686815, 148, -1.0
31135.553762516534, 151, 1.0
31136.086906039673, 55, -1.0
31136.73175829274, 39, -1.0
31139.642171576612, 67, 1.0
31146.437689823397, 198, -1.0
31149.65778376955, 137, 1.0
31150.598189040662, 89, -1.0
31150.97014576308, 83, 1.0
31153.116230104573, 58, -1.0
31154.652266416506, 128, -1.0
31155.571784638658, 40, 1.0
31156.68276876527, 58, -1.0
31157.5879400677, 71, -1.0
31162.008206740447, 163, 1.0
31163.20504180138, 59, -1.0
31164.589363360807, 75, 1.0
31169.363858877805, 105, 1.0
31169.636829072137, 187, 1.0
31173.05591431969, 105, 1.0
31176.182044789963, 75, 1.0
31177.256099751867, 161, -1.0
31177.605940028472, 141, -1.0
31179.415609554817, 51, 1.0
31181.350047286076, 169, -1.0
31184.752053491822, 193, -1.0
31185.57047593646, 163, 1.0
31187.143814418705, 69, -1.0
31189.506315378057, 51, -1.0
31189.707266514335, 26, -1.0
31190.0084033236, 117, -1.0
31190.423913463128, 74, -1.0
31192.3542580832, 130, -1.0
31199.02995987604, 96, -1.0
31199.36112170884, 32, -1.0
31201.870818682848, 76, -1.0
31202.21307338096, 67, -1.0
31203.918820019437, 84, -1.0
31212.145872723046, 159, -1.0
31212.1755868718, 114, -1.0
31215.720235119265, 67, 1.0
31216.186964622426, 58, -1.0
31217.886603994157, 40, -1.0
31219.826298915283, 75, 1.0
31226.635739825815, 137, 1.0
31227.92004730672, 44, -1.0
31229.566879792957, 161, 1.0
31230.25066782283, 26, -1.0
31237.88633062864, 193, -1.0
31239.513496408537, 69, -1.0
31245.34257150859, 123, -1.0
31246.179198721817, 202, -1.0
31247.074428307293, 44, -1.0
31251.722538536775, 41, 1.0
31252.28706429033, 167, -1.0
31253.537307613446, 59, -1.0
31255.761608724475, 106, -1.0
31257.881563452094, 149, -1.0
31258.467381490285, 36, 1.0
31259.20237132874, 118, -1.0
31261.171240205425, 34, 1.0
31262.451360125495, 44, -1.0
31267.45707510192, 59, 1.0
31267.48585247832, 68, 1.0
31268.172507952193, 32, 1.0
31268.89108101382, 188, -1.0
31271.859061143743, 126, 1.0
31274.045020694728, 165, -1.0
31275.748820960584, 70, -1.0
31276.00311598272, 91, -1.0
31277.17539439507, 58, -1.0
31278.640369663026, 40, 1.0
31281.931839327008, 75, 1.0
31282.5886531006, 137, 1.0
31282.595648138744, 235, -1.0
31284.142003976056, 90, -1.0
31287.1300718953, 103, 1.0
31291.517527845328, 84, -1.0
31292.153352504552, 29, 1.0
31294.82741058338, 149, -1.0
31297.210706114896, 35, 1.0
31297.235909692132, 68, -1.0
31298.660242846836, 63, -1.0
31302.20421797438, 51, 1.0
31302.563658639658, 109, 1.0
31302.91860922565, 188, -1.0
31306.95217810098, 64, 1.0
31310.017618038935, 95, -1.0
31310.21029551945, 58, 1.0
31310.603194233085, 233, -1.0
31314.098239050574, 95, -1.0
31316.640863875753, 142, -1.0
31316.823121348833, 148, -1.0
31317.497278971274, 165, -1.0
31318.849293640422, 81, 1.0
31318.966326043508, 45, -1.0
31322.237855578365, 148, -1.0
31323.779656822284, 26, -1.0
31324.47939815365, 103, 1.0
31328.095604549464, 105, 1.0
31330.234177493592, 155, 1.0
31330.712433219123, 111, -1.0
31332.155118832543, 40, 1.0
31334.759960093143, 28, -1.0
31336.179444164685, 114, -1.0
31341.6491131954, 75, 1.0
31342.95463877573, 113, 1.0
31343.804394060255, 103, -1.0
31346.957847609403, 109, 1.0
31348.324494648667, 222, 1.0
31348.50144789827, 126, 1.0
31353.08308106741, 84, -1.0
31354.362989163616, 188, 1.0
31356.60769858799, 40, 1.0
31359.83665740851, 105, -1.0
31362.27553086857, 59, -1.0
31362.28926686927, 64, 1.0
31364.273162530088, 74, -1.0
31365.561367604354, 74, -1.0
31367.031527188075, 171, 1.0
31368.772783978708, 160, -1.0
31369.206420541115, 44, -1.0
31370.283274996422, 148, -1.0
31374.7143781743, 71, 1.0
31374.771223885138, 169, -1.0
31382.580004113373, 40, 1.0
31383.338948424804, 65, -1.0
31383.658996208265, 53, -1.0
31388.552163032986, 158, -1.0
31388.977093143916, 66, 1.0
31389.74950337943, 116, 1.0
31394.441970150572, 202, -1.0
31395.781571636744, 161, 1.0
31399.578462104033, 161, 1.0
31400.06516012761, 160, -1.0
31402.692050243928, 75, 1.0
31404.426420493848, 43, -1.0
31406.570081225913, 133, 1.0
31407.009711697774, 116, 1.0
31409.18040583018, 103, 1.0
31409.85701509014, 43, 1.0
31414.007901916437, 73, 1.0
31414.13251971832, 32, -1.0
31414.323593047553, 168, 1.0
31420.111004162947, 66, -1.0
31420.8151614432, 120, -1.0
31421.10202804342, 42, -1.0
31422.106345268425, 147, -1.0
31423.002453136512, 230, -1.0
31432.88261757648, 116, 1.0
31434.279866238394, 65, 1.0
31435.268794363034, 75, 1.0
31435.859409264307, 100, 1.0
31437.83929717054, 83, -1.0
31440.70724656672, 45, 1.0
31441.37632952255, 45, -1.0
31449.45156880766, 35, 1.0
31454.607233774004, 123, 1.0
31454.938686410584, 146, 1.0
31455.538464799607, 29, 1.0
31456.50849414565, 50, -1.0
31456.537360693077, 66, 1.0
31462.25955792221, 84, -1.0
31463.060838463418, 66, 1.0
31463.58841812518, 71, 1.0
31465.692315756874, 137, 1.0
31472.25020266015, 66, 1.0
31472.35298292466, 105, -1.0
31472.72545088826, 59, 1.0
31473.499780914182, 53, -1.0
31476.386530238447, 40, 1.0
31477.912272818325, 137, -1.0
31478.448008979667, 100, -1.0
31479.855739224073, 105, 1.0
31481.839876367587, 29, -1.0
31485.981764776305, 233, 1.0
31497.766042915206, 163, 1.0
31502.052487883015, 58, -1.0
31502.62613157228, 73, 1.0
31504.16514872237, 141, -1.0
31509.054515776428, 40, -1.0
31510.465473681714, 108, -1.0
31511.00683021648, 71, 1.0
31511.267676455103, 163, -1.0
31512.36005051744, 58, -1.0
31512.830388491002, 28, 1.0
31515.721064490423, 101, -1.0
31516.269492794796, 163, -1.0
31517.725609082674, 70, 1.0
31521.650078413957, 83, -1.0
31522.15451334766, 52, -1.0
31523.980687398638, 108, 1.0
31527.531993262197, 81, -1.0
31528.34045572957, 126, 1.0
31528.346837820725, 67, 1.0
31533.659825733135, 40, -1.0
31536.76378514698, 228, -1.0
31537.376433020585, 193, -1.0
31539.160250462613, 53, 1.0
31539.802576027985, 26, -1.0
31542.415782079155, 88, -1.0
31542.479298158683, 116, 1.0
31544.158702367135, 111, -1.0
31546.961751547347, 198, -1.0
31547.57737723788, 142, -1.0
31550.251345588615, 58, -1.0
31550.33983042593, 99, -1.0
31553.59204718469, 126, 1.0
31554.185892275087, 26, -1.0
31560.51470267437, 105, 1.0
31562.664809807207, 173, -1.0
31566.848931753142, 51, -1.0
31570.81670588136, 114, 1.0
31572.312537370966, 149, -1.0
31572.421756802534, 102, -1.0
31572.708733506413, 233, 1.0
31573.277633020836, 34, 1.0
31573.62543028695, 90, -1.0
31573.79591444322, 29, -1.0
31574.73772678992, 154, 1.0
31580.723728407473, 74, 1.0
31583.046067311083, 44, -1.0
31583.94019429189, 163, -1.0
31585.01775016773, 40, 1.0
31587.624362268954, 114, -1.0
31588.78342041819, 34, -1.0
31591.06089023016, 84, 1.0
31592.51941084795, 105, 1.0
31594.890362540715, 106, 1.0
31595.47268827441, 44, -1.0
31596.501770412724, 80, -1.0
31600.55464756859, 90, -1.0
31600.67075822416, 126, 1.0
31601.128519997026, 126, 1.0
31608.88686222937, 193, -1.0
31610.332569025035, 153, 1.0
31611.070072259543, 162, -1.0
31612.94230754424, 118, -1.0
31617.708241188924, 163, -1.0
31620.41496373409, 105, -1.0
31623.530066863274, 159, -1.0
31625.964308031063, 33, -1.0
31627.353030735885, 67, 1.0
31628.801073933395, 148, -1.0
31629.131259829806, 222, 1.0
31629.475019353547, 80, -1.0
31631.836552245524, 50, 1.0
31635.966519926224, 100, -1.0
31638.896205172026, 152, -1.0
31641.029196619682, 62, 1.0
31644.386708738344, 44, -1.0
31645.951435723426, 234, 1.0
31651.79585512403, 162, -1.0
31651.833737003253, 141, -1.0
31652.02314986579, 35, -1.0
31652.659048596102, 202, -1.0
31653.098429614838, 28, 1.0
31655.022567548167, 87, -1.0
31655.524245170232, 130, -1.0
31660.403737991306, 75, -1.0
31663.65186633715, 89, 1.0
31666.337636845175, 155, -1.0
31668.874764510423, 75, 1.0
31672.347564859836, 149, -1.0
31675.389639337187, 86, 1.0
31675.699598551255, 114, -1.0
31675.781143628697, 35, -1.0
31676.14197638702, 69, -1.0
31677.129647139885, 114, -1.0
31677.278373700745, 154, 1.0
31677.532670955185, 51, 1.0
31677.587475604254, 68, -1.0
31680.769870020493, 52, 1.0
31683.597843350573, 142, 1.0
31684.294171219175, 114, -1.0
31689.757150190675, 58, 1.0
31691.681514258344, 75, 1.0
31695.93698637471, 76, -1.0
31699.93515562546, 114, 1.0
31699.960245671162, 116, -1.0
31701.12150955593, 123, -1.0
31702.554046220117, 142, 1.0
31702.956404490367, 69, 1.0
31704.869544841204, 152, -1.0
31707.35391397327, 162, -1.0
31708.057136711264, 106, -1.0
31709.346642248925, 158, -1.0
31710.003136432955, 50, 1.0
31711.20533213821, 105, 1.0
31716.75976104194, 45, -1.0
31720.03024434952, 164, 1.0
31720.395415990835, 28, 1.0
31723.868808042786, 75, 1.0
31724.383240223833, 69, 1.0
31726.6126684654, 71, 1.0
31727.392424445647, 53, -1.0
31731.740928911626, 67, 1.0
31731.813934538728, 99, 1.0
31731.948785040553, 153, -1.0
31732.103807181626, 40, -1.0
31734.71920189703, 45, -1.0
31737.508985571538, 152, -1.0
31738.25082716722, 142, 1.0
31739.45557860227, 42, -1.0
31739.618986402736, 60, -1.0
31741.69466296951, 101, 1.0
31742.66929899816, 228, 1.0
31744.343633920504, 146, -1.0
31744.831601169186, 71, -1.0
31745.04170391336, 107, -1.0
31745.17300206976, 169, 1.0
31748.384362577774, 114, -1.0
31751.23264506396, 198, -1.0
31753.350514733396, 69, 1.0
31753.439850797517, 167, -1.0
31753.872215377618, 116, 1.0
31754.018948609086, 235, -1.0
31754.126899833303, 146, 1.0
31754.554137319727, 88, -1.0
31755.251694566945, 34, -1.0
31755.85565799695, 105, -1.0
31756.345738562723, 122, -1.0
31757.290139753914, 128, -1.0
31763.83002443574, 29, -1.0
31764.751851436056, 126, -1.0
31765.694425240665, 80, 1.0
31767.379926194815, 80, -1.0
31769.086551863867, 141, 1.0
31776.161485774956, 114, 1.0
31776.21167751857, 104, -1.0
31776.532983570385, 81, -1.0
31780.116830615676, 126, 1.0
31780.586197246022, 69, 1.0
31781.714209692298, 142, 1.0
31782.885741123955, 146, -1.0
31784.92994808516, 71, -1.0
31785.188162545124, 39, -1.0
31786.353339888494, 88, -1.0
31789.02969190855, 92, -1.0
31789.862212354612, 163, 1.0
31791.707469071203, 188, -1.0
31793.50220576781, 163, -1.0
31799.110355878005, 173, -1.0
31804.510548727332, 130, -1.0
31806.60549662093, 165, -1.0
31807.375457204376, 173, 1.0
31812.260655738388, 101, 1.0
31813.414047442377, 88, -1.0
31813.820076805332, 110, -1.0
31815.40421059382, 83, 1.0
31817.589428703308, 40, 1.0
31821.57526804284, 39, -1.0
31825.889127359074, 141, 1.0
31826.079283125553, 117, -1.0
31828.20461566205, 59, -1.0
31834.113422262333, 193, -1.0
31835.28813725611, 84, 1.0
31835.701195516063, 126, 1.0
31840.90421123647, 50, 1.0
31841.025314043698, 36, 1.0
31846.80372848196, 163, -1.0
31847.161325755922, 35, -1.0
31848.86031123758, 123, -1.0
31855.81860595695, 60, -1.0
31856.348998863486, 137, 1.0
31864.47711352045, 88, -1.0
31864.56437345522, 154, -1.0
31867.642877364764, 83, -1.0
31868.119349959947, 42, -1.0
31868.53658110013, 36, -1.0
31868.898611484008, 84, -1.0
31869.997895799002, 42, -1.0
31871.10743654122, 148, -1.0
31873.03438081339, 116, -1.0
31874.025751729743, 162, 1.0
31879.468458026364, 69, -1.0
31881.508690610768, 164, 1.0
31881.607775019133, 163, 1.0
31882.38022173345, 116, -1.0
31883.046636137657, 128, -1.0
31885.581089888146, 163, -1.0
31889.04979518614, 70, 1.0
31890.532164859676, 146, -1.0
31894.210306740657, 119, -1.0
31896.367375655114, 222, -1.0
31897.096283892068, 173, -1.0
31897.288237143217, 100, -1.0
31897.782661650628, 59, 1.0
31902.967759693813, 180, 1.0
31905.568488794637, 99, 1.0
31906.49442954629, 75, 1.0
31908.22778462637, 114, -1.0
31908.596835617103, 67, 1.0
31908.855519032215, 69, -1.0
31912.227178836554, 29, -1.0
31917.047527438714, 169, 1.0
31919.962270153424, 157, 1.0
31923.96898715048, 31, -1.0
31928.29536866919, 59, -1.0
31929.535210087048, 75, 1.0
31929.587042382325, 165, -1.0
31931.72954567151, 142, -1.0
31931.862260670678, 69, -1.0
31934.86390815274, 114, -1.0
31936.409278527393, 148, -1.0
31937.096952503955, 45, -1.0
31939.609404801737, 153, -1.0
31949.763026175675, 123, -1.0
31950.67542796197, 100, -1.0
31952.15022650713, 233, 1.0
31953.70228260866, 167, -1.0
31954.93876220207, 149, -1.0
31956.200752732566, 164, 1.0
31960.484910036826, 102, -1.0
31962.746102819325, 46, -1.0
31963.236417963533, 105, 1.0
31964.608521062397, 152, -1.0
31964.976271884647, 73, 1.0
31965.306136594303, 116, 1.0
31969.884487603384, 63, 1.0
31970.14320736037, 75, 1.0
31973.67264059202, 104, -1.0
31974.62220223859, 35, 1.0
31980.294308303124, 154, 1.0
31983.52503780046, 142, 1.0
31986.307273095314, 113, 1.0
31986.804063858013, 45, -1.0
31987.996107823234, 111, -1.0
31988.413717027794, 48, 1.0
31989.020500422652, 158, -1.0
31990.713259611366, 90, -1.0
31990.83029232035, 40, -1.0
31991.491087118866, 75, 1.0
31991.638261377506, 149, -1.0
31991.74106517114, 37, -1.0
31994.052507956618, 117, -1.0
31994.76144824153, 91, -1.0
31995.541857396278, 100, -1.0
31996.064412647655, 63, 1.0
31996.817797936434, 46, -1.0
31997.37939960371, 80, 1.0
31998.981636224413, 67, 1.0
31999.524654679648, 39, 1.0
32001.349366105835, 114, -1.0
32002.241064562528, 154, 1.0
32004.982639806436, 87, -1.0
32005.73742505171, 35, -1.0
32006.12968924086, 67, 1.0
32008.198843411476, 99, 1.0
32008.741080080552, 112, -1.0
32008.915280762867, 142, 1.0
32009.990927130766, 75, 1.0
32013.90313238516, 58, -1.0
32016.264228304193, 60, -1.0
32017.953938273717, 165, -1.0
32020.763198973622, 69, 1.0
32022.402028834105, 157, -1.0
32024.183680991566, 45, -1.0
32025.48882738573, 71, 1.0
32026.01208688716, 177, -1.0
32026.668093331813, 116, 1.0
32027.167578711247, 120, -1.0
32029.171403518798, 234, 1.0
32029.924331225, 107, -1.0
32031.864899706354, 69, -1.0
32033.921411511987, 28, -1.0
32038.48605659151, 181, -1.0
32038.91850059628, 108, -1.0
32041.453757341475, 126, 1.0
32042.61012416964, 167, -1.0
32044.88413211728, 116, -1.0
32048.02242948729, 88, -1.0
32048.032346736094, 75, 1.0
32049.700465214588, 154, 1.0
32052.21835313706, 34, 1.0
32056.434598375155, 95, -1.0
32059.131052223165, 40, 1.0
32060.26971407001, 101, -1.0
32061.53405309629, 94, -1.0
32063.818222248126, 64, 1.0
32066.70112511891, 76, -1.0
32072.451701141385, 111, -1.0
32074.135678210947, 72, -1.0
32074.15350766837, 155, 1.0
32076.03645549933, 169, 1.0
32076.493750859157, 146, -1.0
32076.52294100565, 153, -1.0
32082.90220405142, 100, -1.0
32083.065634456456, 228, 1.0
32083.768115636165, 198, -1.0
32083.81612930727, 164, 1.0
32085.53015700527, 74, -1.0
32086.034597079364, 67, 1.0
32090.27560432669, 163, -1.0
32090.63919297776, 129, 1.0
32091.00408835971, 104, 1.0
32095.964983950664, 98, -1.0
32096.476725481483, 126, 1.0
32099.486479995478, 68, 1.0
32100.281318913865, 162, -1.0
32102.37938789893, 67, 1.0
32102.98094444929, 119, -1.0
32104.713677361688, 58, -1.0
32107.088744948454, 137, 1.0
32108.718446511397, 165, -1.0
32109.252692407492, 105, -1.0
32110.00743637821, 71, 1.0
32116.697140192307, 155, 1.0
32119.586620001304, 32, -1.0
32121.6113276691, 76, -1.0
32122.31000894789, 141, 1.0
32123.462157556456, 43, -1.0
32126.092993122147, 66, 1.0
32126.21248732115, 228, 1.0
32127.08331285602, 40, 1.0
32132.523321192115, 53, -1.0
32134.673386129383, 92, 1.0
32137.06439103339, 73, 1.0
32137.339463965294, 162, 1.0
32138.282629145695, 103, 1.0
32138.389860940293, 198, -1.0
32139.873073613286, 161, 1.0
32142.623817807464, 71, -1.0
32142.67667234362, 55, -1.0
32143.389672485646, 114, -1.0
32143.79902261084, 198, -1.0
32143.81042833715, 126, 1.0
32143.958190420377, 116, 1.0
32144.814607490247, 146, -1.0
32145.48062836135, 52, 1.0
32145.765825278897, 59, 1.0
32146.376698893186, 233, -1.0
32147.142443348675, 59, 1.0
32148.114942131473, 39, -1.0
32151.31664291018, 67, -1.0
32152.100838065577, 50, 1.0
32152.937186549523, 31, -1.0
32152.970588837175, 153, -1.0
32156.468037418814, 75, 1.0
32161.15748198271, 59, 1.0
32166.28821996267, 71, 1.0
32172.546182857877, 35, -1.0
32173.845636350477, 64, 1.0
32174.546590947954, 53, 1.0
32178.12838811468, 99, -1.0
32179.29366094429, 94, 1.0
32181.18148463927, 75, 1.0
32183.542137638015, 105, -1.0
32184.582807246145, 130, -1.0
32184.67100451649, 62, -1.0
32188.716103337032, 75, 1.0
32193.407955961506, 64, 1.0
32194.932563265527, 114, 1.0
32196.0631592211, 52, -1.0
32201.212189913836, 105, -1.0
32202.684983106625, 114, -1.0
32216.55304609322, 75, 1.0
32218.3000052989, 58, -1.0
32220.71273930947, 44, -1.0
32225.065971932363, 105, -1.0
32225.21607465812, 58, -1.0
32228.078452402227, 71, 1.0
32228.29001348405, 108, -1.0
32234.25435355485, 71, 1.0
32234.666750830966, 40, 1.0
32238.748861587857, 65, -1.0
32241.76028021841, 153, -1.0
32243.063506356484, 148, -1.0
32244.878835426593, 94, 1.0
32245.557273263163, 48, -1.0
32246.760424340453, 146, 1.0
32251.665652276395, 112, -1.0
32252.296564380562, 123, -1.0
32256.1380099415, 137, 1.0
32260.338122385252, 35, -1.0
32260.642253948066, 148, -1.0
32262.99545459498, 117, -1.0
32263.73918425028, 76, -1.0
32264.789627455495, 126, -1.0
32265.975186322157, 69, 1.0
32266.98423499851, 56, -1.0
32271.17717967646, 71, 1.0
32271.593784329532, 100, -1.0
32271.970723766786, 133, 1.0
32275.49502245966, 163, -1.0
32278.295235264202, 74, 1.0
32279.8867271531, 161, 1.0
32280.283342535655, 37, -1.0
32282.180635698536, 233, 1.0
32285.215735731043, 103, 1.0
32286.75741939579, 80, -1.0
32290.541412077924, 96, 1.0
32293.95328512507, 43, -1.0
32294.37335207282, 182, -1.0
32298.044694890395, 91, -1.0
32298.696316898717, 51, 1.0
32299.170193011883, 75, 1.0
32301.91788770808, 114, 1.0
32302.752833004422, 169, -1.0
32303.942244249978, 164, 1.0
32309.589301449785, 76, -1.0
32310.567835702288, 177, -1.0
32311.48083981565, 71, 1.0
32311.61385632568, 56, -1.0
32315.170574878644, 40, -1.0
32316.13430042944, 114, 1.0
32318.19139959326, 67, -1.0
32318.325774577563, 114, -1.0
32318.53370203215, 71, 1.0
32319.433680077156, 104, -1.0
32325.7213333108, 76, -1.0
32326.422602300914, 75, 1.0
32326.433955444012, 40, 1.0
32326.8447900614, 198, 1.0
32330.088702613954, 151, 1.0
32330.5718519826, 103, 1.0
32331.03190320583, 164, 1.0
32332.806177726783, 40, 1.0
32333.05805955278, 113, 1.0
32334.670605799307, 165, 1.0
32337.63831848624, 61, -1.0
32338.906504723556, 165, 1.0
32339.21043140323, 142, -1.0
32341.47087388605, 92, -1.0
32343.52894307749, 148, -1.0
32347.720337506613, 32, -1.0
32349.90317005247, 39, -1.0
32351.984329070445, 81, -1.0
32354.93959634111, 48, 1.0
32356.895851654448, 75, 1.0
32357.47037706466, 91, -1.0
32363.282550941203, 146, 1.0
32364.145639619084, 126, 1.0
32365.362938905102, 154, -1.0
32367.944824404727, 71, -1.0
32368.066975121077, 128, -1.0
32369.25063767089, 76, -1.0
32379.683829144786, 87, 1.0
32381.673601638693, 167, -1.0
32383.93755482945, 142, -1.0
32384.408518827728, 168, 1.0
32386.16695058714, 75, 1.0
32387.136118107417, 153, -1.0
32390.39859297407, 99, 1.0
32390.78442021509, 88, -1.0
32391.561072787154, 235, -1.0
32394.49607557335, 158, -1.0
32394.742964895868, 71, -1.0
32397.007883788545, 58, 1.0
32397.79210037845, 91, 1.0
32399.433723261387, 52, -1.0
