39602.53319131223, 44, -1.0
39608.364074959034, 75, 1.0
39610.58564074958, 142, -1.0
39612.01504675018, 142, 1.0
39612.7277866731, 61, 1.0
39612.995229053246, 120, 1.0
39613.36960767864, 64, -1.0
39613.713052248604, 34, -1.0
39615.21742287425, 177, -1.0
39615.89642697569, 154, -1.0
39616.07288398119, 84, -1.0
39616.14025137427, 61, -1.0
39616.392432331704, 88, -1.0
39617.11967491903, 111, 1.0
39619.09889387567, 128, -1.0
39624.07275758266, 97, -1.0
39624.40959742316, 116, -1.0
39626.9875526834, 40, 1.0
39627.56574141765, 64, -1.0
39628.2927800853, 72, -1.0
39630.832117550664, 234, -1.0
39631.32626088803, 116, -1.0
39632.40453000677, 141, -1.0
39633.66599444325, 112, 1.0
39635.092905065794, 152, -1.0
39636.075219839106, 116, 1.0
39638.680409682966, 86, -1.0
39640.80713042786, 101, -1.0
39641.21064879747, 67, -1.0
39641.615518519306, 95, 1.0
39642.339830278215, 64, -1.0
39643.42257252031, 154, -1.0
39646.203216470814, 154, -1.0
39646.908729703704, 141, 1.0
39648.47053926665, 70, -1.0
39648.79349605678, 35, 1.0
39649.37775951959, 61, -1.0
39649.79066471482, 114, 1.0
39650.25350068657, 28, -1.0
39650.822502343886, 44, -1.0
39651.57786783932, 37, -1.0
39654.118374609636, 155, -1.0
39654.6014343812, 101, 1.0
39655.409029836046, 138, -1.0
39656.570396361596, 42, 1.0
39657.710456872475, 28, 1.0
39657.93989431007, 101, 1.0
39658.80061329274, 64, 1.0
39659.82754850778, 90, -1.0
39660.51354627792, 92, -1.0
39661.99411776852, 207, -1.0
39662.44348868322, 154, -1.0
39664.75833419554, 105, 1.0
39665.27835312445, 170, 1.0
39665.483153785615, 87, -1.0
39665.66481016148, 114, 1.0
39665.98693740777, 188, -1.0
39666.03162931971, 155, 1.0
39666.3089888005, 120, -1.0
39669.93953339273, 61, 1.0
39670.76244912354, 123, -1.0
39671.743216093186, 202, -1.0
39671.74757418555, 96, 1.0
39673.15627490706, 53, -1.0
39673.40439080023, 40, -1.0
39673.50356361308, 82, -1.0
39673.6813450571, 87, 1.0
39676.082530861255, 153, 1.0
39676.875776066234, 28, 1.0
39677.01176213819, 101, 1.0
39677.24319930283, 67, -1.0
39678.54101627808, 142, -1.0
39679.13428857092, 122, -1.0
39680.08682456934, 68, 1.0
39683.06345968485, 164, -1.0
39684.27222291652, 100, 1.0
39684.89371621914, 44, 1.0
39684.98607975807, 233, -1.0
39686.47020450368, 152, -1.0
39687.19793858248, 69, 1.0
39689.17699474772, 52, 1.0
39689.33045694559, 142, 1.0
39691.78304676665, 163, -1.0
39692.97492309146, 108, 1.0
39693.28560333317, 69, -1.0
39693.81713287731, 116, 1.0
39696.5311067779, 40, -1.0
39697.328143902756, 67, -1.0
39697.48834771304, 164, 1.0
39699.04494570711, 75, -1.0
39700.629333163124, 43, -1.0
39700.7104500567, 126, -1.0
39704.12847227004, 162, -1.0
39706.16268381486, 67, 1.0
39706.30573348536, 187, -1.0
39707.885965270434, 141, 1.0
39708.423521348144, 92, -1.0
39714.426814457074, 96, -1.0
39717.884902481026, 66, 1.0
39719.81066291778, 154, -1.0
39722.748021795014, 234, 1.0
39722.868413709395, 73, -1.0
39722.949757812356, 120, 1.0
39724.278480678644, 126, -1.0
39725.243974106765, 105, 1.0
39725.45278191219, 163, -1.0
39726.120875223845, 58, 1.0
39726.659523284805, 210, -1.0
39727.04042991353, 116, 1.0
39727.42158540975, 230, 1.0
39727.893761020765, 130, -1.0
39729.075183183006, 40, 1.0
39729.5859540911, 94, -1.0
39729.88088429512, 74, 1.0
39730.26548399165, 105, -1.0
39730.90186538997, 84, -1.0
39732.26086335567, 86, -1.0
39732.4235397148, 44, 1.0
39733.428687962136, 101, 1.0
39733.43068257587, 113, -1.0
39736.84261978636, 116, 1.0
39741.71816780798, 146, 1.0
39742.56281912803, 61, -1.0
39745.94708764588, 64, -1.0
39746.2720901845, 45, -1.0
39747.14804786428, 96, 1.0
39748.313223517434, 59, 1.0
39749.0436816714, 157, 1.0
39749.09834810838, 87, 1.0
39750.27885731112, 40, -1.0
39750.40376630064, 116, 1.0
39750.448450922144, 228, -1.0
39750.508085779635, 169, -1.0
39750.527532870896, 59, -1.0
39753.16258845841, 31, -1.0
39756.10023772444, 146, 1.0
39757.27045626825, 75, 1.0
39759.07191718471, 141, -1.0
39759.65992055872, 48, 1.0
39760.19662584632, 66, 1.0
39760.444428166025, 153, 1.0
39763.069956104635, 103, 1.0
39763.52138688018, 98, 1.0
39763.87584143404, 126, -1.0
39766.18854281773, 129, -1.0
39770.56265006855, 164, 1.0
39771.35003191955, 68, -1.0
39771.88174393296, 84, 1.0
39774.832242298, 169, 1.0
39775.030994133114, 242, -1.0
39775.246018815575, 100, 1.0
39775.696077361266, 158, -1.0
39776.84225082075, 102, -1.0
39777.54275581897, 40, 1.0
39778.37353389635, 166, 1.0
39781.114094867226, 234, 1.0
39781.41210365599, 142, 1.0
39781.4871097807, 53, 1.0
39783.961127636234, 130, 1.0
39784.884269290356, 103, 1.0
39785.07129218459, 151, -1.0
39786.09239316485, 128, 1.0
39788.07094827118, 161, 1.0
39789.40914411842, 114, -1.0
39789.660860228774, 234, -1.0
39789.826170042244, 68, 1.0
39790.2252942402, 241, 1.0
39791.279193679635, 163, -1.0
39792.73236395037, 116, 1.0
39793.12015962218, 65, -1.0
39793.2297045022, 72, -1.0
39793.46919056652, 133, -1.0
39793.49088274468, 163, -1.0
39796.50347154525, 75, 1.0
39797.059408572815, 133, -1.0
39797.33202488201, 40, -1.0
39798.051008082584, 114, 1.0
39798.37926047766, 114, -1.0
39798.4031112136, 101, 1.0
39798.812324371596, 75, 1.0
39798.85100582084, 95, 1.0
39799.36587536184, 103, 1.0
39799.584726980116, 33, 1.0
39800.11131889224, 76, -1.0
39800.43408084805, 58, -1.0
39801.03351045113, 96, 1.0
39802.409503589486, 42, -1.0
39802.539426486386, 155, -1.0
39803.294666670896, 87, -1.0
39803.31971020491, 119, -1.0
39804.426662582744, 36, -1.0
39804.79006137925, 153, -1.0
39805.76654451131, 142, -1.0
39806.670428282116, 165, -1.0
39807.377942773805, 67, 1.0
39807.495241854485, 114, -1.0
39807.639718890045, 67, 1.0
39809.07506373002, 81, -1.0
39810.68332237903, 139, -1.0
39812.187911507484, 96, -1.0
39812.487551142636, 29, -1.0
39814.485701131234, 27, 1.0
39814.642070019574, 163, -1.0
39818.522388234276, 26, 1.0
39819.57287935883, 98, -1.0
39820.60569773593, 53, -1.0
39821.678158101495, 106, -1.0
39822.22471530927, 67, 1.0
39823.036517860135, 101, 1.0
39823.52957023536, 152, 1.0
39825.333447535966, 242, -1.0
39826.149996782566, 52, -1.0
39827.79288103653, 95, 1.0
39828.86227870783, 31, -1.0
39830.23977091772, 198, -1.0
39835.31918965193, 154, -1.0
39836.22456487258, 103, -1.0
39838.35967243013, 94, -1.0
39839.488961860654, 101, -1.0
39839.57007272585, 35, -1.0
39841.12720940344, 114, -1.0
39842.02009359273, 110, -1.0
39842.29051391933, 95, 1.0
39842.654881886156, 137, -1.0
39843.133850112274, 43, 1.0
39843.31669873827, 210, -1.0
39844.13831897429, 37, -1.0
39844.21414734419, 114, 1.0
39845.36005916692, 34, -1.0
39846.10280038277, 164, -1.0
39846.68030566467, 71, 1.0
39848.41014470376, 108, -1.0
39848.80967588028, 68, 1.0
39849.949035167316, 160, -1.0
39850.58827149399, 81, -1.0
39851.58423537637, 155, 1.0
39852.769386763604, 72, 1.0
39854.068703808996, 182, -1.0
39855.06430092454, 142, 1.0
39856.8059597744, 139, -1.0
39857.560545440036, 68, 1.0
39861.89092139278, 80, 1.0
39862.56482504164, 130, -1.0
39862.79832319986, 137, 1.0
39863.08546522104, 167, 1.0
39865.8775982109, 97, 1.0
39866.97732973723, 52, 1.0
39867.61759682047, 146, 1.0
39870.94377400265, 69, 1.0
39871.12666677933, 165, -1.0
39871.33875734849, 122, -1.0
39871.55105036064, 105, 1.0
39875.43454732558, 35, 1.0
39876.545788286145, 137, 1.0
39876.87714836631, 64, 1.0
39879.85884583814, 67, -1.0
39881.64540637269, 103, -1.0
39882.31893218192, 103, 1.0
39883.28010142151, 90, -1.0
39884.0372228894, 95, 1.0
39884.796012137114, 46, -1.0
39886.393416723935, 149, 1.0
39886.56992064343, 67, -1.0
39889.780465262695, 167, -1.0
39889.79284321405, 119, -1.0
39892.27343782474, 173, 1.0
39892.90904514853, 73, 1.0
39893.74307826663, 182, 1.0
39895.499251131296, 29, -1.0
39897.43757942937, 48, -1.0
39898.790996962256, 147, -1.0
39899.155549861964, 106, 1.0
39899.92666298678, 58, -1.0
39900.94840739235, 149, -1.0
39901.983723623256, 68, -1.0
39902.84298885695, 163, -1.0
39904.25155014316, 89, -1.0
39905.78799505357, 160, -1.0
39906.13688234368, 89, 1.0
39906.982375506144, 160, -1.0
39907.263135940375, 84, -1.0
39907.27055151917, 222, 1.0
39908.12346238775, 97, 1.0
39908.943659318335, 118, -1.0
39909.196305399884, 141, 1.0
39909.4314942602, 102, -1.0
39910.90037787558, 130, -1.0
39912.46814229388, 41, -1.0
39912.96184654033, 28, 1.0
39913.36192984859, 159, -1.0
39913.75744022226, 86, 1.0
39916.063480104196, 188, -1.0
39916.95730635433, 116, 1.0
39917.11225823526, 40, -1.0
39920.43567059779, 59, -1.0
39920.811658935854, 34, -1.0
39923.357240110105, 126, 1.0
39925.64142103856, 167, 1.0
39926.493463783176, 163, -1.0
39926.61233484614, 177, -1.0
39927.76611664089, 75, -1.0
39928.224531611646, 87, -1.0
39928.44377414923, 137, 1.0
39928.87763501593, 110, -1.0
39929.22512583724, 177, -1.0
39931.80680938365, 126, -1.0
39932.68154509645, 109, -1.0
39932.81583563615, 64, -1.0
39933.585112571236, 164, -1.0
39934.84683021096, 41, 1.0
39935.87191339372, 142, 1.0
39936.413853279446, 105, 1.0
39937.787777840036, 83, 1.0
39939.093222117604, 52, -1.0
39939.69251758089, 120, 1.0
39942.72115706992, 34, -1.0
39943.920930191634, 119, -1.0
39945.66150098633, 137, 1.0
39945.8532372926, 161, -1.0
39946.35672199971, 137, 1.0
39947.23518188747, 74, -1.0
39948.3315264243, 165, 1.0
39948.542181529505, 68, -1.0
39949.38629349802, 103, -1.0
39950.43453157327, 182, 1.0
39952.61296217026, 67, -1.0
39952.84464602312, 40, -1.0
39953.4881468044, 39, 1.0
39953.62446927617, 58, 1.0
39954.62086645947, 64, 1.0
39954.69971149858, 137, 1.0
39955.58285867076, 73, -1.0
39957.40305484158, 116, 1.0
39958.16998215349, 88, -1.0
39958.332596517954, 126, -1.0
39958.7511099884, 154, 1.0
39961.32648758976, 162, 1.0
39962.30441626734, 169, -1.0
39963.71970150425, 170, 1.0
39966.31185529482, 41, -1.0
39966.52254113528, 92, 1.0
39968.51294017097, 32, -1.0
39968.86551128525, 34, -1.0
39970.17386594256, 130, 1.0
39970.48457527107, 64, -1.0
39970.642270444834, 59, 1.0
39971.15612888076, 40, -1.0
39971.67081411087, 133, -1.0
39971.863826157554, 122, -1.0
39972.77239258862, 50, 1.0
39973.312462339774, 188, 1.0
39973.51003736007, 28, 1.0
39973.98698710633, 164, 1.0
39975.37493954036, 137, 1.0
39975.494675303155, 33, 1.0
39979.63133960873, 166, 1.0
39983.31118925819, 86, -1.0
39983.676433980225, 45, -1.0
39985.217616767724, 118, -1.0
39987.12319284945, 130, -1.0
39987.960496850195, 43, 1.0
39988.12990618608, 40, -1.0
39989.045774764076, 114, 1.0
39989.19027233846, 96, -1.0
39990.744047080785, 83, -1.0
39991.133943996305, 170, 1.0
39993.509336642615, 141, 1.0
39993.75441972235, 142, 1.0
39994.85468383227, 177, -1.0
39995.85719880331, 54, 1.0
39999.437654841175, 50, -1.0
40001.69704442035, 75, -1.0
40002.681250139416, 165, -1.0
40005.14408408676, 160, -1.0
40005.203000494424, 108, 1.0
40005.482887577775, 40, 1.0
40007.64877276793, 58, 1.0
40009.63810128181, 73, -1.0
40009.987768257175, 188, 1.0
40010.364775516704, 36, -1.0
40011.886799859494, 73, -1.0
40012.119537645405, 122, -1.0
40012.7799134538, 116, 1.0
40015.593866813186, 85, -1.0
40016.138100729266, 101, 1.0
40016.59611197413, 116, -1.0
40017.549657129806, 101, -1.0
40018.8974936442, 101, -1.0
40019.37357180119, 105, -1.0
40019.485315878905, 152, -1.0
40021.463748174596, 89, -1.0
40021.98811122902, 182, -1.0
40024.0869171147, 60, 1.0
40025.232787384295, 68, 1.0
40026.63430834708, 90, 1.0
40026.698007867395, 75, -1.0
40027.09040754345, 59, 1.0
40029.16124198516, 44, -1.0
40029.28748805837, 235, 1.0
40030.18468270906, 40, -1.0
40030.35635813739, 58, 1.0
40030.84801998015, 75, 1.0
40033.11408929072, 52, -1.0
40034.87603553663, 45, -1.0
40035.50683985432, 241, 1.0
40036.93044517821, 33, 1.0
40039.1806328831, 122, -1.0
40039.44172482155, 58, 1.0
40040.17017651775, 142, 1.0
40041.96646295055, 113, -1.0
40042.320631539296, 113, -1.0
40042.748637827324, 56, 1.0
40043.19093633295, 59, 1.0
40045.70937409772, 166, 1.0
40045.81197634812, 88, -1.0
40048.92820068926, 43, 1.0
40049.135812673114, 108, -1.0
40049.694749069226, 59, -1.0
40049.759894500225, 177, 1.0
40051.29548535374, 152, 1.0
40051.34230987185, 163, -1.0
40055.194336501925, 158, 1.0
40056.47257145989, 120, 1.0
40057.68520016532, 119, -1.0
40058.76471946996, 84, 1.0
40060.55810874562, 114, 1.0
40061.25320543366, 87, 1.0
40062.285684680326, 101, -1.0
40066.96597751466, 69, 1.0
40067.733331989126, 65, -1.0
40068.926508068624, 94, -1.0
40070.334216419615, 105, 1.0
40070.53237371606, 198, 1.0
40071.44314556444, 110, -1.0
40073.51526737531, 95, -1.0
40073.797183469236, 100, 1.0
40073.94331983878, 235, -1.0
40074.23330727058, 40, -1.0
40074.35494493092, 75, 1.0
40074.37437881074, 242, -1.0
40074.460590560026, 162, 1.0
40074.92996140196, 90, -1.0
40077.57780194222, 202, -1.0
40078.09692225584, 73, -1.0
40080.2888662899, 105, -1.0
40081.04596928114, 83, -1.0
40081.28861858654, 73, -1.0
40083.09258617826, 48, -1.0
40083.51015644373, 99, -1.0
40084.18929328859, 155, 1.0
40086.44385439573, 101, 1.0
40086.81665656153, 70, -1.0
40086.977366182575, 27, -1.0
40089.47905305641, 242, -1.0
40090.49046684218, 40, -1.0
40092.912008186846, 50, -1.0
40094.20160947456, 152, 1.0
40095.48399110671, 152, 1.0
40100.777141186336, 142, -1.0
40101.26966548376, 146, 1.0
40102.545448051256, 137, 1.0
40103.2185239067, 33, 1.0
40103.56888021367, 70, 1.0
40106.31022670531, 119, -1.0
40107.28517638612, 69, 1.0
40107.85306121252, 97, -1.0
40108.118316326916, 114, 1.0
40108.578196264796, 109, 1.0
40109.354711138345, 84, 1.0
40110.24545654519, 142, -1.0
40112.509196451894, 142, 1.0
40114.9211508193, 83, -1.0
40115.24446466324, 87, -1.0
40119.18907048843, 165, 1.0
40120.49580904479, 71, 1.0
40123.15362181136, 148, -1.0
40123.366087038245, 151, 1.0
40123.393186970075, 103, -1.0
40124.7476278401, 193, -1.0
40125.51141749522, 48, 1.0
40125.59794690699, 114, 1.0
40130.97239650804, 116, -1.0
40132.94616335477, 181, -1.0
40133.87169930787, 128, 1.0
40134.2299595691, 113, 1.0
40138.72007333384, 84, 1.0
40138.980759042955, 72, 1.0
40139.47251322663, 67, -1.0
40140.33139774779, 95, -1.0
40141.49792827324, 114, 1.0
40141.85686819333, 142, 1.0
40143.54702662009, 128, 1.0
40144.05501673794, 165, -1.0
40144.44230537975, 95, -1.0
40144.625967712935, 120, -1.0
40145.013882270265, 88, -1.0
40145.84448661589, 48, 1.0
40146.27275816064, 101, 1.0
40146.892550950266, 137, -1.0
40146.97877020695, 106, 1.0
40147.005910378284, 69, 1.0
40148.225566866146, 164, -1.0
40149.15196455255, 109, 1.0
40154.25869106008, 101, -1.0
40155.41632276419, 40, -1.0
40156.240773365134, 161, -1.0
40156.48841016244, 83, -1.0
40156.66837877327, 106, -1.0
40158.39005011629, 105, 1.0
40159.53185754349, 53, -1.0
40159.65153696347, 235, -1.0
40160.740962680014, 68, 1.0
40161.717643905446, 159, -1.0
40162.01043018556, 112, 1.0
40162.059881278285, 129, -1.0
40162.30752824815, 116, 1.0
40163.99130386589, 161, -1.0
40164.43537097017, 56, 1.0
40165.89655352667, 73, -1.0
40166.781286562764, 169, -1.0
40167.1260596698, 141, 1.0
40167.45684282589, 68, -1.0
40173.35673544404, 71, 1.0
40173.480599399634, 75, 1.0
40174.039870733, 75, 1.0
40174.12307528371, 84, -1.0
40175.87109998918, 149, -1.0
40176.22015795711, 34, 1.0
40176.30074729382, 104, -1.0
40178.0439487514, 142, 1.0
40178.347325599796, 113, -1.0
40181.84290710026, 87, -1.0
40182.014472022325, 233, -1.0
40182.55611752783, 103, -1.0
40183.20362415288, 40, 1.0
40183.92889162523, 242, 1.0
40186.0841818258, 149, -1.0
40187.536469287326, 109, 1.0
40189.71524131892, 141, -1.0
40190.265477310764, 149, -1.0
40190.5036760057, 101, -1.0
40190.540443658465, 89, 1.0
40190.65349020511, 36, 1.0
40191.49934701302, 146, 1.0
40192.2560854059, 75, -1.0
40193.92758811507, 76, 1.0
40198.53400361087, 161, 1.0
40198.68794750753, 193, -1.0
40199.06615624881, 44, 1.0
40199.69867548565, 34, -1.0
40201.72127591173, 116, 1.0
40201.88787107567, 241, -1.0
40205.277565367884, 110, 1.0
40209.246284732864, 117, -1.0
40213.27842547088, 163, -1.0
40215.237253539264, 165, 1.0
40215.78589135554, 59, 1.0
40215.844834567964, 142, -1.0
40220.741903564965, 40, -1.0
40221.967564120314, 234, -1.0
40224.2464556174, 109, 1.0
40225.60317567493, 69, 1.0
40226.672318738325, 75, 1.0
40226.91938629363, 68, -1.0
40228.84706218202, 90, -1.0
40229.18568011913, 97, 1.0
40229.824960690356, 171, 1.0
40231.90278700065, 84, 1.0
40233.59563317123, 72, 1.0
40235.301503223105, 82, 1.0
40236.77885785988, 71, 1.0
40238.62250538341, 159, -1.0
40244.03433961632, 39, 1.0
40245.3276838762, 59, -1.0
40245.51687790003, 50, 1.0
40246.976042171904, 35, -1.0
40247.95260681294, 75, 1.0
40248.790640354615, 52, -1.0
40249.00110710729, 53, -1.0
40249.27497147208, 59, -1.0
40252.14038691326, 67, 1.0
40252.30700865879, 164, -1.0
40252.831874983916, 188, -1.0
40253.084511743655, 94, -1.0
40254.01267705442, 81, -1.0
40254.62409027049, 75, -1.0
40255.141381725516, 193, -1.0
40255.81606358317, 89, 1.0
40256.06758179807, 35, 1.0
40257.103422022476, 35, -1.0
40257.26555974215, 53, -1.0
40258.276110273306, 64, -1.0
40258.492547240356, 64, -1.0
40260.28652254987, 146, 1.0
40260.913078491205, 32, -1.0
40261.27893878917, 63, -1.0
40261.43801763029, 146, 1.0
40261.4725468254, 97, -1.0
40263.534660099685, 103, 1.0
40264.16596176728, 103, -1.0
40264.353682247325, 67, 1.0
40264.53827748148, 230, 1.0
40264.60990289271, 34, -1.0
40265.09004600342, 165, -1.0
40265.268160691696, 67, -1.0
40265.37986646766, 101, -1.0
40266.51699222334, 116, 1.0
40268.24653056074, 95, -1.0
40268.514003339056, 64, 1.0
40269.11170616133, 27, -1.0
40271.87091132815, 126, -1.0
40274.12776519278, 95, 1.0
40274.15233849185, 166, 1.0
40275.277420743, 114, 1.0
40276.538984891165, 28, 1.0
40276.924080165714, 233, -1.0
40277.0276883455, 101, 1.0
40277.2060288522, 113, -1.0
40278.6085961451, 68, -1.0
40280.00248421698, 198, -1.0
40280.26005016204, 228, -1.0
40281.81170246638, 27, -1.0
40282.203121930535, 234, -1.0
40283.12323763371, 60, -1.0
40286.67837575602, 64, -1.0
40286.698671663085, 155, 1.0
40287.69418263926, 99, 1.0
40288.06097888356, 141, -1.0
40289.55815287172, 110, -1.0
40295.42165495175, 116, 1.0
40295.68553945212, 142, -1.0
40295.83237534812, 173, -1.0
40295.99728402661, 76, -1.0
40298.36898204719, 83, -1.0
40299.035856811664, 81, -1.0
40299.42666272595, 88, -1.0
40300.71202614638, 157, -1.0
40301.271104324056, 90, -1.0
40301.34549686602, 137, 1.0
40302.646444221034, 116, -1.0
40303.3727707738, 116, -1.0
40303.38931394999, 48, -1.0
40307.02747315602, 101, -1.0
40307.85341932251, 119, 1.0
40307.86164775519, 53, -1.0
40308.47998715133, 73, -1.0
40309.848621119854, 126, 1.0
40310.78642914175, 109, 1.0
40312.0519666916, 165, 1.0
40312.28318102209, 162, 1.0
40312.44678364149, 91, 1.0
40313.10121370661, 71, -1.0
40314.0062419785, 101, 1.0
40316.68434440146, 54, -1.0
40318.77595696941, 234, 1.0
40319.63541748517, 161, -1.0
40322.13604966686, 138, -1.0
40324.9093223046, 44, -1.0
40325.21081514217, 109, -1.0
40325.759000643666, 75, -1.0
40325.949131001486, 64, -1.0
40326.43053751165, 45, -1.0
40330.172824881636, 85, -1.0
40331.73918147165, 142, 1.0
40332.7592419536, 188, -1.0
40332.86219324488, 102, -1.0
40332.89384504654, 148, 1.0
40333.40023981732, 233, -1.0
40333.580248800594, 114, -1.0
40333.92879890208, 60, -1.0
40337.513843021305, 35, 1.0
40337.79792419971, 233, 1.0
40337.938049877645, 58, 1.0
40338.70740714758, 112, -1.0
40340.11874762424, 97, -1.0
40340.68055948287, 162, 1.0
40341.40243755061, 86, -1.0
40341.568841059576, 65, -1.0
40342.599485321974, 161, -1.0
40343.85744233133, 69, -1.0
40347.10479749282, 110, 1.0
40349.06421547449, 27, -1.0
40350.006085124696, 109, -1.0
40350.09374282778, 75, -1.0
40350.6543200285, 45, 1.0
40351.118591191975, 101, 1.0
40353.17378017703, 198, -1.0
40355.769717592775, 58, 1.0
40356.5824439184, 82, 1.0
40359.33842218265, 48, -1.0
40360.61728964122, 83, -1.0
40361.55483541412, 58, -1.0
40362.61795008121, 65, -1.0
40366.36962130734, 68, 1.0
40366.96998843594, 210, -1.0
40368.13803706392, 75, 1.0
40368.458768757766, 119, -1.0
40369.00287215412, 163, -1.0
40371.18035156027, 40, -1.0
40372.00782524008, 84, -1.0
40373.46894093361, 159, -1.0
40374.84529425912, 72, -1.0
40377.02498348508, 67, 1.0
40379.04884540857, 81, -1.0
40381.02516110994, 55, -1.0
40383.09654456439, 89, -1.0
40383.53929180321, 89, -1.0
40383.85231216899, 105, 1.0
40384.03832010737, 164, 1.0
40386.4885046749, 40, -1.0
40389.29099275646, 164, -1.0
40389.82570531787, 67, -1.0
40391.03010140887, 165, -1.0
40393.75027523913, 116, 1.0
40393.834989999654, 114, -1.0
40396.59054830573, 75, 1.0
40399.45013222213, 36, 1.0
40400.17849980247, 50, 1.0
40400.58341506982, 71, -1.0
40401.642323570726, 165, -1.0
40402.585907344546, 147, -1.0
40403.59864501149, 169, -1.0
40403.77594642436, 147, -1.0
40405.34897975644, 58, -1.0
40406.13910505452, 207, 1.0
40406.28707784518, 75, -1.0
40407.37801463099, 65, 1.0
40412.16651593895, 152, 1.0
40413.21598332871, 152, -1.0
40413.38848529957, 164, 1.0
40415.20423738109, 76, 1.0
40415.86315301094, 151, -1.0
40415.86394806545, 165, -1.0
40416.204354634436, 122, -1.0
40420.34080050613, 182, 1.0
40420.6867347459, 153, -1.0
40424.282106595005, 101, 1.0
40425.76568717436, 92, -1.0
40427.07745150279, 84, -1.0
40427.579002362385, 152, 1.0
40427.870644857045, 162, -1.0
40428.49765000718, 235, 1.0
40428.769942278974, 89, -1.0
40430.68342587257, 72, 1.0
40431.68546602965, 165, 1.0
40432.01509847848, 104, -1.0
40432.29182699906, 230, 1.0
40432.57894030773, 27, 1.0
40433.46721639411, 99, 1.0
40434.64193820914, 101, 1.0
40435.93243773663, 65, 1.0
40436.80837832507, 34, -1.0
40437.49733097186, 87, -1.0
40439.021423944476, 133, -1.0
40440.82478631752, 167, 1.0
40442.143084442476, 193, -1.0
40445.571722173794, 108, -1.0
40446.00046347306, 29, -1.0
40446.31786426041, 113, -1.0
40446.39584840732, 72, 1.0
40448.37678588256, 44, -1.0
40449.16779748161, 75, 1.0
40449.35531959659, 58, 1.0
40449.60965688885, 153, -1.0
40450.43979315734, 109, 1.0
40450.629388451416, 193, -1.0
40451.19170777731, 46, -1.0
40451.47030951061, 56, -1.0
40451.65844805312, 146, 1.0
40452.67267790549, 27, 1.0
40452.77188235098, 106, -1.0
40454.16744825336, 28, -1.0
40454.210257334795, 27, -1.0
40457.54972589595, 75, -1.0
40458.732726222326, 84, -1.0
40459.08054826585, 158, 1.0
40461.656119748004, 99, 1.0
40461.96798947028, 123, 1.0
40462.625130417306, 101, -1.0
40463.14177414004, 100, 1.0
40464.54864312387, 91, -1.0
40465.93043587809, 158, 1.0
40469.234016123504, 142, 1.0
40470.6277348295, 165, 1.0
40473.593217269794, 169, 1.0
40475.60443212008, 146, 1.0
40475.7307820553, 110, -1.0
40477.69053561785, 202, -1.0
40480.43493159127, 193, -1.0
40481.00531002116, 133, -1.0
40481.35985682886, 52, 1.0
40483.57437458644, 146, -1.0
40485.8870286526, 48, 1.0
40486.91404913493, 28, -1.0
40487.12954518057, 36, -1.0
40487.30499996133, 81, -1.0
40487.95897620831, 142, -1.0
40488.74592902911, 137, 1.0
40488.87219380058, 41, 1.0
40490.52977474436, 114, -1.0
40491.2662007848, 168, 1.0
40493.156478142395, 173, 1.0
40494.19713333887, 133, 1.0
40494.60346004524, 116, -1.0
40500.834751505616, 26, 1.0
40501.18944286066, 164, -1.0
40503.322501087496, 169, -1.0
40504.17951393492, 137, -1.0
40504.95666054722, 52, -1.0
40508.32418401044, 67, 1.0
40508.956595620795, 122, -1.0
40509.41627027205, 146, -1.0
40513.7726789584, 92, -1.0
40514.92756717624, 130, 1.0
40515.31699682525, 68, 1.0
40515.67234012946, 34, -1.0
40516.02385974457, 84, -1.0
40517.79267411008, 99, 1.0
40518.32060810444, 161, -1.0
40520.45650153077, 241, -1.0
40520.868428988855, 52, 1.0
40522.415474846624, 86, -1.0
40523.428269652926, 114, -1.0
40524.64102934541, 154, 1.0
40524.99872581791, 164, -1.0
40526.62244337496, 87, 1.0
40527.78630466917, 101, 1.0
40528.81244332763, 101, 1.0
40535.433024056794, 45, -1.0
40535.646909379866, 45, -1.0
40538.1863644098, 67, 1.0
40540.37199287975, 141, -1.0
40541.965815806434, 59, 1.0
40542.175593912296, 165, -1.0
40542.99537137313, 97, -1.0
40544.47098954276, 164, 1.0
40544.481676391966, 173, -1.0
40546.33159387228, 87, 1.0
40546.66141178207, 113, -1.0
40547.730734581906, 234, 1.0
40547.937599771714, 83, -1.0
40549.47420746696, 58, 1.0
40550.163161201315, 69, -1.0
40550.21321911319, 83, 1.0
40552.76933534907, 90, -1.0
40554.55718104423, 50, 1.0
40555.08398816088, 81, -1.0
40555.84109755429, 31, 1.0
40558.8054628848, 155, -1.0
40560.31423618119, 104, -1.0
40563.989631408986, 98, -1.0
40564.11694276438, 233, -1.0
40565.2630299591, 177, 1.0
40566.234731657394, 39, -1.0
40570.354766355944, 44, 1.0
40573.26687154817, 126, 1.0
40573.44321084406, 45, 1.0
40575.53486997082, 81, 1.0
40575.665086072055, 105, 1.0
40575.77876070061, 99, 1.0
40577.144584316884, 133, -1.0
40577.575629575025, 161, -1.0
40578.10013038225, 126, 1.0
40578.27137833687, 113, -1.0
40579.23974816753, 67, -1.0
40581.98474543801, 45, 1.0
40582.191862710846, 116, 1.0
40582.93064761994, 234, 1.0
40583.717184082314, 58, -1.0
40584.73473287894, 133, -1.0
40587.21860208119, 153, -1.0
40587.28742262262, 142, -1.0
40589.65486585755, 154, -1.0
40590.596849042464, 108, 1.0
40595.86085852086, 71, 1.0
40595.998041374114, 75, 1.0
40597.08743822753, 167, -1.0
40597.81857546599, 75, -1.0
40599.45652120435, 222, -1.0
40599.562759421795, 105, -1.0
40600.1097924487, 101, 1.0
40602.43468077138, 72, 1.0
40602.5408085012, 163, -1.0
40602.67834646579, 99, 1.0
40602.92513811086, 72, 1.0
40603.10273618915, 142, 1.0
40603.152647189825, 99, 1.0
40603.2091760915, 58, 1.0
40605.7767733515, 52, 1.0
40607.00852608928, 162, -1.0
40607.63278195269, 81, -1.0
40609.53178042971, 80, 1.0
40611.22963034513, 155, 1.0
40614.20492974583, 54, -1.0
40615.70567654958, 66, -1.0
40617.97148704618, 66, 1.0
40618.902804937316, 139, -1.0
40618.91914306359, 48, -1.0
40621.6487396848, 112, 1.0
40621.9299528465, 58, -1.0
40621.94464391628, 29, -1.0
40622.86797364172, 87, -1.0
40625.31602222557, 75, 1.0
40625.7073738354, 39, 1.0
40627.40722960714, 188, -1.0
40630.95009617188, 114, -1.0
40631.87770219488, 37, -1.0
40633.05442042679, 103, -1.0
40633.70490783093, 45, -1.0
40633.790280444984, 141, 1.0
40635.288328178605, 53, -1.0
40635.9921853204, 53, -1.0
40636.404258164504, 101, 1.0
40637.81107765746, 96, -1.0
40638.81451578703, 101, 1.0
40639.003058663155, 85, -1.0
40640.48837745343, 71, -1.0
40641.64580702649, 181, -1.0
40641.66272011683, 83, 1.0
40642.413518713685, 60, -1.0
40642.78803950418, 112, -1.0
40643.15493386517, 73, -1.0
40643.32030093376, 68, 1.0
40644.46584355353, 44, -1.0
40645.37653060286, 71, 1.0
40647.15631475312, 109, -1.0
40648.174510607365, 142, 1.0
40648.43226708836, 32, -1.0
40648.717291584646, 142, 1.0
40649.38814666881, 101, -1.0
40650.80609147871, 98, -1.0
40650.94721642029, 64, -1.0
40653.258531802654, 34, -1.0
40654.00455919764, 235, -1.0
40655.06474225921, 32, -1.0
40655.18536811394, 126, -1.0
40656.517471624255, 141, 1.0
40656.85217658625, 105, 1.0
40658.63251161724, 88, -1.0
40658.98111627068, 151, -1.0
40659.24681998576, 89, -1.0
40659.57393653422, 58, -1.0
40659.69169482602, 234, -1.0
40661.96068322887, 113, -1.0
40662.41187588504, 235, 1.0
40662.610136317264, 235, 1.0
40663.03776784901, 69, -1.0
40665.00658850153, 152, 1.0
40665.854246070056, 70, 1.0
40665.86164513721, 177, -1.0
40666.45972584581, 173, 1.0
40666.56878884564, 153, -1.0
40667.070141859396, 193, -1.0
40668.969033677655, 50, 1.0
40671.34268094313, 126, -1.0
40672.26624912145, 97, -1.0
40673.57922509893, 141, 1.0
40675.303760832176, 82, -1.0
40675.793879211196, 58, 1.0
40676.62807896723, 141, 1.0
40679.39102310375, 75, -1.0
40680.41466906825, 148, -1.0
40683.93611871328, 116, -1.0
40684.63877342856, 149, -1.0
40684.671669729025, 100, -1.0
40684.93889286501, 75, 1.0
40684.95341629629, 75, -1.0
40684.9727352637, 59, 1.0
40685.78449528596, 103, -1.0
40686.6112648415, 35, -1.0
40687.53976596425, 75, 1.0
40688.95118219227, 111, 1.0
40690.7313985649, 86, -1.0
40691.02540338524, 137, -1.0
40694.47648849692, 101, 1.0
40696.24003715772, 130, -1.0
40698.25455623096, 65, -1.0
40698.26563707675, 146, 1.0
40699.92750207725, 118, -1.0
40700.372684409376, 101, 1.0
40700.69581543697, 210, 1.0
40701.95059294474, 114, -1.0
40702.58763709975, 123, -1.0
40705.74673340612, 161, -1.0
40706.54528494328, 56, -1.0
40706.819740347055, 83, -1.0
40706.93107349322, 130, -1.0
40707.26415817099, 105, 1.0
40707.935801958614, 107, -1.0
40708.399865579486, 234, 1.0
40708.865022785096, 153, 1.0
40709.752472131426, 167, -1.0
40710.7694545511, 113, -1.0
40712.08580712137, 33, 1.0
40713.3307634951, 94, -1.0
40714.23929420847, 118, 1.0
40714.76432489022, 101, -1.0
40716.93029122077, 105, -1.0
40717.4811143328, 95, -1.0
40718.52806447295, 98, 1.0
40718.615471903795, 80, 1.0
40719.97196727513, 35, -1.0
40720.94272226854, 48, -1.0
40721.688167532775, 137, -1.0
40721.77617229113, 180, 1.0
40723.67136445586, 149, -1.0
40724.51551937166, 114, 1.0
40730.402699438215, 89, -1.0
40730.81813888043, 188, -1.0
40731.00007583464, 44, 1.0
40732.07242607108, 198, 1.0
40732.99162177279, 69, -1.0
40733.88184493769, 27, 1.0
40734.30710617549, 109, -1.0
40738.85128722971, 105, 1.0
40738.87676451932, 83, -1.0
40739.30054843163, 126, 1.0
40740.15874218343, 71, 1.0
40740.31396336353, 155, -1.0
40741.247516512696, 28, 1.0
40741.30044652454, 153, 1.0
40741.3092422024, 92, -1.0
40742.01336009371, 193, -1.0
40742.22004799802, 126, 1.0
40742.289988042816, 109, 1.0
40742.42009659737, 48, 1.0
40742.61781835887, 44, -1.0
40744.69176987958, 58, -1.0
40748.21588893725, 163, -1.0
40749.34181896152, 130, -1.0
40750.263572155265, 233, -1.0
40753.856589437215, 81, 1.0
40753.99497788838, 40, 1.0
40763.88206509172, 233, 1.0
40765.283338274865, 126, -1.0
40768.0535588942, 74, -1.0
40768.55402270789, 154, -1.0
40768.58320369084, 59, 1.0
40769.677059688634, 100, -1.0
40771.282907474175, 141, -1.0
40771.79668549749, 31, -1.0
40772.04253656861, 71, 1.0
40772.09476528367, 142, 1.0
40773.43150747172, 40, 1.0
40774.35785878668, 114, 1.0
40775.066969883745, 48, 1.0
40775.67024236776, 45, -1.0
40777.09542330788, 116, -1.0
40777.64627485195, 105, 1.0
40779.08315873272, 29, 1.0
40780.41826134354, 137, -1.0
40780.490438571615, 52, -1.0
40781.806691687314, 51, 1.0
40784.221964904, 50, 1.0
40784.736458978616, 31, -1.0
40785.06977544278, 41, -1.0
40785.328257070425, 101, -1.0
40785.72706597596, 82, 1.0
40786.33130025535, 110, 1.0
40787.84681739664, 149, -1.0
40789.04448474053, 146, 1.0
40791.83053849376, 81, 1.0
40795.972011445374, 88, 1.0
40804.36881613898, 40, -1.0
40806.328968348316, 160, -1.0
40807.47943172816, 157, 1.0
40807.92562161739, 43, -1.0
40808.097797002156, 146, 1.0
40810.44728886782, 99, 1.0
40811.25609353969, 101, -1.0
40811.859900421754, 101, 1.0
40813.39145902022, 63, 1.0
40813.898936914215, 101, 1.0
40814.70275413904, 80, 1.0
40815.20661695266, 34, -1.0
40815.27668845951, 147, -1.0
40817.662908262806, 122, -1.0
40818.96523924877, 109, -1.0
40819.188535738824, 58, 1.0
40819.197878065126, 198, 1.0
40820.90839283205, 141, 1.0
40823.91245078993, 58, -1.0
40824.69123585948, 63, 1.0
40824.88616942416, 137, -1.0
40825.84407816943, 148, -1.0
40826.2994530072, 69, -1.0
40826.90061088803, 50, -1.0
40828.35516221484, 66, 1.0
40830.420436, 65, -1.0
40832.18777856987, 102, 1.0
40834.21478017948, 68, 1.0
40835.53719606478, 85, -1.0
40835.719597929674, 161, -1.0
40837.23614086626, 40, 1.0
40838.59068261394, 70, -1.0
40840.00892908105, 160, -1.0
40840.28601954114, 88, -1.0
40840.35761837503, 92, -1.0
40840.7383115753, 146, 1.0
40843.739179110475, 182, 1.0
40844.36456390571, 141, 1.0
40844.66088662282, 141, 1.0
40845.75101223428, 130, -1.0
40845.80113964173, 158, 1.0
40846.09746747292, 65, 1.0
40846.31213125723, 63, 1.0
40847.337204955926, 87, -1.0
40849.78916753962, 167, 1.0
40852.80535226728, 222, -1.0
40854.26814688186, 99, 1.0
40855.657372161746, 35, -1.0
40855.9409438512, 139, -1.0
40857.418382388416, 142, 1.0
40858.59804142505, 44, -1.0
40860.018391301666, 99, 1.0
40860.74495733607, 29, -1.0
40862.55098258749, 126, 1.0
40863.81954422288, 52, 1.0
40864.57672585763, 105, 1.0
40865.55531449048, 67, 1.0
40865.72534081088, 65, -1.0
40866.24526201905, 40, 1.0
40866.534134087306, 104, 1.0
40867.441928973865, 87, -1.0
40869.898223391625, 146, -1.0
40870.091598846964, 126, -1.0
40871.55995899231, 142, 1.0
40871.67678290626, 141, 1.0
40873.00928268955, 58, 1.0
40874.249056766304, 63, 1.0
40875.03868617724, 99, 1.0
40875.37012733216, 202, -1.0
40875.89987595804, 96, 1.0
40875.96573042852, 164, 1.0
40876.71282857604, 149, -1.0
40877.09671328374, 43, -1.0
40879.68809388465, 101, 1.0
40880.9416206066, 118, -1.0
40881.24627240118, 75, -1.0
40881.28932212156, 40, 1.0
40882.06278406858, 159, 1.0
40882.53192044247, 39, -1.0
40883.20758678406, 55, -1.0
40883.71504986894, 83, -1.0
40885.361306556675, 120, -1.0
40886.21027638664, 65, -1.0
40886.490915079325, 137, 1.0
40887.27052346267, 116, -1.0
40888.3233013873, 114, 1.0
40888.837620660124, 137, -1.0
40890.29041268684, 103, 1.0
40890.57946018018, 50, 1.0
40890.810225073554, 83, 1.0
40891.71054225462, 146, 1.0
40892.18529509465, 116, 1.0
40892.499481792605, 114, -1.0
40893.27629462381, 242, -1.0
40893.48732113982, 98, -1.0
40893.94458128279, 34, -1.0
40896.33230667348, 40, -1.0
40896.53054352214, 29, 1.0
40896.91217629492, 157, -1.0
40897.2662444319, 177, -1.0
40897.36693349973, 119, -1.0
40897.65208958819, 69, -1.0
40900.3963715844, 118, -1.0
40901.29501731457, 90, 1.0
40901.3673591302, 141, -1.0
40902.822396242555, 117, 1.0
40902.88562001261, 160, 1.0
40904.82839503906, 230, 1.0
40906.17049863953, 137, 1.0
40908.466079094105, 75, 1.0
40909.715752604476, 152, -1.0
40911.05462526385, 146, 1.0
40911.51991291739, 67, -1.0
40914.28363035534, 142, -1.0
40915.17485351624, 235, -1.0
40916.87860845507, 162, 1.0
40918.40548879774, 130, -1.0
40920.10405489165, 157, 1.0
40920.84220184973, 80, -1.0
40922.21791446169, 71, -1.0
40924.004280921356, 142, 1.0
40924.13907279643, 26, -1.0
40926.31250402883, 98, -1.0
40926.9156472621, 101, 1.0
40927.95670058825, 148, -1.0
40930.11494082366, 101, -1.0
40930.91854501662, 114, -1.0
40932.121521789115, 92, -1.0
40932.835916493015, 39, -1.0
40933.2642404931, 152, -1.0
40933.365126263365, 188, -1.0
40934.09675947176, 116, -1.0
40934.31625461655, 63, 1.0
40934.416309722954, 105, 1.0
40934.864830996106, 40, 1.0
40935.99372624625, 105, 1.0
40936.40739242693, 113, -1.0
40937.53894633183, 54, 1.0
40937.65995369691, 83, -1.0
40939.161425028076, 96, -1.0
40940.5214849248, 84, -1.0
40941.739910859615, 171, -1.0
40941.83735526193, 133, 1.0
40942.83996006732, 130, -1.0
40943.11703313909, 130, -1.0
40943.232770469636, 230, 1.0
40945.05031988852, 84, -1.0
40947.07319805927, 58, -1.0
40948.74213447677, 81, -1.0
40948.83232583195, 90, -1.0
40951.534658438264, 198, -1.0
40952.43176244103, 233, 1.0
40952.75637612249, 108, -1.0
40952.85486906342, 45, 1.0
40952.87672311233, 163, -1.0
40953.91562749209, 75, 1.0
40956.133426954904, 99, 1.0
40956.38467591795, 45, 1.0
40960.42451964017, 120, -1.0
40960.74257256901, 130, -1.0
40961.866618246895, 80, 1.0
40964.22403653409, 104, 1.0
40966.74942188764, 165, 1.0
40967.57143044628, 113, -1.0
40967.943648234024, 152, 1.0
40967.97007612196, 54, 1.0
40968.97334055365, 101, 1.0
40969.98664041128, 163, -1.0
40973.06210245198, 158, -1.0
40973.1356308928, 71, 1.0
40975.601245181664, 83, 1.0
40975.70131204151, 142, 1.0
40975.871378640426, 119, -1.0
40976.77856433994, 166, 1.0
40979.9354343746, 40, 1.0
40980.10154540263, 169, 1.0
40981.915852711674, 99, -1.0
40982.2225300888, 148, -1.0
40982.937590077665, 103, -1.0
40984.26160416196, 116, 1.0
40984.349963249326, 152, 1.0
40985.01584631638, 59, -1.0
40985.81260624912, 120, -1.0
40987.84697206707, 31, 1.0
40988.38673365805, 88, -1.0
40990.67673084274, 83, -1.0
40992.47952172096, 35, -1.0
40992.57929258079, 118, -1.0
40992.71491061979, 152, -1.0
40994.33680915137, 81, -1.0
40995.78082317393, 105, -1.0
41002.13113575272, 207, -1.0
41004.85614384466, 235, 1.0
41005.24345312737, 100, -1.0
41006.34335125471, 165, 1.0
41009.419604851115, 75, 1.0
41009.77462270112, 50, -1.0
41010.00709418216, 114, -1.0
41010.243841919386, 110, 1.0
41010.87851775308, 97, 1.0
41011.233830802776, 122, -1.0
41012.237910691016, 171, -1.0
41012.64645393079, 108, -1.0
41012.89806957934, 64, -1.0
41015.08342543644, 92, -1.0
41015.500162199445, 72, 1.0
41015.7568039606, 182, 1.0
41016.104908590256, 106, -1.0
41018.551949891225, 137, -1.0
41019.8315449768, 54, 1.0
41020.08981776233, 105, 1.0
41020.615523335066, 164, -1.0
41021.11067105915, 154, -1.0
41022.94437683093, 235, -1.0
41023.53977884967, 120, -1.0
41024.40147359012, 83, 1.0
41027.056719773886, 173, -1.0
41028.02521872119, 155, 1.0
41029.78580723969, 163, -1.0
41030.47753938261, 124, 1.0
41030.4930786896, 177, -1.0
41033.49931074888, 193, -1.0
41034.35971799185, 52, -1.0
41034.949096754586, 76, -1.0
41035.29796934935, 40, -1.0
41036.569160500825, 103, 1.0
41037.165820793605, 90, -1.0
41038.95929062125, 198, -1.0
41040.98628887356, 162, -1.0
41041.6452029523, 164, -1.0
41042.59523719974, 75, 1.0
41047.50087432926, 142, 1.0
41048.27442276215, 235, -1.0
41049.38036549255, 188, -1.0
41050.17244169434, 34, -1.0
41050.22441389489, 91, 1.0
41052.30788017391, 101, -1.0
41054.004060511696, 73, 1.0
41054.63159292002, 114, -1.0
41056.09727036851, 114, 1.0
41056.40401211633, 87, -1.0
41056.58416823407, 146, 1.0
41056.870620772206, 89, -1.0
41057.21651312161, 40, 1.0
41057.33659070377, 103, 1.0
41058.968021787434, 165, 1.0
41061.19701610532, 34, -1.0
41062.088091257094, 82, 1.0
41062.69685653248, 152, 1.0
41064.04844549463, 198, 1.0
41065.52875580059, 31, -1.0
41067.257602335776, 142, 1.0
41069.34904676339, 116, -1.0
41070.47478348453, 43, -1.0
41070.59109700565, 152, -1.0
41070.882976835506, 26, 1.0
41071.02727899511, 105, 1.0
41071.5800285128, 142, 1.0
41072.15038544379, 148, -1.0
41074.04903579592, 126, -1.0
41075.1579454901, 119, 1.0
41075.624938561145, 101, 1.0
41075.63023683506, 179, -1.0
41075.86734906204, 101, 1.0
41076.07183432344, 123, -1.0
41076.204493265235, 103, -1.0
41076.892225835094, 148, 1.0
41077.95481284003, 101, 1.0
41078.992333298935, 40, -1.0
41079.22493495557, 87, -1.0
41080.051519043496, 84, -1.0
41081.24642247523, 126, -1.0
41081.657130868036, 68, -1.0
41082.57277088642, 75, -1.0
41082.622471789065, 152, 1.0
41083.490089405765, 83, -1.0
41083.978077140615, 61, 1.0
41086.01466787956, 235, -1.0
41089.01885437716, 105, 1.0
41089.799771561666, 50, -1.0
41092.08945678816, 122, 1.0
41092.31721068985, 154, -1.0
41093.63634850969, 141, 1.0
41093.78199819464, 53, 1.0
41094.36178462143, 64, 1.0
41094.39276648214, 141, 1.0
41099.2581791753, 126, 1.0
41099.278875531774, 152, -1.0
41099.54901278526, 142, 1.0
41099.65189359315, 165, 1.0
41099.7114555324, 53, -1.0
41100.267876120975, 101, -1.0
41100.58546327433, 84, -1.0
41100.77453026744, 126, -1.0
41101.47176532734, 54, -1.0
41102.90539136881, 116, -1.0
41103.87404091564, 43, -1.0
41104.133610394514, 86, -1.0
41105.69665553684, 87, -1.0
41105.764672050136, 154, -1.0
41107.133022193906, 105, 1.0
41107.83428752019, 165, -1.0
41109.21984817995, 142, 1.0
41109.477296397905, 163, -1.0
41111.369006401204, 29, 1.0
41115.12001808934, 153, -1.0
41115.42441055486, 233, -1.0
41116.476653516, 68, 1.0
41118.64895161728, 70, -1.0
41119.55796556104, 141, 1.0
41120.800548064784, 193, -1.0
41121.727114003545, 36, 1.0
41122.7523198295, 193, -1.0
41125.035507202294, 193, -1.0
41125.95772199708, 28, -1.0
41128.88061307541, 44, 1.0
41129.0230911846, 101, 1.0
41131.791990049045, 101, 1.0
41132.60957812557, 103, 1.0
41133.86812281113, 40, -1.0
41135.443238820444, 141, 1.0
41136.04560766542, 41, 1.0
41137.94696767615, 40, 1.0
41138.79310885882, 103, 1.0
41138.79951141897, 50, 1.0
41144.91313576712, 146, 1.0
41145.60299928669, 152, 1.0
41146.51682192455, 100, 1.0
41146.773305860595, 39, 1.0
41147.70217917714, 101, 1.0
41149.1748412399, 162, -1.0
41149.338545506456, 235, -1.0
41149.60793126841, 65, -1.0
41150.86544500476, 115, -1.0
41152.1609268713, 165, -1.0
41152.415878657535, 80, 1.0
41153.41613130215, 81, -1.0
41154.83551221966, 44, -1.0
41155.475752322774, 182, -1.0
41155.91862124387, 99, 1.0
41156.31451068295, 60, 1.0
41157.216859478474, 165, -1.0
41157.75765145011, 114, 1.0
41159.635143337015, 114, 1.0
41161.205849149264, 53, 1.0
41161.24428338782, 75, 1.0
41161.53601091882, 58, -1.0
41162.622230300374, 42, -1.0
41163.065709108865, 147, -1.0
41163.50070750305, 165, -1.0
41165.16876735451, 52, -1.0
41166.14312162933, 142, 1.0
41167.0922753344, 43, -1.0
41168.02594302929, 87, -1.0
41168.525763634345, 142, 1.0
41169.34582413006, 234, -1.0
41169.49783837172, 88, -1.0
41170.326127175525, 104, -1.0
41173.25988449795, 40, 1.0
41173.262494266535, 41, 1.0
41174.799315167096, 43, 1.0
41176.21542489663, 105, 1.0
41177.26487929904, 169, 1.0
41177.716927714166, 198, 1.0
41178.0875705559, 198, -1.0
41179.30736644821, 114, -1.0
41181.16980005744, 234, 1.0
41182.225274805605, 130, -1.0
41184.31911082694, 116, 1.0
41184.88036166352, 67, 1.0
41187.97793139834, 101, 1.0
41188.28219693837, 32, 1.0
41190.5932770377, 162, 1.0
41195.77519879463, 75, 1.0
41197.16719013753, 97, -1.0
41197.78924751598, 109, -1.0
41198.41869833127, 123, 1.0
41200.02926254392, 59, 1.0
41200.64095195731, 44, 1.0
41204.171040106354, 39, -1.0
41204.37965372572, 148, -1.0
41204.78317221785, 36, -1.0
41205.946082303584, 202, -1.0
41208.43455532685, 114, 1.0
41208.907371234716, 60, 1.0
41210.4387201966, 173, -1.0
41212.32281744733, 164, 1.0
41213.39902919124, 84, 1.0
41216.38697920637, 141, -1.0
41218.65196923434, 101, 1.0
41219.64401395898, 98, 1.0
41220.94586127174, 60, 1.0
41222.19867135006, 100, 1.0
41222.38517533154, 137, -1.0
41224.380734039245, 137, 1.0
41230.122229144225, 58, 1.0
41230.20203243838, 137, -1.0
41231.15463411255, 233, 1.0
41231.52308548816, 98, -1.0
41231.691060919155, 55, -1.0
41232.79483688473, 59, -1.0
41233.23169889662, 169, -1.0
41234.10759657325, 119, -1.0
41235.99732820909, 31, 1.0
41236.434681084895, 81, 1.0
41237.08459395322, 116, 1.0
41237.70414196656, 56, 1.0
41238.3625735386, 69, -1.0
41238.61585659173, 89, -1.0
41240.543496430866, 165, -1.0
41240.56290813833, 234, 1.0
41240.691027651046, 193, -1.0
41241.565530846856, 234, 1.0
41241.80111486173, 58, -1.0
41242.25684858938, 99, 1.0
41242.7581227491, 101, -1.0
41245.016864167934, 164, 1.0
41245.47662259301, 114, -1.0
41246.16448013054, 96, 1.0
41246.98559915896, 106, -1.0
41247.957055442515, 75, 1.0
41248.07018850393, 154, -1.0
41248.554354763546, 242, -1.0
41249.55620390348, 64, 1.0
41250.727976328744, 173, -1.0
41251.46069009661, 72, -1.0
41251.62339627662, 95, 1.0
41253.618362372836, 116, 1.0
41253.88383067902, 154, -1.0
41254.61477369185, 75, -1.0
41255.628559213445, 161, -1.0
41256.57297656563, 233, -1.0
41258.23272133215, 40, -1.0
41258.23291465039, 86, 1.0
41259.71883789777, 40, -1.0
41261.836324243566, 67, 1.0
41261.87157589761, 149, -1.0
41263.125763828655, 114, -1.0
41263.95089881458, 83, -1.0
41264.13480891417, 34, -1.0
41264.165989604604, 72, 1.0
41264.65778765087, 93, 1.0
41264.877949592345, 101, -1.0
41265.79501284972, 234, -1.0
41267.943027547255, 50, 1.0
41271.4974830891, 71, 1.0
41271.595123328196, 148, -1.0
41272.394535296604, 180, 1.0
41275.11325949248, 126, -1.0
41275.396505356286, 109, -1.0
41276.542009312645, 44, -1.0
41277.45824591176, 101, -1.0
41278.097525121135, 29, 1.0
41278.955947761904, 67, 1.0
41279.0354830168, 34, -1.0
41279.441681295255, 123, -1.0
41281.227099504176, 116, -1.0
41282.200893375026, 163, -1.0
41282.968501449635, 90, -1.0
41285.06269013325, 228, -1.0
41285.682222680916, 164, -1.0
41286.05925173017, 36, 1.0
41286.075806739944, 54, -1.0
41286.13644467793, 122, -1.0
41286.61697954472, 118, -1.0
41288.50867035127, 164, -1.0
41288.63108960352, 99, 1.0
41288.85865642884, 75, -1.0
41289.18783437097, 129, -1.0
41291.32591588256, 63, 1.0
41291.712471204766, 235, 1.0
41291.82472847297, 87, 1.0
41294.41828682524, 164, 1.0
41295.07051375924, 142, 1.0
41298.74871603916, 148, -1.0
41299.80087476527, 105, -1.0
41301.402333629165, 67, 1.0
41302.766443002554, 54, -1.0
41305.23331476447, 109, 1.0
41305.64234618499, 56, -1.0
41307.151770683085, 202, -1.0
41309.400551980885, 29, -1.0
41309.84541133719, 74, 1.0
41312.077376691, 141, -1.0
41312.10392244947, 64, -1.0
41314.16989537689, 28, -1.0
41315.03585148138, 76, 1.0
41315.09967964113, 163, -1.0
41315.21656161538, 170, -1.0
41315.64129996024, 43, -1.0
41317.503303935104, 100, -1.0
41317.74728364655, 64, -1.0
41320.7295313399, 45, -1.0
41323.08471688814, 68, 1.0
41323.441876106015, 36, -1.0
41324.21318412328, 159, 1.0
41324.72651378307, 149, -1.0
41327.16112838246, 40, -1.0
41327.740384131124, 65, -1.0
41330.570905414854, 55, -1.0
41330.86547226007, 146, 1.0
41332.72956054882, 87, -1.0
41333.93604063741, 32, -1.0
41334.19134556583, 92, -1.0
41334.70158242659, 102, -1.0
41336.182054032215, 59, -1.0
41336.9357564265, 130, -1.0
41339.57102891694, 64, 1.0
41339.57631266872, 63, 1.0
41339.578493278466, 68, 1.0
41342.89631890086, 75, -1.0
41347.38510484827, 117, 1.0
41347.554169870935, 81, -1.0
41349.00450577813, 72, 1.0
41349.18352809386, 73, -1.0
41350.67697509473, 105, -1.0
41352.05606663623, 182, -1.0
41353.06428722108, 83, -1.0
41353.98015408523, 71, -1.0
41355.14450583642, 87, -1.0
41355.77616069675, 90, -1.0
41357.12706500722, 39, -1.0
41357.31324139643, 109, -1.0
41357.75194126781, 137, 1.0
41360.968866225645, 68, 1.0
41362.68815870868, 149, 1.0
41364.9528867757, 83, 1.0
41365.971462771544, 162, 1.0
41366.97827946353, 98, -1.0
41367.17351481209, 177, -1.0
41369.94551391547, 157, -1.0
41370.09757187619, 149, -1.0
41371.29540367778, 126, -1.0
41371.902479096076, 39, -1.0
41376.32721188086, 103, 1.0
41377.48504592946, 56, -1.0
41377.727455005355, 26, -1.0
41380.17589437776, 100, 1.0
41382.85674257574, 193, -1.0
41383.35185657239, 80, -1.0
41385.21292404783, 89, 1.0
41385.87829956393, 104, 1.0
41386.481267411415, 75, -1.0
41387.08334077818, 65, 1.0
41387.21450277656, 42, -1.0
41387.478584698, 101, 1.0
41387.68063930713, 74, -1.0
41388.53851956549, 117, 1.0
41391.63366119297, 149, -1.0
41391.7841388542, 76, -1.0
41391.822975120675, 88, -1.0
41392.117280128936, 67, -1.0
41394.524313058966, 109, 1.0
41394.66645054436, 101, -1.0
41395.299437691196, 40, -1.0
41395.64143702714, 116, 1.0
41396.004800875715, 68, 1.0
41396.11012841029, 58, 1.0
41398.683420417656, 110, -1.0
41399.95814504384, 160, -1.0
41401.79031703119, 89, -1.0
41403.509435399574, 70, -1.0
41403.887747625064, 110, 1.0
41404.460955364055, 101, -1.0
41404.98731659713, 141, 1.0
41406.28632903237, 146, 1.0
41406.36926874884, 59, -1.0
41407.64145142223, 114, 1.0
41408.79530720299, 84, 1.0
41409.69340274381, 142, 1.0
41411.00494425127, 141, 1.0
41411.602647020576, 59, 1.0
41412.934052211145, 101, 1.0
41414.33043521377, 164, 1.0
41415.55527310763, 82, -1.0
41416.55784720279, 37, -1.0
41416.62530973172, 210, 1.0
41416.97496365092, 113, 1.0
41417.192679024396, 100, -1.0
41421.67281123306, 43, -1.0
41423.53219891446, 67, -1.0
41426.79987902315, 81, -1.0
41428.06455255539, 233, -1.0
41428.1224928388, 37, 1.0
41428.448505084845, 233, -1.0
41429.55614435823, 40, -1.0
41432.96863461365, 233, 1.0
41433.207501643126, 106, -1.0
41436.05492529214, 81, -1.0
41436.10722280017, 207, -1.0
41436.57477615322, 169, 1.0
41437.57160961418, 198, -1.0
41440.026585746295, 120, -1.0
41441.857856954375, 59, -1.0
41442.90200687489, 163, -1.0
41444.07661226355, 59, -1.0
41446.225349714885, 207, -1.0
41446.74926522301, 154, -1.0
41447.98916764297, 99, 1.0
41448.125935549186, 69, -1.0
41450.25821778062, 222, 1.0
41453.334632666854, 61, -1.0
41453.724068267715, 114, -1.0
41454.98857412327, 52, 1.0
41455.12852032292, 41, -1.0
41456.87363377345, 126, -1.0
41457.492149876896, 169, -1.0
41457.738545422835, 45, -1.0
41457.8109295925, 157, -1.0
41458.0720473397, 39, -1.0
41459.28068922874, 149, -1.0
41459.95113004131, 72, -1.0
41462.21931972897, 32, 1.0
41462.23635567343, 28, 1.0
41462.25888931335, 75, -1.0
41462.832891809005, 101, -1.0
41463.36725926039, 80, 1.0
41463.74454068274, 126, 1.0
41464.49045668965, 29, 1.0
41464.84264990557, 177, -1.0
41465.924683872865, 99, 1.0
41466.53268360134, 41, 1.0
41467.70613352896, 117, -1.0
41468.395753895864, 161, -1.0
41469.76666907269, 81, 1.0
41472.879872062316, 105, -1.0
41478.34959783396, 75, 1.0
41478.647921708405, 29, -1.0
41481.43245752033, 43, -1.0
41482.32349600986, 137, 1.0
41482.79772233227, 100, -1.0
41483.73537202995, 101, 1.0
41485.68038188982, 126, -1.0
41486.24308451673, 116, 1.0
41487.10265172336, 81, -1.0
41489.74066306742, 157, -1.0
41490.55416065426, 141, -1.0
41491.29950889721, 233, 1.0
41493.21430836781, 100, 1.0
41494.10072852289, 36, -1.0
41495.21020251205, 146, -1.0
41497.50449413413, 106, -1.0
41498.31137608013, 40, -1.0
41498.623230245896, 29, 1.0
41499.66026531025, 153, -1.0
41500.74652937155, 54, 1.0
41501.18464557129, 87, -1.0
41502.12871638878, 102, 1.0
41502.92075395718, 97, 1.0
41505.22721687001, 73, -1.0
41505.44476556198, 28, 1.0
41506.05480976748, 87, -1.0
41509.933049488245, 66, -1.0
41510.03963210452, 198, -1.0
41510.20966011677, 92, -1.0
41510.88208902078, 116, 1.0
41511.20298388845, 177, -1.0
41511.58070554101, 28, 1.0
41511.62783406446, 101, 1.0
41512.03206152159, 146, 1.0
41513.14876047387, 96, -1.0
41513.182878209365, 114, -1.0
41513.59159784279, 173, -1.0
41513.7872063727, 146, 1.0
41516.20006493364, 82, -1.0
41518.85363648579, 154, -1.0
41518.94574917235, 114, 1.0
41518.9592039664, 114, -1.0
41519.97431143799, 64, -1.0
41521.70252290159, 116, -1.0
41522.674862318076, 207, -1.0
41523.85029979532, 109, -1.0
41524.381690754664, 152, -1.0
41524.56505225841, 103, 1.0
41525.505458853695, 72, -1.0
41525.95117465837, 75, 1.0
41526.492216994964, 235, -1.0
41526.694128151525, 146, 1.0
41527.38797717667, 98, -1.0
41527.47621609061, 163, -1.0
41527.53072166153, 66, -1.0
41529.08922433002, 37, -1.0
41529.85280492873, 37, -1.0
41530.44420634534, 117, -1.0
41532.70742775565, 166, 1.0
41534.057094243246, 75, 1.0
41535.44326116948, 99, 1.0
41535.60030196135, 58, -1.0
41536.0731001803, 234, 1.0
41537.382004733176, 113, 1.0
41537.56766574052, 162, 1.0
41540.088746574205, 150, -1.0
41542.630935982175, 141, 1.0
41542.81414944658, 164, -1.0
41543.18393711948, 114, -1.0
41544.969475484235, 70, -1.0
41545.07315176067, 75, 1.0
41545.89858084142, 58, -1.0
41546.17032881018, 72, -1.0
41548.404293334126, 27, 1.0
41548.42368164474, 87, -1.0
41549.87106441689, 101, -1.0
41552.196927747485, 98, -1.0
41553.74975983164, 161, 1.0
41554.48458816726, 87, -1.0
41555.398415188676, 41, 1.0
41556.10872256503, 116, 1.0
41557.1057743858, 39, -1.0
41557.11607797563, 165, 1.0
41557.7946909951, 100, -1.0
41558.48138545367, 101, -1.0
41558.50616818996, 67, 1.0
41559.03219973401, 116, 1.0
41559.076943379056, 142, -1.0
41560.43365782247, 75, 1.0
41561.234085371594, 193, -1.0
41561.511780865, 83, 1.0
41561.60392138285, 58, 1.0
41561.6045996241, 163, -1.0
41561.88693761571, 67, 1.0
41562.61180560417, 89, -1.0
41565.05143812972, 122, 1.0
41565.12018715744, 154, -1.0
41565.278031207905, 179, -1.0
41566.004988907196, 84, 1.0
41566.26170536536, 164, 1.0
41567.67451135338, 101, 1.0
41569.363677594534, 59, 1.0
41571.652224566446, 149, -1.0
41573.34482923551, 146, 1.0
41574.089929642134, 163, -1.0
41574.26287886995, 86, 1.0
41574.56739196449, 68, 1.0
41574.62156339228, 89, 1.0
41574.86535326069, 113, -1.0
41580.27271544631, 163, -1.0
41583.81487617186, 97, -1.0
41588.39051176539, 48, -1.0
41588.673163549094, 68, 1.0
41591.430784907316, 42, -1.0
41593.947302974644, 85, -1.0
41594.001593985224, 119, -1.0
41594.10468898742, 116, -1.0
41595.15086614724, 162, 1.0
41595.8218264128, 40, 1.0
41596.13109344852, 89, -1.0
41597.30476761662, 28, 1.0
41600.08111373492, 233, 1.0
41602.19028283689, 81, 1.0
41602.51412941952, 75, -1.0
41604.182867465795, 137, -1.0
41604.53935520566, 104, 1.0
41612.35906061031, 133, -1.0
41612.68625341318, 100, -1.0
41615.32027760398, 40, -1.0
41615.35490619198, 169, -1.0
41616.98628771, 126, -1.0
41619.459005069046, 86, -1.0
41620.10894096295, 193, -1.0
41621.79187403369, 69, -1.0
41622.240378280156, 103, -1.0
41624.54361736119, 141, 1.0
41625.97521838962, 89, -1.0
41626.37987773719, 85, -1.0
41628.64552429534, 41, -1.0
41629.267639349666, 198, -1.0
41630.270516632205, 142, 1.0
41632.7506116952, 149, -1.0
41633.70330910394, 126, -1.0
41634.30271759291, 114, 1.0
41635.257618263626, 80, 1.0
41635.27485540111, 68, -1.0
41636.108706715226, 164, 1.0
41636.52197168302, 142, -1.0
41636.62550267849, 117, -1.0
41637.50339380018, 154, -1.0
41637.82888369962, 29, 1.0
41638.78332788245, 59, -1.0
41638.81874547579, 116, 1.0
41639.1725677509, 84, -1.0
41639.976554116955, 75, -1.0
41642.13456899261, 119, 1.0
41642.1684588738, 52, -1.0
41642.79430215826, 28, 1.0
41644.23987034661, 116, -1.0
41644.29101808393, 46, -1.0
41644.408289449864, 66, 1.0
41645.11132302476, 83, -1.0
41645.293753391255, 88, -1.0
41645.37317877517, 235, -1.0
41649.282840597385, 42, -1.0
41651.38325358747, 126, -1.0
41653.01789534012, 44, -1.0
41653.54547075325, 106, -1.0
41654.50062698854, 116, 1.0
41657.26880718584, 40, 1.0
41657.2811959169, 234, 1.0
41658.11005681206, 116, 1.0
41660.02923327184, 166, -1.0
41660.23886792668, 93, 1.0
41660.623034560675, 137, 1.0
41664.80747304019, 103, 1.0
41665.62196450833, 75, -1.0
41665.784445913545, 50, 1.0
41666.253127456555, 75, 1.0
41666.28193851922, 152, 1.0
41670.076886994015, 119, -1.0
41670.83343462803, 101, 1.0
41671.36584005612, 165, -1.0
41671.93360143606, 75, -1.0
41672.32692300983, 27, 1.0
41674.239488132655, 198, -1.0
41675.71130685131, 92, -1.0
41677.449718000964, 233, 1.0
41678.00127536099, 159, 1.0
41678.01635276496, 116, 1.0
41678.10189119492, 28, -1.0
41679.49203149424, 141, -1.0
41679.620888879675, 114, -1.0
41681.415896881175, 43, -1.0
41681.560522517015, 102, -1.0
41681.7661548046, 86, 1.0
41682.31526287353, 114, 1.0
41682.422082432546, 32, -1.0
41682.553784001946, 149, 1.0
41686.089578100975, 86, 1.0
41687.406178006575, 101, -1.0
41687.495260091615, 90, -1.0
41687.75763890538, 137, 1.0
41688.211265335085, 40, -1.0
41688.69983723072, 137, -1.0
41691.544381397456, 116, 1.0
41691.92437056075, 99, 1.0
41692.33636817418, 116, 1.0
41693.25407952764, 66, 1.0
41695.539506100045, 84, 1.0
41695.582478500306, 114, -1.0
41696.1322374695, 64, -1.0
41696.24507981729, 161, -1.0
41699.40347104302, 48, 1.0
41700.071231538444, 159, -1.0
41700.356069137546, 141, -1.0
41702.04909967034, 142, 1.0
41703.53021022369, 29, -1.0
41704.132829521564, 138, -1.0
41705.39287384884, 66, -1.0
41706.56788782352, 129, -1.0
41711.75466925526, 50, -1.0
41712.78298847813, 100, 1.0
41714.83657958009, 88, -1.0
41715.83136179329, 114, 1.0
41716.013619625184, 75, -1.0
41716.80300028683, 149, -1.0
41716.860457415096, 40, 1.0
41717.8784971627, 235, -1.0
41718.869254089695, 99, -1.0
41719.00396923151, 171, -1.0
41722.15140015938, 75, 1.0
41722.96810039371, 165, 1.0
41723.21502853733, 162, 1.0
41724.73070279881, 235, -1.0
41724.851262810036, 157, -1.0
41725.015167784084, 59, -1.0
41729.78887400507, 210, 1.0
41731.11301587462, 101, 1.0
41731.12679323614, 97, 1.0
41731.25741409103, 173, 1.0
41732.53769803043, 114, -1.0
41732.77720049903, 133, -1.0
41733.04948111198, 29, -1.0
41733.277095515456, 101, -1.0
41733.55030687821, 116, 1.0
41734.5103905742, 149, -1.0
41735.22546246892, 101, -1.0
41737.51030444777, 67, -1.0
41739.02223455529, 116, 1.0
41739.24045847795, 108, 1.0
41741.04784220769, 198, -1.0
41741.92238208241, 75, -1.0
41742.21671661443, 97, -1.0
41743.78209444706, 55, -1.0
41744.81806489399, 169, -1.0
41744.877293291014, 48, 1.0
41748.7439894822, 45, -1.0
41749.19790592299, 75, -1.0
41749.880093274944, 94, -1.0
41750.7018619921, 75, -1.0
41751.086816922616, 59, 1.0
41751.51621130059, 96, -1.0
41754.655182332484, 40, -1.0
41755.730541439916, 98, -1.0
41757.69023305829, 198, 1.0
41758.57342320843, 73, 1.0
41759.09753355575, 41, 1.0
41759.7817264723, 100, -1.0
41759.85503945154, 41, -1.0
41760.16964281972, 154, -1.0
41760.529630662684, 35, -1.0
41764.739636127226, 124, -1.0
41764.843928824565, 75, -1.0
41765.09625989538, 65, -1.0
41768.01258600522, 116, 1.0
41768.32930449561, 169, -1.0
41768.94887794892, 42, -1.0
41769.45235437852, 123, 1.0
41769.63111982069, 32, -1.0
41769.750183920434, 165, -1.0
41770.22924071811, 96, 1.0
41771.67546285851, 72, -1.0
41771.710755412336, 137, 1.0
41775.09245276766, 75, -1.0
41777.84169007497, 117, -1.0
41778.31917900138, 67, -1.0
41780.32637826249, 109, -1.0
41780.760239480864, 81, 1.0
41781.760249753774, 113, 1.0
41781.79777415486, 193, -1.0
41783.73699979386, 155, 1.0
41784.30587832373, 71, 1.0
41785.24175932705, 84, -1.0
41785.941453173014, 27, -1.0
41786.08985816494, 64, 1.0
41786.50675493093, 40, 1.0
41787.267678161756, 105, 1.0
41789.22779687563, 95, 1.0
41789.933648191414, 40, 1.0
41790.84592749191, 75, -1.0
41791.87096391678, 85, -1.0
41793.21892446275, 130, 1.0
41795.456613671944, 86, -1.0
41796.611257652854, 137, -1.0
41796.75806567175, 181, 1.0
41797.30356931988, 133, -1.0
41798.087023100205, 141, -1.0
41798.3758165924, 142, 1.0
41798.5331455204, 68, 1.0
41803.58212578722, 109, 1.0
41805.52965684227, 110, 1.0
41807.41355769969, 101, 1.0
41807.58669439055, 103, -1.0
41807.61742622868, 149, -1.0
41808.04317035138, 75, -1.0
41811.395695053245, 40, -1.0
41815.60868598668, 32, -1.0
41817.10983374983, 141, 1.0
41818.02003751773, 137, 1.0
41821.03024207765, 33, -1.0
41821.540349783725, 142, 1.0
41821.77685851869, 126, -1.0
41822.67986153027, 102, -1.0
41823.28377197537, 109, -1.0
41824.70688074891, 111, -1.0
41825.34716928295, 137, 1.0
41826.018836821124, 75, 1.0
41826.732758051796, 164, 1.0
41828.737518383554, 129, -1.0
41829.45284479127, 116, 1.0
41829.92726424524, 35, 1.0
41830.39167755449, 88, -1.0
41832.62800673808, 161, -1.0
41832.97655525097, 50, 1.0
41833.57396319015, 113, -1.0
41836.6256348351, 44, -1.0
41837.14631418801, 36, -1.0
41837.95101307217, 187, -1.0
41839.0116330711, 128, -1.0
41839.18040857858, 114, 1.0
41839.413536876746, 28, -1.0
41839.52841223243, 114, -1.0
41844.74135280503, 44, 1.0
41845.819001249474, 82, 1.0
41848.35728537427, 108, 1.0
41849.53631249813, 149, -1.0
41850.27551812014, 113, -1.0
41852.175588401566, 35, -1.0
41853.17928564859, 70, 1.0
41853.73952083242, 130, -1.0
41858.16513836109, 141, -1.0
41859.3610322027, 82, -1.0
41860.52620892727, 98, 1.0
41860.641632819024, 163, -1.0
41861.79046583751, 26, -1.0
41866.00277264971, 69, 1.0
41866.812346756196, 116, 1.0
41867.63406817442, 48, 1.0
41867.99543020289, 50, 1.0
41871.690489001085, 50, 1.0
41872.533246442756, 101, 1.0
41874.095614990634, 137, 1.0
41874.28151213707, 94, -1.0
41874.88391406258, 99, -1.0
41875.877232341816, 188, -1.0
41876.176550256925, 142, 1.0
41877.612663076885, 142, 1.0
41877.61567540553, 90, -1.0
41879.08155120988, 105, 1.0
41883.59914746231, 141, 1.0
41884.24730760844, 41, 1.0
41885.91729072016, 141, -1.0
41886.5465284693, 106, -1.0
41886.95408575548, 157, 1.0
41890.104129767715, 133, 1.0
41890.19916994863, 44, -1.0
41890.936147845045, 28, 1.0
41891.564962422555, 122, -1.0
41893.0719192155, 163, -1.0
41893.2893033204, 155, -1.0
41893.62258182421, 50, 1.0
41893.99916965151, 71, 1.0
41895.283431049305, 146, -1.0
41897.99172274373, 71, 1.0
41899.29776040292, 105, -1.0
41902.72181301069, 59, 1.0
41904.65911297947, 100, 1.0
41905.89424644252, 159, -1.0
41906.01528444431, 114, 1.0
41907.12956490741, 82, -1.0
41908.48594813658, 95, 1.0
41909.453613764264, 179, -1.0
41910.14130545441, 118, -1.0
41912.169342234556, 163, -1.0
41912.69791231245, 119, -1.0
41914.83088730354, 40, -1.0
41918.973549650575, 95, -1.0
41919.37331259849, 114, -1.0
41920.13782826813, 97, -1.0
41921.525353686025, 146, -1.0
41922.12451273756, 74, 1.0
41922.14273616056, 53, -1.0
41922.92597502741, 234, -1.0
41923.63912531415, 101, -1.0
41924.48318900234, 35, 1.0
41924.907532812525, 101, 1.0
41927.985642736836, 68, 1.0
41930.92100940253, 87, 1.0
41931.294771014575, 36, -1.0
41931.94799539362, 103, 1.0
41932.475272964606, 75, -1.0
41932.73140924644, 59, -1.0
41933.68943469584, 54, 1.0
41934.481962893355, 35, 1.0
41935.05531436837, 69, -1.0
41936.171551257445, 230, 1.0
41937.31123233406, 169, 1.0
41937.33456451626, 59, -1.0
41939.447840089466, 129, -1.0
41941.34510022168, 35, -1.0
41942.572533527484, 51, 1.0
41943.37448477394, 152, 1.0
41944.5182506073, 116, 1.0
41945.65317313711, 169, 1.0
41945.675004207464, 139, -1.0
41946.76063463843, 114, -1.0
41947.363249790535, 154, -1.0
41947.740436675755, 40, 1.0
41949.44237218737, 154, -1.0
41949.96676549328, 154, -1.0
41950.78652130486, 142, -1.0
41951.637086298884, 98, -1.0
41953.77795376117, 35, 1.0
41954.41520786534, 137, -1.0
41956.40354693233, 120, -1.0
41957.14713546372, 75, 1.0
41959.66032311513, 153, -1.0
41961.15386025748, 84, -1.0
41961.15433864086, 116, 1.0
41962.06040411641, 141, -1.0
41963.157756770874, 111, -1.0
41964.759002768995, 162, -1.0
41965.266379898356, 88, -1.0
41965.50718259888, 27, -1.0
41967.46018093398, 29, 1.0
41967.97373620681, 36, 1.0
41970.11411331789, 193, -1.0
41971.38372798857, 90, 1.0
41973.89833968521, 147, 1.0
41974.03131981285, 182, 1.0
41974.109862927726, 81, 1.0
41975.3331017247, 58, 1.0
41975.92672376021, 120, 1.0
41976.143795447715, 153, 1.0
41978.35889332564, 116, 1.0
41982.302356110806, 163, -1.0
41983.605935621505, 56, 1.0
41984.04085285272, 114, 1.0
41984.17207315878, 222, -1.0
41984.81164316634, 152, 1.0
41985.627378206314, 161, -1.0
41987.80064053415, 35, 1.0
41987.80388667566, 149, 1.0
41987.808795346595, 142, 1.0
41989.480508250424, 92, 1.0
41990.3613601166, 177, -1.0
41992.69918944475, 162, 1.0
41995.33496229078, 31, 1.0
41996.51267604061, 146, -1.0
41996.969131019185, 149, -1.0
41998.18179211571, 105, -1.0
42000.52630634763, 101, 1.0
42000.70710921427, 91, 1.0
42001.21019357013, 42, -1.0
42001.52828975416, 39, 1.0
42001.93653452984, 119, -1.0
42003.71993893919, 89, -1.0
42004.12309832522, 67, 1.0
42004.585049261994, 34, -1.0
42004.80559950204, 53, -1.0
42007.176644993575, 27, -1.0
42007.23082815376, 81, -1.0
42008.636064047474, 142, 1.0
42009.20480668599, 103, -1.0
42010.07441724074, 87, 1.0
42011.44349921844, 141, -1.0
42011.71757674578, 108, -1.0
42013.15742895751, 58, 1.0
42017.543847768015, 141, -1.0
42018.23065818257, 193, -1.0
42019.87455785017, 128, -1.0
42021.813646843024, 95, 1.0
42022.22884943523, 123, -1.0
42024.65356123887, 173, -1.0
42025.16952051889, 40, 1.0
42025.76112723163, 164, 1.0
42025.98984736903, 65, 1.0
42031.43708567743, 28, -1.0
42031.438250057356, 69, -1.0
42034.74970833774, 235, -1.0
42036.393136896186, 165, 1.0
42036.668841453014, 113, -1.0
42037.38403071846, 90, 1.0
42039.68000498926, 116, 1.0
42043.21953350365, 173, -1.0
42043.79953816012, 141, -1.0
42044.07665802912, 75, -1.0
42044.86196756476, 70, -1.0
42046.629223393335, 116, 1.0
42047.121650896, 163, -1.0
42049.8400348794, 173, 1.0
42050.09392104672, 76, -1.0
42051.48723875654, 40, -1.0
42052.35544444575, 234, 1.0
42052.59335802528, 45, 1.0
42053.67103964039, 235, 1.0
42055.288424746745, 163, -1.0
42055.76587663606, 130, -1.0
42056.670183350056, 67, -1.0
42056.8503553565, 71, -1.0
42056.9022083757, 241, 1.0
42058.13554932139, 141, -1.0
42059.30356468836, 101, 1.0
42063.476074594815, 165, 1.0
42064.9645702965, 40, -1.0
42066.52802073684, 58, 1.0
42067.390949318185, 71, -1.0
42068.01888006079, 71, 1.0
42068.595849637924, 34, 1.0
42070.283356077794, 82, 1.0
42072.80992072849, 98, -1.0
42073.69251810677, 67, 1.0
42074.34705370484, 188, -1.0
42076.40852056222, 67, 1.0
42077.439392797736, 75, 1.0
42078.83594777343, 83, 1.0
42079.151679466624, 130, -1.0
42080.09575979807, 164, -1.0
42081.79192728044, 83, -1.0
42081.91238501815, 50, 1.0
42084.172573898766, 152, -1.0
42084.19711451979, 101, -1.0
42085.93372207691, 88, -1.0
42086.10045081225, 162, -1.0
42087.37456710732, 61, 1.0
42087.50525007221, 103, -1.0
42089.14672758682, 84, 1.0
42089.19403966536, 58, -1.0
42089.79520406947, 222, 1.0
42089.87217063115, 126, 1.0
42090.88564367149, 101, 1.0
42091.96970338421, 137, -1.0
42092.08821900518, 33, 1.0
42092.183603649195, 114, 1.0
42092.424139162045, 141, 1.0
42092.71222388796, 141, 1.0
42093.35725230706, 83, 1.0
42093.93593244466, 98, -1.0
42095.39635583414, 130, -1.0
42095.61809816532, 28, -1.0
42095.63060368213, 167, 1.0
42096.24410655664, 169, -1.0
42099.279995515135, 141, 1.0
42099.62291583844, 198, -1.0
42100.66887915832, 162, -1.0
42100.82222556194, 111, -1.0
42102.62789603713, 58, -1.0
42103.83716897078, 154, -1.0
42103.87915783422, 43, -1.0
42108.79570836367, 75, -1.0
42109.99935963256, 160, -1.0
42110.61535042618, 165, -1.0
42110.80795716436, 90, -1.0
42111.191950574364, 56, -1.0
42113.27404554141, 101, -1.0
42114.17918483874, 114, -1.0
42116.372469114445, 188, -1.0
42116.513432385014, 114, -1.0
42117.83928697764, 163, -1.0
42118.27187859688, 75, 1.0
42118.67539829514, 163, -1.0
42119.307321748274, 84, -1.0
42120.026720904134, 67, -1.0
42121.37778538774, 85, -1.0
42121.71765706063, 108, -1.0
42122.1678041015, 147, -1.0
42124.14810396802, 69, 1.0
42124.47985289031, 116, 1.0
42125.073396783904, 141, 1.0
42125.78935254914, 40, -1.0
42126.353013779095, 54, 1.0
42128.263740531984, 103, -1.0
42135.57165768556, 68, -1.0
42136.1283964646, 64, 1.0
42139.61330180383, 40, 1.0
42141.788659952814, 159, -1.0
42143.10774274808, 45, -1.0
42143.40181568174, 233, -1.0
42143.895779638944, 82, 1.0
42144.13675927626, 167, -1.0
42144.26843963054, 116, -1.0
42147.535885187885, 81, -1.0
42148.03017140532, 34, -1.0
42148.53791620133, 82, -1.0
42149.077173037454, 159, -1.0
42149.517494499036, 71, 1.0
42149.54095919942, 141, -1.0
42149.97960352561, 148, -1.0
42150.14022621671, 45, -1.0
42150.6336066843, 44, 1.0
42152.68985828357, 101, -1.0
42152.97638229889, 76, 1.0
42153.128802270316, 126, -1.0
42154.34152535517, 71, 1.0
42157.320370083486, 165, 1.0
42157.542506602535, 162, 1.0
42158.026712929575, 187, -1.0
42158.89453586446, 59, 1.0
42159.006015604136, 113, -1.0
42159.32573528394, 142, 1.0
42161.08408730861, 75, 1.0
42161.83172147015, 76, -1.0
42162.00264951761, 71, 1.0
42163.98417550043, 63, -1.0
42165.98717374583, 81, -1.0
42166.93877610263, 89, 1.0
42171.98887528801, 104, -1.0
42172.31650705866, 97, -1.0
42172.38487987652, 56, -1.0
42175.8447817026, 69, 1.0
42176.44817087466, 73, 1.0
42180.5253072571, 117, -1.0
42181.301238985114, 152, -1.0
42181.43832885754, 65, 1.0
42182.732315872825, 68, -1.0
42184.72042128726, 241, -1.0
42187.115384663804, 59, -1.0
42187.48029273462, 159, -1.0
42192.07372258377, 71, 1.0
42193.635169425186, 52, 1.0
42194.16883566849, 105, 1.0
42194.19333756582, 92, -1.0
42194.36510306777, 154, -1.0
42196.45709473908, 51, 1.0
42197.20826414415, 188, -1.0
42197.580020074136, 40, -1.0
42198.56561831935, 27, 1.0
42198.640045231485, 87, 1.0
42201.24172918782, 154, -1.0
42201.37539882649, 51, 1.0
42202.080286068296, 101, 1.0
42205.67437870313, 142, -1.0
42206.40539964086, 113, -1.0
42206.82465756197, 81, -1.0
42208.67310289773, 63, -1.0
42209.29357482238, 149, -1.0
42212.20776938209, 202, -1.0
42215.412408908494, 69, -1.0
42215.75439992398, 80, 1.0
42215.80452431334, 152, 1.0
42217.916670702485, 142, -1.0
42218.25274499546, 67, 1.0
42218.4424601373, 40, 1.0
42219.57344005109, 34, -1.0
42222.18616166878, 113, -1.0
42222.651084354504, 57, -1.0
42222.92355960358, 115, -1.0
42223.38735687884, 169, 1.0
42223.39821436849, 162, -1.0
42227.74977759221, 116, -1.0
42228.51525761718, 92, -1.0
42229.290151231784, 228, -1.0
42230.22860559726, 75, 1.0
42231.8282426718, 41, 1.0
42232.441686363476, 146, 1.0
42233.092579417935, 165, 1.0
42233.50802013715, 118, 1.0
42235.872884628334, 141, 1.0
42235.91488614814, 142, -1.0
42237.25605160489, 83, -1.0
42237.53271950849, 114, -1.0
42238.549137865004, 210, -1.0
42238.697312023854, 42, -1.0
42240.367822007196, 137, 1.0
42242.643549917935, 35, 1.0
42243.53520593412, 126, -1.0
42243.90236135407, 68, -1.0
42245.02355895579, 139, -1.0
42246.564370573506, 160, -1.0
42246.74699319739, 114, -1.0
42246.84426013218, 75, 1.0
42247.00733044728, 60, -1.0
42249.991133967225, 67, -1.0
42250.54619665323, 53, -1.0
42251.48998711572, 67, 1.0
42251.573019748816, 198, -1.0
42252.4436259099, 82, 1.0
42254.43490626593, 50, -1.0
42254.75196207935, 104, 1.0
42256.757143194474, 85, 1.0
42258.31526463233, 28, -1.0
42259.11829170229, 70, -1.0
42259.385425269655, 149, -1.0
42259.421185492516, 75, -1.0
42260.19585798927, 74, 1.0
42260.63397798865, 163, -1.0
42261.672721877934, 114, -1.0
42263.20387097063, 52, -1.0
42263.39095000417, 90, -1.0
42263.41573314937, 139, -1.0
42263.984866562314, 40, 1.0
42264.591769615254, 64, 1.0
42265.18745175392, 75, -1.0
42265.58876625846, 228, -1.0
42265.80927015208, 110, 1.0
42265.87841408155, 75, -1.0
42265.99872541283, 86, -1.0
42266.47601570666, 116, -1.0
42268.30019255473, 66, -1.0
42270.386028082416, 126, -1.0
42275.06704575392, 108, -1.0
42276.01525168624, 58, 1.0
42276.31366401593, 129, -1.0
42276.72030411248, 133, -1.0
42278.27721833298, 126, -1.0
42278.793447585565, 234, -1.0
42279.32344131506, 64, -1.0
42279.32496967004, 28, 1.0
42280.02699533831, 67, 1.0
42280.91015549259, 110, -1.0
42281.456847700254, 198, -1.0
42281.65127386535, 113, -1.0
42282.05875023907, 68, -1.0
42283.41615748713, 114, -1.0
42284.571930857725, 126, -1.0
42286.935482480476, 119, -1.0
42287.40197974747, 59, 1.0
42288.448333419496, 146, 1.0
42289.838555568065, 114, 1.0
42295.97918903448, 46, 1.0
42296.19141220196, 235, -1.0
42296.24852160462, 75, 1.0
42296.272411944665, 50, -1.0
42297.43962970574, 58, 1.0
42297.87563248628, 28, 1.0
42299.59061696316, 81, 1.0
42301.961232499, 68, -1.0
42302.055511659906, 69, -1.0
42302.454878506134, 146, 1.0
42302.52758018044, 28, -1.0
42303.28465527915, 141, -1.0
42303.64801509298, 59, -1.0
42303.736380102775, 74, 1.0
42304.077552380055, 137, 1.0
42305.00361751114, 92, -1.0
42305.89795660453, 158, 1.0
42308.46667418501, 133, -1.0
42308.499345460696, 40, -1.0
42309.491625446106, 100, 1.0
42309.53552663622, 69, -1.0
42311.24650721714, 117, -1.0
42312.345326352384, 95, 1.0
42314.0066898606, 104, -1.0
42314.70864660247, 234, -1.0
42315.299306392655, 234, 1.0
42315.91126625555, 60, 1.0
42316.26290974399, 152, 1.0
42317.14572093907, 165, 1.0
42317.28266226517, 139, -1.0
42317.88434160176, 177, -1.0
42318.91355298721, 114, 1.0
42318.93775022934, 235, -1.0
42319.04452148016, 147, 1.0
42320.49022695735, 233, -1.0
42320.507542322855, 58, 1.0
42323.77071081039, 241, -1.0
42324.03074926317, 29, -1.0
42324.14063027475, 72, -1.0
42325.93562130722, 58, -1.0
42326.508137661775, 188, -1.0
42327.05840082157, 152, 1.0
42327.06553715728, 114, 1.0
42327.3465854391, 153, -1.0
42329.40621417173, 235, 1.0
42330.195349541544, 114, -1.0
42330.32820652252, 37, -1.0
42330.36862875192, 154, -1.0
42333.175894896835, 27, -1.0
42333.944955570536, 152, -1.0
42335.70261694339, 109, -1.0
42336.33299719267, 64, -1.0
42337.40142429585, 58, -1.0
42342.9025034093, 116, 1.0
42344.26909979394, 68, 1.0
42344.66191119011, 116, -1.0
42346.2325226274, 98, 1.0
42346.28049324511, 169, 1.0
42347.358577581894, 116, -1.0
42347.87377029065, 171, 1.0
42349.41409333962, 69, -1.0
42349.958327871194, 133, -1.0
42349.9702072389, 235, -1.0
42351.586036048066, 126, -1.0
42351.628740310196, 137, 1.0
42353.550106627496, 187, -1.0
42354.48475675849, 130, 1.0
42355.74958195879, 126, -1.0
42355.803013178505, 114, 1.0
42356.927468984555, 137, -1.0
42360.00984019852, 154, -1.0
42364.17617326526, 155, -1.0
42364.677647148914, 148, -1.0
42366.53559746012, 101, -1.0
42366.77924784737, 41, -1.0
42366.84042010702, 233, -1.0
42366.99921927599, 83, 1.0
42367.32515151212, 84, 1.0
42368.32350839211, 142, 1.0
42368.757502499066, 119, -1.0
42368.85314350303, 32, 1.0
42371.62695164858, 98, -1.0
42376.069270719425, 58, 1.0
42376.8871688436, 69, 1.0
42377.98427924351, 40, -1.0
42378.25923616066, 100, -1.0
42378.852327640896, 101, -1.0
42379.41166148298, 129, -1.0
42379.498341047794, 52, 1.0
42380.07179798255, 100, 1.0
42383.474085234215, 36, -1.0
42383.786307628456, 40, 1.0
42386.497135883925, 173, -1.0
42388.07578692068, 153, -1.0
42389.351102386485, 157, 1.0
42389.399692393556, 100, -1.0
42390.18668816775, 40, -1.0
42390.998889527196, 97, -1.0
42391.0278735654, 242, -1.0
42391.17593510478, 74, 1.0
42391.23778193015, 58, 1.0
42394.7757378385, 75, -1.0
42395.77725793309, 162, -1.0
42396.72877392128, 101, 1.0
42397.730615522385, 87, 1.0
42399.80271631223, 83, -1.0
42400.374010502615, 71, 1.0
42400.831862878054, 34, 1.0
42401.08435728913, 103, 1.0
42401.53741323591, 113, -1.0
42404.360699149314, 75, 1.0
42405.39192935865, 152, -1.0
42406.39057146701, 98, -1.0
42407.77360782973, 101, 1.0
42407.981808263496, 137, 1.0
42410.33227805383, 153, -1.0
42411.82850603485, 63, -1.0
42411.97071551494, 233, -1.0
42412.44935085678, 173, -1.0
42412.54726256049, 161, -1.0
42412.75723153849, 241, -1.0
42413.43380272581, 133, -1.0
42413.48904036326, 85, -1.0
42413.519666436914, 165, -1.0
42414.90083920365, 103, 1.0
42415.946452001175, 141, 1.0
42419.653480520945, 83, -1.0
42420.6428109591, 59, -1.0
42421.122354926105, 109, 1.0
42422.63895393657, 137, 1.0
42424.37096129228, 106, 1.0
42425.13435374736, 27, 1.0
42426.72767613005, 151, -1.0
42427.051506079, 89, -1.0
42427.1698157372, 141, 1.0
42427.27349634944, 228, -1.0
42427.289146468815, 119, 1.0
42429.11627286352, 29, 1.0
42429.96317578999, 165, 1.0
42433.447157590206, 72, 1.0
42437.38228925189, 159, 1.0
42437.97466937532, 193, -1.0
42443.49855015667, 84, -1.0
42444.39084494779, 68, 1.0
42446.23746942819, 101, -1.0
42449.55315777517, 52, -1.0
42449.72857608285, 48, 1.0
42449.89727874676, 165, -1.0
42450.985903354136, 67, -1.0
42451.39219030736, 114, 1.0
42452.07586791397, 133, -1.0
42452.6298614994, 68, 1.0
42452.9376894236, 31, 1.0
42454.297495480925, 52, -1.0
42454.34930985517, 57, -1.0
42454.60246974546, 36, -1.0
42456.04325217649, 87, -1.0
42456.14111548594, 126, -1.0
42457.27732341964, 233, 1.0
42457.9894999487, 114, 1.0
42458.18460186929, 109, -1.0
42459.44345072255, 152, 1.0
42460.495444375476, 117, -1.0
42462.5625861605, 141, 1.0
42462.672366903294, 33, -1.0
42462.69538177625, 40, -1.0
42464.73551057026, 64, 1.0
42465.20949994679, 83, -1.0
42466.275066317394, 95, 1.0
42470.4908236671, 116, -1.0
42471.95744644409, 29, 1.0
42472.05206043428, 33, 1.0
42472.2062680957, 64, 1.0
42472.36705947958, 139, -1.0
42473.23793878872, 137, -1.0
42474.63953944194, 36, -1.0
42475.03943104545, 50, -1.0
42475.91299775557, 61, -1.0
42478.51200780448, 106, -1.0
42481.144126726555, 58, 1.0
42481.876423379894, 126, 1.0
42481.9276445893, 235, 1.0
42484.75113777974, 119, -1.0
42485.92902400125, 39, -1.0
42485.95925214188, 39, -1.0
42487.12559715979, 53, 1.0
42487.38157265003, 173, -1.0
42488.76797479875, 95, -1.0
42490.307475424306, 116, -1.0
42490.840602082186, 34, -1.0
42498.50375881719, 56, -1.0
42499.34048577915, 40, 1.0
42500.74696490461, 84, 1.0
42501.00204750901, 74, 1.0
42503.58528993933, 95, 1.0
42505.163677052245, 29, -1.0
42509.94591555131, 141, 1.0
42511.94569512117, 152, -1.0
42512.72159803644, 142, 1.0
42515.60602671858, 84, -1.0
42517.076568625846, 130, -1.0
42517.1162225932, 126, 1.0
42518.50181426595, 100, -1.0
42519.160648206045, 88, -1.0
42519.801504240575, 99, -1.0
42521.784812422884, 83, -1.0
42522.24653319726, 151, 1.0
42522.98799229626, 137, -1.0
42523.21578762873, 154, -1.0
42529.38943105706, 142, -1.0
42530.76021428011, 105, -1.0
42531.02457348276, 188, -1.0
42534.769121464466, 39, 1.0
42536.068190452, 40, -1.0
42536.92216527039, 162, 1.0
42539.45224495937, 228, -1.0
42540.81256231414, 97, -1.0
42541.002819125104, 235, -1.0
42541.190328937235, 104, -1.0
42541.774115996726, 164, -1.0
42542.12790321865, 83, 1.0
42543.426896154604, 68, 1.0
42544.874446659385, 120, -1.0
42548.39304401449, 126, 1.0
42549.85311537842, 29, 1.0
42549.90342752227, 173, -1.0
42550.19736440465, 36, 1.0
42552.00189946247, 141, 1.0
42552.43403865972, 46, -1.0
42553.59852764221, 113, -1.0
42553.60233364099, 59, -1.0
42554.02551811613, 43, -1.0
42554.11061133365, 58, 1.0
42557.90555471516, 40, -1.0
42561.487066019516, 44, 1.0
42561.66738226751, 26, -1.0
42562.937729432, 69, 1.0
42563.149764656664, 67, 1.0
42566.39534535641, 83, -1.0
42568.10948628917, 53, -1.0
42569.59697265708, 36, 1.0
42571.43036301656, 137, -1.0
42574.15270711441, 114, -1.0
42574.23075288534, 146, -1.0
42574.29289971193, 187, -1.0
42575.19517268864, 80, -1.0
42576.17529411547, 39, 1.0
42578.25673267178, 105, 1.0
42579.851026337135, 126, -1.0
42583.1830408392, 163, -1.0
42583.45574292466, 103, 1.0
42584.9063462992, 120, -1.0
42586.92718909445, 165, 1.0
42588.37495462796, 146, 1.0
42593.185457648535, 95, 1.0
42593.89575223911, 88, 1.0
42594.49140777547, 198, -1.0
42595.554447021634, 222, 1.0
42598.2311142838, 69, 1.0
42599.52226220085, 116, 1.0
42599.80773588815, 37, -1.0
42600.180472800115, 152, -1.0
42600.51413372995, 118, -1.0
42602.29698234271, 34, 1.0
42603.390301789674, 81, -1.0
42603.923455771306, 41, 1.0
42604.061833205385, 69, 1.0
42605.11049253829, 71, 1.0
42605.40667016693, 152, -1.0
42605.96944633443, 89, -1.0
42606.08371340196, 149, -1.0
42606.316083646554, 97, 1.0
42606.74812033217, 169, -1.0
42607.735450015054, 35, 1.0
42609.11257277869, 177, -1.0
42609.44705300191, 39, 1.0
42609.69967511153, 44, -1.0
42610.29903885223, 104, 1.0
42611.99869659966, 59, 1.0
42612.62912180143, 97, -1.0
42613.10273972838, 146, -1.0
42613.46071765673, 105, 1.0
42613.492023656814, 170, 1.0
42614.401755013016, 89, 1.0
42615.80109740766, 39, 1.0
42617.03486290592, 101, 1.0
42617.975001309685, 165, 1.0
42619.08848534895, 166, -1.0
42619.19638341423, 234, 1.0
42620.28329029058, 142, 1.0
42620.55512158776, 114, 1.0
42626.280071558, 166, 1.0
42626.48809660478, 235, -1.0
42627.03456349236, 116, 1.0
42627.46290293081, 71, 1.0
42627.92357706315, 37, -1.0
42629.3996487948, 64, -1.0
42629.50716785108, 59, -1.0
42629.59222516115, 148, 1.0
42630.052066766926, 235, 1.0
42631.845693577336, 105, 1.0
42634.36931311213, 126, -1.0
42636.67496925933, 114, -1.0
42638.23662288427, 87, 1.0
42639.79290449641, 96, -1.0
42639.96664287782, 44, -1.0
42640.12727102082, 130, -1.0
42642.0678143027, 148, -1.0
42643.16118720567, 103, -1.0
42646.62667263243, 120, 1.0
42646.79497520068, 116, 1.0
42646.843669562666, 101, 1.0
42648.857451719814, 58, -1.0
42650.23205231805, 61, -1.0
42652.99804752039, 59, -1.0
42654.58639938407, 101, -1.0
42659.187553404256, 159, -1.0
42660.58593455935, 98, -1.0
42662.676479642534, 67, 1.0
42664.50042798018, 84, -1.0
42664.93856291826, 87, -1.0
42665.98967426705, 148, -1.0
42666.17759948264, 108, -1.0
42666.241307177355, 106, -1.0
42666.737504138095, 105, 1.0
42666.966928686394, 101, 1.0
42667.93582093109, 68, 1.0
42668.4029396113, 151, 1.0
42669.05252466217, 64, 1.0
42670.013336270844, 82, 1.0
42670.43983583315, 58, -1.0
42670.49780560519, 123, -1.0
42671.9454575041, 81, 1.0
42672.472916071725, 74, -1.0
42674.06487475481, 142, -1.0
42675.5813634085, 89, -1.0
42675.96485411718, 142, 1.0
42677.001012195244, 75, 1.0
42677.506148290515, 57, -1.0
42677.5792340308, 169, -1.0
42679.70361574761, 110, -1.0
42681.7876566194, 165, 1.0
42683.84644157739, 65, -1.0
42684.574579895416, 149, 1.0
42685.84498249162, 35, -1.0
42690.64233189305, 35, 1.0
42691.89862894009, 159, 1.0
42691.966769918865, 114, 1.0
42692.022453480415, 84, 1.0
42694.51142369237, 67, 1.0
42695.019743905774, 28, 1.0
42695.8140914686, 158, -1.0
42696.63860795647, 105, 1.0
42697.05949816579, 40, -1.0
42697.24589733648, 173, -1.0
42700.27074412428, 45, 1.0
42704.341038043945, 97, -1.0
42704.65104783487, 40, 1.0
42707.8566182378, 126, -1.0
42709.12646995777, 53, -1.0
42709.725331092835, 75, -1.0
42710.01672795139, 37, -1.0
42710.75173125547, 155, 1.0
42711.72623335583, 36, 1.0
42711.88519003344, 58, -1.0
42714.20785694644, 44, -1.0
42714.32652904989, 71, 1.0
42714.36303420671, 72, 1.0
42714.785588650164, 169, -1.0
42715.500102154845, 101, 1.0
42717.46058679775, 75, 1.0
42717.68520564963, 142, 1.0
42719.56635796267, 120, -1.0
42719.7849342459, 142, -1.0
42720.29770763803, 81, 1.0
42720.47185369408, 72, -1.0
42721.159508303615, 155, -1.0
42721.34295757493, 235, -1.0
42722.022399459616, 159, 1.0
42723.45769115627, 152, -1.0
42724.837282150846, 52, 1.0
42729.57921839382, 161, -1.0
42731.441511314566, 95, 1.0
42732.056614214336, 45, 1.0
42732.50623511658, 41, -1.0
42732.95662036014, 149, -1.0
42734.86450599078, 104, 1.0
42735.348530657604, 168, 1.0
42736.48658165779, 89, 1.0
42736.578982597515, 69, -1.0
42736.88810266219, 92, -1.0
42741.22252779684, 28, 1.0
42742.519230930026, 233, -1.0
42743.09272531863, 41, -1.0
42743.30414431005, 146, -1.0
42744.71373812086, 103, -1.0
42744.82713513877, 44, -1.0
42744.880081340736, 110, -1.0
42747.225556461904, 148, -1.0
42747.35343531919, 173, -1.0
42747.651773622805, 139, -1.0
42748.08581421967, 58, -1.0
42749.007963757314, 163, -1.0
42750.176913243224, 133, -1.0
42750.28712245963, 37, -1.0
42752.44663873678, 155, -1.0
42755.0278999451, 165, 1.0
42756.46808619085, 146, -1.0
42757.04628701555, 141, 1.0
42757.70407526032, 241, -1.0
42758.17702822175, 234, -1.0
42759.146137703196, 151, -1.0
42760.17710540466, 137, 1.0
42761.304384514486, 142, 1.0
42761.44424532852, 54, -1.0
42761.71775724782, 163, -1.0
42761.85066059371, 141, -1.0
42762.2230590472, 56, -1.0
42762.65059900839, 159, 1.0
42763.2817629938, 61, -1.0
42763.448455094396, 104, 1.0
42763.83807258487, 164, 1.0
42763.995156657744, 50, 1.0
42766.142953189235, 235, -1.0
42766.32055600392, 75, 1.0
42766.61599125049, 153, -1.0
42766.88256541633, 235, -1.0
42767.8218839302, 116, -1.0
42770.05241404041, 147, -1.0
42770.15526276374, 124, 1.0
42771.249584625075, 188, -1.0
42771.8848053316, 167, -1.0
42774.89568817085, 69, -1.0
42775.230704218025, 124, 1.0
42775.751617653485, 101, 1.0
42776.168370129104, 153, -1.0
42776.50322480851, 222, 1.0
42777.865417939145, 41, 1.0
42780.080567470686, 123, 1.0
42781.10905291406, 142, -1.0
42783.43966105114, 43, 1.0
42785.49036923918, 169, 1.0
42785.86660951655, 44, -1.0
42786.85292533401, 116, 1.0
42788.57582428836, 154, 1.0
42790.008896899264, 89, -1.0
42790.356235947394, 101, 1.0
42790.69309367254, 68, 1.0
42791.847576981956, 54, -1.0
42793.07853441614, 139, -1.0
42795.12151294963, 234, 1.0
42796.32165282578, 242, 1.0
42797.42730410577, 119, 1.0
42798.906118549115, 65, -1.0
42799.09956518612, 81, -1.0
42799.48926559067, 65, -1.0
42799.76341905964, 63, -1.0
42799.98658293799, 94, 1.0
42800.03700799095, 161, -1.0
42801.020611869055, 139, -1.0
42802.009326752224, 65, -1.0
42803.36042564247, 75, 1.0
42804.962114175716, 102, 1.0
42805.63142055631, 29, 1.0
42805.80338356104, 35, -1.0
42806.388183158466, 59, 1.0
42807.050881227326, 149, -1.0
42807.258961494954, 58, -1.0
42808.023739280965, 113, -1.0
42808.631217159396, 114, 1.0
42808.7382157053, 32, -1.0
42809.26835122933, 54, 1.0
42810.20789922099, 85, -1.0
42810.30523125047, 100, 1.0
42812.637972571516, 71, -1.0
42814.10605120089, 84, -1.0
42814.381928230956, 74, 1.0
42815.16511451871, 64, -1.0
42816.76308509795, 167, -1.0
42818.03805576913, 26, 1.0
42820.98381406982, 44, -1.0
42821.524645360754, 142, -1.0
42822.06033158332, 108, -1.0
42822.74132416032, 63, 1.0
42823.55726175503, 177, -1.0
42823.726919743924, 119, -1.0
42826.13686332895, 65, 1.0
42826.72054375218, 99, -1.0
42826.844588890606, 67, -1.0
42827.1457907903, 114, 1.0
42827.55685108162, 83, 1.0
42828.48039049679, 103, -1.0
42828.54473512674, 182, 1.0
42828.97126390551, 94, -1.0
42834.58526617867, 114, -1.0
42835.267774277265, 161, 1.0
42838.73892127258, 163, -1.0
42839.30357302058, 165, -1.0
42847.1087681836, 48, 1.0
42847.52682758586, 58, 1.0
42847.75763159481, 126, 1.0
42847.96469972569, 94, 1.0
42850.02023880232, 83, -1.0
42850.235274311475, 106, -1.0
42850.391448631904, 123, 1.0
42850.80270409878, 149, -1.0
42853.680139310694, 67, -1.0
42853.90314239705, 188, 1.0
42854.02088193194, 26, 1.0
42854.160414939455, 155, -1.0
42855.359012640554, 34, -1.0
42856.194717647886, 71, 1.0
42857.29934999969, 71, -1.0
42857.428444425575, 82, -1.0
42857.857680204776, 59, -1.0
42858.06814272402, 61, 1.0
42859.2078545231, 152, 1.0
42859.73423973823, 90, -1.0
42860.39132623248, 154, -1.0
42860.44511339222, 114, -1.0
42860.78030797107, 133, 1.0
42861.293389017505, 122, -1.0
42861.849732667295, 73, -1.0
42862.230733320364, 59, 1.0
42862.400449289904, 114, 1.0
42862.40930392073, 75, -1.0
42862.449225113625, 101, -1.0
42863.953937641316, 116, -1.0
42867.505559235746, 126, -1.0
42871.27970643644, 68, -1.0
42873.243780611745, 137, -1.0
42875.83732653551, 202, 1.0
42875.994493735714, 40, -1.0
42877.05432019027, 165, -1.0
42877.624071704195, 114, -1.0
42877.70617128542, 58, 1.0
42878.80600887398, 126, -1.0
42879.77507376323, 105, 1.0
42881.65062362792, 142, 1.0
42882.8596585111, 75, -1.0
42883.291643465105, 63, 1.0
42883.81405390965, 146, 1.0
42884.50152598678, 133, -1.0
42884.84861574149, 40, -1.0
42886.44100300544, 133, -1.0
42886.70475900069, 100, 1.0
42886.70927518985, 81, -1.0
42889.427976352126, 74, -1.0
42889.472204275706, 222, 1.0
42892.34481297164, 169, 1.0
42892.40848173672, 126, -1.0
42894.78647100945, 80, 1.0
42894.8317865085, 45, -1.0
42894.93293276495, 28, -1.0
42895.61046606181, 103, -1.0
42896.27283128101, 58, 1.0
42896.51900264889, 58, 1.0
42898.735554135004, 146, 1.0
42900.02521694328, 114, -1.0
42900.72672269386, 100, -1.0
42900.996826409595, 53, -1.0
42903.89322449433, 141, 1.0
42904.723882734, 149, 1.0
42905.20526228367, 71, 1.0
42907.502794442895, 32, 1.0
42908.8345805972, 139, -1.0
42908.93822139698, 89, -1.0
42908.98688694195, 101, 1.0
42909.55053359121, 50, -1.0
42909.75773770256, 56, -1.0
42910.18559711896, 101, -1.0
42911.18754160513, 106, -1.0
42911.504106381326, 157, -1.0
42912.22528315564, 56, -1.0
42912.26226418041, 75, 1.0
42912.86716422559, 69, 1.0
42916.15204289261, 86, -1.0
42916.3703225005, 67, -1.0
42917.6213162292, 118, 1.0
42918.74159386013, 234, -1.0
42920.69288803752, 149, -1.0
42921.03869770702, 146, 1.0
42921.23041898712, 75, 1.0
42923.35272147449, 65, -1.0
42924.37450538454, 161, -1.0
42924.52838197269, 76, -1.0
42924.7567040003, 28, -1.0
42925.13954131896, 53, -1.0
42925.82399397076, 114, 1.0
42926.2973258572, 198, 1.0
42927.012207513835, 72, -1.0
42927.950923246906, 67, 1.0
42928.04683366453, 242, -1.0
42930.50156998104, 34, -1.0
42930.824466070815, 99, 1.0
42931.03016747488, 112, 1.0
42931.47995652692, 116, 1.0
42932.38233935731, 154, -1.0
42934.72266641107, 34, -1.0
42934.91506008213, 141, 1.0
42935.16807584629, 146, 1.0
42936.15480192351, 114, 1.0
42937.281102588, 101, 1.0
42937.52500127866, 111, 1.0
42937.76415941755, 138, -1.0
42939.719150527395, 40, 1.0
42940.758096839105, 162, -1.0
42942.44129669707, 141, 1.0
42942.88553890255, 34, -1.0
42943.631026752235, 91, 1.0
42944.785301795724, 29, -1.0
42944.82429379623, 171, -1.0
42946.60539105828, 72, -1.0
42947.81582247789, 163, -1.0
42948.91279694153, 148, -1.0
42951.59543375943, 94, -1.0
42952.311021487556, 28, -1.0
42952.45419177083, 40, 1.0
42954.29996737929, 164, -1.0
42954.664676215354, 75, 1.0
42955.9263127831, 75, 1.0
42956.63831131064, 170, 1.0
42956.69870064134, 76, 1.0
42959.79030040439, 141, 1.0
42960.38190590935, 234, -1.0
42961.845229023245, 58, -1.0
42962.21130758857, 87, -1.0
42962.660383632, 154, 1.0
42964.04622567081, 162, -1.0
42965.04398539179, 137, -1.0
42965.908864292316, 126, -1.0
42966.68192472734, 73, 1.0
42966.87917003214, 222, 1.0
42967.21612066442, 233, 1.0
42967.63826328025, 75, -1.0
42968.27801910136, 112, -1.0
42969.8374697145, 80, 1.0
42970.59595393616, 73, 1.0
42970.63693758023, 167, -1.0
42972.165292050544, 130, -1.0
42972.949500951596, 101, -1.0
42974.22362890221, 169, 1.0
42974.47291391276, 182, 1.0
42975.43810596445, 67, 1.0
42975.72719615011, 133, 1.0
42976.36873400173, 84, 1.0
42976.93545409612, 75, 1.0
42978.96951526003, 73, -1.0
42981.5716930056, 202, -1.0
42983.21497816707, 114, 1.0
42984.531200874415, 29, 1.0
42985.824735971975, 167, -1.0
42986.17894802164, 141, 1.0
42986.313074978105, 141, 1.0
42986.57141902928, 163, -1.0
42986.659446123216, 114, -1.0
42987.78080729283, 165, -1.0
42990.006319716915, 110, -1.0
42990.81223184015, 71, 1.0
42991.357257150834, 100, -1.0
42991.44158141712, 97, 1.0
42993.83967323852, 148, 1.0
42995.44348508568, 114, -1.0
42997.761816505306, 235, 1.0
42998.73180477293, 157, 1.0
42999.59737087193, 64, -1.0
43000.40341129535, 75, 1.0
43001.33590398516, 116, -1.0
43003.19108678982, 165, 1.0
43003.8937056517, 26, 1.0
43003.89663434982, 90, -1.0
43004.006027351694, 119, -1.0
43004.070636361714, 173, -1.0
43005.38922881614, 146, 1.0
43009.33581098502, 86, 1.0
43011.20816631399, 164, 1.0
43011.731810141755, 142, 1.0
43012.490821946565, 74, -1.0
43012.52151171373, 75, 1.0
43013.0905818965, 40, -1.0
43014.065458313446, 154, -1.0
43014.112975477794, 113, -1.0
43015.523951399526, 71, 1.0
43016.68803347975, 146, -1.0
43018.18535630265, 182, 1.0
43018.7916582404, 166, -1.0
43023.425411409866, 147, -1.0
43024.21301355608, 29, -1.0
43024.76091577115, 41, -1.0
43026.91424913965, 61, -1.0
43029.03966498282, 101, 1.0
43029.799874590404, 198, -1.0
43030.86362736203, 33, 1.0
43031.082570621445, 80, 1.0
43031.34598436465, 114, 1.0
43031.70328424075, 99, 1.0
43035.001400145484, 113, -1.0
43035.44965359235, 177, -1.0
43037.814523884896, 41, 1.0
43037.91117517511, 52, 1.0
43038.281712287484, 101, -1.0
43038.53771809865, 75, 1.0
43040.728224197635, 40, -1.0
43040.9975301121, 142, -1.0
43041.015383660015, 83, -1.0
43041.666070677406, 148, -1.0
43045.16776803841, 106, -1.0
43046.01566145343, 68, -1.0
43050.88656586159, 148, -1.0
43051.40196367088, 187, -1.0
43052.405921324294, 177, -1.0
43055.28902158552, 146, 1.0
43057.62707290384, 104, -1.0
43060.853721395484, 177, -1.0
43061.934015542436, 28, 1.0
43062.567902722156, 160, -1.0
43062.7851284442, 97, -1.0
43063.04725797915, 103, 1.0
43063.128044507466, 126, 1.0
43064.07525028334, 165, -1.0
43064.14740875108, 157, 1.0
43064.312979779024, 39, -1.0
43064.816903491046, 28, -1.0
43064.98669949264, 63, -1.0
43066.24288808514, 114, 1.0
43066.720213209, 163, -1.0
43067.710720373536, 146, 1.0
43067.88620913382, 141, 1.0
43067.9716599471, 96, 1.0
43069.51202723504, 152, 1.0
43069.5806290766, 71, 1.0
43071.42993366449, 100, 1.0
43073.70044429319, 169, -1.0
43073.81505579822, 65, -1.0
43074.93940043028, 120, -1.0
43075.518526682594, 142, 1.0
43077.246533872014, 193, -1.0
43078.45139329832, 80, -1.0
43080.49227983095, 210, 1.0
43080.846702090355, 158, 1.0
43081.61371380284, 91, -1.0
43082.29064611615, 142, 1.0
43087.471750699246, 165, -1.0
43087.82128411229, 87, 1.0
43090.03956245111, 133, -1.0
43090.373247484706, 92, -1.0
43091.85143929107, 87, 1.0
43093.57924249671, 90, -1.0
43094.26079130575, 116, -1.0
43095.190243329336, 36, 1.0
43095.97959089838, 35, -1.0
43096.757957385315, 75, -1.0
43097.62146961719, 66, -1.0
43099.76968888224, 151, -1.0
43100.800899314614, 142, -1.0
43100.955326088115, 107, 1.0
43102.612915916885, 64, -1.0
43103.640132350905, 146, 1.0
43103.92938757283, 100, -1.0
43105.551429885476, 67, 1.0
43106.41448234148, 169, -1.0
43106.53585126287, 148, 1.0
43106.771171152235, 59, 1.0
43108.462694929316, 193, -1.0
43108.65796180587, 81, -1.0
43112.85935129676, 142, -1.0
43113.161891198055, 126, -1.0
43113.43147908847, 167, -1.0
43113.61762892759, 86, -1.0
43114.130093285625, 76, 1.0
43114.19887248555, 75, 1.0
43116.54120921957, 101, 1.0
43118.57334949278, 119, -1.0
43121.081472517355, 116, 1.0
43122.4510175723, 119, -1.0
43123.94093519514, 114, -1.0
43123.985733144305, 75, 1.0
43124.14455031135, 119, -1.0
43124.57054815349, 152, -1.0
43125.79552688315, 87, -1.0
43126.252399735145, 159, -1.0
43129.41488432928, 105, 1.0
43131.88077479591, 177, -1.0
43133.090844434126, 159, -1.0
43136.212698895164, 122, -1.0
43138.163715246104, 133, 1.0
43138.17036843866, 81, -1.0
43138.324364912034, 126, 1.0
43138.40588540668, 163, -1.0
43138.50156496393, 53, -1.0
43139.22533977085, 45, -1.0
43140.61319515382, 116, 1.0
43142.50074393497, 75, 1.0
43143.000019489795, 154, -1.0
43143.01847802834, 90, 1.0
43145.413052159405, 58, 1.0
43146.26988585513, 34, -1.0
43146.659177836416, 137, 1.0
43147.38873699448, 235, 1.0
43147.46461549206, 80, -1.0
43147.976326729964, 45, 1.0
43148.0713851602, 138, -1.0
43153.50656356603, 66, 1.0
43153.6427507886, 114, 1.0
43154.7661204074, 107, 1.0
43155.58684298184, 48, -1.0
43156.22182832764, 94, -1.0
43156.42845458448, 29, -1.0
43156.9733971771, 27, -1.0
43160.627303944275, 44, -1.0
43161.45900072191, 102, -1.0
43162.88201160977, 67, -1.0
43163.70426912624, 29, -1.0
43165.256442034224, 148, -1.0
43165.32307604829, 242, -1.0
43165.650050101685, 88, -1.0
43168.017168915656, 114, -1.0
43170.423144599175, 102, -1.0
43170.58439119952, 59, 1.0
43171.08623451201, 114, 1.0
43171.80934302279, 75, 1.0
43171.828939287225, 114, 1.0
43172.07507133617, 44, -1.0
43172.77953248218, 105, -1.0
43172.91002438446, 35, 1.0
43173.34373459287, 84, 1.0
43174.56330708279, 147, -1.0
43175.2934948391, 122, 1.0
43175.97283032063, 202, -1.0
43176.43012278029, 151, -1.0
43176.545020646045, 40, 1.0
43177.00648858145, 154, -1.0
43177.30739879511, 164, 1.0
43178.19397357566, 67, -1.0
43179.15073738002, 97, -1.0
43180.836698131476, 154, -1.0
43181.90994260311, 141, 1.0
43183.04166405834, 182, 1.0
43183.444234685696, 87, -1.0
43183.497880300485, 104, 1.0
43191.37640811492, 101, 1.0
43192.47374045428, 146, 1.0
43193.89019421, 87, 1.0
43196.01302929071, 104, 1.0
43198.5903591592, 99, -1.0
43198.643536869495, 40, -1.0
