28800.792469198066, 182, -1.0
28800.829544847227, 163, 1.0
28802.71156494665, 42, -1.0
28803.075668300608, 169, 1.0
28804.452208670587, 35, -1.0
28807.082517425417, 80, -1.0
28809.97257441838, 43, -1.0
28810.39751539286, 71, -1.0
28811.83107251789, 103, 1.0
28818.97166191505, 123, 1.0
28821.898281782564, 137, -1.0
28823.97110832481, 68, -1.0
28824.4198639306, 60, -1.0
28824.97966439155, 34, -1.0
28826.448039034996, 97, -1.0
28829.330656196722, 177, -1.0
28832.830526666836, 41, -1.0
28837.84105183208, 123, -1.0
28841.62776031588, 141, 1.0
28844.462338380145, 120, -1.0
28851.426225036543, 52, 1.0
28853.349037537417, 64, -1.0
28855.352745939024, 166, 1.0
28855.812061551995, 90, -1.0
28855.97554334085, 228, -1.0
28856.964059627287, 123, -1.0
28859.7554392146, 173, -1.0
28861.000298977826, 70, -1.0
28865.608421296678, 230, 1.0
28867.865287436718, 44, -1.0
28867.885496551764, 92, -1.0
28868.56324386343, 29, 1.0
28868.944639378078, 35, 1.0
28870.916691421822, 93, -1.0
28873.00720350186, 146, -1.0
28875.92360896941, 158, 1.0
28880.534814263294, 29, 1.0
28881.695070592774, 188, -1.0
28885.60520987551, 104, 1.0
28890.00511460524, 106, -1.0
28891.61363943692, 41, -1.0
28893.74691230912, 34, 1.0
28896.01870755123, 148, -1.0
28898.677446873287, 89, 1.0
28900.332834193738, 40, 1.0
28900.334250524393, 95, -1.0
28900.950098257017, 50, -1.0
28906.623139448104, 87, 1.0
28907.074036237052, 169, 1.0
28907.94214339246, 69, 1.0
28910.214630227805, 152, -1.0
28911.228005803423, 182, 1.0
28912.558137512395, 64, -1.0
28912.946306914822, 85, -1.0
28913.35829388247, 98, -1.0
28914.9716650023, 67, 1.0
28915.716531548736, 64, -1.0
28916.2773043601, 35, 1.0
28921.237378397742, 76, -1.0
28922.68467460065, 103, 1.0
28929.382667879774, 94, -1.0
28932.668087305516, 92, -1.0
28933.050830062828, 151, -1.0
28933.38156769683, 234, 1.0
28934.730975461527, 141, -1.0
28939.754802073046, 142, 1.0
28943.373360441987, 75, 1.0
28944.01788921678, 152, -1.0
28946.82386303709, 35, -1.0
28947.58215714971, 81, 1.0
28948.06203195097, 165, -1.0
28952.585343198436, 34, 1.0
28954.39352042873, 71, 1.0
28956.20741816473, 109, 1.0
28957.249067516706, 105, 1.0
28960.773381119096, 99, -1.0
28963.317684130787, 154, 1.0
28965.225879786678, 65, 1.0
28967.10517428033, 85, -1.0
28967.64298738334, 169, 1.0
28968.566262251727, 173, -1.0
28968.570108343338, 81, 1.0
28969.8368183261, 40, 1.0
28971.271535848824, 110, 1.0
28972.024912217792, 58, -1.0
28972.77993614823, 110, -1.0
28973.044879611552, 105, 1.0
28977.816249272295, 142, -1.0
28979.669829457525, 97, -1.0
28980.255142180275, 158, -1.0
28981.872470462502, 73, 1.0
28982.00412064876, 86, 1.0
28982.911337379835, 99, 1.0
28985.135255385267, 83, 1.0
28985.89615350798, 129, 1.0
28988.083483734412, 105, 1.0
28990.762161008766, 130, -1.0
28992.150560407263, 182, 1.0
29000.269667990004, 149, 1.0
29003.820024423196, 73, 1.0
29005.0904620581, 50, -1.0
29005.226296299257, 99, 1.0
29008.81507945408, 87, -1.0
29010.590785137276, 83, -1.0
29011.52817587496, 193, -1.0
29011.80596898754, 34, -1.0
29019.589393271417, 95, -1.0
29020.044988717094, 84, 1.0
29020.865067200346, 54, -1.0
29021.1671667502, 90, 1.0
29021.65689706601, 235, 1.0
29022.01645168742, 133, -1.0
29022.07304949091, 33, -1.0
29024.334303526688, 152, 1.0
29024.806965466658, 59, 1.0
29025.35671657225, 34, 1.0
29030.207117832702, 152, -1.0
29035.203424120788, 105, 1.0
29036.553450218125, 98, -1.0
29037.065582508298, 181, -1.0
29042.55242141466, 98, -1.0
29045.669298668345, 133, 1.0
29045.84384287279, 100, -1.0
29047.04811394915, 100, -1.0
29048.536099700825, 103, 1.0
29048.781278998707, 162, 1.0
29049.427360337908, 26, 1.0
29049.722683384032, 163, -1.0
29050.361628578936, 37, -1.0
29050.92065983317, 27, -1.0
29051.617066397554, 67, 1.0
29052.046910638906, 165, -1.0
29054.493287152607, 59, 1.0
29058.40373542982, 67, 1.0
29059.31894121288, 241, 1.0
29059.76370892005, 104, 1.0
29061.57969867336, 59, 1.0
29063.669068221014, 123, 1.0
29066.037042379874, 198, -1.0
29067.460134331137, 158, -1.0
29067.729302047934, 99, 1.0
29072.474660446165, 149, -1.0
29075.281700906213, 182, 1.0
29075.49739634431, 230, -1.0
29075.726154657852, 164, -1.0
29076.990526169848, 163, -1.0
29079.531606638233, 111, -1.0
29081.60500386385, 48, -1.0
29083.794877599656, 163, -1.0
29090.13430397406, 120, -1.0
29097.515008468094, 137, 1.0
29097.661444084915, 45, -1.0
29101.903199769033, 164, -1.0
29101.98460917921, 235, 1.0
29102.710013718075, 99, -1.0
29104.28003414905, 133, -1.0
29104.604672075213, 177, -1.0
29106.1841501511, 152, -1.0
29108.41103045869, 83, 1.0
29109.714584159807, 53, 1.0
29111.820345521348, 28, -1.0
29111.829669632178, 45, -1.0
29115.304197145066, 112, -1.0
29116.560639776835, 26, -1.0
29116.855345634543, 50, -1.0
29128.235415605635, 114, 1.0
29134.298156497272, 76, -1.0
29134.61944618296, 147, -1.0
29136.905811328914, 99, -1.0
29137.508742161277, 76, -1.0
29138.622971914883, 235, 1.0
29138.90269871387, 169, 1.0
29139.69495514383, 68, 1.0
29141.202072676104, 27, 1.0
29144.700586201598, 155, 1.0
29147.031760915754, 83, -1.0
29147.117404152275, 158, -1.0
29149.669560780192, 103, 1.0
29155.435514619196, 142, -1.0
29157.159323911153, 53, -1.0
29158.71119774383, 114, 1.0
29160.489233465138, 53, -1.0
29165.168107256155, 46, -1.0
29172.02877442749, 58, -1.0
29172.754007381867, 241, 1.0
29172.763924079572, 241, 1.0
29174.062374650493, 154, -1.0
29174.406911409405, 53, -1.0
29175.72136990806, 87, -1.0
29175.817615267173, 50, -1.0
29176.906943389913, 146, -1.0
29177.11042465984, 202, -1.0
29179.68089958067, 106, -1.0
29181.426528362685, 35, 1.0
29188.576599109896, 80, -1.0
29189.95161317885, 164, -1.0
29192.128644286695, 27, -1.0
29193.928127522733, 51, -1.0
29194.709070184166, 105, -1.0
29195.66764613366, 90, -1.0
29196.52038754404, 230, 1.0
29197.137239786145, 171, -1.0
29197.271285733867, 100, 1.0
29199.624403669848, 28, -1.0
29202.162090462425, 148, -1.0
29202.88492519905, 116, -1.0
29208.093966606553, 34, 1.0
29208.551804592586, 34, -1.0
29212.04129298104, 101, 1.0
29215.558340796277, 177, -1.0
29219.48203196739, 82, -1.0
29222.080469746976, 83, 1.0
29222.167749706525, 62, -1.0
29225.89843969782, 75, -1.0
29230.990244290453, 198, -1.0
29231.877865487942, 182, 1.0
29233.892668223674, 58, -1.0
29236.06595828664, 109, 1.0
29236.58422141466, 90, 1.0
29237.144506924957, 165, 1.0
29239.78514590379, 69, -1.0
29240.227099538042, 146, 1.0
29240.96291808259, 39, -1.0
29241.2783999964, 114, -1.0
29243.26479989275, 152, 1.0
29249.706146059045, 88, -1.0
29249.7491541281, 40, -1.0
29249.868045916628, 73, 1.0
29251.188262963733, 91, -1.0
29252.95052752012, 165, -1.0
29255.33911601976, 107, -1.0
29255.695629280846, 235, -1.0
29259.496645711715, 26, -1.0
29259.68792427813, 42, -1.0
29263.079885919346, 233, 1.0
29267.271414184965, 129, -1.0
29267.652812740416, 105, 1.0
29274.220963852582, 123, -1.0
29274.608007547915, 36, -1.0
29276.43226007408, 45, 1.0
29277.478608833673, 164, -1.0
29279.24708565718, 141, 1.0
29281.86990336881, 165, -1.0
29283.46775566309, 163, 1.0
29284.150600341643, 67, 1.0
29287.513450667884, 126, 1.0
29290.20447758839, 164, 1.0
29291.2401474997, 100, 1.0
29292.45508925396, 126, 1.0
29294.19128756595, 241, 1.0
29296.409924825497, 74, -1.0
29304.007624027967, 105, 1.0
29304.32305862743, 35, -1.0
29304.607617483165, 114, -1.0
29305.19115285098, 152, -1.0
29307.064717600053, 114, 1.0
29318.840233159364, 72, -1.0
29321.69110260266, 34, -1.0
29322.813732774383, 26, -1.0
29323.83031953211, 59, -1.0
29332.17876103081, 163, -1.0
29333.93759079738, 99, -1.0
29335.358841347985, 148, 1.0
29335.368218490326, 163, 1.0
29335.62949923692, 142, 1.0
29335.75642106317, 169, 1.0
29336.266201401602, 67, 1.0
29336.650399233076, 94, -1.0
29337.28594913376, 44, 1.0
29337.843134410337, 162, -1.0
29340.21907829977, 75, 1.0
29340.701582811296, 141, 1.0
29349.00686090502, 165, -1.0
29352.25077736433, 173, 1.0
29358.971520225306, 86, -1.0
29361.06148265464, 119, 1.0
29363.761991146268, 98, -1.0
29364.368030243335, 65, -1.0
29367.168270387134, 65, 1.0
29367.25666551249, 141, -1.0
29367.926281524782, 75, -1.0
29371.90749277136, 27, -1.0
29374.26075739245, 28, -1.0
29374.57654234653, 230, -1.0
29374.84670725888, 71, 1.0
29375.318273128418, 58, -1.0
29376.425692381665, 45, -1.0
29377.07075854235, 155, 1.0
29377.884877789118, 60, -1.0
29378.253662258314, 40, -1.0
29380.066441791405, 66, 1.0
29383.778896394837, 45, 1.0
29384.882252220712, 26, -1.0
29387.573240002665, 72, -1.0
29390.17680238054, 88, -1.0
29392.534709709947, 230, 1.0
29394.738070938078, 141, 1.0
29395.955954461766, 230, -1.0
29397.552318025053, 65, 1.0
29401.085479791804, 165, -1.0
29403.038526413973, 35, 1.0
29405.50841588425, 169, 1.0
29408.083143615902, 95, -1.0
29408.816047814238, 75, 1.0
29410.615323770486, 66, 1.0
29414.1699143873, 94, -1.0
29415.690459519585, 149, -1.0
29415.846696940596, 148, -1.0
29419.510041900245, 81, -1.0
29420.630052160283, 69, 1.0
29420.90810481144, 35, -1.0
29425.278064165897, 26, -1.0
29426.89299102839, 28, -1.0
29431.956029567747, 76, -1.0
29438.754111864055, 59, -1.0
29438.919476716004, 114, -1.0
29442.5768041915, 59, 1.0
29443.439716661705, 171, 1.0
29444.047116846665, 58, -1.0
29444.536337988207, 230, -1.0
29449.03368165584, 100, -1.0
29450.30484888595, 157, -1.0
29451.545864596726, 81, -1.0
29455.706901562728, 107, -1.0
29456.666713533625, 84, -1.0
29457.90013849524, 74, -1.0
29459.337947769305, 123, 1.0
29459.426358597317, 71, -1.0
29462.27855616825, 105, 1.0
29468.638194302785, 98, -1.0
29469.070194151966, 39, -1.0
29472.693856920832, 123, -1.0
29476.530636476848, 101, 1.0
29480.023761771383, 76, -1.0
29480.259922405716, 161, -1.0
29480.38811421881, 146, 1.0
29482.695616916346, 66, 1.0
29483.0544107237, 173, 1.0
29483.388171547456, 153, -1.0
29484.084811134628, 53, 1.0
29485.573690428075, 59, 1.0
29486.55311854604, 222, -1.0
29494.676070543377, 63, 1.0
29496.990340981836, 116, 1.0
29498.197538861034, 70, 1.0
29498.791129703564, 122, -1.0
29501.267989932112, 109, 1.0
29501.946960388974, 142, -1.0
29502.591017529412, 100, -1.0
29504.409771192033, 107, -1.0
29506.680685348587, 164, -1.0
29507.757435157524, 81, 1.0
29508.283020582352, 64, -1.0
29510.78623121783, 164, -1.0
29511.47169199781, 75, 1.0
29512.40609964879, 163, -1.0
29513.45714894607, 28, 1.0
29514.366939645482, 102, -1.0
29514.678825977593, 148, -1.0
29516.075171228764, 75, -1.0
29516.821535513347, 146, -1.0
29519.29999510805, 69, 1.0
29520.621834313686, 80, 1.0
29529.59630054719, 99, -1.0
29532.55759366912, 114, 1.0
29533.18434509679, 105, 1.0
29537.72454567914, 59, -1.0
29542.00999764414, 162, 1.0
29542.809207121696, 142, -1.0
29545.394622799788, 235, 1.0
29545.877023420024, 155, -1.0
29546.758782140412, 141, 1.0
29548.676529451004, 141, 1.0
29548.951425587686, 120, 1.0
29552.14965642678, 164, 1.0
29554.972002619612, 161, 1.0
29558.61494542326, 63, -1.0
29560.105429122326, 94, -1.0
29561.198402925304, 90, -1.0
29561.934849652676, 40, 1.0
29563.928477098783, 93, -1.0
29570.517809027377, 106, 1.0
29570.93411634839, 58, -1.0
29571.041457780066, 50, -1.0
29571.34352511123, 100, 1.0
29573.779827975457, 230, 1.0
29575.30330473358, 28, -1.0
29577.925537551615, 163, -1.0
29580.141041943778, 100, 1.0
29581.12388282286, 45, -1.0
29582.528689906874, 202, -1.0
29586.931896727576, 76, -1.0
29591.208523882928, 42, -1.0
29591.401994559103, 100, -1.0
29593.91875447086, 36, 1.0
29598.156749759462, 27, -1.0
29598.815208497148, 122, -1.0
29601.66874653093, 48, 1.0
29603.528314488012, 163, 1.0
29608.043699862435, 26, -1.0
29608.64972208654, 90, -1.0
29610.416747502324, 101, 1.0
29613.161128074284, 87, -1.0
29613.617117150494, 141, 1.0
29614.135121137857, 92, -1.0
29615.245862810825, 114, -1.0
29621.44757791229, 120, 1.0
29621.74087794917, 41, 1.0
29625.504767963113, 142, -1.0
29625.63725207061, 154, 1.0
29626.224664190304, 81, 1.0
29628.663347405218, 165, -1.0
29629.408978289153, 92, 1.0
29632.69004586902, 193, 1.0
29634.63569451299, 163, -1.0
29634.751459548977, 167, -1.0
29639.382855036747, 44, -1.0
29642.854990173513, 101, 1.0
29643.281954610942, 142, 1.0
29644.15676472285, 34, -1.0
29654.55339079431, 63, -1.0
29657.422618876768, 141, -1.0
29660.036771584008, 68, -1.0
29664.416434019582, 160, 1.0
29665.644358029556, 27, 1.0
29668.07395962712, 116, 1.0
29674.000874301324, 70, 1.0
29678.555848441018, 202, 1.0
29684.1091375075, 71, -1.0
29686.234557161188, 163, -1.0
29686.75379906243, 235, 1.0
29691.04036422968, 45, 1.0
29693.222076256843, 152, -1.0
29697.197567544692, 158, -1.0
29697.464117705207, 114, 1.0
29697.784343103467, 234, -1.0
29700.780498480133, 64, -1.0
29702.00283434254, 40, 1.0
29702.023252282877, 44, -1.0
29702.272389071823, 114, -1.0
29702.785330500727, 27, -1.0
29703.676436953316, 75, 1.0
29706.75040996898, 28, -1.0
29707.636089362888, 35, -1.0
29709.550588948474, 146, 1.0
29712.02789537557, 137, 1.0
29717.49014428327, 148, -1.0
29721.546968004663, 65, 1.0
29722.686007514203, 101, 1.0
29723.417948820093, 146, -1.0
29724.100113816297, 142, 1.0
29725.092678296223, 138, -1.0
29726.17136733327, 106, -1.0
29729.53565542403, 119, 1.0
29730.386700167557, 94, -1.0
29732.30790276169, 234, 1.0
29733.1054374307, 58, -1.0
29737.121518745473, 44, -1.0
29739.61574531732, 153, 1.0
29739.77379098264, 45, 1.0
29743.325926803864, 84, -1.0
29743.343664972934, 82, -1.0
29746.984427015694, 142, 1.0
29750.12098132375, 111, -1.0
29754.02534523511, 40, 1.0
29757.95556951518, 56, 1.0
29759.320915823733, 169, 1.0
29759.666902371886, 80, -1.0
29760.841285524697, 75, 1.0
29760.96407171263, 58, -1.0
29762.96648818521, 98, -1.0
29763.031068428103, 159, -1.0
29767.06033116134, 76, -1.0
29769.560400969967, 99, -1.0
29769.683976882436, 158, 1.0
29771.120070944504, 154, 1.0
29772.982671444683, 83, -1.0
29774.630927711187, 63, -1.0
29775.09486071885, 67, 1.0
29776.23138788641, 72, 1.0
29776.480009089762, 88, -1.0
29776.718957663215, 169, 1.0
29781.047491557052, 123, -1.0
29781.086827948224, 67, 1.0
29782.020104482737, 54, 1.0
29785.21668356905, 193, -1.0
29785.421542863045, 67, 1.0
29787.000362203533, 120, -1.0
29787.804440622855, 58, -1.0
29788.75424038127, 100, -1.0
29789.814920380984, 152, -1.0
29791.52867307642, 141, 1.0
29794.97773231487, 141, 1.0
29795.623581245723, 75, 1.0
29797.386449542202, 123, -1.0
29799.571843124813, 103, 1.0
29799.959080453104, 71, -1.0
29807.200768543706, 26, -1.0
29807.85824862679, 116, -1.0
29809.699372928193, 67, 1.0
29810.2835347644, 42, -1.0
29811.170212958237, 169, 1.0
29811.810092383985, 120, -1.0
29812.80468578858, 87, 1.0
29815.403318057724, 137, -1.0
29819.34110090059, 87, 1.0
29820.329560750197, 40, 1.0
29822.130800176663, 110, 1.0
29822.418616379473, 84, -1.0
29824.209076980063, 56, 1.0
29827.890487776174, 202, -1.0
29828.90450964762, 59, 1.0
29829.17948887303, 28, -1.0
29830.401623069254, 230, 1.0
29831.713609666436, 40, -1.0
29838.53331749021, 76, -1.0
29848.142203385047, 86, -1.0
29848.94311737712, 29, 1.0
29849.589408018008, 173, -1.0
29850.4529903957, 98, -1.0
29851.45297727784, 72, 1.0
29853.416457389514, 81, -1.0
29854.062410362003, 96, 1.0
29856.922309454952, 165, -1.0
29858.21373950585, 173, -1.0
29858.745600853377, 84, -1.0
29859.832637786112, 91, -1.0
29861.140752411444, 56, 1.0
29863.54095682401, 146, -1.0
29863.739820917734, 163, 1.0
29865.145240090314, 35, -1.0
29868.41961029671, 105, -1.0
29869.63690977548, 45, 1.0
29871.529933798767, 73, 1.0
29872.342866302053, 42, -1.0
29872.657051635084, 117, -1.0
29878.809937703274, 233, 1.0
29878.929785506185, 149, -1.0
29879.291306697978, 169, 1.0
29884.12430233839, 40, -1.0
29884.204878182063, 142, 1.0
29885.003553632167, 58, 1.0
29885.60735521686, 90, -1.0
29888.795316484284, 157, 1.0
29890.012305625125, 114, -1.0
29892.718223735144, 58, -1.0
29892.977011219235, 133, 1.0
29893.414429274624, 153, -1.0
29893.720648969524, 163, 1.0
29894.265926349864, 147, -1.0
29896.185952474876, 98, -1.0
29896.2312399168, 116, 1.0
29896.332336242896, 163, -1.0
29896.89169819571, 164, -1.0
29897.224075884198, 99, 1.0
29902.06182142159, 97, 1.0
29903.10189916839, 95, -1.0
29905.04336303543, 198, -1.0
29905.366733382678, 87, -1.0
29907.265938536042, 92, 1.0
29907.542316561437, 141, 1.0
29909.08338636505, 124, 1.0
29909.919821731095, 157, -1.0
29910.86694751047, 112, 1.0
29913.085047062836, 50, -1.0
29915.342095499498, 58, -1.0
29915.61988802228, 40, 1.0
29916.109565670533, 98, 1.0
29917.1673613143, 152, -1.0
29917.337693817317, 146, -1.0
29919.682179481108, 152, 1.0
29920.81414332372, 146, -1.0
29922.789908966803, 146, -1.0
29925.197950701364, 88, -1.0
29929.458032418745, 64, -1.0
29931.317560654672, 193, -1.0
29932.51013861579, 149, -1.0
29932.914584655697, 53, -1.0
29936.61614716032, 51, -1.0
29936.784761228868, 152, -1.0
29938.091727513878, 60, 1.0
29938.823393700153, 40, -1.0
29939.673160676197, 152, 1.0
29944.355315596902, 162, -1.0
29945.12961261977, 58, -1.0
29945.632640117583, 181, -1.0
29946.5524234012, 97, -1.0
29948.30332557395, 122, -1.0
29955.150384422257, 48, 1.0
29966.6565376547, 109, 1.0
29966.820142072324, 177, -1.0
29973.078007594067, 73, -1.0
29976.98971210966, 88, -1.0
29978.74765765317, 88, 1.0
29979.37818709259, 233, -1.0
29983.699565411476, 86, -1.0
29989.341349312595, 59, 1.0
29991.977520136672, 160, -1.0
29993.920265486922, 40, 1.0
29996.191581715102, 67, 1.0
29996.516083432158, 88, -1.0
29996.723044944945, 168, -1.0
29997.60108192201, 114, 1.0
30003.617134179265, 53, 1.0
30007.7687130151, 60, -1.0
30009.213465070476, 165, -1.0
30014.095742179667, 122, -1.0
30015.00518893923, 97, 1.0
30016.126526919055, 35, -1.0
30020.09865125703, 86, -1.0
30022.160605374578, 123, -1.0
30025.414547539076, 37, -1.0
30025.458869815855, 165, 1.0
30025.99514822696, 88, -1.0
30026.00001704693, 29, 1.0
30028.337566213657, 119, 1.0
30029.529745025953, 158, -1.0
30031.63683347398, 116, 1.0
30033.537743131088, 164, 1.0
30037.48758171293, 149, -1.0
30039.552307707247, 105, 1.0
30040.38664706183, 53, 1.0
30040.732872301363, 148, -1.0
30041.494616636057, 100, -1.0
30043.07270453529, 126, 1.0
30046.71090638314, 120, -1.0
30050.557884864138, 86, -1.0
30051.433677946072, 40, -1.0
30052.14696142359, 106, -1.0
30052.85846255731, 114, -1.0
30055.336013599546, 158, -1.0
30056.13275969229, 71, -1.0
30058.179087278375, 34, -1.0
30061.74790571431, 114, -1.0
30062.398316831004, 103, 1.0
30062.618895050306, 165, 1.0
30064.417386441703, 100, 1.0
30066.74419426589, 58, 1.0
30069.42800878857, 34, -1.0
30071.15794657116, 88, -1.0
30075.04222753426, 55, 1.0
30075.86084074293, 114, 1.0
30076.06478808188, 155, -1.0
30077.139533517053, 58, 1.0
30080.774010304878, 28, -1.0
30080.947505906996, 182, -1.0
30082.394798289424, 177, -1.0
30082.78082620507, 59, -1.0
30084.320078770375, 68, 1.0
30089.816057182143, 27, -1.0
30090.11025692536, 58, 1.0
30090.719564646046, 28, -1.0
30091.129689547553, 106, -1.0
30094.48670370448, 111, -1.0
30098.234670307153, 105, 1.0
30098.393797704062, 167, 1.0
30100.673987759666, 114, 1.0
30100.895102319726, 88, -1.0
30104.725975743335, 163, 1.0
30104.87474432608, 123, -1.0
30105.320119921038, 69, 1.0
30105.567401485954, 81, -1.0
30106.589648613666, 103, 1.0
30107.689708114158, 119, 1.0
30107.77856799438, 94, -1.0
30111.31531829469, 59, -1.0
30112.097637270454, 40, -1.0
30115.719211213596, 105, -1.0
30117.86373647527, 146, -1.0
30118.64148681826, 169, 1.0
30120.029350932546, 235, 1.0
30120.069961830424, 95, 1.0
30125.96857909774, 31, -1.0
30126.18191474721, 165, -1.0
30128.97114489024, 180, 1.0
30133.06149135445, 99, 1.0
30133.52997654484, 64, -1.0
30133.763592640644, 67, 1.0
30133.77862848844, 92, -1.0
30133.932851218287, 165, -1.0
30136.06112827835, 43, 1.0
30140.771337560844, 117, -1.0
30144.282972990357, 90, -1.0
30146.13563505086, 58, 1.0
30146.26566599198, 31, 1.0
30146.329173236143, 113, -1.0
30147.10165771304, 57, -1.0
30148.893412240745, 43, -1.0
30148.973796132024, 52, -1.0
30150.615849976773, 142, 1.0
30151.839650481186, 84, -1.0
30152.58763668162, 163, -1.0
30153.053347495545, 113, -1.0
30153.801213068127, 146, -1.0
30154.04668331807, 228, -1.0
30154.809802503438, 83, -1.0
30157.356352935545, 193, -1.0
30158.402578093468, 87, -1.0
30159.314401898926, 169, 1.0
30160.09000320855, 91, 1.0
30161.0612474805, 104, 1.0
30162.434834540294, 188, -1.0
30164.03947839657, 193, -1.0
30164.448043468044, 103, 1.0
30165.800312094736, 50, -1.0
30166.744480984373, 157, -1.0
30172.981219891695, 164, -1.0
30173.490570593767, 90, -1.0
30173.58166243592, 105, -1.0
30174.117378010393, 76, -1.0
30180.993017598554, 40, 1.0
30181.67068359746, 45, -1.0
30182.904512025045, 40, 1.0
30185.475737833982, 230, -1.0
30185.511025534288, 41, -1.0
30186.342024032834, 113, 1.0
30194.87494478598, 76, 1.0
30198.889185862612, 139, 1.0
30202.404318011188, 114, -1.0
30210.540541227027, 44, -1.0
30214.09307726047, 42, -1.0
30214.29903002488, 69, -1.0
30214.663323714398, 235, -1.0
30219.009178437627, 72, 1.0
30219.658939705343, 92, -1.0
30221.916622902383, 101, 1.0
30222.528068037074, 157, 1.0
30222.57507217773, 59, -1.0
30223.73665474705, 86, -1.0
30226.20489737039, 126, 1.0
30229.36765321148, 160, -1.0
30230.032883318447, 152, -1.0
30230.787662240924, 123, -1.0
30233.1474194814, 105, 1.0
30241.05376380007, 80, -1.0
30241.471234667988, 133, -1.0
30241.961033739775, 97, -1.0
30247.088404819457, 86, -1.0
30247.96624276236, 101, -1.0
30250.313043946127, 75, -1.0
30251.231936752258, 35, 1.0
30254.04373866052, 40, 1.0
30254.709618670535, 71, 1.0
30255.896583857655, 117, -1.0
30256.27116952764, 161, 1.0
30256.963385387447, 39, -1.0
30259.774195235743, 34, -1.0
30263.869379316195, 76, 1.0
30263.970643455763, 40, 1.0
30264.961733385575, 193, -1.0
30269.14838985115, 40, -1.0
30269.730366103606, 61, 1.0
30271.006465482184, 114, -1.0
30273.32882521167, 130, -1.0
30274.03924188058, 87, -1.0
30275.41513130533, 81, 1.0
30276.03538137114, 28, -1.0
30279.180370003713, 95, 1.0
30280.685673628148, 168, 1.0
30283.396257529464, 162, 1.0
30283.81980350493, 101, 1.0
30284.904567274403, 40, -1.0
30287.406956985247, 158, -1.0
30288.22239978857, 97, -1.0
30288.375713495516, 142, 1.0
30292.40402202693, 109, 1.0
30293.61355441362, 93, -1.0
30304.549762842587, 69, 1.0
30305.23100816221, 162, -1.0
30306.849981141153, 58, -1.0
30308.624584796722, 105, 1.0
30310.118373501937, 164, -1.0
30311.48123208396, 160, -1.0
30314.739919202413, 101, -1.0
30315.479023218148, 75, -1.0
30319.769173388588, 198, -1.0
30322.519584947928, 56, -1.0
30322.53544061362, 87, 1.0
30322.67306702057, 164, -1.0
30324.496778002314, 103, 1.0
30324.682256041335, 81, -1.0
30328.462183112562, 117, 1.0
30328.66034484429, 100, 1.0
30336.11278392491, 34, -1.0
30340.301005359663, 149, 1.0
30340.969523093594, 74, 1.0
30342.061143348536, 114, 1.0
30343.377616911708, 39, -1.0
30343.817857249767, 84, -1.0
30345.21978622642, 102, 1.0
30348.78643031989, 234, 1.0
30349.124756746867, 122, -1.0
30349.37716852653, 173, 1.0
30350.980571993816, 123, -1.0
30351.26509219048, 103, -1.0
30351.687835107754, 76, -1.0
30352.57617269573, 230, -1.0
30355.82938877685, 159, -1.0
30355.88919551169, 150, -1.0
30356.86470192825, 58, 1.0
30357.804992909798, 39, -1.0
30358.37545129424, 169, 1.0
30358.82633460546, 67, 1.0
30361.898469865766, 86, -1.0
30362.667145317213, 146, 1.0
30363.984086014596, 235, 1.0
30364.02813504381, 222, -1.0
30364.236279365017, 81, 1.0
30367.830696803074, 26, -1.0
30368.370256107042, 177, -1.0
30370.2460022815, 149, -1.0
30370.386450522707, 36, 1.0
30371.725609686753, 162, -1.0
30372.744346896154, 141, -1.0
30373.260333751183, 112, -1.0
30373.65654666805, 109, 1.0
30373.917727907647, 161, 1.0
30375.3863290109, 75, 1.0
30377.97518286981, 67, 1.0
30379.57778485318, 72, 1.0
30385.340229417994, 122, -1.0
30385.831916429455, 48, -1.0
30387.026284400243, 94, -1.0
30389.78131944102, 114, -1.0
30390.81966081861, 165, 1.0
30395.980707351235, 27, -1.0
30398.213941250124, 76, -1.0
30400.570399404616, 129, -1.0
30407.800181123555, 126, 1.0
30409.647216203797, 40, 1.0
30412.15482709983, 123, 1.0
30412.646601335626, 59, -1.0
30414.504126001226, 158, -1.0
30415.407845777823, 169, 1.0
30415.72574278838, 146, -1.0
30415.844808629197, 163, -1.0
30418.175619495756, 92, -1.0
30418.93645505066, 152, 1.0
30419.7368506734, 73, -1.0
30423.622745210625, 99, -1.0
30426.56368008587, 105, 1.0
30432.718676858964, 160, -1.0
30433.124323056505, 40, 1.0
30438.901284006573, 116, 1.0
30438.972780938093, 31, -1.0
30440.38912865437, 128, -1.0
30440.76133617698, 152, -1.0
30441.171109185492, 169, 1.0
30441.53152329167, 67, -1.0
30441.599175244548, 99, -1.0
30444.036464355988, 74, 1.0
30447.71626367452, 60, -1.0
30450.78835095356, 81, -1.0
30450.91301349456, 62, -1.0
30451.306741906857, 230, 1.0
30456.395026290313, 58, 1.0
30456.8869314017, 126, 1.0
30457.95105463844, 92, -1.0
30464.066255881815, 35, -1.0
30465.746546028626, 67, 1.0
30466.267343430194, 165, -1.0
30466.391820884026, 123, 1.0
30467.942231430672, 105, -1.0
30470.08639332923, 171, -1.0
30486.294891985923, 169, 1.0
30488.207316465105, 181, -1.0
30492.30096118715, 158, -1.0
30494.13498970749, 164, -1.0
30495.304430079806, 75, 1.0
30498.72582287227, 80, 1.0
30503.049946817267, 72, 1.0
30504.445733528682, 75, 1.0
30506.311436429507, 133, 1.0
30509.99131831561, 40, 1.0
30510.85253614677, 233, 1.0
30513.242369478343, 107, -1.0
30515.404877251567, 163, -1.0
30515.412200220853, 148, -1.0
30516.48080176788, 35, -1.0
30517.397200567182, 111, -1.0
30522.81296479504, 60, -1.0
30524.414817006007, 92, -1.0
30526.145161525586, 148, 1.0
30526.21848252543, 141, 1.0
30527.008171460664, 158, -1.0
30527.76887940669, 148, -1.0
30528.355104215352, 148, 1.0
30528.431241458267, 142, 1.0
30529.45716837941, 162, -1.0
30531.19015428243, 58, -1.0
30534.978853236687, 123, 1.0
30535.508018087225, 152, 1.0
30538.155234420257, 71, 1.0
30538.551209041274, 111, -1.0
30544.819204565294, 160, -1.0
30548.384763651706, 165, -1.0
30552.964372704515, 95, 1.0
30556.015084567018, 233, -1.0
30556.884657497605, 72, 1.0
30557.326656186586, 146, -1.0
30558.24631049549, 111, -1.0
30562.40808686478, 50, -1.0
30562.994860030518, 72, 1.0
30563.249678342396, 155, -1.0
30564.59870005597, 126, 1.0
30568.35851288817, 83, -1.0
30576.012529462914, 164, 1.0
30579.52547513746, 97, -1.0
30586.6298984083, 40, 1.0
30588.230145163725, 71, -1.0
30589.14387044403, 36, -1.0
30589.18263996135, 148, -1.0
30590.524783993176, 173, -1.0
30590.98918248438, 152, 1.0
30592.594713691688, 141, -1.0
30595.54206675748, 180, -1.0
30595.564606351938, 93, -1.0
30598.159863847926, 69, -1.0
30598.733126667637, 68, 1.0
30600.857921435436, 42, -1.0
30603.121316607816, 83, -1.0
30604.242494674676, 139, -1.0
30605.357252314647, 76, -1.0
30606.102268952865, 67, 1.0
30606.401174952483, 63, 1.0
30607.743048271594, 95, -1.0
30613.491808619467, 177, -1.0
30617.001369476904, 59, 1.0
30617.93343501121, 114, -1.0
30621.591750171527, 102, -1.0
30622.62474387794, 43, -1.0
30622.738793566128, 34, 1.0
30626.95240044365, 198, -1.0
30627.604498365115, 76, 1.0
30630.899269794347, 39, 1.0
30633.298662581976, 95, 1.0
30636.2275814866, 76, 1.0
30639.963747013684, 152, -1.0
30640.436414971507, 235, 1.0
30641.859471856435, 45, 1.0
30641.948044963137, 71, 1.0
30642.040577449512, 59, 1.0
30643.235459512376, 165, -1.0
30643.898095715707, 182, -1.0
30649.38883507847, 141, 1.0
30649.422366827486, 68, -1.0
30649.491079146108, 98, -1.0
30653.950390223647, 142, -1.0
30656.316574394656, 80, -1.0
30657.086072786427, 33, -1.0
30659.963317531394, 138, 1.0
30660.00741944246, 165, -1.0
30664.32486740457, 76, -1.0
30664.904721843362, 82, 1.0
30667.148474715792, 109, -1.0
30670.20478319371, 165, -1.0
30674.509776952047, 83, -1.0
30677.645627165017, 169, 1.0
30679.212250451033, 128, -1.0
30680.104837357638, 92, -1.0
30682.293801822896, 73, 1.0
30683.538406094463, 64, -1.0
30687.95108267669, 105, -1.0
30691.65512966597, 28, -1.0
30692.57317508547, 94, -1.0
30696.989165103823, 119, 1.0
30697.094907876563, 133, -1.0
30701.535130961813, 71, 1.0
30701.64097491987, 69, 1.0
30704.524870387802, 142, -1.0
30705.2864851533, 167, 1.0
30706.635923356924, 188, 1.0
30706.78515433622, 58, -1.0
30707.06760739239, 57, -1.0
30709.779344752023, 76, -1.0
30710.461251380773, 114, -1.0
30712.558669165905, 122, -1.0
30712.761442752955, 40, 1.0
30714.36726223123, 198, 1.0
30715.29229766762, 59, -1.0
30716.625079571917, 105, -1.0
30717.68713556916, 141, -1.0
30721.757354659854, 68, -1.0
30725.791820130893, 153, 1.0
30726.354663518352, 162, 1.0
30728.806662290386, 142, -1.0
30732.1984909142, 67, 1.0
30735.821913729404, 69, -1.0
30735.838785523363, 59, -1.0
30736.633549046906, 100, -1.0
30737.256237423513, 72, -1.0
30740.466404196046, 36, 1.0
30741.07618808181, 69, 1.0
30743.29098753538, 27, -1.0
30743.92138116974, 233, -1.0
30744.17870318905, 170, -1.0
30744.269479533068, 50, -1.0
30745.436219370247, 67, 1.0
30745.880056954145, 100, 1.0
30746.221013180035, 58, -1.0
30747.03369429315, 71, 1.0
30747.092656191533, 98, -1.0
30749.754209330524, 153, 1.0
30754.93149072024, 103, 1.0
30754.95937247013, 86, 1.0
30758.237670705523, 42, -1.0
30761.587034524193, 58, 1.0
30762.450783092405, 155, -1.0
30764.30521745559, 75, 1.0
30767.829475224866, 105, 1.0
30770.45428190221, 70, 1.0
30770.644054506578, 110, -1.0
30773.777234713558, 146, 1.0
30775.06236419298, 141, 1.0
30775.889249490414, 33, -1.0
30778.903610368292, 69, -1.0
30779.11010960623, 98, -1.0
30779.42448692322, 164, 1.0
30780.156755945205, 41, 1.0
30780.31425425967, 123, 1.0
30780.35938171237, 101, -1.0
30783.38770986549, 48, 1.0
30785.073131210673, 86, -1.0
30788.477226344854, 75, 1.0
30788.53836509064, 169, 1.0
30794.432134486764, 97, -1.0
30795.508736922413, 112, -1.0
30796.225449306752, 118, 1.0
30797.173278563565, 114, -1.0
30804.28792558097, 165, 1.0
30806.322106504176, 28, -1.0
30807.34733428291, 80, 1.0
30807.735397543736, 234, 1.0
30808.987050530523, 114, 1.0
30809.74345680251, 64, -1.0
30810.80755085166, 53, 1.0
30811.273506326328, 28, 1.0
30813.12579576868, 34, 1.0
30818.689064582428, 151, -1.0
30825.107874537767, 97, -1.0
30826.18163842784, 230, 1.0
30826.85610900778, 62, -1.0
30826.90484194349, 137, 1.0
30827.4553259595, 167, -1.0
30829.11337040425, 126, 1.0
30830.80889383273, 155, 1.0
30832.682991150723, 139, 1.0
30840.485343335342, 114, 1.0
30843.040119919093, 152, -1.0
30845.371489643832, 34, -1.0
30846.141478019705, 105, -1.0
30847.390656345146, 63, -1.0
30850.50767021609, 109, 1.0
30851.149377657133, 95, -1.0
30852.34351516021, 169, 1.0
30852.441658628868, 68, -1.0
30853.59934457301, 75, 1.0
30855.16625056187, 80, -1.0
30856.910068716745, 45, -1.0
30858.560214286576, 161, 1.0
30859.023780559175, 48, 1.0
30860.43338497101, 103, 1.0
30863.574240870832, 50, 1.0
30864.445489337977, 114, -1.0
30866.20286160635, 106, 1.0
30866.29358657873, 234, 1.0
30867.990014201, 63, 1.0
30872.6479431527, 45, -1.0
30877.524128354857, 101, -1.0
30881.27861731248, 64, -1.0
30882.830451953898, 163, -1.0
30885.072921130064, 80, -1.0
30885.774181449346, 87, 1.0
30894.99438111931, 104, 1.0
30895.9007067444, 81, -1.0
30898.05705752655, 129, -1.0
30898.932667019504, 74, 1.0
30899.028430062714, 45, -1.0
30899.851174893607, 75, 1.0
30899.870545241247, 153, 1.0
30904.145523925945, 82, -1.0
30905.42151596626, 87, -1.0
30910.60721578155, 114, -1.0
30911.786465280016, 54, -1.0
30915.538476396876, 45, 1.0
30916.361705547664, 56, 1.0
30916.54394781332, 62, 1.0
30917.12962007016, 69, 1.0
30917.23526750488, 104, 1.0
30917.278088032246, 71, 1.0
30918.001960077196, 34, -1.0
30921.30264590696, 165, -1.0
30926.370425424822, 147, -1.0
30928.1425707332, 146, -1.0
30930.33382346341, 230, 1.0
30932.611042681066, 62, -1.0
30932.741102300566, 116, 1.0
30935.530127426566, 142, 1.0
30936.10630578811, 69, -1.0
30937.42254724132, 97, -1.0
30938.5394436796, 95, -1.0
30939.294846495148, 91, -1.0
30946.3867737737, 233, 1.0
30946.449043031065, 103, 1.0
30949.87956222555, 116, 1.0
30950.898304447135, 75, -1.0
30954.266238451273, 100, -1.0
30955.095743990456, 62, -1.0
30964.35383212523, 142, -1.0
30965.089256349467, 149, -1.0
30966.762350965735, 39, -1.0
30967.477342502043, 162, 1.0
30967.520595620164, 27, -1.0
30968.260367997435, 222, -1.0
30968.57514068245, 154, 1.0
30969.631564599462, 165, -1.0
30971.50422167767, 187, 1.0
30972.888433154505, 50, -1.0
30973.283213528153, 40, -1.0
30975.230426035992, 182, 1.0
30976.497866160855, 114, -1.0
30978.55124202271, 122, -1.0
30986.755066917896, 158, -1.0
30987.49519255559, 80, -1.0
30987.649072810636, 95, 1.0
30990.053301926775, 126, 1.0
30990.95034206596, 116, 1.0
30991.487315627204, 113, 1.0
30991.8632139095, 34, -1.0
30993.218469283885, 169, 1.0
30998.91415996128, 158, -1.0
31002.540591308054, 73, -1.0
31003.471976060795, 75, 1.0
31003.722288633402, 58, -1.0
31005.72940250471, 41, -1.0
31007.80165648884, 109, 1.0
31009.77973601727, 106, -1.0
31011.430623272678, 193, 1.0
31014.603207759308, 234, 1.0
31014.77752732143, 62, -1.0
31015.02498410616, 133, -1.0
31018.558961095965, 83, -1.0
31020.722792413842, 67, 1.0
31023.1882684939, 173, -1.0
31023.44488671051, 50, 1.0
31025.7240792719, 71, 1.0
31027.538435382106, 148, -1.0
31031.75455236333, 101, 1.0
31032.69626351688, 142, 1.0
31035.298236345152, 154, -1.0
31036.006196860064, 193, -1.0
31037.717688410252, 70, 1.0
31039.33393909198, 82, -1.0
31040.368816611888, 72, 1.0
31042.900284021383, 57, 1.0
31045.77215817892, 154, -1.0
31049.3089451327, 101, -1.0
31053.46889797948, 139, 1.0
31053.627006437247, 84, -1.0
31055.82769042466, 80, -1.0
31056.018658290934, 40, 1.0
31057.873890394334, 86, -1.0
31059.18267259813, 230, 1.0
31060.94475912767, 58, -1.0
31062.29040746119, 230, -1.0
31063.345541682596, 123, 1.0
31063.716888215404, 159, -1.0
31066.608046539077, 167, 1.0
31066.900790551947, 67, -1.0
31067.37634330347, 75, 1.0
31067.555161276607, 116, 1.0
31067.77960358008, 103, 1.0
31067.786260545552, 44, -1.0
31068.97241330539, 99, -1.0
31079.39793044223, 39, 1.0
31080.2295058218, 97, -1.0
31084.822599344945, 81, 1.0
31087.735592904228, 28, -1.0
31090.159205564727, 114, -1.0
31090.47063966315, 142, 1.0
31091.732613000935, 114, -1.0
31106.36118952092, 41, -1.0
31106.611009177752, 75, 1.0
31112.087098098593, 101, 1.0
31113.16732489024, 68, -1.0
31114.691394328234, 160, -1.0
31116.41852575172, 152, -1.0
31120.00988852193, 182, 1.0
31121.105781045175, 233, 1.0
31123.36532960811, 40, 1.0
31124.293914815564, 160, -1.0
31126.582967085124, 105, -1.0
31129.338053033793, 86, -1.0
31130.3261452194, 98, -1.0
31131.145057782713, 182, 1.0
31133.67455851641, 42, -1.0
31135.14904191031, 82, -1.0
31140.64604444283, 160, -1.0
31141.612917048413, 163, 1.0
31142.787721987464, 162, -1.0
31144.8036061289, 162, -1.0
31146.41964921233, 40, 1.0
31147.051056172662, 169, 1.0
31147.27402678198, 169, 1.0
31150.211005812576, 114, -1.0
31150.513820670563, 116, 1.0
31154.050561417294, 105, -1.0
31154.24046130629, 67, 1.0
31154.98971110083, 163, 1.0
31157.256497595903, 45, -1.0
31158.589878973704, 173, -1.0
31161.82676476011, 105, 1.0
31163.225040936155, 68, -1.0
31163.92469879169, 113, -1.0
31166.189957531125, 101, 1.0
31167.136636526488, 162, 1.0
31169.7357459512, 45, -1.0
31170.68522333258, 75, 1.0
31173.560625595775, 50, 1.0
31173.562160808146, 97, 1.0
31174.202213496654, 73, -1.0
31174.76958194383, 113, -1.0
31176.215002547564, 162, -1.0
31177.935793268145, 87, -1.0
31178.62689936438, 116, 1.0
31183.515955587267, 106, -1.0
31184.863113169034, 228, -1.0
31185.16473689062, 106, -1.0
31195.823076593268, 169, -1.0
31196.31652743772, 137, -1.0
31196.925643705275, 148, -1.0
31197.84457871244, 69, 1.0
31197.901980321847, 70, 1.0
31204.435068473733, 105, 1.0
31204.9178175789, 92, -1.0
31207.45653410848, 230, 1.0
31208.484669446792, 111, -1.0
31210.41599041506, 103, 1.0
31211.082048011525, 114, -1.0
31212.939499468783, 95, -1.0
31214.50240356892, 169, 1.0
31214.606324523345, 119, 1.0
31215.304922294177, 173, -1.0
31216.177733501932, 101, -1.0
31226.328909473097, 97, -1.0
31227.138197963086, 52, -1.0
31227.693192550447, 39, -1.0
31228.179657248424, 163, 1.0
31229.29751158173, 61, -1.0
31232.522003199403, 114, 1.0
31233.08485650976, 74, -1.0
31233.104695132894, 149, -1.0
31234.242108602248, 157, -1.0
31239.244936959083, 74, -1.0
31239.717561381112, 147, -1.0
31242.247076530515, 146, -1.0
31245.10020572264, 69, 1.0
31248.40850779495, 51, -1.0
31249.92515410096, 36, 1.0
31255.78368174373, 34, -1.0
31256.16887408348, 81, -1.0
31260.8096269836, 141, 1.0
31269.731334346063, 198, 1.0
31269.83674646856, 76, -1.0
31270.496794162624, 233, 1.0
31271.744682797882, 146, -1.0
31275.812293996565, 137, 1.0
31281.158421247474, 193, -1.0
31284.500230514674, 116, 1.0
31285.343235289653, 67, 1.0
31286.0838461438, 207, -1.0
31286.526551517814, 52, -1.0
31286.63542256336, 235, -1.0
31286.964479170496, 180, -1.0
31291.742637198953, 33, 1.0
31291.79261339665, 114, -1.0
31292.227455661756, 75, 1.0
31292.34233631547, 114, 1.0
31294.846785273294, 180, -1.0
31297.158263857935, 165, 1.0
31297.983979386743, 61, -1.0
31301.258952365344, 70, -1.0
31301.456925126506, 162, -1.0
31302.53431993411, 148, -1.0
31302.92907384917, 28, 1.0
31302.995336991415, 198, 1.0
31303.893826096828, 35, 1.0
31306.13682213991, 40, 1.0
31306.79633879521, 142, -1.0
31308.360171492808, 158, 1.0
31309.50814708641, 126, 1.0
31310.465477301925, 230, -1.0
31313.451697526376, 64, -1.0
31317.796188883043, 75, -1.0
31318.01119244071, 58, -1.0
31323.061956266545, 146, 1.0
31325.430492235097, 68, 1.0
31328.672132321295, 164, -1.0
31329.680547879383, 180, 1.0
31329.69931015287, 80, -1.0
31332.502873511286, 91, -1.0
31334.73586334861, 152, 1.0
31337.209120432413, 164, -1.0
31337.344722851554, 164, 1.0
31338.79627292948, 97, 1.0
31338.86557398049, 126, 1.0
31340.27106588566, 171, -1.0
31342.006966937555, 123, -1.0
31348.679601093638, 90, -1.0
31349.543999478497, 66, 1.0
31353.25566472592, 99, 1.0
31354.237601878707, 102, 1.0
31363.747667150004, 100, -1.0
31367.6143201305, 76, -1.0
31370.8043786157, 92, -1.0
31377.466333254313, 124, 1.0
31379.531704880934, 65, 1.0
31384.587441215015, 188, 1.0
31385.04055961015, 137, -1.0
31386.016302739972, 97, -1.0
31387.856493670857, 152, 1.0
31391.349209732376, 44, -1.0
31396.763588320493, 69, 1.0
31400.312785464597, 114, -1.0
31405.23941013132, 161, -1.0
31405.469653015774, 42, -1.0
31405.65862341647, 152, 1.0
31406.20217035896, 97, -1.0
31407.4351720839, 165, -1.0
31408.38809702481, 163, -1.0
31409.04972747919, 92, 1.0
31409.26490596631, 114, -1.0
31410.333896821674, 105, -1.0
31413.202246421784, 116, 1.0
31414.577908031475, 169, 1.0
31415.877208147245, 48, -1.0
31419.52333835553, 117, -1.0
31421.6650403465, 114, -1.0
31422.404415815443, 187, 1.0
31424.041792861164, 128, -1.0
31425.62116918682, 59, 1.0
31427.93442881597, 146, 1.0
31428.22664125813, 169, 1.0
31431.82179168141, 148, -1.0
31432.128511783092, 173, -1.0
31432.729460898823, 76, -1.0
31433.622414613663, 148, -1.0
31434.16342650333, 120, -1.0
31434.251541384525, 105, 1.0
31436.74607520057, 165, -1.0
31440.367870623795, 76, -1.0
31442.456609556655, 162, -1.0
31444.526002366645, 122, -1.0
31446.044361566946, 146, 1.0
31447.609748623283, 159, -1.0
31450.0773774538, 158, -1.0
31450.791954035674, 52, -1.0
31455.795811795655, 126, 1.0
31456.543626639097, 76, -1.0
31457.16935791747, 162, -1.0
31458.237161143767, 182, -1.0
31458.323547827902, 63, 1.0
31462.4959094126, 35, -1.0
31463.190599812435, 28, -1.0
31465.006190299315, 68, -1.0
31473.551627863413, 155, -1.0
31476.362087106092, 113, -1.0
31478.455978010275, 59, -1.0
31480.551137107155, 177, -1.0
31480.763294056218, 100, -1.0
31481.414059583978, 163, 1.0
31482.771907395065, 53, -1.0
31483.07434782933, 126, 1.0
31483.902121635387, 233, 1.0
31484.172644765124, 106, 1.0
31488.0995260416, 109, -1.0
31489.63947133989, 75, 1.0
31490.847317740474, 133, 1.0
31492.331989590555, 87, -1.0
31492.969401640694, 222, -1.0
31493.03201663403, 72, 1.0
31493.90948915971, 34, -1.0
31495.190688683073, 154, -1.0
31495.200710331203, 116, 1.0
31500.387860501207, 34, -1.0
31500.574248570767, 148, -1.0
31501.374930423022, 87, 1.0
31502.95761721027, 39, -1.0
31503.67623747036, 81, 1.0
31504.566310594586, 58, -1.0
31505.073935409175, 109, -1.0
31507.261115469715, 230, 1.0
31508.072286794508, 50, -1.0
31513.977934049308, 141, -1.0
31515.856513306557, 76, -1.0
31516.596380252435, 188, -1.0
31520.104997236187, 80, 1.0
31522.16538809888, 58, -1.0
31524.071283798545, 168, 1.0
31524.247576350605, 228, -1.0
31525.54758416742, 45, -1.0
31527.09473402669, 123, -1.0
31530.07040479596, 63, 1.0
31531.73894323568, 60, 1.0
31531.78497005461, 40, 1.0
31535.921374108708, 97, -1.0
31540.341485632376, 130, 1.0
31540.869016660232, 120, 1.0
31546.270319370633, 152, -1.0
31548.53111699855, 83, 1.0
31550.59893234817, 34, -1.0
31557.346841635044, 165, -1.0
31558.600034235384, 100, -1.0
31559.84082951885, 120, 1.0
31561.59512440626, 152, -1.0
31562.93286328177, 116, 1.0
31563.05196152416, 142, 1.0
31563.747188097124, 158, 1.0
31564.736298355467, 67, 1.0
31565.579165904106, 33, -1.0
31569.980994359015, 67, 1.0
31572.767166997433, 133, -1.0
31574.452019181022, 82, -1.0
31576.890744786437, 83, 1.0
31578.576910304113, 89, -1.0
31579.048037188943, 164, -1.0
31579.9945700968, 58, -1.0
31581.29723180736, 141, 1.0
31585.05609211715, 112, 1.0
31586.2665333946, 46, 1.0
31587.767296122736, 139, 1.0
31595.080120744587, 169, 1.0
31596.653181968646, 40, 1.0
31596.778266779915, 89, 1.0
31597.774108933925, 158, -1.0
31597.965461002026, 65, 1.0
31598.36621482647, 73, 1.0
31599.41509312384, 164, 1.0
31600.3925015185, 76, -1.0
31603.46524203152, 116, 1.0
31603.81651038968, 98, -1.0
31604.378796016426, 92, -1.0
31605.872201404665, 198, -1.0
31608.384865531374, 48, 1.0
31610.730096077572, 106, 1.0
31612.343578935244, 139, -1.0
31612.98399397921, 97, -1.0
31615.347122908683, 182, 1.0
31616.50596730004, 103, 1.0
31617.406079304485, 102, -1.0
31618.468609371066, 92, 1.0
31618.855097011914, 48, 1.0
31619.226111500346, 105, 1.0
31620.79614004638, 58, -1.0
31621.367533752316, 44, -1.0
31621.631731849193, 27, -1.0
31621.8438967602, 126, 1.0
31625.815696062222, 44, -1.0
31631.51281575289, 34, -1.0
31635.77182362466, 59, 1.0
31636.95430791106, 69, 1.0
31638.635753374, 142, -1.0
31641.409625511227, 82, 1.0
31642.00941264347, 126, 1.0
31642.44567865382, 33, -1.0
31643.055244416533, 72, -1.0
31644.116405105604, 163, -1.0
31644.37256968219, 142, -1.0
31646.39053928708, 235, 1.0
31646.63658449045, 87, -1.0
31646.944985662994, 169, 1.0
31652.431077813257, 97, -1.0
31652.991617400898, 26, -1.0
31653.006739270444, 28, 1.0
31653.170186985477, 137, 1.0
31657.123900777784, 142, -1.0
31658.023471179455, 40, 1.0
31659.330064343874, 36, 1.0
31665.524799611972, 100, -1.0
31668.444544448936, 164, 1.0
31669.69811713216, 163, 1.0
31671.038890329008, 65, -1.0
31673.311884388655, 181, 1.0
31674.093750566077, 116, 1.0
31675.495918906752, 152, -1.0
31678.04946981353, 111, -1.0
31678.741064231475, 97, -1.0
31683.13836742022, 69, 1.0
31685.636745228334, 164, 1.0
31686.326193770732, 100, 1.0
31688.387442882184, 165, 1.0
31689.204945390284, 150, -1.0
31689.312474785842, 233, -1.0
31690.565089919757, 56, 1.0
31690.984761779793, 202, -1.0
31691.38299058378, 222, -1.0
31692.295381689615, 64, -1.0
31695.689359820906, 40, 1.0
31697.344584528964, 35, 1.0
31697.554494367818, 65, 1.0
31698.770265214054, 58, -1.0
31701.742260420557, 126, 1.0
31705.914641225732, 35, -1.0
31706.020118208082, 29, 1.0
31706.02298855635, 152, 1.0
31708.650060162778, 162, -1.0
31710.35761869771, 75, 1.0
31712.82977654395, 40, -1.0
31715.273327500454, 28, -1.0
31715.96028495973, 193, -1.0
31716.26166445286, 58, 1.0
31718.964796728273, 66, -1.0
31724.973002401646, 230, 1.0
31724.99371524504, 146, -1.0
31727.697674221334, 117, -1.0
31728.064445694687, 146, -1.0
31730.28247309866, 93, 1.0
31736.50395271061, 97, 1.0
31736.611017774318, 40, 1.0
31737.304588087674, 70, 1.0
31740.3082762918, 87, 1.0
31741.840053714106, 116, 1.0
31746.26821171493, 148, -1.0
31749.466671245187, 235, 1.0
31751.66707941079, 123, -1.0
31754.39069297831, 234, 1.0
31756.974506713606, 42, -1.0
31757.668011605667, 69, 1.0
31759.39897573196, 105, 1.0
31761.102822364068, 146, -1.0
31761.512923142378, 112, -1.0
31765.970677770158, 234, 1.0
31768.002481900578, 76, -1.0
31769.13330681426, 165, -1.0
31772.43276756594, 148, -1.0
31779.189524026027, 173, -1.0
31782.576251690287, 51, -1.0
31783.7175061156, 58, -1.0
31785.487411131857, 222, 1.0
31786.67397086059, 58, 1.0
31788.538347227226, 97, -1.0
31789.136827231287, 141, 1.0
31789.559223758046, 69, 1.0
31791.644796688553, 81, -1.0
31796.36672089601, 165, 1.0
31796.84837653131, 188, -1.0
31798.027015863157, 99, 1.0
31802.772211821124, 35, 1.0
31806.10589756169, 67, 1.0
31808.04704675869, 89, -1.0
31814.08125341179, 58, 1.0
31814.891132218916, 133, -1.0
31815.380352628974, 76, -1.0
31819.82655239109, 148, -1.0
31823.252265557818, 69, 1.0
31829.3709518566, 141, -1.0
31830.02914679665, 103, 1.0
31837.235343237877, 80, -1.0
31839.221708846977, 101, 1.0
31840.726372990517, 169, 1.0
31843.67453286199, 148, -1.0
31844.047384489684, 166, 1.0
31847.89815394678, 58, -1.0
31851.14018783103, 100, -1.0
31853.656986206468, 170, 1.0
31854.156242109057, 193, 1.0
31854.87705401952, 88, -1.0
31855.482938292902, 94, -1.0
31855.734265449602, 67, 1.0
31856.276100528747, 193, -1.0
31861.188748846027, 126, 1.0
31870.545405687073, 111, -1.0
31870.71009356319, 177, -1.0
31876.32784456717, 152, 1.0
31876.799400119813, 69, 1.0
31881.014302185344, 28, 1.0
31883.687462835398, 75, -1.0
31888.352052933315, 148, -1.0
31888.812645477126, 146, -1.0
31893.68685913549, 92, -1.0
31894.500511539572, 155, -1.0
31894.96185506556, 157, -1.0
31896.93277017273, 169, 1.0
31896.979921653798, 40, -1.0
31898.52416033117, 101, -1.0
31899.267035586432, 59, 1.0
31901.538640322244, 142, 1.0
31903.241873267594, 137, -1.0
31903.571325911205, 161, 1.0
31903.671801747856, 182, 1.0
31905.33837014942, 27, 1.0
31905.60684416781, 40, 1.0
31906.15603632006, 75, 1.0
31910.151497665178, 142, 1.0
31917.429327397116, 100, -1.0
31917.554683773713, 109, 1.0
31922.86217503106, 59, 1.0
31928.96942260123, 35, 1.0
31929.488678832862, 160, -1.0
31929.5032394202, 82, -1.0
31930.435181016503, 80, -1.0
31933.922594643485, 168, 1.0
31936.182297296888, 71, -1.0
31943.633392242515, 48, 1.0
31945.15603855865, 137, 1.0
31946.37768803748, 62, -1.0
31946.38405247728, 106, -1.0
31948.884222091227, 100, -1.0
31949.507930795848, 67, 1.0
31949.525080996693, 162, 1.0
31953.584156288834, 87, -1.0
31953.622957621887, 44, -1.0
31954.037550553643, 67, 1.0
31954.40916611023, 84, 1.0
31957.174589057362, 72, 1.0
31961.30558227107, 182, 1.0
31961.611904439742, 119, 1.0
31962.0271450688, 59, -1.0
31962.710589734168, 128, -1.0
31965.175954709714, 123, -1.0
31967.198239406087, 72, 1.0
31973.574854606293, 75, 1.0
31978.408502581267, 69, 1.0
31980.840236496988, 233, 1.0
31981.533272215718, 40, -1.0
31983.170122485422, 142, 1.0
31983.787797771838, 45, -1.0
31987.061922583227, 68, 1.0
31990.723113324526, 75, 1.0
31994.959281379066, 42, -1.0
32000.83070078832, 97, -1.0
32003.681448676612, 146, -1.0
32006.876012527224, 148, -1.0
32011.213277925286, 151, -1.0
32011.993927578056, 100, 1.0
32013.466115340263, 103, 1.0
32016.507733803115, 45, -1.0
32019.004927094422, 116, 1.0
32020.828665518933, 148, -1.0
32025.098878141816, 106, -1.0
32029.069272932666, 180, 1.0
32029.988372045464, 68, -1.0
32030.21402234608, 34, -1.0
32033.660618263984, 67, 1.0
32036.793354572063, 198, 1.0
32041.779590669372, 101, 1.0
32043.006341536304, 58, -1.0
32048.01199725415, 98, -1.0
32049.90058045621, 164, -1.0
32050.377305064652, 165, -1.0
32050.5511131702, 114, 1.0
32050.7374470691, 40, -1.0
32053.962908793997, 33, 1.0
32057.898480604257, 40, 1.0
32058.044799930805, 163, -1.0
32062.46383075637, 99, 1.0
32062.478552589568, 95, -1.0
32063.184158604752, 120, -1.0
32063.52329752946, 59, 1.0
32068.562662694363, 150, -1.0
32069.252217045454, 152, -1.0
32074.88366760899, 28, 1.0
32075.738296189425, 147, -1.0
32076.399206403825, 56, 1.0
32076.653286649147, 64, -1.0
32078.25052543268, 88, -1.0
32080.72187019827, 114, 1.0
32082.059057545554, 90, -1.0
32085.88280297617, 142, 1.0
32087.773161333156, 101, 1.0
32090.29194548266, 234, -1.0
32093.849532838496, 36, 1.0
32102.48357034109, 98, -1.0
32104.32335963216, 241, -1.0
32115.200776887807, 59, 1.0
32116.996603745545, 40, 1.0
32122.25614729528, 35, 1.0
32122.70856968755, 106, -1.0
32125.064436152796, 235, 1.0
32133.31015106138, 198, -1.0
32133.40576856444, 165, -1.0
32134.037214020704, 157, 1.0
32136.300966147806, 109, 1.0
32137.154209364722, 33, -1.0
32146.728842224635, 120, -1.0
32148.780352245634, 114, -1.0
32148.980031060735, 82, -1.0
32151.016698475236, 101, -1.0
32153.046373450594, 146, -1.0
32155.036081998398, 76, -1.0
32157.162456413273, 146, -1.0
32158.618521014185, 60, -1.0
32161.248589059924, 165, -1.0
32161.49973661187, 165, -1.0
32164.973003171926, 160, -1.0
32171.53428211103, 52, -1.0
32171.6809379519, 91, -1.0
32173.536082142884, 235, -1.0
32174.432054497112, 152, -1.0
32177.62398115921, 80, 1.0
32183.358272705427, 91, -1.0
32184.572774698576, 164, 1.0
32185.751814376414, 34, 1.0
32192.249587315462, 67, 1.0
32193.40576575849, 122, 1.0
32194.210795489416, 109, 1.0
32202.46041106851, 154, -1.0
32207.596476896328, 35, 1.0
32207.783125040012, 141, -1.0
32207.883671431515, 40, -1.0
32210.332203599643, 91, -1.0
32210.625860059197, 114, -1.0
32210.768791113755, 26, 1.0
32214.228344563515, 56, 1.0
32215.6036433962, 149, -1.0
32215.671501501136, 155, -1.0
32217.280294767297, 165, -1.0
32220.729014943125, 122, -1.0
32221.637971188004, 114, -1.0
32223.040269782738, 123, 1.0
32228.686653125747, 235, 1.0
32231.98679347456, 152, -1.0
32237.52733636432, 90, -1.0
32239.341010598124, 53, -1.0
32241.715604148758, 198, -1.0
32247.39409255348, 162, 1.0
32250.51181865499, 67, 1.0
32252.069257512332, 67, 1.0
32257.37902114348, 27, -1.0
32258.99157178475, 149, -1.0
32260.131110154172, 50, -1.0
32260.409437285045, 133, -1.0
32260.965192124382, 99, -1.0
32261.65778355698, 141, -1.0
32262.203857591565, 35, 1.0
32264.02740296405, 161, 1.0
32266.052742509786, 113, -1.0
32267.322491249673, 91, -1.0
32272.281375524093, 53, -1.0
32274.20336520044, 152, -1.0
32274.39412942473, 182, 1.0
32276.69598044515, 99, 1.0
32279.635089304553, 152, -1.0
32280.172792047226, 75, -1.0
32280.46321170868, 40, 1.0
32280.89852972286, 87, -1.0
32282.323171317956, 139, -1.0
32284.253186962884, 165, -1.0
32284.85862944348, 111, -1.0
32285.51024008069, 60, 1.0
32291.703984905474, 59, 1.0
32294.229541220862, 36, 1.0
32295.14506804922, 76, -1.0
32302.75022731616, 69, -1.0
32305.529486350653, 68, 1.0
32305.807825435342, 82, -1.0
32310.65856535412, 40, 1.0
32315.2510196568, 114, -1.0
32315.852746310506, 198, 1.0
32317.417166056046, 44, 1.0
32318.427046604145, 37, -1.0
32319.787394890976, 51, -1.0
32320.426290064956, 29, 1.0
32324.758039988672, 101, 1.0
32327.370685760576, 163, -1.0
32333.629246082168, 93, -1.0
32334.39938359613, 116, 1.0
32334.97634775687, 117, -1.0
32335.13055703167, 34, -1.0
32335.495835536472, 103, 1.0
32340.18217000841, 101, 1.0
32343.58746693971, 157, -1.0
32344.196220732065, 114, 1.0
32344.391118676027, 84, -1.0
32345.38046892918, 234, 1.0
32348.54910025733, 59, 1.0
32349.0922576198, 26, -1.0
32349.681850563116, 69, -1.0
32354.569268373903, 59, -1.0
32354.95162664673, 163, -1.0
32356.44487642222, 154, -1.0
32356.795625153154, 148, -1.0
32358.400731874404, 163, 1.0
32366.88276324676, 29, 1.0
32368.97385071223, 76, -1.0
32371.008868477253, 48, -1.0
32373.44503654726, 147, -1.0
32374.795950851487, 92, -1.0
32379.315869197268, 84, -1.0
32383.851317783032, 35, -1.0
32384.381228238643, 86, -1.0
32385.052967202824, 35, -1.0
32389.08251538004, 34, 1.0
32391.94010313381, 114, -1.0
32392.55651060424, 234, 1.0
32392.905450686496, 99, -1.0
32395.909394761584, 114, -1.0
32397.37827424582, 66, 1.0
32398.605844584898, 91, -1.0
