39601.074898806626, 173, -1.0
39602.39028336147, 139, -1.0
39605.598320687626, 123, -1.0
39605.66193553143, 198, -1.0
39606.72689323839, 30, -1.0
39610.784939686026, 62, 1.0
39612.18198277178, 32, -1.0
39614.680934590004, 152, -1.0
39615.00104434794, 210, 1.0
39616.32439419357, 71, 1.0
39616.966449893436, 120, 1.0
39623.036781724906, 114, -1.0
39623.347400577135, 141, 1.0
39623.7844919596, 235, 1.0
39624.158598291906, 59, 1.0
39626.92086770849, 171, -1.0
39626.982397325606, 43, -1.0
39627.388962952304, 169, -1.0
39628.83902805532, 43, -1.0
39628.95873005667, 35, -1.0
39630.557961475344, 142, -1.0
39631.93389759391, 152, 1.0
39634.19444750212, 98, -1.0
39635.422803899826, 68, -1.0
39636.074701720936, 164, -1.0
39636.290611996774, 92, -1.0
39636.6594144206, 87, -1.0
39638.43748316898, 116, 1.0
39638.616653364705, 187, -1.0
39639.726143078966, 117, -1.0
39640.59807526493, 41, -1.0
39642.28802858287, 28, 1.0
39643.3906792066, 70, -1.0
39644.71101454337, 81, -1.0
39645.99067437097, 149, -1.0
39646.097621855806, 198, -1.0
39646.30299259838, 84, 1.0
39646.912857063166, 123, -1.0
39647.5460232184, 168, -1.0
39648.24862276582, 50, -1.0
39648.92186712649, 64, -1.0
39649.265639763136, 58, -1.0
39649.32913385451, 43, 1.0
39650.830946278154, 153, 1.0
39651.01677326494, 116, -1.0
39652.02453288311, 40, -1.0
39652.114899086766, 164, -1.0
39653.02779888877, 108, -1.0
39655.62576184191, 101, 1.0
39664.0900777202, 40, -1.0
39665.83017754436, 124, -1.0
39666.25804022758, 182, 1.0
39666.46502500281, 126, 1.0
39668.969103085954, 116, 1.0
39669.30368300563, 58, -1.0
39670.04893706881, 168, -1.0
39673.119575493656, 59, 1.0
39673.30575452894, 56, 1.0
39673.61970071751, 101, -1.0
39676.871058145945, 126, -1.0
39676.88134706712, 54, 1.0
39677.40435511263, 152, 1.0
39677.66920226412, 162, 1.0
39679.77261951378, 168, 1.0
39680.41606798835, 103, 1.0
39680.43309813582, 235, -1.0
39681.600423354415, 64, -1.0
39683.122159220766, 230, -1.0
39688.01888351485, 41, -1.0
39689.536772021944, 126, -1.0
39691.06500632685, 71, 1.0
39691.25883385191, 157, 1.0
39692.78311919628, 165, 1.0
39693.283510807, 26, -1.0
39693.29944798219, 180, 1.0
39694.667259260445, 64, -1.0
39694.683411525235, 94, -1.0
39696.845902190355, 119, -1.0
39697.02933435002, 58, 1.0
39697.55159799733, 141, 1.0
39705.86986101465, 101, -1.0
39707.804009698295, 154, -1.0
39708.00251665791, 128, 1.0
39709.80469102837, 34, -1.0
39710.1798521745, 58, 1.0
39710.30219932292, 157, -1.0
39710.442636242864, 234, -1.0
39710.506352790966, 99, -1.0
39711.50613913634, 141, 1.0
39711.93354077696, 94, 1.0
39712.786802356386, 177, -1.0
39714.01478770141, 114, -1.0
39717.36635118516, 44, 1.0
39717.50904714642, 75, 1.0
39717.63145886947, 87, 1.0
39717.67476757123, 81, -1.0
39717.76521051961, 67, -1.0
39718.148206198384, 165, -1.0
39718.42090936688, 41, -1.0
39720.6570111086, 101, 1.0
39720.83443035843, 114, 1.0
39721.70901326842, 149, -1.0
39721.93427183262, 73, 1.0
39723.10671391785, 164, -1.0
39723.724880620015, 153, -1.0
39724.42819350163, 66, -1.0
39725.59786785222, 63, -1.0
39728.34852420782, 101, 1.0
39728.70538169672, 64, -1.0
39729.00146415078, 96, 1.0
39730.437181004934, 130, -1.0
39731.3775640694, 146, -1.0
39731.772535667136, 35, 1.0
39732.09946761568, 114, -1.0
39732.52496642474, 80, 1.0
39735.47407424627, 63, -1.0
39735.550547110215, 66, 1.0
39736.37198868185, 155, -1.0
39736.98041079764, 28, 1.0
39737.06762372157, 91, -1.0
39738.450999753484, 166, -1.0
39739.317791702175, 104, 1.0
39739.60887902909, 101, 1.0
39742.0089319982, 32, 1.0
39743.54322473279, 158, 1.0
39744.47151370374, 50, -1.0
39744.47547115575, 112, 1.0
39747.36529398389, 170, -1.0
39748.91247068134, 111, 1.0
39749.05702328085, 58, -1.0
39749.06844310536, 166, -1.0
39749.86316256373, 74, -1.0
39750.60551562808, 64, -1.0
39750.8176647535, 45, -1.0
39751.54331758492, 111, -1.0
39754.696956634696, 58, -1.0
39755.08352031467, 198, 1.0
39758.60592141029, 102, -1.0
39758.811267521865, 45, -1.0
39759.49932119157, 65, 1.0
39760.15103547466, 107, -1.0
39760.4036355064, 84, -1.0
39761.03392228613, 198, -1.0
39761.88674412186, 113, 1.0
39763.21382859577, 100, -1.0
39763.953533309636, 80, 1.0
39766.74957833694, 82, -1.0
39771.819197603996, 167, -1.0
39773.491545303805, 114, -1.0
39774.54429606098, 158, -1.0
39775.0802085364, 101, -1.0
39778.2171497073, 80, -1.0
39781.84448964856, 152, 1.0
39782.065929501725, 198, -1.0
39782.43623157789, 130, -1.0
39783.8386825913, 151, -1.0
39783.883682375505, 101, -1.0
39784.24931336532, 72, -1.0
39785.810191894234, 234, 1.0
39786.69135272106, 32, 1.0
39787.427487328074, 155, -1.0
39787.74810676807, 81, 1.0
39790.73440114832, 109, -1.0
39791.928424848105, 193, -1.0
39792.704935996306, 70, -1.0
39794.197471449355, 56, -1.0
39795.82784277285, 35, 1.0
39795.87273902916, 165, 1.0
39800.970995516705, 173, -1.0
39802.60073261998, 173, -1.0
39802.6904693407, 56, -1.0
39804.001780674924, 35, 1.0
39804.56556137326, 124, -1.0
39804.74169256531, 128, 1.0
39805.29279008495, 63, 1.0
39807.058579380326, 69, 1.0
39807.96326304814, 52, 1.0
39810.214018448074, 75, 1.0
39810.46120029117, 75, -1.0
39811.64238970835, 166, 1.0
39811.777988208894, 116, -1.0
39813.856211342834, 165, 1.0
39814.05200481959, 126, 1.0
39814.5158136786, 126, 1.0
39814.78978850489, 126, -1.0
39817.539750408345, 88, -1.0
39818.16814598398, 163, -1.0
39818.30638455064, 128, 1.0
39818.90191700345, 40, 1.0
39820.270052084976, 159, -1.0
39821.73986740906, 116, 1.0
39822.04861062867, 149, -1.0
39822.20666101285, 59, 1.0
39822.50994161829, 72, 1.0
39822.8345022641, 198, 1.0
39824.13607554742, 64, -1.0
39825.423111471624, 100, 1.0
39825.48646050087, 100, -1.0
39826.09915746479, 124, -1.0
39826.22799060623, 162, -1.0
39827.42197466056, 99, 1.0
39827.874601097516, 82, -1.0
39828.40387803537, 58, 1.0
39829.18336696632, 104, -1.0
39829.47901782888, 40, -1.0
39830.99310784142, 62, 1.0
39831.84879479454, 99, -1.0
39833.72890551073, 112, 1.0
39835.98249477648, 162, 1.0
39837.00679832936, 67, 1.0
39837.783602783136, 67, 1.0
39838.82977541482, 59, -1.0
39840.68338306155, 105, -1.0
39842.973578774174, 75, 1.0
39843.990116926056, 198, -1.0
39846.71561230432, 92, -1.0
39847.13489006952, 40, -1.0
39848.49457922821, 102, -1.0
39849.1444887665, 42, -1.0
39850.478992812, 58, -1.0
39853.88775097594, 114, -1.0
39854.280690541294, 163, 1.0
39856.78467429643, 69, 1.0
39858.27154282309, 71, 1.0
39858.3521115104, 45, -1.0
39859.651130920975, 39, 1.0
39860.351828973646, 167, -1.0
39860.64812509326, 123, -1.0
39861.1035386385, 198, 1.0
39861.78885049995, 72, -1.0
39863.19160597111, 139, -1.0
39865.13618060048, 169, -1.0
39865.407006666195, 81, -1.0
39865.78211814141, 188, -1.0
39865.98151996545, 162, -1.0
39867.01221562025, 72, -1.0
39868.047796632105, 114, 1.0
39868.61186811619, 119, -1.0
39868.62168098708, 73, 1.0
39869.48282346583, 167, 1.0
39870.775610526885, 35, 1.0
39870.94225671858, 67, 1.0
39871.40148034757, 74, -1.0
39871.62592957153, 89, -1.0
39873.205636381936, 37, 1.0
39873.99170356571, 137, 1.0
39874.395915653746, 177, -1.0
39877.756479323114, 154, -1.0
39878.097474129514, 149, -1.0
39878.44540636637, 182, 1.0
39878.54938625997, 157, -1.0
39880.395112196784, 50, -1.0
39883.248767627716, 64, 1.0
39886.645019261436, 40, 1.0
39886.986494829725, 48, -1.0
39888.21287837548, 137, 1.0
39888.712157167356, 114, -1.0
39889.25434748257, 71, 1.0
39890.58234282311, 152, 1.0
39891.47606871501, 65, 1.0
39892.72804430952, 153, 1.0
39894.772814597876, 34, 1.0
39897.57509643906, 75, 1.0
39898.27561648711, 75, 1.0
39898.38708381921, 59, -1.0
39898.850212756915, 81, 1.0
39899.84739784688, 116, 1.0
39900.738690845465, 96, 1.0
39901.598617936834, 40, -1.0
39903.904679661304, 59, 1.0
39904.448259737626, 163, 1.0
39908.29811179539, 164, 1.0
39910.68768189938, 167, -1.0
39911.732820042, 129, -1.0
39911.84543736837, 241, 1.0
39912.148071440904, 188, -1.0
39914.615713842184, 155, -1.0
39915.04364602917, 64, -1.0
39916.195580302636, 88, -1.0
39917.04252043865, 137, 1.0
39917.58151961468, 34, -1.0
39918.26485610488, 98, -1.0
39920.46623634585, 157, -1.0
39921.270223732005, 158, -1.0
39921.59690705712, 96, 1.0
39921.648092936746, 107, -1.0
39923.35098271873, 40, -1.0
39923.51811533122, 128, -1.0
39925.380746588955, 92, -1.0
39925.42099389038, 75, 1.0
39926.06189934068, 116, 1.0
39926.904064602364, 70, -1.0
39927.394908644455, 114, -1.0
39927.847101450556, 87, -1.0
39928.01726806483, 149, -1.0
39928.11365500565, 50, -1.0
39928.34206653034, 163, 1.0
39930.47052703541, 146, -1.0
39931.21544204384, 45, -1.0
39932.297432911015, 68, 1.0
39933.73789084903, 60, -1.0
39935.15871494507, 167, -1.0
39935.636142577976, 193, -1.0
39935.89610856465, 69, 1.0
39938.31828461142, 101, -1.0
39939.614357436156, 101, 1.0
39943.322449034684, 69, -1.0
39945.145041823336, 114, -1.0
39945.83638308516, 75, 1.0
39945.837971677734, 164, -1.0
39946.39276525131, 40, -1.0
39946.496188166464, 97, 1.0
39946.94240431482, 53, -1.0
39948.095568785175, 146, -1.0
39948.113301034915, 177, -1.0
39949.86896152604, 123, -1.0
39950.49694045718, 167, -1.0
39951.98077333786, 233, -1.0
39955.30010607951, 74, -1.0
39955.46723168458, 158, -1.0
39955.57436535151, 169, 1.0
39956.23298668558, 89, -1.0
39956.8864989212, 97, -1.0
39957.192645043746, 48, -1.0
39958.68250062248, 84, -1.0
39958.822501507086, 166, 1.0
39959.347272807725, 87, 1.0
39962.07161453135, 230, -1.0
39963.99144387275, 177, 1.0
39964.151656858085, 111, 1.0
39965.53311234592, 34, 1.0
39966.26496068969, 87, -1.0
39966.53546608698, 67, 1.0
39968.35589681523, 60, -1.0
39968.48297091107, 165, -1.0
39969.54693205959, 66, -1.0
39970.58195279398, 103, 1.0
39972.18356604902, 235, 1.0
39973.1205091945, 76, 1.0
39973.69355004102, 71, 1.0
39974.77551132408, 53, -1.0
39975.316420652285, 71, 1.0
39975.82535310196, 65, 1.0
39976.907440956835, 142, 1.0
39978.41358328868, 152, 1.0
39978.733913771444, 95, 1.0
39979.79532091488, 142, 1.0
39980.3621152279, 169, 1.0
39981.341904912704, 155, -1.0
39981.45591226153, 155, -1.0
39983.62242043076, 46, -1.0
39983.75374188752, 81, -1.0
39985.355442511056, 167, -1.0
39985.825375026725, 103, 1.0
39986.05605931013, 82, -1.0
39986.4103319952, 87, -1.0
39990.29361190543, 71, 1.0
39990.7099670025, 124, -1.0
39992.32575328697, 66, 1.0
39995.814412853746, 116, -1.0
40002.664820342616, 126, 1.0
40003.33989450861, 233, -1.0
40003.433907738945, 162, -1.0
40007.45196899763, 94, 1.0
40007.95801946618, 81, 1.0
40008.666026662104, 146, 1.0
40010.490503621644, 164, -1.0
40012.24884045106, 128, -1.0
40012.254053488075, 198, 1.0
40014.229650967754, 53, -1.0
40015.81488557374, 193, -1.0
40016.19463964661, 35, -1.0
40016.31471050285, 75, -1.0
40017.99674636061, 71, 1.0
40019.84173651126, 108, 1.0
40020.54915129662, 83, -1.0
40022.34863371451, 75, 1.0
40022.56308063713, 54, 1.0
40022.723210185926, 73, 1.0
40023.822864648726, 155, -1.0
40024.16820466214, 59, 1.0
40024.26343466875, 104, 1.0
40026.71903493691, 99, 1.0
40028.10019233295, 101, 1.0
40028.39401678482, 163, 1.0
40029.506812329084, 58, -1.0
40029.95150018712, 182, 1.0
40031.5815507702, 130, -1.0
40033.74029761107, 133, 1.0
40038.24870870935, 40, -1.0
40038.97567687233, 74, 1.0
40039.16402177299, 52, -1.0
40040.25568307523, 87, -1.0
40041.78123968547, 147, -1.0
40041.97871552815, 149, -1.0
40043.61846994189, 101, 1.0
40043.98468039732, 126, 1.0
40046.59833913023, 71, -1.0
40047.19261988664, 142, -1.0
40051.50159251249, 157, 1.0
40051.71475341652, 233, -1.0
40053.47356453536, 165, -1.0
40053.56416023619, 95, -1.0
40053.839035088924, 71, 1.0
40054.21009890982, 58, -1.0
40054.79108516549, 137, 1.0
40055.31343741879, 161, -1.0
40055.34196274693, 128, -1.0
40056.13297165101, 27, 1.0
40057.12837507539, 59, -1.0
40058.02262611961, 153, -1.0
40058.10563468529, 97, 1.0
40061.11038172351, 88, -1.0
40061.347183699574, 75, 1.0
40061.94241242003, 54, -1.0
40064.16812468365, 155, -1.0
40067.41474093183, 109, -1.0
40069.05690387593, 73, 1.0
40071.4226314273, 71, 1.0
40071.939273119555, 142, -1.0
40073.308521542756, 59, 1.0
40077.097273984866, 163, -1.0
40078.87448877347, 126, -1.0
40079.49152455169, 101, 1.0
40079.5209745974, 75, 1.0
40083.38812413889, 97, -1.0
40083.431675190775, 46, 1.0
40084.77996478974, 84, -1.0
40085.12481090643, 161, -1.0
40085.53421064758, 141, -1.0
40087.12474810548, 97, -1.0
40088.992565403074, 100, -1.0
40090.3152953007, 104, 1.0
40090.655536571605, 109, 1.0
40091.04689785991, 117, -1.0
40091.12934697326, 142, -1.0
40092.59682611223, 123, -1.0
40092.74253843048, 155, -1.0
40093.898979775106, 53, -1.0
40094.45437945992, 162, 1.0
40095.17710355597, 63, 1.0
40095.182627132875, 114, 1.0
40096.16122180211, 146, 1.0
40097.399986334436, 160, 1.0
40099.64026997471, 168, -1.0
40099.85107036816, 97, -1.0
40100.23819676281, 34, -1.0
40100.62719112389, 69, -1.0
40100.943928301655, 71, 1.0
40101.32609142745, 40, -1.0
40101.35698791618, 41, -1.0
40101.93205872129, 130, -1.0
40102.00005295493, 116, 1.0
40104.436172218484, 141, -1.0
40104.48631227521, 109, -1.0
40105.294268311685, 34, -1.0
40105.685881004574, 29, 1.0
40106.21356061589, 94, -1.0
40110.62095377918, 142, -1.0
40111.922057975054, 128, 1.0
40113.714260551926, 83, 1.0
40113.80407170827, 52, 1.0
40113.86051370371, 63, 1.0
40114.81184202713, 41, -1.0
40118.59363081803, 44, -1.0
40118.60590911508, 146, 1.0
40119.41696509273, 81, -1.0
40120.97401815522, 41, 1.0
40121.21203582814, 81, -1.0
40122.72367155589, 92, -1.0
40124.762651469806, 45, 1.0
40125.17361343515, 146, 1.0
40125.18817502777, 163, -1.0
40129.35307949806, 193, -1.0
40130.084067688746, 50, -1.0
40130.47482871014, 40, 1.0
40131.295011163515, 241, 1.0
40131.8785226017, 163, 1.0
40132.15670038194, 116, -1.0
40132.62162221383, 67, 1.0
40133.38572486581, 100, 1.0
40134.69089063026, 114, 1.0
40134.86747878636, 114, 1.0
40135.30963406704, 149, 1.0
40135.85321090298, 95, -1.0
40136.16636481781, 101, 1.0
40136.36590204991, 45, 1.0
40136.619886601344, 59, -1.0
40136.800451525116, 165, -1.0
40137.06943660517, 80, -1.0
40137.55733222476, 193, -1.0
40139.5084206916, 40, -1.0
40139.852422297234, 90, -1.0
40140.45592612501, 41, -1.0
40140.860022241664, 74, 1.0
40141.46414693657, 142, -1.0
40142.325221213105, 103, 1.0
40143.10781680257, 109, -1.0
40144.915077979516, 64, -1.0
40144.9622381754, 58, -1.0
40145.07602185422, 150, 1.0
40145.6489848586, 163, -1.0
40147.29785595962, 81, -1.0
40148.13797058622, 198, 1.0
40148.35519125854, 80, 1.0
40148.922873991236, 114, -1.0
40150.117846993024, 80, -1.0
40153.730498596604, 155, -1.0
40153.85560744467, 60, -1.0
40154.302435729325, 100, -1.0
40154.49794771802, 43, -1.0
40155.10735583573, 142, -1.0
40156.14900428809, 164, -1.0
40157.10270922473, 116, 1.0
40159.42330565084, 126, -1.0
40160.379079014434, 105, 1.0
40161.231875719466, 64, -1.0
40161.47890953889, 35, -1.0
40161.739534966895, 234, 1.0
40162.31882486353, 81, -1.0
40162.906390553624, 92, -1.0
40163.378147977965, 233, 1.0
40165.23877524754, 92, 1.0
40169.134645885155, 105, -1.0
40170.82387366329, 55, -1.0
40174.31916058465, 198, -1.0
40174.81304558706, 126, -1.0
40175.43748087866, 123, 1.0
40176.04406894615, 51, 1.0
40176.3247176272, 128, -1.0
40176.764173757045, 152, -1.0
40177.56084945103, 67, -1.0
40179.721327152154, 71, 1.0
40182.01996620668, 167, 1.0
40183.93962988207, 39, 1.0
40183.97150266766, 155, 1.0
40184.45245912916, 99, -1.0
40187.08389525311, 114, 1.0
40187.65604803032, 83, -1.0
40188.755278023826, 101, -1.0
40189.272832840375, 70, 1.0
40190.56146529185, 165, 1.0
40191.64910881875, 74, 1.0
40191.8097252769, 81, -1.0
40192.01898076847, 139, -1.0
40192.32379446779, 31, -1.0
40193.69275532894, 228, 1.0
40193.807693762916, 50, -1.0
40193.89374364285, 101, -1.0
40194.13328097873, 161, -1.0
40194.628261543075, 80, 1.0
40194.68927230521, 146, -1.0
40194.85318759872, 58, 1.0
40195.43967629326, 87, -1.0
40196.94389199425, 107, -1.0
40197.828450693836, 198, -1.0
40198.05590435562, 84, 1.0
40201.62434073299, 114, 1.0
40201.88790797475, 75, 1.0
40203.47477373028, 26, -1.0
40204.06021705272, 152, 1.0
40205.546428650756, 50, -1.0
40205.570100605895, 155, -1.0
40208.67998505724, 34, 1.0
40208.7453805557, 82, 1.0
40209.52354861697, 126, 1.0
40210.918001426886, 146, 1.0
40212.1539193693, 114, 1.0
40212.95892185811, 71, 1.0
40212.98059395845, 98, -1.0
40213.65327975068, 92, 1.0
40216.380695130276, 97, -1.0
40218.60611454067, 164, 1.0
40218.9085490374, 137, 1.0
40220.8129448734, 40, 1.0
40220.816953927046, 187, -1.0
40222.052104974304, 71, 1.0
40223.304357780275, 119, -1.0
40224.087160237184, 64, -1.0
40224.378422037276, 153, 1.0
40228.42291613644, 66, 1.0
40234.30435008237, 32, -1.0
40234.6750143008, 165, 1.0
40234.79505296358, 86, -1.0
40235.75931124826, 182, 1.0
40238.09680494952, 42, 1.0
40238.33695516402, 142, 1.0
40238.52346395048, 105, 1.0
40239.96711220727, 230, -1.0
40239.9995705531, 87, -1.0
40242.1661092954, 167, -1.0
40243.10430641673, 120, -1.0
40243.15939967948, 81, 1.0
40244.51539781155, 120, -1.0
40245.920485861214, 152, -1.0
40246.77626374702, 142, -1.0
40248.188220660064, 105, 1.0
40248.449776897934, 28, -1.0
40249.800845614736, 116, 1.0
40250.74489315428, 92, -1.0
40252.600386069425, 114, -1.0
40254.58056809711, 114, -1.0
40255.07594714786, 29, 1.0
40255.27566775594, 64, -1.0
40257.578885870644, 87, -1.0
40258.86337301535, 41, 1.0
40260.39743053572, 76, -1.0
40261.889751212206, 37, -1.0
40263.166879665245, 158, -1.0
40263.49119513129, 34, 1.0
40263.54957476214, 149, 1.0
40263.668356987575, 89, -1.0
40265.774117890986, 126, 1.0
40265.9790877322, 98, -1.0
40266.7374391442, 87, 1.0
40269.14856779099, 75, 1.0
40270.333078208925, 84, 1.0
40270.625742976765, 64, -1.0
40270.73957756621, 64, 1.0
40271.498994930356, 41, -1.0
40271.7555116522, 155, -1.0
40274.640644769075, 64, -1.0
40274.703855085085, 107, -1.0
40274.81192182099, 165, 1.0
40275.33243582774, 67, -1.0
40275.7501683288, 64, 1.0
40277.434933863464, 187, -1.0
40278.3782886484, 110, -1.0
40280.43962190283, 70, 1.0
40284.05861138246, 126, -1.0
40284.647695842, 165, 1.0
40285.081103150485, 54, -1.0
40285.22667144762, 103, 1.0
40286.33272367106, 109, 1.0
40286.654827099315, 36, -1.0
40286.763536560895, 64, 1.0
40287.39810920756, 62, 1.0
40290.241232294975, 152, -1.0
40292.310051655615, 103, 1.0
40292.93841402718, 63, 1.0
40293.37955556099, 81, -1.0
40295.00228129839, 53, 1.0
40297.97811348279, 71, 1.0
40298.71865106426, 169, 1.0
40300.10098412053, 163, 1.0
40300.459227193736, 68, 1.0
40301.39409045818, 31, -1.0
40304.401642685625, 90, 1.0
40304.62169113177, 44, -1.0
40305.7455276219, 193, -1.0
40307.79961118753, 110, -1.0
40308.166217957754, 169, 1.0
40309.106445887104, 101, -1.0
40309.30780638811, 84, -1.0
40310.76401252539, 158, -1.0
40312.367494818136, 114, 1.0
40313.54944327208, 52, -1.0
40314.50220416091, 94, -1.0
40314.72812026233, 93, -1.0
40315.282581633066, 56, -1.0
40315.92221711769, 73, 1.0
40317.891547130464, 90, -1.0
40318.69948849365, 39, -1.0
40319.02990150054, 114, -1.0
40319.95392462225, 74, 1.0
40323.275938200335, 39, -1.0
40324.5632465954, 41, -1.0
40324.76914124001, 42, -1.0
40325.744732040956, 169, -1.0
40326.7137599493, 69, 1.0
40326.90650338296, 157, 1.0
40329.11343993224, 67, 1.0
40330.57202168821, 153, -1.0
40330.65685699846, 233, 1.0
40330.68086778366, 75, -1.0
40331.8515819101, 50, -1.0
40332.00627985587, 58, 1.0
40332.11135643263, 142, -1.0
40332.470795104695, 116, 1.0
40333.82928375975, 32, 1.0
40334.19401631215, 158, -1.0
40335.334911035636, 81, 1.0
40335.43833916259, 55, -1.0
40338.037972590246, 40, -1.0
40338.93025257593, 120, -1.0
40340.754029518146, 98, -1.0
40342.12327024757, 137, 1.0
40342.58749064423, 119, -1.0
40342.82581813158, 59, -1.0
40344.552753425916, 68, -1.0
40345.298734849, 101, -1.0
40346.938849407394, 59, -1.0
40347.085446441124, 58, 1.0
40347.6404679853, 161, -1.0
40348.51421219358, 58, -1.0
40348.6681191688, 99, -1.0
40348.818368154774, 142, -1.0
40349.62761501918, 54, -1.0
40351.37952019448, 44, -1.0
40351.98271446337, 116, 1.0
40352.44827014767, 75, 1.0
40352.736595445735, 126, -1.0
40352.89993912789, 163, 1.0
40355.69020212672, 66, 1.0
40357.16556726543, 138, -1.0
40357.63627730384, 29, -1.0
40358.607627216836, 165, 1.0
40360.8796582638, 84, 1.0
40361.01663213864, 165, 1.0
40361.051776288376, 182, 1.0
40363.238575250005, 71, 1.0
40364.2949327293, 81, 1.0
40366.046946779934, 83, -1.0
40366.993019297275, 130, 1.0
40367.69392580545, 198, -1.0
40367.96417113352, 95, 1.0
40368.31047235259, 40, 1.0
40369.11807721529, 148, 1.0
40369.30027278848, 69, 1.0
40370.47484706955, 114, -1.0
40373.20361247218, 68, 1.0
40376.64844036244, 43, 1.0
40377.30254471438, 76, -1.0
40377.825925168494, 116, 1.0
40379.14649973275, 103, 1.0
40379.484710900506, 122, -1.0
40379.562357967465, 142, 1.0
40380.80805906693, 117, -1.0
40381.06670393072, 58, 1.0
40381.428291825854, 230, 1.0
40381.94043182854, 169, 1.0
40389.73608106501, 59, 1.0
40392.277397080295, 113, 1.0
40392.39381090552, 68, 1.0
40393.862661014915, 74, 1.0
40394.224149514856, 148, -1.0
40394.67878490875, 62, 1.0
40395.300286013364, 89, 1.0
40397.85158428504, 152, -1.0
40399.99659953933, 187, -1.0
40400.7878540582, 103, 1.0
40401.83243544205, 114, -1.0
40404.769094154464, 162, 1.0
40406.06334092272, 87, -1.0
40406.25268149236, 89, 1.0
40406.801591363415, 126, -1.0
40408.24659514926, 104, -1.0
40412.22694764566, 45, -1.0
40412.66753025981, 75, 1.0
40412.69758875938, 44, -1.0
40413.41301685863, 35, 1.0
40415.470627628645, 64, -1.0
40415.51208516466, 166, -1.0
40415.75576995089, 63, 1.0
40416.319792946844, 40, -1.0
40416.537504567954, 230, -1.0
40418.32697842245, 56, -1.0
40420.530821668566, 75, 1.0
40420.90806610612, 63, 1.0
40421.279836576294, 29, -1.0
40423.10286436519, 114, 1.0
40423.41928546418, 165, 1.0
40425.35753612741, 126, 1.0
40427.45807928723, 67, -1.0
40427.895065806086, 35, 1.0
40428.734938051406, 114, -1.0
40431.67382424706, 163, -1.0
40433.165278395434, 64, -1.0
40435.05109688473, 114, -1.0
40435.55400310321, 59, 1.0
40437.21427889918, 164, 1.0
40439.41456084525, 133, 1.0
40440.403023309445, 159, -1.0
40441.92881837521, 109, -1.0
40442.167028052754, 71, 1.0
40442.33983781697, 51, 1.0
40442.72804534756, 123, -1.0
40442.844743063586, 33, 1.0
40442.94798269452, 114, 1.0
40445.845164852864, 207, -1.0
40446.41012341443, 48, -1.0
40448.029416042045, 56, -1.0
40448.85062632647, 114, 1.0
40449.66180481913, 50, -1.0
40452.159213142484, 165, -1.0
40452.34183598338, 50, -1.0
40452.87326929651, 26, -1.0
40453.70393823472, 146, 1.0
40456.14665156317, 233, -1.0
40456.15808161855, 222, 1.0
40457.8930143586, 32, 1.0
40458.767963740494, 92, -1.0
40459.1094509652, 71, -1.0
40459.997935915235, 67, 1.0
40461.59862017186, 73, -1.0
40461.814828713446, 111, 1.0
40465.64999623172, 114, 1.0
40465.998566536495, 43, -1.0
40468.21025979258, 26, -1.0
40470.91888126392, 126, -1.0
40471.037819864374, 133, 1.0
40471.22593548512, 52, -1.0
40472.55167998491, 66, -1.0
40474.096674575994, 114, 1.0
40474.1032622427, 102, 1.0
40474.7656443695, 129, -1.0
40475.081937402465, 158, -1.0
40475.63859306957, 99, 1.0
40475.68287192626, 149, -1.0
40476.3854352903, 228, -1.0
40476.50711369759, 80, 1.0
40477.04845876223, 39, 1.0
40478.43622432302, 71, 1.0
40481.26228253494, 126, -1.0
40483.69305995352, 73, -1.0
40484.227602262254, 153, -1.0
40486.52775697438, 155, -1.0
40487.761244568894, 129, -1.0
40488.19306003804, 105, 1.0
40488.80071824793, 84, 1.0
40488.91948727843, 65, 1.0
40490.21160046022, 54, -1.0
40490.917753897345, 103, 1.0
40491.95079562534, 44, 1.0
40493.50961170173, 64, -1.0
40495.16759494989, 55, -1.0
40496.65506737819, 35, -1.0
40496.9554934644, 87, -1.0
40496.96487551444, 64, -1.0
40500.65751701527, 40, 1.0
40500.96891148153, 97, -1.0
40501.58228101873, 71, 1.0
40502.41532489992, 142, 1.0
40503.278273334734, 29, -1.0
40504.24051783816, 99, -1.0
40504.919584636045, 210, 1.0
40504.92415153486, 114, 1.0
40505.00917440864, 99, -1.0
40505.89598449545, 28, -1.0
40506.5725937955, 40, 1.0
40506.80380252031, 126, -1.0
40507.681756861944, 97, 1.0
40508.77325287801, 146, 1.0
40508.90237138853, 53, 1.0
40510.91024582083, 110, -1.0
40511.050559598276, 91, -1.0
40513.10374342809, 51, -1.0
40513.47334252789, 81, 1.0
40513.69381819261, 44, 1.0
40513.75877476805, 48, 1.0
40515.00986596813, 82, -1.0
40515.24106640173, 101, -1.0
40515.39344807227, 64, -1.0
40515.44642165131, 155, -1.0
40515.87332963406, 87, -1.0
40517.57456255561, 105, 1.0
40518.58458433254, 61, -1.0
40520.11498522268, 146, -1.0
40522.05999070515, 40, -1.0
40525.43124909933, 146, -1.0
40525.82979149401, 161, -1.0
40526.52533874931, 28, -1.0
40527.27839397007, 187, -1.0
40527.75173104806, 149, 1.0
40527.75338533254, 102, -1.0
40528.105895239445, 84, -1.0
40528.41958629058, 42, -1.0
40529.5212883969, 101, -1.0
40529.9301846965, 33, -1.0
40530.366864471405, 120, -1.0
40530.619174374784, 67, 1.0
40530.723749723256, 162, 1.0
40531.07527461749, 230, -1.0
40533.91532152846, 158, 1.0
40534.56470180645, 50, -1.0
40538.70105610561, 65, -1.0
40540.36331179882, 59, -1.0
40541.30959934799, 70, -1.0
40541.41630567895, 164, -1.0
40542.50619812947, 165, -1.0
40543.18683534578, 87, -1.0
40543.84246936753, 40, -1.0
40544.28967732034, 75, 1.0
40546.9308390761, 55, 1.0
40549.175464267486, 181, 1.0
40549.67204777826, 36, 1.0
40551.64621606153, 82, -1.0
40552.99644066209, 81, -1.0
40553.10116195387, 233, -1.0
40553.320636300065, 50, 1.0
40553.50406951004, 114, -1.0
40558.3104097741, 142, -1.0
40559.15202141125, 146, 1.0
40559.29992566857, 233, -1.0
40561.063589266596, 222, -1.0
40561.109684954004, 58, 1.0
40561.36051653753, 126, -1.0
40561.65586991605, 90, -1.0
40562.516205176275, 123, -1.0
40563.99663198212, 230, -1.0
40565.26454279613, 97, -1.0
40565.554366408214, 164, -1.0
40565.80528184865, 114, 1.0
40567.59357134354, 101, -1.0
40569.49607831586, 45, 1.0
40570.0095209584, 88, -1.0
40570.356734227375, 94, -1.0
40570.997289063154, 126, 1.0
40573.229874000244, 75, 1.0
40573.45326760928, 142, -1.0
40573.633103163455, 98, 1.0
40574.80416421962, 26, 1.0
40574.96496622911, 81, -1.0
40574.966447019404, 126, -1.0
40577.08616361016, 83, 1.0
40577.13377150352, 163, 1.0
40577.57511386022, 84, -1.0
40578.47374266147, 54, 1.0
40579.60291285113, 58, 1.0
40579.62488054872, 128, -1.0
40580.32162062714, 93, -1.0
40580.96985387268, 67, 1.0
40581.59903343113, 105, 1.0
40581.77948034094, 193, -1.0
40581.80728610983, 66, -1.0
40581.98054193366, 90, -1.0
40582.42305627225, 71, -1.0
40583.02135404318, 58, 1.0
40583.598166140684, 69, 1.0
40584.79108071315, 71, 1.0
40585.53216878656, 167, -1.0
40587.06546543932, 155, -1.0
40588.79053252245, 126, -1.0
40593.576978125064, 75, 1.0
40593.78828293873, 114, -1.0
40593.78834853789, 101, 1.0
40594.72282770648, 106, 1.0
40595.65114738178, 58, -1.0
40596.92055485659, 116, 1.0
40598.16919959465, 169, 1.0
40599.73631798279, 64, -1.0
40601.48956393526, 152, -1.0
40603.42837771402, 124, -1.0
40605.67724813645, 58, -1.0
40607.28529745936, 110, -1.0
40607.32472903849, 102, -1.0
40608.32740878641, 151, 1.0
40609.22454754118, 43, -1.0
40609.54461251265, 35, 1.0
40611.95489226897, 64, -1.0
40616.15957688938, 150, -1.0
40616.17280043651, 87, -1.0
40616.45571374858, 87, -1.0
40617.45392928765, 113, 1.0
40620.16508609778, 105, 1.0
40620.30447006625, 41, -1.0
40620.83003671734, 116, -1.0
40620.85473812376, 34, -1.0
40621.13735705549, 228, 1.0
40622.71611247292, 130, 1.0
40624.04115204907, 67, -1.0
40624.38674967523, 233, -1.0
40624.77986195775, 71, -1.0
40625.05133722396, 120, -1.0
40625.55325390302, 42, -1.0
40625.563959748244, 75, 1.0
40626.727314133175, 84, -1.0
40627.36236335057, 114, 1.0
40627.65248941213, 233, -1.0
40628.75227688241, 130, -1.0
40628.97226933677, 91, -1.0
40631.166879985445, 158, 1.0
40631.64169422369, 142, -1.0
40632.58020002029, 71, 1.0
40632.65971156205, 35, 1.0
40632.695356359654, 72, 1.0
40637.239128324174, 164, -1.0
40639.20540169143, 73, -1.0
40639.52486520616, 114, -1.0
40641.81047525405, 68, -1.0
40642.57372963808, 64, -1.0
40643.64366039936, 40, 1.0
40643.67303272703, 146, 1.0
40643.93850677537, 99, 1.0
40644.088005695645, 173, 1.0
40644.742685234116, 34, -1.0
40645.07488078297, 51, 1.0
40646.78233336609, 67, 1.0
40650.063264942495, 80, 1.0
40650.14038734873, 35, -1.0
40650.818542076726, 28, 1.0
40651.04638166632, 94, -1.0
40651.071288412684, 152, 1.0
40653.48713366552, 58, -1.0
40656.26221441524, 39, -1.0
40656.426774483196, 88, 1.0
40656.671550320956, 71, 1.0
40657.05767110031, 89, -1.0
40658.306750790536, 64, -1.0
40659.75011355144, 92, -1.0
40661.10466471533, 68, 1.0
40661.27589103679, 109, -1.0
40661.69296504969, 69, -1.0
40662.36298330857, 71, 1.0
40664.05323036162, 126, 1.0
40664.33195740268, 146, 1.0
40664.5400511097, 69, -1.0
40665.10636045863, 73, 1.0
40665.55566093854, 58, -1.0
40665.60398498212, 114, 1.0
40668.15948559952, 42, 1.0
40668.3534823426, 152, 1.0
40669.283235680436, 116, -1.0
40671.043913502115, 152, -1.0
40673.48093302486, 32, -1.0
40675.04160638152, 48, 1.0
40676.06242666206, 87, -1.0
40676.4896137229, 137, 1.0
40677.181177472354, 169, 1.0
40677.3576248522, 241, -1.0
40677.68717273629, 44, -1.0
40679.90340107, 234, 1.0
40680.33354586396, 66, -1.0
40680.921904754774, 58, 1.0
40681.34391699224, 37, 1.0
40683.233710159475, 68, 1.0
40684.66845053873, 163, -1.0
40684.778173943174, 148, -1.0
40685.899104786506, 117, 1.0
40688.962358961704, 28, 1.0
40689.43666415881, 41, 1.0
40690.75324054955, 98, 1.0
40691.142618840386, 179, -1.0
40691.77527880661, 114, 1.0
40692.993927825555, 126, 1.0
40693.88281020541, 87, -1.0
40700.9805628655, 165, -1.0
40703.31901844401, 128, -1.0
40703.38302804775, 60, -1.0
40704.011943539605, 104, 1.0
40704.386396397655, 152, -1.0
40704.431194025325, 146, 1.0
40705.96494364881, 162, -1.0
40706.40775063585, 116, 1.0
40709.88192178292, 165, 1.0
40712.85942062163, 116, -1.0
40713.15906542262, 62, -1.0
40714.51928892394, 163, 1.0
40714.54138620226, 126, -1.0
40715.63717360883, 126, 1.0
40716.25550830032, 173, 1.0
40717.19175539434, 97, -1.0
40717.69867435933, 53, -1.0
40720.088253931004, 169, 1.0
40720.162706318326, 55, -1.0
40720.82847855394, 105, 1.0
40721.70935506224, 103, 1.0
40724.425308087535, 76, 1.0
40724.488180229804, 98, 1.0
40724.84582434342, 146, -1.0
40724.90863551691, 98, -1.0
40725.87026624617, 75, 1.0
40727.067733147735, 161, 1.0
40727.969858913304, 46, 1.0
40728.28521228462, 228, -1.0
40728.961432979995, 63, -1.0
40729.629197514674, 133, 1.0
40729.96842106357, 40, -1.0
40732.62111050643, 207, -1.0
40732.941764536896, 198, 1.0
40735.375215700464, 165, -1.0
40735.55042437239, 153, 1.0
40736.21110288624, 71, 1.0
40736.40132351677, 142, 1.0
40736.48028044884, 103, 1.0
40737.993519948206, 114, -1.0
40740.64816797732, 120, -1.0
40740.97557384614, 153, -1.0
40742.07109723232, 67, 1.0
40744.94939247599, 67, 1.0
40746.54065667569, 126, 1.0
40747.45596715605, 86, -1.0
40748.154626570344, 107, -1.0
40750.19692544453, 69, 1.0
40751.08618119489, 35, 1.0
40754.11334291238, 169, -1.0
40754.6010154844, 56, -1.0
40755.675704051886, 50, 1.0
40755.84504995775, 222, -1.0
40757.51419709824, 34, -1.0
40758.18057713714, 45, 1.0
40759.53483138563, 142, -1.0
40761.07030123395, 40, 1.0
40761.896929956136, 108, -1.0
40762.73973198609, 44, 1.0
40764.24454476485, 33, 1.0
40765.19062589245, 101, -1.0
40773.65561471895, 90, -1.0
40773.688917004925, 104, -1.0
40775.548254978414, 58, -1.0
40777.43239079266, 164, 1.0
40777.54608418278, 114, -1.0
40777.75708750644, 169, -1.0
40779.6958810262, 88, -1.0
40781.78396394434, 75, 1.0
40782.00271413708, 80, 1.0
40782.99389664987, 101, 1.0
40783.31415895336, 81, -1.0
40783.485631424526, 26, -1.0
40783.52625078971, 31, -1.0
40783.771896816754, 147, -1.0
40788.43293931885, 73, -1.0
40789.44864998527, 101, -1.0
40791.14665047009, 114, -1.0
40793.21709194588, 56, -1.0
40794.3756873495, 137, 1.0
40794.64925571935, 133, 1.0
40795.805085018794, 71, 1.0
40798.19960256094, 198, 1.0
40801.00567895379, 56, -1.0
40802.38281429634, 63, 1.0
40802.3919768796, 58, -1.0
40802.533705618705, 44, -1.0
40804.16800087114, 87, 1.0
40805.68834316276, 44, -1.0
40806.75252775396, 100, 1.0
40807.71352721734, 43, 1.0
40808.931570474335, 59, 1.0
40810.434913836245, 64, 1.0
40816.651111759085, 39, -1.0
40817.77686761448, 72, -1.0
40819.036948804074, 102, -1.0
40819.14881361422, 36, 1.0
40821.17116938241, 235, 1.0
40824.64475185256, 34, -1.0
40825.23229273118, 148, -1.0
40825.60654139437, 130, -1.0
40825.89760643457, 34, -1.0
40827.015694057016, 64, -1.0
40827.41908357906, 72, -1.0
40828.00884205343, 114, -1.0
40828.32128843129, 68, 1.0
40828.755923107004, 161, -1.0
40831.2937631236, 162, -1.0
40831.541848803376, 45, 1.0
40833.033572267275, 73, -1.0
40835.270284490776, 75, 1.0
40838.610853041144, 35, 1.0
40838.781954207945, 165, 1.0
40839.293078617186, 153, 1.0
40839.72854848973, 114, -1.0
40839.88538799402, 149, -1.0
40840.31150248491, 35, 1.0
40840.52451016338, 94, 1.0
40841.425092508114, 162, -1.0
40842.41310011628, 44, -1.0
40845.779944873604, 114, -1.0
40847.40175695826, 96, 1.0
40848.14444693069, 164, -1.0
40848.52687677085, 162, -1.0
40848.76662121265, 113, 1.0
40849.67724876097, 83, -1.0
40852.35847944112, 157, 1.0
40853.25937640858, 97, -1.0
40853.41591511311, 154, 1.0
40856.41430218588, 72, -1.0
40856.94539361213, 70, -1.0
40857.07908866993, 71, 1.0
40859.590135222265, 182, 1.0
40859.68979982809, 40, -1.0
40860.86946273539, 70, -1.0
40861.739350092575, 228, -1.0
40861.74006894697, 80, 1.0
40864.219753535646, 40, -1.0
40864.81373804886, 146, -1.0
40868.587082632635, 119, -1.0
40869.54563515506, 152, 1.0
40869.82034023951, 146, 1.0
40871.153658578885, 162, -1.0
40871.197191546715, 75, 1.0
40873.48011638935, 119, -1.0
40873.97947980237, 40, -1.0
40874.132381362004, 50, -1.0
40875.841723697704, 230, -1.0
40876.88525683521, 83, 1.0
40877.29756539837, 31, -1.0
40878.4164031546, 41, 1.0
40878.88260483329, 241, -1.0
40880.44101859827, 164, 1.0
40881.35322451793, 35, 1.0
40882.30773167534, 36, -1.0
40882.82396191021, 148, -1.0
40885.92723306871, 162, 1.0
40886.32997122993, 75, 1.0
40887.380371679836, 142, 1.0
40890.307859388784, 142, 1.0
40890.34185102525, 234, 1.0
40890.86436431014, 101, 1.0
40890.9834865298, 35, -1.0
40892.892642548046, 103, 1.0
40893.45004211944, 129, -1.0
40894.03579808756, 104, -1.0
40894.26704517263, 142, -1.0
40897.838826145286, 150, -1.0
40898.280663795274, 101, -1.0
40899.19239514442, 99, -1.0
40900.97957805047, 198, 1.0
40901.07164994276, 153, -1.0
40904.538480296076, 67, -1.0
40905.14963663162, 75, 1.0
40905.8175597368, 44, 1.0
40905.87633372209, 235, -1.0
40906.09783360109, 233, 1.0
40907.90209723541, 163, 1.0
40908.12794073912, 146, -1.0
40908.44052326686, 163, -1.0
40909.33821521734, 44, -1.0
40909.34405751443, 93, 1.0
40911.426283514695, 68, 1.0
40913.71958000739, 137, 1.0
40915.498984320715, 97, 1.0
40920.99054803592, 146, 1.0
40921.36331208162, 31, -1.0
40922.4851435251, 241, 1.0
40922.84734808429, 161, 1.0
40924.32944859725, 44, -1.0
40925.008485706094, 137, 1.0
40925.52241990943, 58, -1.0
40925.7544406906, 114, 1.0
40927.42058067873, 97, 1.0
40928.21665659161, 39, 1.0
40929.9088577292, 59, -1.0
40930.041239683174, 56, 1.0
40931.52173121866, 123, -1.0
40931.604845289294, 148, 1.0
40936.00085295414, 126, -1.0
40937.437741977476, 114, 1.0
40938.305749154744, 33, 1.0
40938.43357116349, 151, -1.0
40938.81678290373, 152, -1.0
40938.93761267641, 86, 1.0
40939.71467659286, 161, -1.0
40939.771323733396, 198, -1.0
40941.07103563681, 36, 1.0
40942.69968342653, 45, 1.0
40943.8168903686, 146, -1.0
40946.563324220195, 163, 1.0
40948.15395519299, 75, 1.0
40949.391515716816, 75, 1.0
40950.59577548063, 166, -1.0
40950.65699404314, 228, -1.0
40950.735157915384, 66, -1.0
40950.92954202772, 99, -1.0
40951.603960742534, 87, -1.0
40956.26105211126, 146, 1.0
40957.28870533796, 59, -1.0
40961.1186970788, 84, -1.0
40961.49805993036, 28, 1.0
40961.60705180395, 123, -1.0
40962.417519423136, 35, -1.0
40963.49593675081, 157, -1.0
40963.84036133815, 52, -1.0
40963.93622226906, 116, 1.0
40964.32161846676, 66, -1.0
40966.72310351342, 40, 1.0
40968.43259592976, 126, -1.0
40972.46108376606, 40, 1.0
40973.1724201402, 126, -1.0
40973.25547130712, 56, -1.0
40974.48009400982, 64, -1.0
40976.230961703666, 70, -1.0
40976.49021799727, 104, -1.0
40980.6790477105, 50, 1.0
40980.92366811383, 26, -1.0
40982.07974581556, 152, 1.0
40982.517365943546, 105, 1.0
40984.66913471684, 95, -1.0
40984.9502571698, 182, -1.0
40988.1447013135, 45, -1.0
40988.9418629736, 40, 1.0
40989.67114450433, 104, 1.0
40991.635566982986, 70, 1.0
40995.04668249429, 88, -1.0
40996.024047478, 157, -1.0
40996.34403911061, 64, -1.0
40997.968223851494, 198, -1.0
41000.314646184044, 123, -1.0
41001.455422329585, 114, 1.0
41003.21300574309, 75, 1.0
41003.599859020214, 68, 1.0
41003.9957002098, 34, -1.0
41005.726775284944, 50, -1.0
41007.42272703851, 33, -1.0
41010.35635005918, 89, 1.0
41012.27769626349, 40, -1.0
41015.11200373648, 138, -1.0
41015.81329968846, 34, -1.0
41015.91510966892, 103, 1.0
41018.659353784475, 35, -1.0
41019.36896585687, 98, -1.0
41021.04216435531, 202, -1.0
41021.25103373799, 126, 1.0
41021.501362215, 58, 1.0
41024.32467642857, 124, -1.0
41030.873444957244, 157, 1.0
41030.97104610401, 166, 1.0
41031.24697490863, 162, 1.0
41035.47422907866, 173, 1.0
41036.05487523687, 150, -1.0
41036.25682709457, 84, 1.0
41038.11207106123, 202, -1.0
41038.46063299449, 116, 1.0
41039.57151716351, 98, 1.0
41040.492375711896, 40, -1.0
41040.85110609581, 141, 1.0
41041.17354350859, 193, -1.0
41041.58354694999, 65, -1.0
41041.6499973449, 73, 1.0
41041.85948037253, 101, 1.0
41042.90615519263, 162, 1.0
41044.306932401916, 68, 1.0
41045.933302255115, 162, -1.0
41046.3121638215, 72, -1.0
41047.2500954992, 31, 1.0
41047.52129378188, 40, -1.0
41048.639534864626, 60, -1.0
41049.09578743631, 94, 1.0
41050.87657810544, 123, -1.0
41052.607150532145, 163, -1.0
41052.84130215338, 111, 1.0
41053.45326237712, 163, -1.0
41053.88413731494, 58, -1.0
41054.07224688932, 50, -1.0
41056.75324318516, 108, -1.0
41056.8478376129, 28, -1.0
41056.94831330779, 67, 1.0
41057.162424601964, 46, -1.0
41060.062877344855, 110, -1.0
41061.148093052165, 36, 1.0
41062.59304079171, 116, -1.0
41066.60402534252, 101, 1.0
41067.0588583303, 72, 1.0
41067.84167024952, 66, 1.0
41068.71594385994, 83, 1.0
41070.28049175758, 52, 1.0
41071.45689456908, 88, -1.0
41073.01982169881, 210, 1.0
41073.35199950874, 92, -1.0
41073.64741490719, 55, -1.0
41074.7875099221, 114, -1.0
41077.52186401718, 33, 1.0
41078.47470844102, 163, 1.0
41081.14022092165, 137, 1.0
41082.491976051264, 40, -1.0
41082.68509749647, 105, -1.0
41083.00140242326, 110, -1.0
41083.23713810164, 114, -1.0
41083.51789510405, 33, -1.0
41083.796566778605, 84, -1.0
41086.21416370861, 234, 1.0
41086.24864606831, 102, -1.0
41088.145339458904, 177, -1.0
41089.378314127935, 90, 1.0
41090.74195993891, 114, 1.0
41091.12517582681, 80, 1.0
41091.17128945784, 114, -1.0
41091.72248987638, 241, -1.0
41092.82361314325, 53, -1.0
41094.60064849647, 160, -1.0
41096.74314541256, 230, -1.0
41098.43961442025, 110, -1.0
41100.13154946179, 165, 1.0
41100.94793047583, 40, 1.0
41101.11958317665, 101, -1.0
41102.20622748563, 153, -1.0
41103.699773348366, 101, 1.0
41104.68830926864, 109, 1.0
41105.49786027058, 30, -1.0
41105.5079084317, 118, -1.0
41106.34086094408, 230, -1.0
41106.99854619783, 101, -1.0
41108.91866557038, 234, 1.0
41109.19065478087, 141, 1.0
41110.77039548536, 59, -1.0
41111.54747623302, 157, -1.0
41115.33733165205, 104, -1.0
41115.35187093212, 89, -1.0
41116.116705059096, 28, 1.0
41116.573007993204, 50, -1.0
41120.995930785466, 173, 1.0
41122.013176765046, 139, -1.0
41122.02383565064, 141, 1.0
41122.716996638774, 29, -1.0
41123.07911490747, 31, 1.0
41123.389761574734, 65, 1.0
41123.99789426524, 157, 1.0
41124.69015626622, 72, 1.0
41125.66795183229, 114, 1.0
41126.18562083587, 81, 1.0
41126.363354597124, 35, -1.0
41126.46814405282, 54, 1.0
41127.63556257968, 41, 1.0
41127.746605587396, 64, -1.0
41127.858473189226, 46, -1.0
41129.50523197487, 40, -1.0
41131.453060835476, 100, -1.0
41131.48601704185, 37, -1.0
41131.627017124374, 228, -1.0
41132.11601719182, 182, 1.0
41132.23619216097, 71, 1.0
41136.78645462528, 177, -1.0
41138.181201460895, 40, -1.0
41140.06660993392, 41, 1.0
41141.53527233913, 126, 1.0
41142.692469841124, 40, -1.0
41143.24022876803, 51, 1.0
41145.53968851244, 101, -1.0
41146.07585292079, 173, -1.0
41148.46180612934, 56, -1.0
41149.77082805691, 40, -1.0
41150.696628928206, 228, 1.0
41151.52687121305, 60, -1.0
41152.45080475943, 69, -1.0
41152.48757650775, 146, 1.0
41153.74644515229, 141, 1.0
41154.45609281036, 117, -1.0
41154.92848270898, 164, -1.0
41155.63273758124, 165, 1.0
41156.642336538214, 33, -1.0
41160.73181001956, 124, -1.0
41160.882571058624, 44, 1.0
41161.0788983511, 34, 1.0
41161.35552973893, 40, -1.0
41161.67131406246, 75, -1.0
41161.773253291816, 43, 1.0
41161.844893580615, 101, -1.0
41163.402097187995, 53, -1.0
41164.87252476153, 97, 1.0
41166.60599507588, 152, 1.0
41166.9417978905, 109, -1.0
41167.196630274724, 241, 1.0
41169.355293885536, 71, 1.0
41170.52536856405, 33, -1.0
41170.719607000756, 75, -1.0
41175.81942579437, 141, 1.0
41178.63765616542, 102, -1.0
41178.79200462786, 34, 1.0
41179.822452574575, 83, -1.0
41180.78528379904, 130, -1.0
41181.58397790117, 137, 1.0
41182.08745460079, 169, -1.0
41182.37271542172, 104, -1.0
41186.048881956245, 193, -1.0
41186.28035229356, 164, 1.0
41186.770182100765, 58, -1.0
41186.95567103433, 157, 1.0
41188.07062222915, 96, -1.0
41189.12068376567, 164, -1.0
41190.308458904765, 34, 1.0
41190.308791432035, 177, -1.0
41192.91361076251, 116, 1.0
41193.427066561904, 44, 1.0
41194.678162781915, 151, 1.0
41195.03245344687, 36, -1.0
41195.22273491708, 67, 1.0
41195.838310553714, 84, -1.0
41195.87652442987, 71, 1.0
41196.09746376135, 234, 1.0
41197.621637713244, 71, 1.0
41197.852472289436, 87, -1.0
41201.385805071026, 153, 1.0
41204.12634480228, 164, -1.0
41206.38268841693, 72, -1.0
41207.56917542823, 40, -1.0
41207.66290084412, 57, 1.0
41208.09149038141, 123, -1.0
41209.96516975491, 52, 1.0
41212.27261901342, 76, 1.0
41213.70540616846, 164, -1.0
41214.78501301339, 235, 1.0
41215.15195605609, 45, 1.0
41216.588844200436, 114, 1.0
41218.19020604287, 164, -1.0
41218.91177557601, 70, 1.0
41221.73444220574, 51, -1.0
41222.248320855295, 56, -1.0
41225.66452027687, 81, -1.0
41227.809831412706, 101, -1.0
41227.8369674951, 164, -1.0
41229.024676517576, 71, -1.0
41230.14579039507, 146, -1.0
41230.7205412811, 193, 1.0
41231.23856767195, 95, 1.0
41232.53246322821, 124, -1.0
41233.766348066696, 130, 1.0
41235.38648375659, 83, 1.0
41236.25428090318, 146, 1.0
41236.79005960547, 56, -1.0
41237.66820818921, 114, 1.0
41238.25737820493, 138, 1.0
41239.10950991014, 117, 1.0
41241.52606233675, 153, -1.0
41241.675964956084, 162, -1.0
41241.755606387276, 85, 1.0
41245.18021645102, 120, -1.0
41245.97896546403, 64, -1.0
41247.90245636043, 152, -1.0
41247.94508945258, 60, -1.0
41248.94322511399, 104, 1.0
41249.21015039633, 164, -1.0
41253.6422390672, 70, -1.0
41254.493182255566, 164, 1.0
41256.499096128566, 64, -1.0
41257.74117551374, 42, 1.0
41258.12997354852, 66, -1.0
41258.295289120804, 150, -1.0
41259.03231916867, 235, 1.0
41259.30397783782, 142, 1.0
41262.32560585479, 114, -1.0
41263.31582453428, 58, -1.0
41265.271747172956, 157, 1.0
41266.891649714846, 126, 1.0
41267.82450315719, 67, 1.0
41267.90509171642, 35, 1.0
41268.15292104072, 67, -1.0
41268.26838690366, 114, 1.0
41268.57090785392, 54, -1.0
41271.06221106422, 113, -1.0
41271.10670737084, 163, 1.0
41272.05226584533, 35, 1.0
41272.29591633526, 80, 1.0
41272.432327911534, 27, 1.0
41272.46914681755, 119, -1.0
41274.88524513228, 28, -1.0
41275.264381517394, 58, 1.0
41275.3735601816, 187, -1.0
41276.63997062466, 107, -1.0
41277.308353211396, 101, -1.0
41278.42166505731, 86, 1.0
41279.94487768582, 44, -1.0
41280.187610932735, 146, -1.0
41280.35445052337, 59, -1.0
41280.419578437984, 222, -1.0
41283.79530604195, 36, -1.0
41284.14354766305, 151, 1.0
41284.93820757314, 142, -1.0
41285.66296361918, 29, -1.0
41285.944019261, 234, -1.0
41286.4629381038, 150, -1.0
41286.514467409135, 48, 1.0
41286.82869459662, 48, 1.0
41286.99613790383, 75, 1.0
41287.15022045496, 92, 1.0
41287.15475397949, 97, -1.0
41289.12351437392, 59, 1.0
41289.765457906615, 56, -1.0
41290.599087655835, 177, -1.0
41290.70881480478, 66, -1.0
41293.84633724542, 75, 1.0
41293.92789517048, 60, -1.0
41294.30845773887, 33, -1.0
41296.025685474895, 46, -1.0
41297.3823638917, 83, 1.0
41302.775462670616, 75, 1.0
41304.87022897712, 75, 1.0
41309.20199212049, 95, 1.0
41309.22536005257, 130, -1.0
41309.42337043998, 109, 1.0
41311.10608335711, 187, -1.0
41312.98647340357, 146, 1.0
41313.91903495685, 67, 1.0
41314.14367620925, 97, 1.0
41316.58324916288, 149, 1.0
41317.69793422819, 107, -1.0
41320.55298384327, 45, -1.0
41320.81283227726, 60, -1.0
41321.82787502722, 76, -1.0
41322.04555353368, 71, 1.0
41323.679078648194, 152, -1.0
41324.6174083157, 100, 1.0
41326.350647818384, 198, 1.0
41328.140507867414, 28, -1.0
41330.43212936046, 103, 1.0
41330.89557424077, 92, -1.0
41331.03128540749, 68, -1.0
41331.40911718268, 114, -1.0
41331.45259798128, 59, -1.0
41331.47179154416, 67, 1.0
41333.63363332118, 98, -1.0
41333.76941231818, 130, 1.0
41333.95026310846, 114, -1.0
41334.1341979231, 99, 1.0
41336.16426067492, 167, -1.0
41336.57900392483, 81, -1.0
41338.09462589423, 109, -1.0
41339.24678130102, 114, -1.0
41342.59829985108, 148, -1.0
41345.81690405907, 56, -1.0
41346.28730199218, 155, -1.0
41346.379106113534, 123, -1.0
41346.500096673175, 71, 1.0
41347.31265859576, 235, 1.0
41349.19825191046, 116, 1.0
41349.40119596899, 116, -1.0
41350.04546003122, 114, -1.0
41352.38431239378, 83, 1.0
41357.88291238901, 92, -1.0
41357.96295817912, 164, 1.0
41358.091415793824, 75, 1.0
41361.366693192176, 116, 1.0
41361.93736666407, 34, -1.0
41363.72566239061, 34, 1.0
41365.176490317914, 67, 1.0
41365.299123592646, 68, 1.0
41365.784660061654, 40, 1.0
41367.593491164065, 164, -1.0
41368.98218298504, 45, 1.0
41368.99792791721, 83, 1.0
41369.482575517446, 154, -1.0
41371.137892930405, 161, 1.0
41372.080389116025, 58, 1.0
41372.74160261738, 44, -1.0
41373.03828356705, 75, 1.0
41373.137053264014, 50, 1.0
41373.704106274454, 59, -1.0
41374.91127111564, 230, -1.0
41375.731263141286, 108, -1.0
41377.341717210635, 119, -1.0
41379.46305222824, 222, 1.0
41380.08019423474, 64, 1.0
41380.36620401484, 88, -1.0
41380.57207632771, 98, -1.0
41381.579414049156, 149, -1.0
41382.52342323004, 71, -1.0
41385.091242953924, 182, -1.0
41385.23537756351, 46, -1.0
41385.68425725608, 141, 1.0
41386.11816994838, 75, 1.0
41386.40956748854, 75, 1.0
41388.32013239375, 74, -1.0
41390.11332060179, 40, -1.0
41390.341455455695, 34, -1.0
41391.359385764685, 58, 1.0
41393.18798697789, 105, -1.0
41401.53637454545, 109, 1.0
41402.383308815275, 119, -1.0
41403.172389669875, 67, 1.0
41404.65656116522, 114, 1.0
41404.951243541276, 111, -1.0
41408.44172553821, 165, -1.0
41412.18941096365, 39, -1.0
41413.368138756865, 72, -1.0
41413.49605077885, 116, 1.0
41413.50906007215, 104, -1.0
41414.66848752966, 101, -1.0
41414.79537332127, 80, 1.0
41415.76179383445, 117, -1.0
41415.82387647321, 98, 1.0
41415.97732849984, 59, -1.0
41416.8854632552, 141, 1.0
41417.01260433717, 142, 1.0
41417.284542038506, 198, -1.0
41418.258526254285, 69, 1.0
41418.59458988685, 71, -1.0
41419.35330452759, 146, 1.0
41419.69701013529, 44, -1.0
41423.85298502597, 31, 1.0
41425.80445572522, 152, 1.0
41425.90478037722, 146, -1.0
41426.8760596125, 173, 1.0
41426.92602799934, 33, -1.0
41429.7565611462, 100, -1.0
41429.866074879086, 42, -1.0
41436.17997891577, 42, -1.0
41436.32558231713, 81, -1.0
41436.62515424333, 50, -1.0
41438.0250382142, 67, 1.0
41440.62045095283, 101, 1.0
41442.2111342515, 162, -1.0
41442.87539803064, 40, -1.0
41443.415400441554, 82, -1.0
41444.2615370176, 68, 1.0
41446.66292103581, 101, 1.0
41447.86416549465, 40, -1.0
41448.71326081322, 52, -1.0
41449.20886415608, 43, -1.0
41449.42478231817, 75, 1.0
41449.541619321644, 118, -1.0
41449.74201991365, 74, 1.0
41451.4238346612, 96, 1.0
41451.93773071139, 198, -1.0
41452.26152195817, 169, 1.0
41452.40650979976, 152, -1.0
41453.2582368107, 116, 1.0
41454.85874639127, 126, 1.0
41455.30045976303, 102, -1.0
41458.1630164426, 97, -1.0
41458.29876022761, 84, 1.0
41459.20506198469, 65, 1.0
41459.951280972964, 58, 1.0
41460.83995853453, 234, 1.0
41461.34874414281, 114, 1.0
41461.566559624414, 87, 1.0
41461.651482799876, 115, -1.0
41463.985907977, 202, -1.0
41464.489810695486, 150, -1.0
41465.905858094324, 110, -1.0
41465.96408836777, 177, 1.0
41467.51717245025, 103, 1.0
41467.735915979865, 147, -1.0
41467.94766442046, 141, -1.0
41468.308185815935, 95, 1.0
41470.60255795086, 53, -1.0
41471.112883006994, 101, 1.0
41471.309474532216, 92, -1.0
41471.86917024371, 116, 1.0
41473.87460071725, 92, -1.0
41474.34425002098, 71, 1.0
41475.489474978735, 34, 1.0
41475.51045820593, 34, -1.0
41476.24439074674, 123, -1.0
41477.4310218204, 146, 1.0
41478.747580762596, 26, -1.0
41479.076069276955, 230, -1.0
41479.60178635373, 157, -1.0
41481.104909251815, 41, -1.0
41483.267474966866, 99, -1.0
41484.84369011968, 50, -1.0
41485.68626737822, 31, 1.0
41486.80829032822, 120, 1.0
41487.19190868995, 89, 1.0
41487.22818295545, 128, -1.0
41488.46440606914, 120, -1.0
41488.48669561584, 163, 1.0
41488.6519398066, 155, -1.0
41488.781761816885, 157, 1.0
41491.63041745524, 52, -1.0
41492.1069858119, 34, -1.0
41495.55711442954, 50, 1.0
41496.77997895385, 103, 1.0
41497.25682056995, 41, -1.0
41501.944444364344, 126, -1.0
41502.03812372156, 102, 1.0
41502.7039544887, 101, 1.0
41505.17359910531, 59, -1.0
41505.23597560938, 71, 1.0
41507.1444983264, 41, -1.0
41507.21927969543, 110, -1.0
41508.1537635539, 84, -1.0
41509.787556711926, 168, -1.0
41510.788262632756, 64, 1.0
41511.15365373626, 114, 1.0
41511.333874251184, 116, 1.0
41511.39550353561, 235, -1.0
41514.4283923061, 94, -1.0
41515.426667911386, 100, 1.0
41515.936411640796, 126, 1.0
41519.23496515426, 27, 1.0
41519.42879057589, 155, -1.0
41520.466005137634, 114, -1.0
41520.74502832674, 123, -1.0
41521.34138954274, 87, 1.0
41522.346234945115, 148, -1.0
41524.157072548114, 153, -1.0
41525.00952345993, 69, -1.0
41528.07495681959, 169, 1.0
41528.54361606157, 58, 1.0
41530.11238181391, 163, -1.0
41531.38734686524, 45, 1.0
41532.31052299628, 152, 1.0
41533.01750408559, 44, -1.0
41533.6393950518, 84, 1.0
41533.67011196851, 230, -1.0
41536.37420733517, 48, -1.0
41536.870403291345, 153, -1.0
41537.7267977751, 40, -1.0
41538.784867651215, 92, -1.0
41538.814250245094, 71, -1.0
41539.0203482367, 114, 1.0
41539.259503512294, 59, -1.0
41540.5556849518, 98, 1.0
41542.37405848668, 35, -1.0
41542.903496310995, 182, -1.0
41542.960596791796, 169, 1.0
41544.32463433443, 94, 1.0
41546.218085469816, 152, 1.0
41547.10426630656, 193, -1.0
41548.8716621047, 35, -1.0
41550.53850945834, 101, -1.0
41550.60559134189, 233, -1.0
41552.75599923095, 67, 1.0
41553.550328347505, 26, -1.0
41556.68402255412, 40, 1.0
41557.90413656507, 177, -1.0
41559.27165891853, 64, -1.0
41564.450353876004, 164, 1.0
41564.63869708845, 41, 1.0
41565.58678121218, 233, -1.0
41566.55394388194, 59, -1.0
41567.39155468821, 67, -1.0
41567.4922744433, 91, -1.0
41567.61825609028, 148, -1.0
41567.79581632689, 64, 1.0
41569.91773398217, 99, 1.0
41571.652083881214, 103, 1.0
41572.61744683873, 146, 1.0
41573.701479527845, 162, -1.0
41575.35969873874, 68, 1.0
41576.22170623275, 105, -1.0
41576.49263950924, 68, 1.0
41576.98947530711, 72, -1.0
41577.6467848233, 163, -1.0
41584.04207436573, 230, -1.0
41585.04285110936, 34, -1.0
41586.03239421606, 165, -1.0
41586.27281128459, 74, -1.0
41586.399398290305, 152, -1.0
41589.923214245544, 75, 1.0
41592.2628541149, 73, 1.0
41595.79851077132, 123, -1.0
41595.85720936763, 113, -1.0
41596.09667253946, 71, -1.0
41597.3124722238, 71, 1.0
41597.79854103041, 101, -1.0
41598.413472840744, 82, 1.0
41598.77185966679, 105, 1.0
41602.154413760254, 67, -1.0
41603.493583717296, 150, 1.0
41604.466839976645, 65, -1.0
41604.520987901546, 109, -1.0
41604.73967254252, 188, -1.0
41605.76462714362, 83, 1.0
41607.90662010955, 222, 1.0
41608.09715207698, 165, 1.0
41608.56083468317, 89, 1.0
41609.84740621055, 58, 1.0
41612.210643524275, 114, 1.0
41612.31334673004, 95, 1.0
41612.666253021736, 58, 1.0
41614.66936316987, 74, 1.0
41616.35167210709, 120, -1.0
41617.06414626953, 50, -1.0
41617.49192664403, 30, -1.0
41618.181245976426, 59, 1.0
41619.384999867165, 148, -1.0
41620.600513932965, 103, -1.0
41620.739702373234, 100, -1.0
41621.7341490978, 152, 1.0
41623.08964625915, 83, -1.0
41624.00508599017, 114, 1.0
41625.21804909591, 72, -1.0
41625.3252261671, 150, -1.0
41627.359388810764, 123, -1.0
41627.51849037164, 86, 1.0
41628.2499102587, 69, 1.0
41629.502481943244, 101, 1.0
41630.38574073784, 64, -1.0
41631.62923177609, 71, 1.0
41631.899454827355, 108, 1.0
41633.24826510582, 58, 1.0
41633.353064823, 148, -1.0
41634.20192002928, 99, -1.0
41634.76086300825, 123, -1.0
41635.15217498693, 52, -1.0
41635.60088291782, 40, 1.0
41636.1822309836, 101, -1.0
41636.9576977236, 69, 1.0
41638.5386718815, 58, -1.0
41638.82174437211, 173, -1.0
41640.35084765888, 177, -1.0
41641.108190173094, 35, -1.0
41643.04071365631, 105, 1.0
41645.19708990467, 142, 1.0
41646.82451355939, 187, -1.0
41649.46860434755, 168, -1.0
41651.31982110639, 42, -1.0
41652.129115314514, 92, -1.0
41653.302727691815, 146, 1.0
41655.08157082821, 165, 1.0
41656.64895431113, 102, -1.0
41660.25721987598, 70, 1.0
41660.65470404436, 164, -1.0
41661.09373109213, 152, -1.0
41661.53497510618, 87, -1.0
41662.40819953922, 70, 1.0
41662.48515744115, 71, -1.0
41662.53884109307, 114, 1.0
41663.02159664869, 71, 1.0
41664.89288129079, 65, 1.0
41670.1039458817, 155, 1.0
41670.357667624834, 69, -1.0
41670.411362251136, 35, 1.0
41671.393642568524, 171, 1.0
41672.1790265883, 97, 1.0
41673.26245049126, 164, -1.0
41674.26903413899, 59, -1.0
41675.29123576959, 242, 1.0
41678.54558114948, 100, -1.0
41680.304391031976, 233, 1.0
41681.33855111072, 35, 1.0
41681.77699538131, 44, -1.0
41681.9586330589, 164, 1.0
41682.38060880291, 116, 1.0
41683.82097324755, 142, 1.0
41685.65007807445, 164, 1.0
41685.97173174361, 107, -1.0
41686.25444882898, 87, 1.0
41687.85713513936, 99, -1.0
41691.79161275811, 67, 1.0
41691.8820513223, 148, -1.0
41693.013011338255, 51, -1.0
41697.195477742585, 162, -1.0
41697.69204218865, 81, 1.0
41697.75768775925, 98, -1.0
41698.13051607984, 142, 1.0
41699.895209857736, 67, 1.0
41701.3169097364, 58, -1.0
41703.02780332278, 31, -1.0
41703.335232351346, 58, 1.0
41704.90325149977, 75, 1.0
41705.13641303446, 35, -1.0
41707.50068267324, 84, -1.0
41710.11050100799, 92, -1.0
41711.30391004184, 114, 1.0
41711.80767701526, 235, -1.0
41712.17325730766, 28, -1.0
41715.05474516142, 59, 1.0
41715.13592183156, 58, -1.0
41715.47535148705, 146, 1.0
41716.755931650776, 45, 1.0
41717.08521050417, 177, -1.0
41719.40245899783, 100, -1.0
41719.4597580402, 153, -1.0
41719.57465388253, 44, -1.0
41721.29563277134, 50, -1.0
41722.182806300436, 53, -1.0
41723.95224873894, 105, 1.0
41724.60294999682, 116, 1.0
41724.84916835238, 28, -1.0
41725.38693873799, 71, 1.0
41726.613364827055, 123, -1.0
41727.15567326018, 40, 1.0
41731.27298168116, 64, -1.0
41731.809428368106, 149, -1.0
41733.782106016704, 30, -1.0
41734.002724647966, 120, -1.0
41734.449446455284, 119, -1.0
41734.45999045608, 61, 1.0
41735.00810062748, 163, 1.0
41736.374842094316, 67, 1.0
41737.439927318796, 152, -1.0
41737.92083526996, 154, -1.0
41739.390147692095, 193, -1.0
41740.68782590853, 99, 1.0
41742.78637674978, 69, -1.0
41743.351040388, 233, -1.0
41743.691538610066, 34, -1.0
41744.333031599985, 234, -1.0
41746.33473445072, 182, 1.0
41747.8047411554, 116, -1.0
41747.8337503819, 163, -1.0
41750.127584195005, 54, -1.0
41750.39860749142, 101, 1.0
41752.731453708206, 163, -1.0
41754.38805326849, 94, 1.0
41754.76101783514, 42, 1.0
41755.61859572773, 98, -1.0
41755.84692841079, 52, -1.0
41757.241873136474, 101, 1.0
41758.597410626, 163, 1.0
41759.77640709766, 111, 1.0
41759.85672901602, 75, -1.0
41760.1620126181, 142, -1.0
41762.32583331674, 120, -1.0
41762.48429279105, 104, -1.0
41762.74416920174, 161, -1.0
41766.46039158413, 110, 1.0
41767.04794322794, 40, -1.0
41767.66391882864, 164, 1.0
41769.73115454497, 51, -1.0
41769.7772939718, 119, 1.0
41770.65697547828, 34, 1.0
41770.931922830074, 96, 1.0
41772.85407704995, 198, -1.0
41775.8370354961, 58, -1.0
41776.04387440445, 164, -1.0
41777.27945444294, 160, -1.0
41777.36653860645, 45, 1.0
41778.155650876004, 45, 1.0
41778.31067453624, 116, 1.0
41779.07843734548, 149, 1.0
41780.74816848438, 32, 1.0
41781.13772831581, 114, 1.0
41782.8890328891, 68, 1.0
41784.46269467865, 27, 1.0
41784.83163284071, 26, -1.0
41787.03909295115, 105, -1.0
41788.49260815343, 39, -1.0
41789.872540693184, 87, -1.0
41791.263774585575, 54, -1.0
41792.02881940515, 162, -1.0
41792.140763311996, 81, 1.0
41792.26321959564, 70, -1.0
41792.970575582905, 97, -1.0
41793.125142976394, 96, 1.0
41793.545907226915, 153, -1.0
41794.26126061695, 142, 1.0
41794.72144613127, 161, -1.0
41794.87228242483, 153, -1.0
41795.28857255726, 76, -1.0
41795.532588649585, 89, 1.0
41797.86830651962, 65, 1.0
41800.70718778076, 100, 1.0
41804.72262833901, 81, -1.0
41806.150769435655, 97, 1.0
41806.836560995645, 64, -1.0
41806.865710795166, 71, -1.0
41807.55109554834, 80, 1.0
41810.73033161567, 152, -1.0
41813.47780386559, 114, -1.0
41815.544314247454, 27, 1.0
41815.88887672646, 152, -1.0
41818.240813042634, 117, 1.0
41819.05935443267, 97, -1.0
41819.10842891356, 126, -1.0
41819.41574217775, 28, -1.0
41820.57241051539, 28, -1.0
41820.774952467145, 169, -1.0
41821.0473910525, 40, 1.0
41821.45783933553, 87, 1.0
41821.87249856491, 80, 1.0
41823.67807278821, 61, -1.0
41824.287070167964, 110, -1.0
41825.058334549256, 71, 1.0
41825.85021882565, 80, -1.0
41827.79689200431, 89, -1.0
41828.86492168272, 41, -1.0
41833.13645797052, 160, -1.0
41833.371150764375, 103, 1.0
41834.419133593416, 87, -1.0
41836.65608873939, 27, 1.0
41838.29660728006, 110, -1.0
41838.455103949214, 91, -1.0
41839.906359106455, 74, -1.0
41841.897512488955, 96, 1.0
41842.19387424056, 159, -1.0
41842.481447578735, 152, -1.0
41844.35103898951, 41, 1.0
41847.601802965095, 155, 1.0
41849.58556815049, 162, 1.0
41850.14466259323, 75, -1.0
41851.60754385309, 126, 1.0
41852.03342098946, 62, -1.0
41852.590467281385, 130, 1.0
41854.610801694864, 44, -1.0
41854.706223610134, 98, 1.0
41856.52793920769, 164, 1.0
41856.80797521873, 152, -1.0
41857.62811119303, 84, -1.0
41858.0439671555, 230, 1.0
41858.43226666293, 100, -1.0
41860.45550394206, 80, 1.0
41862.19457450482, 28, 1.0
41863.75325863552, 123, -1.0
41864.346552674084, 50, -1.0
41864.55468464188, 82, 1.0
41866.15679209381, 83, 1.0
41866.55649921236, 75, 1.0
41867.65569728323, 40, 1.0
41867.91988771861, 96, 1.0
41869.10838482257, 142, 1.0
41869.393806132415, 102, 1.0
41871.212607220514, 44, -1.0
41871.99002123507, 198, 1.0
41872.7659117886, 35, -1.0
41877.08035017022, 36, 1.0
41877.09444620617, 171, -1.0
41877.37901000756, 59, 1.0
41877.98500820191, 69, 1.0
41878.61957750801, 97, -1.0
41879.55251626134, 123, -1.0
41879.9833130556, 202, -1.0
41880.15849287349, 40, -1.0
41880.8612393731, 126, 1.0
41882.61908179231, 39, -1.0
41882.93071859821, 90, -1.0
41883.52709453603, 114, 1.0
41884.909910876566, 35, -1.0
41889.409031216026, 99, 1.0
41889.86118235837, 59, -1.0
41890.960052419556, 60, -1.0
41891.671823633274, 71, 1.0
41894.18659245673, 165, 1.0
41895.82213530643, 108, -1.0
41899.42860700332, 46, -1.0
41900.45098530152, 169, 1.0
41900.91942085809, 138, -1.0
41901.168172383776, 164, -1.0
41903.11720038814, 75, 1.0
41903.7281684556, 66, -1.0
41903.96467395205, 116, 1.0
41905.18642397582, 151, 1.0
41905.46543092134, 70, -1.0
41907.55634247806, 101, 1.0
41908.630158766886, 235, -1.0
41909.04101873774, 100, -1.0
41910.417993561365, 234, -1.0
41910.498444319725, 114, -1.0
41910.62696389416, 234, 1.0
41911.54506374099, 114, -1.0
41911.79284897013, 67, 1.0
41912.82238058476, 98, 1.0
41913.66276597091, 73, -1.0
41914.64510018541, 165, -1.0
41915.61069609737, 35, -1.0
41915.85143489345, 70, -1.0
41916.49573588476, 165, 1.0
41917.42012817064, 114, 1.0
41920.58899897623, 37, -1.0
41920.680107274, 123, 1.0
41920.822347965746, 101, -1.0
41920.96476833396, 68, 1.0
41921.18217164835, 101, 1.0
41923.4321370124, 34, 1.0
41924.36472615773, 29, 1.0
41925.55873391974, 126, -1.0
41932.20053415866, 177, -1.0
41933.14592758255, 162, -1.0
41934.86953157761, 165, 1.0
41935.238265888795, 52, -1.0
41935.996298073645, 128, -1.0
41937.40161976362, 71, -1.0
41941.77264716576, 163, -1.0
41942.03809965829, 160, 1.0
41942.0628983967, 92, -1.0
41942.98607450554, 171, -1.0
41944.321472037285, 68, 1.0
41945.46092834177, 114, -1.0
41947.535126585426, 228, 1.0
41949.70285656721, 152, 1.0
41951.39368349158, 60, -1.0
41953.66644401606, 80, -1.0
41954.1849191829, 39, -1.0
41954.86549204572, 102, -1.0
41956.686095411555, 148, -1.0
41957.560235786375, 108, -1.0
41959.43953840472, 64, -1.0
41962.77715296343, 59, -1.0
41962.95103552775, 59, -1.0
41966.374248632565, 33, 1.0
41966.77050303045, 46, -1.0
41967.01764142051, 108, 1.0
41967.11553978061, 33, -1.0
41967.53480382801, 164, -1.0
41967.93476173578, 41, -1.0
41968.09308488081, 171, -1.0
41969.43738896898, 75, 1.0
41970.28927598491, 71, 1.0
41971.44812074952, 182, -1.0
41972.01116851105, 84, -1.0
41972.40758683018, 57, 1.0
41972.479000389496, 58, 1.0
41972.79699429368, 74, 1.0
41977.47159950743, 234, 1.0
41978.85052744367, 129, 1.0
41979.70039746527, 102, -1.0
41980.32168452929, 230, 1.0
41981.148125147076, 75, 1.0
41983.56234422076, 161, -1.0
41983.9769421092, 67, 1.0
41985.524028572014, 37, -1.0
41986.93715668593, 105, -1.0
41988.99801729167, 102, 1.0
41989.689011584545, 147, -1.0
41989.71072062707, 120, -1.0
41989.8727045905, 105, 1.0
41990.58732427003, 92, -1.0
41991.64365080093, 63, 1.0
41992.42304053276, 71, 1.0
41994.11685838627, 169, -1.0
41994.4234771656, 58, -1.0
41995.04385092171, 51, -1.0
41995.764007589016, 67, 1.0
41996.4804907723, 97, 1.0
41997.424438879185, 55, 1.0
41997.821705630326, 95, 1.0
42000.60545405413, 35, -1.0
42001.124939614216, 84, 1.0
42001.93500164013, 147, -1.0
42003.92841993737, 120, -1.0
42004.153759556386, 44, -1.0
42005.35721481202, 58, 1.0
42005.85091641787, 235, -1.0
42007.09574757839, 29, -1.0
42007.14694694118, 29, 1.0
42007.17575634935, 29, 1.0
42007.902701454375, 69, 1.0
42008.135867043085, 44, -1.0
42009.143316489295, 89, -1.0
42009.69575887355, 146, 1.0
42012.05252637438, 71, -1.0
42012.270593982306, 193, -1.0
42014.5431910454, 56, -1.0
42015.347565897944, 142, 1.0
42015.77747721147, 129, 1.0
42016.592562010854, 40, 1.0
42016.61697590945, 89, -1.0
42018.91784671944, 62, 1.0
42021.31962715507, 48, -1.0
42021.46524875855, 198, -1.0
42023.43212836889, 152, 1.0
42023.7418805046, 170, -1.0
42023.94059755202, 87, -1.0
42024.2939819958, 35, 1.0
42024.676146611884, 104, 1.0
42027.53955558906, 56, 1.0
42027.92581651782, 88, -1.0
42030.35733536229, 155, 1.0
42030.80066934555, 99, -1.0
42032.61263548292, 35, -1.0
42033.282567101836, 43, 1.0
42034.698283895676, 71, 1.0
42037.05863393005, 110, -1.0
42037.07675981251, 43, -1.0
42038.47417806605, 222, 1.0
42038.92124158045, 101, 1.0
42040.122566073, 123, -1.0
42040.26262550392, 123, -1.0
42040.752685978136, 126, 1.0
42045.26053454839, 165, 1.0
42045.90345432101, 153, -1.0
42047.65314308243, 163, 1.0
42049.55102570624, 70, 1.0
42049.604687946085, 41, -1.0
42049.910858239666, 198, 1.0
42049.964245144445, 98, -1.0
42049.992435896784, 123, -1.0
42051.42540483698, 169, 1.0
42051.9740497736, 41, -1.0
42054.09629077626, 158, -1.0
42055.65687541448, 114, -1.0
42057.850735425505, 164, -1.0
42058.30377882093, 67, 1.0
42058.63780197371, 75, 1.0
42063.568044479005, 67, 1.0
42064.05003092333, 67, 1.0
42064.516186221525, 235, 1.0
42065.62183171875, 161, 1.0
42067.02603744294, 99, 1.0
42067.356862048095, 40, -1.0
42070.40580925753, 152, -1.0
42073.859839040924, 137, 1.0
42074.736583842234, 179, -1.0
42074.84733889125, 107, -1.0
42075.074934623655, 46, -1.0
42075.41879949576, 93, 1.0
42075.43101397723, 228, 1.0
42075.894472760454, 64, -1.0
42077.06755549928, 160, 1.0
42077.38676917334, 58, 1.0
42078.43167426718, 99, -1.0
42079.06819587614, 27, 1.0
42079.96177161856, 35, 1.0
42083.165874689956, 53, -1.0
42083.48255305762, 71, 1.0
42085.063692032, 109, -1.0
42086.03409120809, 198, 1.0
42088.52216626164, 165, 1.0
42088.54834134003, 87, -1.0
42089.81467754638, 101, 1.0
42092.4779781328, 233, 1.0
42092.6033420771, 123, 1.0
42092.69212113058, 101, -1.0
42092.75001048436, 103, 1.0
42093.60933579139, 165, 1.0
42095.57450440823, 97, 1.0
42096.03979648895, 123, 1.0
42096.10320553462, 126, 1.0
42098.39347934341, 103, 1.0
42099.34636420726, 103, 1.0
42099.68925466642, 109, 1.0
42103.60096903014, 60, 1.0
42104.65285713017, 141, 1.0
42105.35656734164, 67, 1.0
42107.63327002454, 198, -1.0
42108.935721127455, 164, -1.0
42109.07668394539, 40, -1.0
42109.35824710969, 97, 1.0
42109.53891556839, 241, 1.0
42110.29192955493, 103, 1.0
42112.86577372612, 67, 1.0
42113.10535802471, 107, -1.0
42114.04539018304, 171, -1.0
42115.02217380091, 64, 1.0
42116.17962119421, 193, 1.0
42116.44644825796, 58, -1.0
42116.62470653533, 67, -1.0
42118.36471121995, 152, -1.0
42118.91449302275, 116, 1.0
42119.57932756116, 163, -1.0
42120.061779874806, 71, -1.0
42120.5252775755, 123, -1.0
42121.72305113564, 87, 1.0
42122.11802670668, 95, 1.0
42122.26145972719, 99, -1.0
42122.30835312443, 234, 1.0
42123.143207342764, 68, -1.0
42124.22316949109, 110, -1.0
42124.426808498596, 95, 1.0
42126.21459261975, 67, -1.0
42126.70851881229, 235, -1.0
42126.86362444789, 193, -1.0
42127.6233980961, 126, 1.0
42128.47669026357, 97, 1.0
42130.33622211567, 90, -1.0
42131.48792266999, 71, -1.0
42132.07280311895, 109, 1.0
42132.778680282856, 50, -1.0
42133.30445393791, 91, -1.0
42133.4674342653, 64, -1.0
42134.44506638137, 91, -1.0
42137.23009584718, 100, 1.0
42137.553723581375, 152, -1.0
42138.01132161538, 105, 1.0
42139.657172295796, 111, 1.0
42141.05525012419, 67, 1.0
42141.54885284035, 126, 1.0
42141.87348655667, 97, 1.0
42142.78707113793, 101, -1.0
42144.09318441553, 58, -1.0
42144.56300706175, 162, 1.0
42146.12213411216, 75, 1.0
42146.23989832882, 45, -1.0
42147.22046620517, 120, -1.0
42148.65626444331, 114, 1.0
42149.007311424415, 177, -1.0
42150.03144286576, 69, -1.0
42151.733227968885, 51, -1.0
42153.499423259316, 158, 1.0
42154.06201113784, 83, 1.0
42155.19540056088, 100, -1.0
42157.24147630468, 48, 1.0
42157.74991664027, 34, -1.0
42158.41511638513, 167, -1.0
42158.88351109864, 164, 1.0
42159.641448782495, 242, -1.0
42159.890125854254, 33, -1.0
42161.16613031273, 207, -1.0
42161.318557119084, 54, -1.0
42161.73527812275, 128, 1.0
42161.73718018698, 75, 1.0
42161.82585110124, 84, -1.0
42162.35147097061, 114, 1.0
42164.315199964614, 110, -1.0
42165.18966426022, 241, 1.0
42166.20773740278, 64, -1.0
42166.23832060001, 59, -1.0
42167.46791001885, 45, 1.0
42169.56532668398, 69, -1.0
42172.17856004594, 112, 1.0
42174.441247209485, 241, -1.0
42174.53448046137, 242, -1.0
42175.28604029898, 154, 1.0
42176.26525059907, 151, 1.0
42176.411051219824, 26, -1.0
42178.22487693846, 34, -1.0
42182.66884737026, 102, 1.0
42183.13518354208, 150, -1.0
42183.35488656908, 116, 1.0
42184.256676209974, 75, 1.0
42184.26051309328, 105, -1.0
42187.18835674126, 43, -1.0
42188.88321253868, 119, -1.0
42189.99006148948, 36, 1.0
42190.02715564978, 114, -1.0
42190.61845683157, 146, 1.0
42191.08913344391, 171, -1.0
42191.526409614555, 75, 1.0
42191.6961933896, 71, 1.0
42191.74722661653, 166, 1.0
42192.061998407466, 164, 1.0
42192.67366236114, 167, -1.0
42193.34928076383, 53, 1.0
42193.81669277989, 103, 1.0
42194.62868956997, 65, 1.0
42197.95238286722, 100, 1.0
42197.96114360774, 103, 1.0
42198.10572325754, 222, -1.0
42200.754702430604, 161, -1.0
42201.334167546935, 71, 1.0
42202.89846253885, 65, -1.0
42206.169421214785, 141, 1.0
42206.31578789006, 34, -1.0
42206.45504430077, 82, 1.0
42211.760630379234, 83, -1.0
42212.1368325684, 51, 1.0
42212.28633826589, 148, -1.0
42212.29264694487, 163, 1.0
42213.65273650347, 82, -1.0
42216.38841522526, 45, -1.0
42219.396155790964, 230, -1.0
42221.360656471996, 37, -1.0
42221.56256055749, 71, 1.0
42221.87158756788, 160, 1.0
42223.382474034166, 146, 1.0
42224.180172896624, 149, -1.0
42224.92358317871, 171, 1.0
42227.07763373861, 158, -1.0
42229.351903167844, 68, 1.0
42231.681256184864, 235, 1.0
42231.785890367384, 40, 1.0
42234.215368291574, 161, -1.0
42234.81576147005, 148, 1.0
42235.34615650079, 101, 1.0
42236.825775104546, 27, 1.0
42238.14712543652, 40, -1.0
42238.435851103066, 126, 1.0
42239.96072076437, 166, -1.0
42243.2875610217, 98, -1.0
42243.51992108293, 123, -1.0
42244.119276408215, 155, -1.0
42244.29523039508, 241, 1.0
42245.55339710546, 164, -1.0
42247.62518822431, 152, -1.0
42247.807260291505, 114, 1.0
42248.23160045861, 75, 1.0
42248.27707781669, 163, 1.0
42249.04328542355, 230, -1.0
42250.434148895576, 161, -1.0
42250.74399200051, 105, -1.0
42251.07071600544, 230, -1.0
42251.39156389641, 53, -1.0
42251.70465110699, 129, -1.0
42252.913906027745, 114, 1.0
42253.27846746694, 103, 1.0
42257.45349701321, 146, 1.0
42257.53857545161, 242, 1.0
42258.75628823402, 75, 1.0
42261.72356542194, 64, -1.0
42263.90914204656, 133, 1.0
42266.02107026643, 157, -1.0
42266.46351335831, 50, 1.0
42267.1619446629, 152, -1.0
42268.63168441662, 114, 1.0
42269.17651598588, 59, -1.0
42269.27248197947, 73, 1.0
42269.60581775902, 71, 1.0
42271.866042918824, 75, 1.0
42273.08038813001, 102, -1.0
42273.37251464599, 87, -1.0
42275.46797338255, 114, 1.0
42276.23069350249, 103, -1.0
42276.4092507121, 233, -1.0
42276.46605740362, 116, -1.0
42278.06830332937, 130, 1.0
42280.69794257505, 99, 1.0
42280.83554779964, 91, -1.0
42283.41749123036, 103, 1.0
42284.1922553343, 97, -1.0
42284.641810058136, 99, -1.0
42285.38388114788, 146, 1.0
42285.62897892647, 41, -1.0
42286.178459777344, 50, -1.0
42286.60053923011, 50, 1.0
42287.01864072996, 67, 1.0
42287.44452967112, 101, 1.0
42289.059093934826, 66, -1.0
42289.288978624434, 137, 1.0
42291.412283501995, 116, 1.0
42291.925017846166, 114, 1.0
42293.03342406136, 87, 1.0
42296.242464271345, 142, -1.0
42296.71993908777, 108, -1.0
42297.65755810302, 75, 1.0
42297.88164951932, 126, 1.0
42298.58206781712, 59, -1.0
42299.51446237908, 165, -1.0
42300.3492881326, 34, -1.0
42301.19281923349, 152, -1.0
42302.59191850427, 118, 1.0
42302.97052207459, 141, 1.0
42304.81960472677, 34, 1.0
42307.72268652427, 58, 1.0
42310.99933910544, 124, -1.0
42311.98241238605, 163, 1.0
42313.4763019226, 117, -1.0
42314.1799466648, 126, -1.0
42314.55125983785, 177, -1.0
42315.75535860122, 35, -1.0
42316.0597435894, 75, 1.0
42316.32522745372, 126, -1.0
42316.427479504535, 141, -1.0
42316.9802998766, 70, -1.0
42319.716942919455, 58, -1.0
42321.026751461, 188, -1.0
42321.720212709646, 130, -1.0
42321.95120657969, 87, 1.0
42323.94048915213, 177, -1.0
42325.894003895184, 29, 1.0
42327.115423029376, 116, 1.0
42327.426984766484, 162, 1.0
42327.6368281228, 83, 1.0
42327.94647886789, 81, -1.0
42329.187531343116, 34, -1.0
42332.009675698275, 29, 1.0
42332.53479124163, 95, 1.0
42334.979699356976, 40, -1.0
42335.31134349428, 84, -1.0
42337.51837363001, 163, 1.0
42339.30849411269, 82, 1.0
42340.996472352876, 35, 1.0
42341.02126651624, 99, 1.0
42342.74638062352, 233, 1.0
42343.51487732702, 34, -1.0
42343.78229679234, 36, -1.0
42344.0746918543, 97, 1.0
42344.69312670237, 67, 1.0
42346.499297335315, 173, -1.0
42346.930625520814, 69, -1.0
42348.6396526251, 96, 1.0
42348.96607690546, 92, -1.0
42349.38236967004, 114, 1.0
42352.51278006198, 40, 1.0
42352.59001158493, 235, 1.0
42352.5921953925, 155, -1.0
42352.73355218677, 114, 1.0
42353.56608938195, 41, -1.0
42355.77651899815, 164, 1.0
42357.21574173657, 159, -1.0
42357.45946492054, 44, -1.0
42358.51009434779, 105, 1.0
42358.865227037524, 165, -1.0
42359.158597051304, 99, 1.0
42361.24238623585, 58, -1.0
42362.85782228694, 64, -1.0
42367.01598085622, 59, -1.0
42367.88593915959, 119, -1.0
42370.70469292264, 114, -1.0
42371.96067817963, 45, -1.0
42372.80629177055, 123, 1.0
42373.11733409529, 163, 1.0
42374.370492909016, 103, 1.0
42374.95036095371, 146, -1.0
42375.44999690707, 114, 1.0
42376.24299238111, 67, 1.0
42376.585444461285, 179, -1.0
42376.614039814376, 58, 1.0
42377.325807256304, 222, 1.0
42377.35200652353, 87, -1.0
42378.27988922716, 165, -1.0
42378.492318095, 87, -1.0
42378.68263668775, 114, 1.0
42380.710922191574, 97, -1.0
42381.09908831609, 89, -1.0
42382.000794846565, 81, -1.0
42383.770165670816, 162, 1.0
42385.34534030563, 167, -1.0
42386.38944657535, 126, 1.0
42388.11932736206, 157, 1.0
42388.18442700409, 123, 1.0
42389.76621556546, 82, 1.0
42390.1439688449, 45, -1.0
42390.260260269926, 84, 1.0
42390.81388343111, 126, -1.0
42391.62336618487, 126, -1.0
42393.33444076319, 40, 1.0
42393.91045852813, 120, -1.0
42395.18352961637, 103, 1.0
42395.248344127765, 142, -1.0
42396.23719214136, 40, 1.0
42397.9694221709, 45, 1.0
42401.248416167255, 82, 1.0
42401.77336279777, 162, 1.0
42401.96954269382, 62, -1.0
42402.23498844801, 40, 1.0
42404.0916157148, 36, -1.0
42404.221172995545, 44, 1.0
42405.597627309005, 83, 1.0
42405.937052354675, 130, 1.0
42406.361593361355, 163, 1.0
42407.51995467726, 71, 1.0
42407.7946056327, 67, 1.0
42411.176845143826, 163, -1.0
42411.41488053561, 64, 1.0
42412.0446505723, 76, -1.0
42413.00722011655, 126, 1.0
42415.5380130166, 101, -1.0
42416.487325712624, 101, -1.0
42417.50913199345, 75, 1.0
42419.335997649825, 71, -1.0
42420.98087344729, 123, -1.0
42422.288423228405, 81, -1.0
42422.33598902157, 103, 1.0
42422.72203231115, 118, 1.0
42423.214903787135, 39, 1.0
42424.557847885044, 99, 1.0
42424.918738397544, 165, -1.0
42425.05707126065, 90, -1.0
42425.410443356996, 164, -1.0
42425.66690992406, 45, -1.0
42426.814196625004, 96, 1.0
42428.16956230157, 45, -1.0
42428.61525204574, 101, 1.0
42429.209141794636, 84, -1.0
42430.59680297617, 53, 1.0
42430.68983005076, 101, -1.0
42430.71396671174, 40, -1.0
42431.04522554496, 59, -1.0
42432.468069967435, 111, -1.0
42435.90952133353, 102, 1.0
42436.22315317269, 46, 1.0
42438.638507455245, 146, 1.0
42439.94221732212, 133, 1.0
42440.545335864925, 110, -1.0
42441.193293929886, 99, -1.0
42444.8386449228, 101, 1.0
42445.06652946307, 114, -1.0
42446.52970232475, 89, 1.0
42446.916097497364, 28, -1.0
42447.01920544923, 60, -1.0
42447.145649723556, 44, 1.0
42447.62777280175, 56, -1.0
42449.331971711414, 107, 1.0
42449.3711402947, 28, 1.0
42449.56370144954, 148, 1.0
42450.20520853435, 87, -1.0
42452.95032954002, 69, 1.0
42454.992790074815, 105, 1.0
42455.33959158276, 92, -1.0
42458.95391564707, 46, -1.0
42461.45432732256, 122, -1.0
42462.82964157196, 113, -1.0
42465.59633674755, 35, -1.0
42466.83709649839, 63, -1.0
42469.94892718708, 235, 1.0
42473.79660693453, 39, 1.0
42475.00048049589, 44, 1.0
42476.183490291434, 92, -1.0
42476.28413988402, 75, 1.0
42476.50543648717, 162, 1.0
42476.64166635086, 109, 1.0
42476.94453616664, 241, 1.0
42476.97740532506, 66, -1.0
42476.97751976569, 97, -1.0
42477.76248272467, 84, -1.0
42478.40122673383, 103, 1.0
42480.65454337378, 146, 1.0
42482.618693366014, 177, -1.0
42485.02330368958, 96, 1.0
42485.749165757225, 40, -1.0
42485.75689495281, 41, -1.0
42485.81694564005, 153, 1.0
42491.00599032049, 81, -1.0
42496.37727659194, 151, 1.0
42496.54546638785, 124, 1.0
42498.41156250102, 75, 1.0
42500.498450502935, 34, 1.0
42503.10308036938, 162, -1.0
42503.27264628669, 120, -1.0
42505.499709101365, 65, 1.0
42509.315554888024, 114, -1.0
42511.55983579738, 114, -1.0
42511.76539045115, 28, -1.0
42512.67216088778, 31, -1.0
42515.28313682848, 88, -1.0
42516.00496080121, 84, -1.0
42517.73308877982, 39, -1.0
42518.52771195414, 29, 1.0
42523.449045390866, 146, -1.0
42524.50298403493, 92, -1.0
42525.69526305693, 102, -1.0
42526.337681033554, 45, -1.0
42526.851456225355, 88, 1.0
42528.969067672486, 146, 1.0
42529.93452757015, 163, 1.0
42530.160388706645, 59, 1.0
42530.257512117525, 128, -1.0
42531.958272190146, 94, -1.0
42533.32045365918, 182, 1.0
42533.3283075989, 162, -1.0
42533.7297943905, 58, -1.0
42535.37709924599, 149, 1.0
42535.39718582936, 234, -1.0
42536.9677517871, 198, 1.0
42539.18768828957, 58, -1.0
42539.29182285223, 87, 1.0
42539.39443051599, 72, -1.0
42540.069228201624, 149, -1.0
42542.40640162474, 233, 1.0
42544.82926347064, 114, -1.0
42545.55927896892, 146, 1.0
42546.10651760766, 102, -1.0
42547.303979610806, 39, -1.0
42548.59964449216, 168, -1.0
42549.17625021269, 92, 1.0
42549.94954459634, 167, -1.0
42550.60264197445, 150, -1.0
42550.739978356, 123, -1.0
42550.94452734114, 155, -1.0
42553.589254306535, 146, 1.0
42554.68109552275, 67, 1.0
42555.93866206975, 103, 1.0
42556.3100612574, 43, -1.0
42556.84610922865, 126, -1.0
42557.04879151776, 40, 1.0
42558.3825416352, 233, 1.0
42558.50260271116, 58, -1.0
42559.53228456, 85, 1.0
42559.71420151323, 241, 1.0
42560.00547605743, 162, -1.0
42560.08776030644, 70, -1.0
42562.549472151855, 150, -1.0
42564.78654342765, 68, -1.0
42565.79783838958, 233, -1.0
42568.244349743654, 70, 1.0
42569.10837207483, 73, -1.0
42572.52535870957, 101, -1.0
42572.83852741324, 182, -1.0
42572.90924809881, 164, -1.0
42575.507003388564, 50, -1.0
42577.636858533995, 202, -1.0
42577.64339022353, 171, -1.0
42578.42221339326, 165, -1.0
42578.428154450674, 75, 1.0
42579.25098687212, 75, 1.0
42579.25739901427, 95, 1.0
42579.4308443873, 80, 1.0
42580.47236725962, 153, 1.0
42580.76923059722, 161, 1.0
42581.726195834555, 62, 1.0
42581.99014541369, 119, -1.0
42584.87438602543, 34, 1.0
42584.94065494121, 152, -1.0
42585.880919970645, 101, -1.0
42587.1837076783, 165, 1.0
42587.85996647758, 71, 1.0
42588.15937480243, 32, -1.0
42588.43591602345, 148, 1.0
42589.89187885267, 56, -1.0
42590.255575891424, 53, -1.0
42591.05998137604, 81, -1.0
42592.593426194384, 119, 1.0
42592.97663060585, 58, -1.0
42593.208555607736, 165, 1.0
42595.44817329528, 99, -1.0
42595.56205580221, 75, 1.0
42595.61455565747, 70, -1.0
42595.69359085705, 123, -1.0
42596.78490919573, 35, -1.0
42599.78505302183, 73, 1.0
42601.280312863724, 75, -1.0
42601.78906849615, 54, -1.0
42603.7022192283, 177, -1.0
42603.93255293887, 72, -1.0
42604.26971845442, 40, -1.0
42604.3954762605, 113, 1.0
42604.50912815369, 40, 1.0
42604.885727162946, 67, -1.0
42608.19692074331, 193, -1.0
42609.29237946827, 105, -1.0
42609.31802851259, 65, 1.0
42609.568195045926, 56, -1.0
42610.89555865257, 142, 1.0
42610.9358788951, 35, -1.0
42614.075528825306, 164, 1.0
42617.06883135316, 163, 1.0
42617.529756321004, 171, -1.0
42617.556328246996, 29, 1.0
42617.687005053405, 70, -1.0
42618.08572574315, 99, 1.0
42621.2642229985, 137, 1.0
42621.772769582196, 51, 1.0
42622.19868444524, 97, -1.0
42625.02561553471, 71, 1.0
42625.66316044375, 84, -1.0
42626.20877019381, 210, 1.0
42626.3837458107, 36, -1.0
42626.676311754534, 101, 1.0
42626.88899401078, 67, 1.0
42626.967556665644, 88, -1.0
42629.491398585415, 64, -1.0
42635.358263136724, 235, -1.0
42635.45556690173, 116, -1.0
42637.996141239455, 71, 1.0
42638.5612687615, 75, 1.0
42638.84721376852, 64, 1.0
42639.00122855163, 67, 1.0
42639.50376753497, 87, -1.0
42639.71936248326, 163, -1.0
42640.31795679269, 87, -1.0
42641.161164936115, 114, -1.0
42641.30923961789, 157, -1.0
42643.829889195564, 69, -1.0
42644.92401244672, 41, 1.0
42649.26433381985, 72, -1.0
42649.6091013017, 75, 1.0
42649.85733004087, 40, -1.0
42650.04463526873, 59, -1.0
42650.51473111081, 96, 1.0
42653.6724986639, 95, 1.0
42653.86183383986, 58, 1.0
42654.25606028598, 106, 1.0
42654.706793414414, 72, -1.0
42655.603125681984, 169, -1.0
42655.963183712876, 152, 1.0
42656.44662777029, 104, -1.0
42656.77274036572, 101, 1.0
42657.07928854251, 75, 1.0
42657.490909819164, 141, 1.0
42658.75922167498, 147, -1.0
42659.40796704111, 169, 1.0
42659.95727496667, 108, -1.0
42663.33283454435, 91, -1.0
42663.382308213615, 98, 1.0
42664.850046874446, 97, -1.0
42665.71405016329, 126, -1.0
42667.52852175712, 119, -1.0
42668.07798002576, 53, -1.0
42669.887270626845, 99, -1.0
42671.3143258585, 116, 1.0
42671.580576907596, 45, 1.0
42671.71167850594, 167, 1.0
42672.571320025105, 69, 1.0
42673.31576675985, 97, -1.0
42673.57707460173, 97, -1.0
42674.36475226203, 228, -1.0
42674.74867135714, 193, -1.0
42675.52422422336, 114, 1.0
42676.2063977164, 69, -1.0
42681.43336771444, 29, 1.0
42681.78146642656, 32, 1.0
42681.828564329095, 58, -1.0
42682.16158888256, 26, -1.0
42682.60739329425, 120, -1.0
42683.00780766846, 41, -1.0
42684.02793243862, 96, 1.0
42684.195439309035, 57, 1.0
42685.73348294702, 152, -1.0
42686.12421187356, 92, 1.0
42687.84481423148, 126, -1.0
42687.95297081778, 80, -1.0
42689.004002490205, 116, -1.0
42690.30564498879, 123, -1.0
42691.04426250041, 193, -1.0
42692.64238434371, 48, -1.0
42692.797433882595, 71, 1.0
42693.1657490585, 150, -1.0
42693.614892449, 161, -1.0
42693.61619137749, 75, 1.0
42695.58550296784, 35, 1.0
42697.436238147675, 119, -1.0
42698.357591713466, 45, 1.0
42699.33909502613, 149, -1.0
42700.08532727675, 101, 1.0
42705.31452841522, 43, -1.0
42705.56930097511, 56, -1.0
42706.94159320396, 198, -1.0
42707.87422641932, 114, -1.0
42709.506951578864, 34, 1.0
42709.56755576935, 71, 1.0
42710.155143124604, 76, 1.0
42710.77768675546, 75, 1.0
42710.94913343764, 35, -1.0
42712.38192806623, 116, -1.0
42712.80542227756, 55, -1.0
42713.23454627448, 105, -1.0
42715.102315756536, 69, -1.0
42715.50863314159, 130, -1.0
42715.81187751555, 146, -1.0
42717.64397609397, 114, -1.0
42720.30641777787, 137, 1.0
42721.0050443192, 110, 1.0
42722.244936752424, 29, 1.0
42722.508312081816, 118, -1.0
42725.88731403489, 242, -1.0
42729.94412560962, 82, 1.0
42730.956779447886, 75, 1.0
42732.965624132594, 82, 1.0
42734.27111333056, 89, -1.0
42735.6964098038, 161, 1.0
42736.45841462298, 87, -1.0
42738.33196727559, 163, -1.0
42738.707193566224, 35, -1.0
42739.705384545014, 96, 1.0
42743.964415251, 28, -1.0
42746.08247719871, 36, 1.0
42747.40400312054, 113, -1.0
42747.544736627904, 167, 1.0
42747.57618409154, 101, 1.0
42747.68927331477, 94, 1.0
42748.86493112395, 153, -1.0
42749.90434915659, 81, -1.0
42755.6095348985, 146, 1.0
42756.2082966224, 41, 1.0
42756.89724837015, 36, 1.0
42757.2839484264, 35, -1.0
42757.87789063862, 58, -1.0
42760.34811024417, 116, 1.0
42760.58437414374, 62, -1.0
42760.857110706835, 114, -1.0
42761.650299383036, 168, 1.0
42763.052066740915, 159, -1.0
42763.06648768767, 152, -1.0
42763.41578749155, 228, 1.0
42764.09847833554, 126, 1.0
42764.57200417891, 198, -1.0
42765.99610266479, 95, -1.0
42766.72818414252, 101, 1.0
42767.077923978, 59, -1.0
42767.146056689206, 75, 1.0
42768.22822055516, 101, 1.0
42769.42709763425, 123, -1.0
42770.09609816632, 67, 1.0
42771.07593347144, 202, 1.0
42772.35113071397, 193, -1.0
42772.63157021444, 99, -1.0
42773.60544745049, 97, -1.0
42776.66156652111, 107, 1.0
42779.91436032319, 64, -1.0
42780.589380062054, 159, -1.0
42780.9367607837, 40, 1.0
42782.04672641981, 64, -1.0
42782.369738688045, 141, 1.0
42782.438718352976, 71, 1.0
42786.28622133191, 75, 1.0
42786.45410996861, 59, 1.0
42787.612159698154, 59, -1.0
42789.55926641187, 103, 1.0
42789.78057808317, 162, 1.0
42790.993935039995, 233, -1.0
42792.84824604163, 97, -1.0
42793.01940819276, 105, 1.0
42794.468784957244, 141, 1.0
42794.613780660715, 26, -1.0
42794.942207702305, 26, -1.0
42795.42415851905, 43, -1.0
42795.78725523018, 123, -1.0
42795.837636632146, 111, -1.0
42795.891004848556, 74, -1.0
42796.056645928715, 101, 1.0
42796.636196258056, 163, -1.0
42797.07262136916, 233, -1.0
42798.24420399572, 163, -1.0
42798.369597825586, 109, 1.0
42799.10130567562, 116, 1.0
42805.4270587168, 82, -1.0
42805.66665671926, 102, -1.0
42807.75927628242, 35, 1.0
42810.29408948757, 40, -1.0
42810.63550548617, 27, -1.0
42810.70328983938, 27, -1.0
42812.224588817786, 167, -1.0
42814.09748592176, 71, -1.0
42814.36351797003, 27, 1.0
42814.50130386841, 193, -1.0
42815.086514667215, 165, 1.0
42815.32265751308, 177, -1.0
42815.9637751477, 45, -1.0
42816.258988138856, 87, 1.0
42818.53099599853, 45, -1.0
42819.560755952065, 61, -1.0
42821.143351577506, 81, -1.0
42821.416527300884, 167, 1.0
42822.18003538369, 29, -1.0
42822.82695478484, 141, 1.0
42823.720467275976, 123, -1.0
42824.01901925416, 71, 1.0
42824.57163511326, 34, -1.0
42824.79035706668, 114, -1.0
42826.272642246986, 123, 1.0
42826.35171020548, 129, -1.0
42826.9206361599, 152, 1.0
42827.085248582196, 182, 1.0
42827.638029748254, 241, 1.0
42835.01736858308, 41, 1.0
42835.183914640606, 114, -1.0
42838.041494112535, 87, 1.0
42838.05310784155, 87, 1.0
42839.16710820679, 116, 1.0
42839.98886739937, 51, 1.0
42840.124529865294, 138, -1.0
42841.368921542635, 124, 1.0
42845.86268183906, 102, 1.0
42847.182743287885, 105, -1.0
42849.066274321645, 198, 1.0
42849.82582520914, 64, 1.0
42850.170400217656, 153, 1.0
42851.07808171615, 167, 1.0
42851.509085891994, 82, 1.0
42851.966750883264, 146, -1.0
42855.625507265075, 87, -1.0
42855.90527970006, 146, 1.0
42856.90281524307, 101, 1.0
42857.74557497859, 48, 1.0
42862.65806829379, 63, 1.0
42864.90880619771, 157, 1.0
42865.610996875825, 64, 1.0
42868.32686603752, 123, 1.0
42869.1787370718, 101, -1.0
42869.502359710445, 101, 1.0
42869.879522424664, 87, 1.0
42870.60239344463, 228, 1.0
42872.023494593726, 58, 1.0
42872.75593122979, 234, 1.0
42873.2651831337, 110, -1.0
42874.17657818879, 69, -1.0
42874.52582656014, 181, 1.0
42874.60199218968, 100, -1.0
42875.3329984719, 28, -1.0
42876.370961773515, 68, 1.0
42877.17446930498, 88, -1.0
42878.161823447044, 130, -1.0
42878.342229921436, 97, -1.0
42878.96714707362, 59, 1.0
42880.14806313081, 152, -1.0
42880.14914754189, 163, -1.0
42880.349063004665, 233, -1.0
42880.80255609711, 29, 1.0
42880.84212672128, 146, 1.0
42881.02380630453, 65, 1.0
42881.207163122854, 87, -1.0
42884.32278172244, 120, -1.0
42887.94260588736, 167, 1.0
42888.311895934385, 92, 1.0
42889.07401778581, 126, 1.0
42889.23691176033, 162, 1.0
42889.25375905578, 71, -1.0
42889.35928410633, 40, -1.0
42896.59782766913, 101, 1.0
42896.82890222087, 242, -1.0
42897.95636807287, 169, 1.0
42898.65699933851, 122, -1.0
42899.00735656735, 82, 1.0
42899.28669815514, 182, -1.0
42899.42227374189, 167, -1.0
42900.044550876475, 92, -1.0
42901.000279276384, 26, -1.0
42902.55257416442, 155, -1.0
42904.21457906466, 41, -1.0
42906.14620332218, 40, -1.0
42907.199079824204, 158, -1.0
42907.47794542096, 198, -1.0
42909.86325149623, 155, -1.0
42910.58614511029, 82, -1.0
42910.61263200361, 103, 1.0
42910.69452275109, 177, -1.0
42911.98457368281, 242, -1.0
42912.52359717652, 100, -1.0
42914.0067878378, 59, -1.0
42915.858349434544, 84, -1.0
42916.90184067238, 86, -1.0
42917.226861586256, 101, -1.0
42917.57777553829, 235, -1.0
42918.294354870646, 87, -1.0
42918.35161621373, 64, -1.0
42919.677511605696, 162, -1.0
42921.211028845166, 193, -1.0
42921.84941726353, 58, 1.0
42922.17428273257, 99, 1.0
42922.750481860116, 40, -1.0
42923.59468742682, 105, 1.0
42924.12486737822, 31, 1.0
42924.59596402897, 101, -1.0
42925.18548207037, 29, 1.0
42927.39414860826, 234, 1.0
42927.73934646618, 44, -1.0
42930.2363227669, 51, -1.0
42930.57415643851, 150, -1.0
42930.740973538166, 113, -1.0
42931.590172509386, 114, 1.0
42931.95690348219, 123, -1.0
42934.5759542481, 75, 1.0
42935.6030878452, 105, 1.0
42938.13141159635, 87, 1.0
42940.35264814707, 99, 1.0
42940.7693497462, 159, -1.0
42941.03672311362, 126, 1.0
42943.88888920572, 41, 1.0
42946.700610279404, 169, 1.0
42947.74993933734, 154, 1.0
42948.673004404896, 59, -1.0
42948.84509494199, 31, -1.0
42950.37858967965, 60, -1.0
42951.04671598951, 123, 1.0
42951.748540679175, 99, -1.0
42952.84672168803, 45, -1.0
42953.17594379002, 129, 1.0
42953.54359882967, 129, 1.0
42953.81568216931, 81, -1.0
42955.22544897864, 152, 1.0
42955.85137765312, 65, -1.0
42956.462197945424, 157, 1.0
42957.42939058736, 72, 1.0
42957.499561486395, 48, 1.0
42962.86076636402, 101, -1.0
42963.096241206724, 44, -1.0
42967.61066754921, 99, -1.0
42968.250627882924, 40, 1.0
42968.37472713926, 58, -1.0
42970.65741086925, 146, 1.0
42971.56757981143, 137, 1.0
42972.72236622106, 35, 1.0
42973.950065891775, 114, -1.0
42976.46145751692, 58, 1.0
42979.889803431164, 234, 1.0
42980.181805799286, 120, -1.0
42982.007600470286, 31, -1.0
42983.45582864236, 82, -1.0
42984.42049101735, 101, -1.0
42987.00219275957, 43, 1.0
42988.41364878224, 68, 1.0
42990.72176731185, 80, 1.0
42992.06363019328, 57, -1.0
42992.452736858046, 133, 1.0
42993.055192030784, 94, -1.0
42993.156714617915, 74, -1.0
42993.325430838304, 58, 1.0
42993.53687620786, 166, -1.0
42994.643923612144, 36, 1.0
42996.4995368156, 198, 1.0
42997.07600966467, 188, -1.0
42997.274047554514, 162, -1.0
42997.56788279123, 75, 1.0
42998.16930608296, 169, -1.0
42999.3645852954, 128, 1.0
43002.53453742129, 62, -1.0
43003.170867311084, 157, -1.0
43004.360553828, 41, 1.0
43005.568748299345, 123, -1.0
43005.82684613321, 34, -1.0
43010.216270062745, 158, -1.0
43010.24479404145, 230, -1.0
43010.27200433063, 87, 1.0
43011.072741398944, 29, 1.0
43011.17933678859, 72, -1.0
43012.45613324756, 83, 1.0
43013.10165201451, 202, 1.0
43013.466530440826, 41, 1.0
43013.89060287938, 55, -1.0
43015.91204432586, 120, -1.0
43016.24440912607, 117, 1.0
43017.56118775732, 153, 1.0
43018.33311260123, 66, -1.0
43018.40867841756, 33, 1.0
43018.69177782459, 81, -1.0
43019.6692576012, 152, 1.0
43019.88687474731, 187, -1.0
43020.280261250584, 169, 1.0
43020.52887954765, 114, 1.0
43021.31820094407, 233, 1.0
43021.37155223029, 167, -1.0
43023.04266760729, 97, 1.0
43023.15596568883, 149, -1.0
43023.55857786054, 72, 1.0
43025.2450178237, 36, -1.0
43025.67829914489, 40, 1.0
43025.87804931378, 142, -1.0
43027.98318987509, 128, -1.0
43028.360512527805, 151, 1.0
43028.52568118533, 27, 1.0
43028.655432810476, 75, 1.0
43028.67921973853, 233, 1.0
43032.07445497816, 86, 1.0
43032.40892349902, 67, 1.0
43032.90143971653, 59, -1.0
43033.1682382634, 193, -1.0
43036.86506533102, 29, -1.0
43037.17072395507, 146, -1.0
43038.13939291322, 112, 1.0
43040.38711619905, 58, 1.0
43042.82663329282, 230, -1.0
43044.003715453735, 60, -1.0
43045.26812069994, 81, -1.0
43047.77128207578, 230, 1.0
43047.80817425883, 169, 1.0
43049.37724682676, 126, -1.0
43050.97339844678, 157, -1.0
43052.44765579636, 114, 1.0
43053.16563058967, 26, -1.0
43054.614169582725, 28, 1.0
43055.379611136115, 66, 1.0
43055.38942785421, 67, 1.0
43058.44775540419, 101, 1.0
43059.8804130119, 177, -1.0
43062.147735287945, 177, -1.0
43062.79513322293, 126, 1.0
43062.877788294434, 64, -1.0
43063.403937140494, 54, 1.0
43063.97489877391, 45, 1.0
43063.997036475, 35, 1.0
43064.49609362085, 177, 1.0
43067.36166433105, 70, -1.0
43069.401437879904, 108, 1.0
43069.60689502764, 109, -1.0
43075.83451425279, 105, 1.0
43077.77919259607, 152, 1.0
43078.12048622665, 51, 1.0
43082.40549258476, 87, -1.0
43082.68423360641, 29, 1.0
43083.193342631275, 67, 1.0
43083.42978717852, 123, -1.0
43083.981658547935, 161, -1.0
43084.66836601319, 126, -1.0
43084.837947204156, 67, -1.0
43086.723599297446, 99, -1.0
43089.115489168966, 142, -1.0
43089.71205720505, 234, 1.0
43090.41116911889, 98, -1.0
43090.943699231764, 177, -1.0
43091.646573754246, 123, -1.0
43091.894557793654, 228, -1.0
43093.159767490826, 98, 1.0
43093.26036161178, 89, -1.0
43095.25148841813, 163, -1.0
43096.18395347735, 71, 1.0
43097.720259041336, 101, 1.0
43098.1112427701, 73, -1.0
43099.64333354638, 63, -1.0
43102.312557307785, 75, 1.0
43103.3949328681, 53, -1.0
43105.012698379716, 82, 1.0
43105.39285312441, 153, -1.0
43105.79036059773, 84, 1.0
43106.32141279621, 67, 1.0
43106.42578703463, 128, -1.0
43106.68641427926, 27, -1.0
43107.90255041699, 148, 1.0
43107.92564616387, 159, -1.0
43110.82541466835, 235, -1.0
43112.08221116514, 163, -1.0
43113.921666922535, 89, 1.0
43115.33620469736, 163, 1.0
43115.36957209104, 59, -1.0
43115.59729379797, 157, -1.0
43116.13464490527, 65, 1.0
43119.729431307715, 59, -1.0
43120.7253880748, 234, 1.0
43121.64372993493, 182, 1.0
43122.3141266497, 167, -1.0
43122.500603835084, 45, 1.0
43125.13136752909, 95, -1.0
43128.16699782242, 46, -1.0
43128.574726923885, 68, -1.0
43128.74868703576, 162, -1.0
43129.7614071937, 162, -1.0
43129.76549879864, 37, -1.0
43130.049414353445, 122, -1.0
43131.132266029716, 35, 1.0
43133.8038465402, 81, -1.0
43134.4765841948, 40, -1.0
43136.027321013986, 59, 1.0
43136.877295105674, 166, 1.0
43137.17976995118, 40, 1.0
43138.04474797605, 123, -1.0
43139.67918773844, 118, -1.0
43139.68166010171, 83, -1.0
43140.28791846975, 114, 1.0
43140.492275716155, 105, -1.0
43142.35470633013, 105, 1.0
43152.69096662164, 34, 1.0
43153.5884858167, 84, 1.0
43154.36717217117, 118, -1.0
43155.794762663325, 35, 1.0
43159.045724795564, 58, 1.0
43159.14454214771, 115, -1.0
43160.27265418025, 71, 1.0
43162.29448146129, 32, 1.0
43163.62327064562, 83, -1.0
43164.09594333158, 129, -1.0
43164.66860886866, 100, -1.0
43166.94266694197, 129, -1.0
43168.17625315318, 80, -1.0
43170.563279938295, 142, 1.0
43170.77803312089, 32, 1.0
43173.17911993036, 88, -1.0
43174.009026339256, 116, 1.0
43176.01733469273, 73, -1.0
43176.67379575161, 99, -1.0
43178.12068712641, 55, -1.0
43178.3108338688, 71, 1.0
43178.56230058145, 106, 1.0
43180.0797874517, 101, -1.0
43180.36142296964, 169, -1.0
43181.41562792797, 99, 1.0
43182.21658865296, 98, -1.0
43182.34288087482, 71, 1.0
43184.32403116654, 92, -1.0
43186.31457569913, 137, -1.0
43187.3292351125, 123, 1.0
43187.578597575455, 126, 1.0
43189.05882051911, 40, 1.0
43189.30292873325, 67, -1.0
43189.54095089306, 64, 1.0
43190.249390894074, 92, -1.0
43194.606695562, 116, 1.0
43195.19269642743, 152, -1.0
43195.41657106249, 164, -1.0
43197.26099067158, 101, 1.0
