28800.269009556985, 43, 1.0
28804.280934127113, 137, -1.0
28805.636764811767, 163, -1.0
28811.802061871076, 58, -1.0
28812.40288866516, 128, -1.0
28816.5389986598, 137, 1.0
28817.58506548287, 155, -1.0
28819.840483674605, 58, -1.0
28821.195014944406, 44, -1.0
28822.409833998103, 67, 1.0
28824.15095543205, 137, -1.0
28824.290705817726, 198, -1.0
28825.04636330656, 233, 1.0
28826.616727530956, 81, 1.0
28832.463938919875, 52, -1.0
28835.261038787357, 59, 1.0
28836.19468836246, 114, -1.0
28839.559320813176, 177, -1.0
28840.559904312973, 114, 1.0
28842.905322244114, 87, -1.0
28846.036786938148, 61, -1.0
28848.45483932767, 67, 1.0
28848.644726666855, 64, -1.0
28848.91383433924, 29, -1.0
28850.97341333628, 46, 1.0
28852.956203668356, 169, -1.0
28855.241379269766, 114, -1.0
28856.356219623507, 152, -1.0
28858.888390072974, 173, -1.0
28862.993507405365, 59, -1.0
28863.57551075219, 64, -1.0
28864.97858640984, 148, -1.0
28866.641744150158, 177, -1.0
28868.248359997335, 154, 1.0
28868.493508159958, 43, 1.0
28870.08277141206, 76, -1.0
28878.651704695578, 86, -1.0
28881.153449677633, 103, 1.0
28884.192643545728, 53, -1.0
28886.20629432976, 157, -1.0
28886.774826036853, 87, -1.0
28887.3539730229, 162, 1.0
28887.582908774988, 35, 1.0
28888.17736302283, 91, 1.0
28890.475030923328, 43, 1.0
28890.85788629866, 34, 1.0
28891.446103794657, 155, 1.0
28893.340186585217, 123, -1.0
28894.334060356498, 122, -1.0
28896.479621312912, 169, -1.0
28896.584711287724, 141, 1.0
28897.58417836985, 146, 1.0
28898.76976864403, 180, -1.0
28901.910302051707, 66, -1.0
28902.371284407564, 83, -1.0
28903.976333395658, 35, 1.0
28908.749639420163, 80, -1.0
28910.499402686004, 105, -1.0
28911.92183144584, 233, 1.0
28912.512687560116, 50, -1.0
28913.475643891954, 149, -1.0
28914.138687358303, 87, -1.0
28914.83812943778, 84, -1.0
28921.276200962304, 91, -1.0
28921.40056054258, 58, -1.0
28923.988073951856, 68, 1.0
28925.187474987626, 149, -1.0
28927.04979128802, 114, -1.0
28927.091618587267, 53, -1.0
28928.13725760156, 58, -1.0
28929.072881110988, 81, -1.0
28929.13543110579, 146, -1.0
28933.32353359315, 123, 1.0
28934.792385805562, 83, 1.0
28935.67728831578, 230, -1.0
28935.77647471491, 162, 1.0
28936.50441402206, 70, -1.0
28939.04418941406, 51, -1.0
28939.93508428361, 222, 1.0
28943.17499031998, 97, 1.0
28944.09349889435, 142, -1.0
28947.529750006568, 169, -1.0
28951.71249769242, 158, -1.0
28951.857583548477, 152, -1.0
28955.139758525936, 84, 1.0
28957.934808051865, 130, -1.0
28958.687737195003, 160, 1.0
28960.700853980554, 154, 1.0
28961.80184366287, 188, 1.0
28963.237482559798, 87, -1.0
28967.282791241716, 198, -1.0
28968.298975095946, 163, 1.0
28970.13752439068, 40, -1.0
28970.884619097906, 149, -1.0
28971.421014255448, 70, 1.0
28972.666770103784, 114, 1.0
28973.163759509654, 84, 1.0
28975.149552592924, 111, -1.0
28981.075923144406, 50, 1.0
28984.38183271302, 141, -1.0
28986.989292921287, 130, 1.0
28988.87879711537, 120, -1.0
28991.846075887683, 33, -1.0
28992.41043027634, 228, 1.0
28993.15396631546, 65, 1.0
28993.40317141673, 34, -1.0
28994.082776281, 228, 1.0
28994.927242654052, 103, -1.0
28998.196155199123, 71, 1.0
28999.30338558943, 109, 1.0
29000.344720486937, 41, 1.0
29001.354670445195, 50, -1.0
29005.218197257116, 164, 1.0
29005.664895926522, 91, -1.0
29009.59817802911, 44, -1.0
29009.785891363423, 152, 1.0
29010.305264443625, 64, 1.0
29012.13354555083, 233, -1.0
29014.550660310742, 241, 1.0
29017.936606533756, 40, 1.0
29020.417798428985, 152, -1.0
29022.132670910883, 126, -1.0
29023.805886052603, 153, 1.0
29023.96356608962, 106, -1.0
29024.42006876596, 71, 1.0
29025.870934679613, 84, -1.0
29026.201483814377, 126, 1.0
29028.478292597792, 187, -1.0
29028.69018183729, 153, -1.0
29030.831516037633, 153, 1.0
29033.221690159164, 235, 1.0
29036.406759036032, 40, 1.0
29037.191907517048, 234, -1.0
29040.14049061746, 152, 1.0
29040.606454389468, 234, -1.0
29040.97046793625, 141, -1.0
29041.38134045672, 63, -1.0
29043.52150497213, 54, -1.0
29043.80570851073, 165, -1.0
29048.417054554546, 162, -1.0
29053.453685125052, 114, -1.0
29053.733966020925, 103, 1.0
29055.087464906694, 158, -1.0
29056.350654388323, 142, 1.0
29056.560506769532, 126, 1.0
29057.044571781164, 90, -1.0
29060.231496552526, 83, -1.0
29066.566141849988, 157, -1.0
29067.198621252897, 50, -1.0
29068.111439057397, 116, 1.0
29070.032455874505, 162, 1.0
29070.3152950514, 26, 1.0
29071.815329827637, 151, -1.0
29074.72339286151, 158, -1.0
29077.447773640677, 103, -1.0
29077.640766872428, 164, 1.0
29079.0984281788, 58, -1.0
29080.120232057743, 148, -1.0
29083.020604064, 40, 1.0
29085.297040229525, 74, -1.0
29086.619362276502, 81, -1.0
29087.194509227113, 35, 1.0
29093.76616913862, 53, -1.0
29094.413126204825, 65, 1.0
29095.557667539506, 173, -1.0
29096.531456472683, 100, 1.0
29098.224119570685, 116, -1.0
29101.575669518454, 71, 1.0
29102.67367299685, 87, -1.0
29107.040816816774, 114, -1.0
29107.86877642374, 148, -1.0
29110.202105411194, 235, -1.0
29111.780378305695, 126, 1.0
29117.48352822016, 119, 1.0
29119.716229458412, 235, 1.0
29127.668480293276, 118, 1.0
29127.746886570294, 114, -1.0
29129.275975930133, 97, -1.0
29129.9368356986, 29, -1.0
29130.877649499547, 100, -1.0
29132.647260134625, 33, -1.0
29134.209812061446, 63, 1.0
29141.367797896444, 66, 1.0
29142.346957460035, 75, -1.0
29145.198600211013, 35, 1.0
29146.450427579664, 228, 1.0
29149.360845152612, 164, -1.0
29152.322977579046, 67, 1.0
29153.605992018624, 233, 1.0
29154.490594362273, 114, 1.0
29157.853156226167, 173, -1.0
29157.962053334664, 67, 1.0
29158.136723570504, 137, 1.0
29162.024316128616, 50, -1.0
29167.81730733746, 126, 1.0
29168.355169948005, 40, 1.0
29168.69829055646, 130, -1.0
29173.70222849604, 40, 1.0
29176.513908883247, 101, -1.0
29176.732165070058, 116, 1.0
29179.711265333648, 130, -1.0
29181.904901040507, 112, 1.0
29185.189052952446, 162, 1.0
29193.410982212816, 109, 1.0
29196.412005036735, 64, -1.0
29196.62862287376, 67, 1.0
29199.62701641311, 126, 1.0
29200.06586226987, 68, -1.0
29200.386639957316, 53, -1.0
29202.48873474248, 114, 1.0
29207.57893731218, 36, 1.0
29210.389670599667, 61, -1.0
29210.47885168922, 168, -1.0
29211.022311525125, 69, 1.0
29212.758495518752, 58, -1.0
29214.613704027368, 97, 1.0
29216.196896588288, 101, 1.0
29216.55183430865, 230, -1.0
29218.38520884557, 58, -1.0
29220.297816105623, 100, -1.0
29224.352761289454, 50, -1.0
29225.631030376528, 83, 1.0
29226.63545815511, 92, -1.0
29227.914148144107, 235, 1.0
29230.49521880821, 164, 1.0
29233.34776524698, 181, 1.0
29236.145111114918, 153, -1.0
29236.80548930023, 91, 1.0
29239.435512640302, 35, 1.0
29240.3072151406, 152, -1.0
29240.341873404817, 50, 1.0
29240.42532287193, 123, 1.0
29249.49914742563, 162, 1.0
29250.98162655987, 72, 1.0
29255.04691520788, 76, -1.0
29255.499605520952, 83, -1.0
29263.44282476432, 141, -1.0
29264.02362383858, 76, -1.0
29268.318010802195, 101, 1.0
29268.473448758454, 75, -1.0
29270.533577103815, 233, 1.0
29272.12252978359, 96, -1.0
29276.687582629256, 173, 1.0
29279.94912465658, 73, 1.0
29280.141038845202, 28, -1.0
29283.505683822215, 137, 1.0
29285.518112630292, 101, 1.0
29286.420241586657, 198, -1.0
29288.01195489953, 137, -1.0
29288.745069516208, 161, -1.0
29289.34075766185, 119, 1.0
29292.571418530064, 59, 1.0
29293.07293270555, 64, -1.0
29293.664160944478, 80, 1.0
29295.383037856867, 165, 1.0
29296.156969671796, 101, 1.0
29300.76734205124, 111, -1.0
29305.67406783119, 116, 1.0
29307.277377631188, 163, -1.0
29307.37999301811, 157, -1.0
29308.168524271245, 147, -1.0
29309.907959849494, 105, -1.0
29310.9737440497, 116, 1.0
29312.175060904934, 152, 1.0
29314.24196943351, 44, -1.0
29314.340909886334, 116, 1.0
29315.527442235707, 50, -1.0
29322.272872905167, 113, -1.0
29324.557664483444, 32, -1.0
29328.26611142427, 163, 1.0
29332.806954388103, 198, -1.0
29334.29326150559, 101, -1.0
29335.71731066263, 35, 1.0
29336.78676759416, 142, 1.0
29337.686871130452, 228, 1.0
29339.300142849486, 116, 1.0
29341.10035123447, 28, -1.0
29343.721917354076, 128, -1.0
29345.791283764138, 67, 1.0
29348.244865181794, 154, -1.0
29351.450343358527, 40, 1.0
29352.25019889293, 165, -1.0
29355.492322766095, 64, 1.0
29362.85358297201, 152, 1.0
29368.35189781869, 126, -1.0
29369.749190293423, 40, -1.0
29372.40096162473, 114, -1.0
29374.335364183156, 154, 1.0
29374.637210936144, 137, -1.0
29375.527926269442, 44, -1.0
29376.73354844793, 40, -1.0
29383.03964254987, 161, -1.0
29386.971510236555, 28, -1.0
29387.072803861887, 235, 1.0
29388.097404504533, 146, 1.0
29388.4530716211, 64, -1.0
29389.710407272705, 58, -1.0
29390.190368181684, 44, -1.0
29391.84229410806, 26, -1.0
29393.08931712148, 112, -1.0
29394.290699576817, 162, 1.0
29394.879642736825, 126, 1.0
29397.416069624276, 45, -1.0
29400.355243614096, 102, -1.0
29401.491245742905, 177, -1.0
29404.122169788567, 123, -1.0
29404.999279134223, 152, 1.0
29406.49193621132, 101, 1.0
29406.56594183391, 133, -1.0
29406.768294121714, 34, -1.0
29406.882276507276, 146, 1.0
29410.150746643973, 45, -1.0
29411.118949892803, 106, -1.0
29413.03416146388, 148, -1.0
29413.108005241742, 235, 1.0
29417.973102662538, 162, -1.0
29419.429638952966, 158, -1.0
29419.697508743186, 111, -1.0
29421.04163767447, 80, -1.0
29423.450780699506, 50, -1.0
29424.015995665548, 133, 1.0
29425.400218805815, 105, 1.0
29425.94397871849, 59, -1.0
29428.42534077623, 103, -1.0
29428.60463851536, 103, 1.0
29431.078990547492, 162, -1.0
29432.354707278482, 99, -1.0
29436.598409691742, 27, -1.0
29439.44469765039, 58, -1.0
29447.004613708956, 100, 1.0
29447.291727194763, 163, 1.0
29449.43561665103, 152, -1.0
29449.76805401797, 83, 1.0
29452.379798653514, 83, -1.0
29452.557596078394, 28, -1.0
29458.714305900547, 116, -1.0
29460.814469629808, 64, -1.0
29462.725211692767, 66, 1.0
29465.2341247822, 112, -1.0
29468.268397355114, 137, 1.0
29471.871347565575, 106, -1.0
29471.954934353653, 163, -1.0
29472.00206576632, 101, -1.0
29475.355125825336, 73, -1.0
29475.460594123346, 152, -1.0
29476.091478169434, 40, 1.0
29478.44580754586, 173, -1.0
29479.4532421877, 35, 1.0
29480.80496372363, 45, -1.0
29485.734730748427, 116, -1.0
29485.89606370598, 40, 1.0
29488.216090982456, 163, 1.0
29494.75630622442, 99, 1.0
29495.06399837941, 76, -1.0
29497.803625104418, 169, -1.0
29503.09426867816, 163, 1.0
29503.691101994966, 120, -1.0
29505.767498806854, 60, -1.0
29506.324864369406, 87, -1.0
29506.641267360814, 52, -1.0
29508.03476908805, 75, -1.0
29508.120127211376, 130, 1.0
29512.57766726857, 40, 1.0
29512.78423338352, 83, 1.0
29512.83799795994, 114, 1.0
29513.733571900768, 33, -1.0
29514.686983737076, 180, -1.0
29515.83416874927, 69, 1.0
29521.290099529597, 75, 1.0
29521.46107009174, 141, 1.0
29524.482865481612, 100, -1.0
29529.147344396493, 69, 1.0
29529.1639918151, 91, -1.0
29530.762238656993, 148, -1.0
29531.735491800817, 58, 1.0
29534.53798048405, 163, -1.0
29537.283121995526, 116, -1.0
29538.470078012462, 40, 1.0
29540.075036261813, 142, -1.0
29540.15206378804, 83, -1.0
29540.41277213573, 58, -1.0
29541.667963987697, 44, -1.0
29543.013507450418, 114, -1.0
29544.900506016296, 95, -1.0
29545.13836518166, 149, -1.0
29545.83864391169, 65, 1.0
29546.52073169289, 154, -1.0
29548.214700955825, 241, -1.0
29552.827576252996, 126, -1.0
29552.984773967488, 158, -1.0
29554.25172261733, 48, -1.0
29556.61744777574, 126, 1.0
29556.810957471404, 73, -1.0
29558.967596337585, 58, -1.0
29559.018179942082, 153, 1.0
29560.234271616504, 59, 1.0
29560.722303913248, 58, -1.0
29564.31558081236, 67, 1.0
29566.408701047654, 103, 1.0
29568.596169362067, 124, -1.0
29568.6032631204, 100, -1.0
29568.669310612666, 118, -1.0
29570.076818281905, 173, -1.0
29574.084642633075, 169, 1.0
29575.192985145357, 180, 1.0
29575.67696457414, 72, -1.0
29575.732225808744, 67, -1.0
29580.93520541888, 58, -1.0
29581.269374703417, 141, -1.0
29582.74577497748, 120, -1.0
29583.636914011473, 154, -1.0
29583.861029862448, 142, 1.0
29591.00135732671, 109, -1.0
29592.998459452992, 152, 1.0
29596.40751553623, 29, -1.0
29599.915674175696, 146, -1.0
29600.25525863709, 234, 1.0
29600.404676864076, 108, 1.0
29602.207521103523, 71, 1.0
29604.09077080006, 164, -1.0
29605.30350883167, 86, -1.0
29607.956317756114, 41, 1.0
29610.21524402021, 170, -1.0
29612.42061736845, 50, -1.0
29612.626643550284, 163, -1.0
29612.688153230578, 160, -1.0
29615.67060609485, 101, 1.0
29617.745451896117, 116, -1.0
29617.860813511586, 65, 1.0
29618.880851178532, 233, -1.0
29622.63531027225, 74, -1.0
29623.58616752049, 40, 1.0
29623.889299756982, 173, -1.0
29628.283790088684, 114, -1.0
29632.64594501272, 101, 1.0
29636.59386179583, 97, -1.0
29638.8829462975, 67, 1.0
29638.981913924894, 58, 1.0
29643.443806279778, 180, 1.0
29645.029102260956, 139, 1.0
29645.66445168194, 74, -1.0
29648.985137619486, 50, -1.0
29650.169238385934, 83, -1.0
29650.279433448846, 35, -1.0
29653.856847906398, 84, -1.0
29655.56144350724, 41, 1.0
29657.851460558977, 130, -1.0
29658.45023411618, 116, 1.0
29658.552068447763, 158, -1.0
29665.410376222768, 157, -1.0
29665.424777183485, 112, -1.0
29668.316988783914, 56, 1.0
29668.6217099035, 142, 1.0
29670.327992237577, 157, -1.0
29670.395973001636, 83, -1.0
29678.305326800986, 188, 1.0
29681.045031365145, 163, 1.0
29682.207856935416, 99, 1.0
29683.372205530595, 141, 1.0
29684.179519116435, 80, -1.0
29684.739174391405, 51, -1.0
29688.39792408051, 101, 1.0
29688.882821420026, 39, -1.0
29693.674726031408, 69, 1.0
29695.648331238208, 98, 1.0
29698.614552398078, 99, 1.0
29700.596286724478, 68, 1.0
29701.104004836172, 96, 1.0
29703.62594009353, 103, 1.0
29704.65408372103, 165, -1.0
29706.27130077192, 148, -1.0
29706.510766812225, 114, -1.0
29713.73806970851, 41, -1.0
29719.13772483052, 166, -1.0
29720.988913319645, 80, -1.0
29721.079896615985, 97, -1.0
29722.26034316309, 148, -1.0
29722.929845176637, 59, -1.0
29723.44846200888, 67, 1.0
29726.442304335626, 96, -1.0
29734.169047399548, 58, -1.0
29736.273828277488, 122, -1.0
29740.772376755118, 114, -1.0
29740.943771799277, 28, -1.0
29741.402007498666, 60, -1.0
29741.737507384165, 46, -1.0
29746.01283763851, 133, 1.0
29750.281573553977, 228, 1.0
29751.50464020701, 44, 1.0
29754.496901044844, 68, -1.0
29754.587990649445, 71, 1.0
29754.943032106607, 149, -1.0
29757.699931961335, 35, 1.0
29758.08691865953, 95, -1.0
29761.02884934315, 44, -1.0
29761.04655085275, 101, 1.0
29761.839467171085, 35, -1.0
29763.744034724878, 170, -1.0
29766.292505890342, 84, -1.0
29766.423527978488, 26, -1.0
29766.933372619875, 130, -1.0
29769.39097675808, 161, 1.0
29770.76269370083, 165, -1.0
29771.574591808567, 71, 1.0
29771.794012562998, 44, -1.0
29775.735582100922, 75, -1.0
29777.81202334884, 45, -1.0
29782.094481433993, 234, 1.0
29782.71834198573, 118, -1.0
29784.578390639625, 126, 1.0
29784.806861021952, 81, -1.0
29785.653076585433, 53, 1.0
29791.379904937345, 122, 1.0
29795.644711416502, 114, -1.0
29798.64811603037, 118, -1.0
29801.93282766234, 34, -1.0
29804.514020356037, 106, -1.0
29804.773947377205, 83, 1.0
29806.98660810458, 241, 1.0
29810.493673857585, 32, -1.0
29811.149109894697, 71, 1.0
29812.027935910814, 97, -1.0
29812.105142877106, 137, 1.0
29814.6679641444, 116, -1.0
29818.332188067237, 173, -1.0
29820.657734257024, 105, -1.0
29823.203637364833, 169, 1.0
29823.448416396855, 139, -1.0
29824.539550582413, 154, -1.0
29825.12722415878, 103, -1.0
29827.857733749483, 83, 1.0
29829.130455909235, 169, -1.0
29833.693789081757, 101, -1.0
29834.415683516683, 33, -1.0
29835.214756122103, 35, -1.0
29837.677476843117, 120, -1.0
29841.3273045646, 67, 1.0
29842.357739480278, 33, -1.0
29844.038452622073, 148, 1.0
29847.41718470836, 64, -1.0
29848.374201535837, 142, -1.0
29850.881237616653, 53, -1.0
29852.072895816134, 50, -1.0
29852.192036875673, 67, 1.0
29853.002429297405, 177, -1.0
29854.637670630513, 67, 1.0
29854.98072278171, 166, 1.0
29855.73930939552, 161, -1.0
29856.956486662988, 177, -1.0
29858.64520299403, 34, 1.0
29860.92834066316, 100, -1.0
29861.522671139857, 105, -1.0
29861.607203605377, 64, -1.0
29861.74337276959, 34, 1.0
29862.03822376213, 52, -1.0
29863.310475341943, 235, -1.0
29871.60356589307, 152, -1.0
29873.820113084603, 68, 1.0
29874.49375635155, 142, -1.0
29874.856358124165, 161, 1.0
29874.965811967697, 58, -1.0
29875.344696278567, 123, -1.0
29879.068974260037, 58, -1.0
29879.82364506127, 188, -1.0
29880.1868888745, 35, -1.0
29880.55545495631, 160, 1.0
29882.173403849796, 137, -1.0
29882.250718778483, 54, -1.0
29889.095610692177, 163, -1.0
29889.764808662152, 114, -1.0
29891.54348657513, 105, 1.0
29893.028946321403, 80, -1.0
29894.084568892726, 99, -1.0
29895.297456200595, 120, -1.0
29897.336874935118, 32, -1.0
29897.68486978989, 50, -1.0
29898.814408871418, 76, -1.0
29902.078396733694, 99, 1.0
29905.666433874136, 114, -1.0
29905.750790221424, 149, -1.0
29906.316220068227, 54, -1.0
29906.82902015344, 166, -1.0
29910.779395461137, 71, 1.0
29913.526992992873, 40, 1.0
29918.848274379547, 126, 1.0
29923.85148665036, 119, -1.0
29925.044620336794, 154, 1.0
29925.723958719496, 193, -1.0
29925.78645050097, 119, 1.0
29926.454181073972, 116, -1.0
29928.577217190945, 70, 1.0
29933.782649632285, 114, -1.0
29934.276730912046, 114, -1.0
29937.062456377498, 120, -1.0
29940.050193061834, 120, -1.0
29943.554825099964, 161, -1.0
29944.462756173696, 169, -1.0
29945.53466486831, 137, 1.0
29949.553990058375, 146, -1.0
29951.159469849597, 114, -1.0
29951.57709069013, 161, 1.0
29951.60382695025, 91, -1.0
29951.723707084722, 43, -1.0
29952.56785189964, 159, -1.0
29958.130250502967, 44, -1.0
29960.59904290235, 34, 1.0
29960.810553233918, 126, -1.0
29961.241635938204, 165, -1.0
29962.81375084896, 43, 1.0
29963.097961062325, 182, -1.0
29964.79037162147, 40, -1.0
29966.665041497574, 69, 1.0
29967.555487716716, 41, 1.0
29967.909737991908, 97, -1.0
29969.257895899904, 76, 1.0
29973.225759711615, 118, -1.0
29975.628477514274, 141, 1.0
29982.796340231136, 106, -1.0
29986.40524133519, 163, 1.0
29987.456848967147, 74, -1.0
29989.060786510236, 116, -1.0
29989.90701925722, 32, -1.0
29991.995552111708, 58, -1.0
29993.289811883977, 153, 1.0
29994.968626465878, 160, -1.0
29997.131505277463, 91, -1.0
30003.10726056557, 182, 1.0
30003.182507003537, 71, 1.0
30003.786930419614, 63, 1.0
30004.347241616168, 68, 1.0
30005.850938209533, 141, 1.0
30007.018852684472, 40, -1.0
30007.279546978716, 64, -1.0
30008.706625048653, 148, -1.0
30012.233778653164, 68, -1.0
30013.04676211603, 182, 1.0
30013.7639230765, 152, 1.0
30018.27492456379, 35, 1.0
30019.09829318838, 126, 1.0
30024.61301629515, 126, 1.0
30026.624846024988, 76, -1.0
30027.974620949277, 59, -1.0
30028.588740122937, 163, 1.0
30029.62917649399, 64, -1.0
30033.314819970037, 148, -1.0
30039.233730943553, 58, -1.0
30041.367887533204, 69, 1.0
30041.404360468583, 83, 1.0
30042.94745968501, 163, 1.0
30047.99597935087, 51, 1.0
30049.29882120235, 148, -1.0
30050.580281886203, 44, -1.0
30052.04612390397, 130, 1.0
30054.95567707153, 146, -1.0
30059.136616968397, 154, -1.0
30063.497549357187, 35, -1.0
30064.640292712957, 235, 1.0
30065.49479903327, 51, 1.0
30066.97598853688, 71, 1.0
30067.62193460879, 44, 1.0
30067.796800009703, 161, 1.0
30070.808052098408, 234, 1.0
30072.72177502456, 44, 1.0
30074.144894081626, 53, -1.0
30075.312679713436, 51, 1.0
30075.465595632224, 188, 1.0
30075.876348666778, 72, 1.0
30078.61050292008, 157, -1.0
30079.003495178225, 58, -1.0
30079.779549419225, 235, 1.0
30082.747047714438, 75, 1.0
30084.125623862627, 141, 1.0
30087.10089910212, 46, 1.0
30093.88423146865, 111, -1.0
30094.103127772705, 87, 1.0
30095.388681415207, 45, 1.0
30098.46591566931, 158, -1.0
30099.623569385687, 155, 1.0
30099.716516511002, 40, 1.0
30100.50231261018, 126, 1.0
30101.105690144243, 235, -1.0
30109.73180052287, 66, 1.0
30110.772229636437, 58, -1.0
30111.551944066992, 138, -1.0
30112.428744208482, 113, -1.0
30112.686139847436, 103, 1.0
30116.033430088963, 164, -1.0
30118.16734196593, 193, -1.0
30118.223872464332, 114, 1.0
30118.885560266903, 35, -1.0
30119.529828904655, 71, 1.0
30120.418628257303, 123, 1.0
30123.952471567573, 109, -1.0
30124.284369045545, 173, -1.0
30125.73301814986, 162, -1.0
30132.609632875352, 48, 1.0
30133.219078764065, 128, 1.0
30134.18641178353, 152, -1.0
30134.990904937935, 50, 1.0
30135.719628656258, 58, -1.0
30135.7846482604, 163, 1.0
30137.061605724764, 105, 1.0
30137.61912507613, 137, -1.0
30140.176518676, 198, -1.0
30140.311132764833, 76, -1.0
30140.986556360505, 142, -1.0
30142.61447106265, 80, -1.0
30143.9314694165, 58, -1.0
30145.537991942598, 103, 1.0
30147.56288997497, 230, -1.0
30150.692942454807, 142, -1.0
30152.86828065235, 164, 1.0
30154.20863359674, 50, -1.0
30156.50185027222, 198, -1.0
30156.77491782096, 181, 1.0
30158.262378268184, 162, 1.0
30162.59281960278, 126, -1.0
30166.716559297955, 116, 1.0
30169.814993617852, 80, 1.0
30172.08728293889, 50, -1.0
30172.429536560205, 161, 1.0
30176.392094859842, 35, -1.0
30184.975083255566, 35, -1.0
30188.239183673475, 116, -1.0
30188.87200549844, 165, -1.0
30193.945963468053, 50, -1.0
30194.20175712381, 141, -1.0
30194.905789624507, 146, -1.0
30196.931829276597, 74, -1.0
30200.073913476397, 72, 1.0
30202.335592953877, 69, -1.0
30202.48672572262, 71, -1.0
30203.60868841611, 123, -1.0
30205.36693951902, 113, -1.0
30206.510317895594, 68, 1.0
30208.024581664034, 67, 1.0
30209.399872434766, 151, 1.0
30213.206532952998, 96, -1.0
30220.20442017686, 123, -1.0
30221.03802476755, 99, -1.0
30221.832974963152, 103, 1.0
30225.193783779465, 71, 1.0
30226.62780407996, 152, 1.0
30227.307358637918, 28, -1.0
30233.782570518568, 50, 1.0
30237.176333248295, 142, -1.0
30239.084450332157, 40, 1.0
30239.098590957772, 53, 1.0
30241.191842137177, 67, -1.0
30243.268945301297, 114, -1.0
30244.401662184115, 165, 1.0
30244.436567015084, 108, -1.0
30245.77713992468, 68, -1.0
30247.820114105063, 147, 1.0
30250.021512889187, 207, 1.0
30250.608332427768, 92, -1.0
30258.54180438287, 101, 1.0
30259.48518399762, 69, 1.0
30260.128968940822, 101, -1.0
30260.234837230473, 43, 1.0
30261.465238852892, 71, 1.0
30263.65183025902, 142, -1.0
30264.36266370466, 114, -1.0
30266.20829805209, 41, -1.0
30266.67905820367, 91, -1.0
30267.402880896254, 72, -1.0
30269.647323717538, 50, 1.0
30271.869682509776, 137, 1.0
30273.961975608607, 148, 1.0
30274.306020132735, 114, -1.0
30274.49410223468, 142, 1.0
30275.102262024637, 154, -1.0
30276.124565559276, 76, -1.0
30278.553568101197, 142, -1.0
30282.18961389173, 114, -1.0
30285.543245113455, 230, -1.0
30285.56478056689, 46, 1.0
30288.59272832587, 58, 1.0
30288.71707125323, 82, 1.0
30289.971473077458, 35, 1.0
30290.298880364524, 180, 1.0
30297.7461865866, 105, 1.0
30300.962090328463, 123, -1.0
30303.662087354427, 53, -1.0
30303.824614235713, 29, -1.0
30304.395740867127, 50, -1.0
30311.721624112815, 142, 1.0
30317.46471953392, 114, -1.0
30320.43636667134, 116, -1.0
30323.09561401868, 81, -1.0
30323.723753950235, 84, -1.0
30324.017564758862, 100, -1.0
30324.164042689998, 163, 1.0
30325.006314135237, 164, 1.0
30326.838285704107, 161, -1.0
30327.01758413384, 114, 1.0
30328.402335640938, 71, -1.0
30328.86026920576, 84, 1.0
30330.60670091617, 75, -1.0
30335.883937751518, 114, -1.0
30340.397121950722, 177, -1.0
30341.192071859845, 74, -1.0
30342.390859911528, 139, 1.0
30343.833402059878, 106, 1.0
30347.126252061844, 100, -1.0
30347.781043844974, 74, -1.0
30350.17449246076, 81, 1.0
30353.826633571247, 152, -1.0
30358.107549166583, 92, -1.0
30359.848305556578, 68, 1.0
30360.011734983327, 169, -1.0
30362.564991960116, 75, 1.0
30363.633455866013, 86, -1.0
30367.720377568596, 72, -1.0
30370.221773841316, 165, -1.0
30374.876171047512, 48, 1.0
30375.00724824298, 137, -1.0
30375.841843090056, 114, -1.0
30377.267163063545, 91, -1.0
30378.300398545998, 58, 1.0
30380.531530474935, 55, 1.0
30387.307263604423, 181, 1.0
30387.749510318277, 33, -1.0
30388.093903686502, 100, -1.0
30395.505772147877, 50, -1.0
30395.772117899603, 105, -1.0
30395.921637753523, 76, -1.0
30396.55670922096, 193, -1.0
30398.223387366237, 71, 1.0
30399.03361826019, 50, -1.0
30399.07486819961, 104, 1.0
30399.16603913004, 163, 1.0
30399.527192653055, 83, -1.0
30400.078126739416, 45, -1.0
30401.27440437755, 58, 1.0
30403.82235835837, 103, 1.0
30405.36141989564, 63, 1.0
30406.18116471263, 173, -1.0
30407.0551794033, 95, 1.0
30408.58275064588, 113, -1.0
30411.846710361166, 61, 1.0
30415.008907457668, 193, -1.0
30417.552565674472, 35, -1.0
30419.95526611601, 152, 1.0
30422.863132659953, 230, -1.0
30423.941628911412, 34, -1.0
30424.04336712543, 146, -1.0
30424.735409727553, 32, -1.0
30432.21863702505, 103, -1.0
30432.457425375625, 164, 1.0
30432.603991891483, 76, -1.0
30433.758487427378, 59, 1.0
30439.3283229834, 163, -1.0
30440.2490465116, 67, 1.0
30440.874372553724, 59, -1.0
30441.24495972804, 84, 1.0
30441.386645081428, 162, -1.0
30441.633608433625, 84, -1.0
30444.080717043613, 68, 1.0
30445.329361919798, 105, 1.0
30445.495817299965, 69, 1.0
30446.479402603094, 163, -1.0
30447.779247888506, 84, -1.0
30448.647885348884, 165, 1.0
30453.928365322823, 165, 1.0
30454.280936356412, 59, -1.0
30458.87454356563, 102, 1.0
30459.502815193362, 71, 1.0
30460.596213195236, 64, 1.0
30460.65536588679, 75, 1.0
30460.786495121254, 188, -1.0
30461.093419684614, 153, 1.0
30464.320573669374, 66, 1.0
30464.404664527872, 90, 1.0
30464.631971408264, 163, 1.0
30465.97928052741, 164, 1.0
30466.761210007677, 58, -1.0
30467.86138726867, 59, -1.0
30469.282801716337, 51, -1.0
30469.77950566711, 116, -1.0
30470.154867235622, 53, 1.0
30478.253354521043, 142, -1.0
30479.790511563133, 105, -1.0
30484.016381193407, 84, -1.0
30485.670471176247, 163, -1.0
30488.68063561318, 141, -1.0
30489.710882388204, 71, 1.0
30490.1134131094, 157, -1.0
30491.496894808195, 41, -1.0
30492.03395901185, 29, -1.0
30492.435914667436, 141, 1.0
30494.72531011899, 113, -1.0
30495.93898668959, 113, -1.0
30496.935220646028, 72, 1.0
30498.06179049042, 103, 1.0
30500.07570006095, 116, 1.0
30501.49746311621, 61, -1.0
30502.07802952542, 163, 1.0
30504.463215666794, 67, 1.0
30505.141670566576, 84, -1.0
30509.488877391228, 169, -1.0
30515.00486663792, 62, 1.0
30517.16437716249, 182, 1.0
30517.90129461394, 193, -1.0
30518.1901207435, 32, -1.0
30518.38586934114, 59, 1.0
30522.714306076952, 126, 1.0
30526.150304771458, 68, 1.0
30527.92106024365, 72, -1.0
30530.915939470666, 114, -1.0
30531.087528510427, 45, -1.0
30533.23503502812, 99, -1.0
30536.282018097634, 58, -1.0
30536.364849521262, 40, 1.0
30537.387384983893, 99, 1.0
30539.18610443067, 83, -1.0
30539.49699520359, 59, -1.0
30539.802719732612, 163, -1.0
30541.797630350753, 99, -1.0
30547.270974407962, 62, -1.0
30556.071325325043, 111, -1.0
30565.48204096994, 146, -1.0
30567.948022852666, 75, -1.0
30569.659197095007, 96, 1.0
30570.961320694794, 161, 1.0
30580.08636887187, 62, -1.0
30581.6342889928, 84, -1.0
30583.658472833355, 54, -1.0
30585.767026538597, 106, 1.0
30586.568887361598, 26, -1.0
30586.741239484447, 90, -1.0
30590.720547744437, 142, 1.0
30591.710640992795, 120, 1.0
30593.10492152547, 83, -1.0
30593.214161144933, 40, 1.0
30596.06638960433, 162, -1.0
30596.36336378294, 114, 1.0
30596.420009204336, 173, -1.0
30597.44735801633, 100, -1.0
30600.887215408457, 50, 1.0
30601.660441247153, 40, 1.0
30602.16923170759, 235, -1.0
30603.82209979283, 146, -1.0
30604.442353469844, 100, -1.0
30605.84926783548, 158, -1.0
30608.510248439976, 65, 1.0
30609.924464865984, 116, 1.0
30610.140553154757, 116, -1.0
30613.129143417962, 101, 1.0
30614.27427888292, 76, -1.0
30618.795441093804, 99, 1.0
30619.55013290674, 228, 1.0
30620.53584424427, 65, -1.0
30621.52175025695, 106, 1.0
30624.658883540607, 230, -1.0
30625.519331645068, 126, 1.0
30627.36158544798, 43, -1.0
30630.31394648414, 71, 1.0
30631.74165717682, 154, 1.0
30633.001151629505, 48, -1.0
30634.245595905686, 148, -1.0
30634.636835897865, 165, -1.0
30635.33750148117, 35, -1.0
30642.09806555936, 105, 1.0
30644.236163544312, 87, -1.0
30647.10747768382, 123, -1.0
30647.420076038452, 101, 1.0
30649.094656438243, 67, 1.0
30649.443895031593, 104, -1.0
30651.967147460407, 163, 1.0
30654.828878027554, 168, 1.0
30655.98011830475, 154, 1.0
30656.268156640977, 64, 1.0
30656.445390842226, 113, -1.0
30659.454358464878, 120, 1.0
30661.86116197588, 116, 1.0
30662.68869519892, 67, 1.0
30662.756155108378, 152, -1.0
30662.896279782177, 96, -1.0
30667.10649366139, 188, 1.0
30667.682128580294, 40, 1.0
30668.02278584022, 75, -1.0
30668.497176244575, 182, -1.0
30668.651486028204, 193, 1.0
30668.8442447227, 114, -1.0
30669.358041656793, 75, -1.0
30669.93854537597, 146, 1.0
30673.308579494864, 177, 1.0
30682.126078487472, 105, 1.0
30683.07555747427, 114, -1.0
30683.149265447802, 114, -1.0
30685.779668425996, 44, -1.0
30686.83322412228, 67, 1.0
30689.118006613153, 116, -1.0
30690.24566548954, 80, -1.0
30693.54369542067, 81, 1.0
30700.685245538803, 44, -1.0
30701.690680905842, 67, 1.0
30702.32136273983, 69, 1.0
30703.6600594956, 165, -1.0
30704.54515453944, 165, -1.0
30706.469273673603, 40, 1.0
30707.30466256951, 162, -1.0
30710.612144256716, 74, -1.0
30711.489470388784, 114, -1.0
30711.72880504688, 162, 1.0
30712.279398210052, 63, -1.0
30712.992645432198, 103, 1.0
30716.752061446623, 96, -1.0
30717.99184142734, 70, -1.0
30718.36322320345, 114, 1.0
30719.101978811785, 40, 1.0
30720.185339700784, 149, -1.0
30720.893191628707, 105, 1.0
30721.813611496378, 123, -1.0
30726.376587704057, 65, 1.0
30726.64104861043, 152, 1.0
30726.72897384779, 122, -1.0
30731.27644496094, 68, 1.0
30732.05485178575, 87, 1.0
30732.299063414048, 63, -1.0
30734.459881527433, 173, -1.0
30735.3045960335, 159, -1.0
30736.1666001676, 101, -1.0
30738.06723552787, 84, 1.0
30741.934137800286, 28, 1.0
30743.714821438956, 51, 1.0
30746.40341049387, 152, -1.0
30749.21064317506, 235, -1.0
30750.558189897954, 65, 1.0
30750.670642475743, 161, 1.0
30755.39802097439, 163, 1.0
30755.951313584996, 142, 1.0
30760.341198772287, 164, 1.0
30761.134784567297, 40, 1.0
30763.764562289998, 165, -1.0
30767.208143372125, 101, 1.0
30768.020897727896, 177, -1.0
30770.549137551316, 58, -1.0
30774.38920670737, 34, -1.0
30774.513867329257, 114, -1.0
30777.858938220637, 152, -1.0
30779.049617958513, 86, -1.0
30780.351365548435, 50, -1.0
30789.649390835664, 158, -1.0
30794.00577123604, 165, 1.0
30794.011469373803, 97, -1.0
30797.95936932558, 75, 1.0
30799.769939766356, 40, 1.0
30801.288784530643, 177, -1.0
30802.95150763641, 92, -1.0
30803.381399041347, 45, -1.0
30805.851611136597, 193, -1.0
30805.913089556758, 70, 1.0
30810.61294157413, 235, 1.0
30813.71433988984, 35, 1.0
30815.571589908872, 152, -1.0
30817.651539470236, 128, -1.0
30819.975776786472, 81, -1.0
30821.50141542219, 152, 1.0
30823.943552304754, 67, 1.0
30824.863906355196, 92, -1.0
30825.304986466166, 169, -1.0
30825.455793114652, 35, -1.0
30826.333605909866, 34, 1.0
30830.60286658057, 130, -1.0
30831.214606951304, 114, -1.0
30832.12826917557, 50, 1.0
30836.13701023893, 120, -1.0
30838.736141861522, 58, -1.0
30841.302653722993, 95, -1.0
30841.740511446274, 193, -1.0
30842.208448879643, 114, 1.0
30845.020803946176, 84, 1.0
30846.64235232505, 133, -1.0
30846.69753810033, 68, 1.0
30848.22785088331, 69, 1.0
30849.18160149608, 71, 1.0
30849.187765804512, 152, -1.0
30849.896544462375, 100, -1.0
30850.50238135002, 112, -1.0
30853.78815338701, 105, -1.0
30854.77639344456, 67, -1.0
30854.79708256595, 95, -1.0
30855.01150013475, 105, -1.0
30860.072061269533, 173, -1.0
30861.35629972294, 161, -1.0
30865.101249783267, 50, 1.0
30865.324323001267, 87, -1.0
30867.156248665575, 40, 1.0
30869.337510013913, 68, 1.0
30869.709599427417, 114, -1.0
30869.975062841535, 116, 1.0
30872.029475225747, 45, -1.0
30873.778502855865, 41, 1.0
30877.078834363485, 71, 1.0
30881.95743939309, 99, 1.0
30884.535665304506, 193, -1.0
30884.711999000185, 43, 1.0
30885.948584615995, 87, -1.0
30886.810882296897, 95, -1.0
30889.666346116945, 40, 1.0
30890.315630123, 100, -1.0
30891.242825773134, 101, -1.0
30891.780984337656, 101, -1.0
30895.217595656464, 152, -1.0
30896.151174870658, 73, 1.0
30898.50999789298, 58, -1.0
30898.569899812977, 235, 1.0
30898.713682916103, 169, 1.0
30903.54767070686, 128, -1.0
30904.374433015517, 146, -1.0
30904.550399226624, 124, -1.0
30905.11032241026, 75, -1.0
30906.156374820424, 75, 1.0
30907.131060812913, 31, 1.0
30908.70877159134, 35, 1.0
30909.84458560763, 97, -1.0
30909.930289458014, 142, 1.0
30911.53293077569, 167, 1.0
30913.034259821812, 58, -1.0
30921.19486479475, 162, -1.0
30922.968748802774, 73, 1.0
30925.672958630257, 40, -1.0
30927.700979668734, 92, -1.0
30928.053382878315, 101, -1.0
30928.338949654582, 228, -1.0
30929.509718287252, 114, 1.0
30930.136760319107, 68, -1.0
30930.260744135245, 162, -1.0
30931.13558345493, 235, -1.0
30933.49394366348, 92, -1.0
30934.485887685027, 64, -1.0
30936.92516980543, 64, 1.0
30938.666858344364, 95, 1.0
30939.080287934972, 58, -1.0
30939.43161983288, 233, 1.0
30939.623082404374, 100, 1.0
30940.342346799356, 41, 1.0
30943.193549015577, 173, -1.0
30946.091795269578, 141, 1.0
30947.261682808763, 234, 1.0
30949.564539740913, 83, -1.0
30950.103774729454, 182, -1.0
30950.655961860535, 123, -1.0
30954.28357197368, 84, -1.0
30957.079003947394, 154, 1.0
30958.33801641495, 58, -1.0
30963.12699147045, 137, 1.0
30964.798995934972, 116, 1.0
30969.923949184846, 114, 1.0
30970.269813382543, 111, -1.0
30971.73482709748, 81, -1.0
30974.069447926115, 146, 1.0
30979.447471530068, 28, -1.0
30979.99063819836, 69, 1.0
30980.69559300889, 76, -1.0
30981.891422568653, 105, 1.0
30986.335836848008, 126, 1.0
30987.01953667563, 103, 1.0
30988.070940822166, 71, 1.0
30988.09073242393, 83, -1.0
30991.45852753835, 123, -1.0
30994.40677748843, 99, 1.0
30994.73482587894, 116, 1.0
30996.487663412718, 116, 1.0
30998.151580262296, 153, 1.0
31004.052882723692, 60, -1.0
31004.507478992004, 116, 1.0
31006.101105509468, 234, -1.0
31006.43199565727, 202, -1.0
31009.30224468348, 40, 1.0
31011.699475465084, 119, -1.0
31013.593592243673, 123, -1.0
31013.67761544775, 167, 1.0
31017.290941916377, 139, -1.0
31019.648394417476, 167, -1.0
31021.51471554273, 154, 1.0
31022.549782201655, 188, -1.0
31023.06350103338, 182, 1.0
31023.517643306015, 122, -1.0
31023.813504423284, 27, -1.0
31024.4535198536, 126, 1.0
31024.505104571504, 64, -1.0
31027.232841868226, 111, -1.0
31027.983853961905, 120, -1.0
31028.222827503698, 100, 1.0
31029.43575924716, 58, -1.0
31030.484372679137, 198, -1.0
31033.651307262837, 99, -1.0
31034.43780416446, 120, -1.0
31038.887471455248, 84, -1.0
31039.44207574815, 152, -1.0
31044.709865701174, 37, -1.0
31045.712212394967, 119, 1.0
31045.810744843628, 62, 1.0
31046.339096413136, 235, 1.0
31047.450531058817, 161, 1.0
31047.686076368267, 39, -1.0
31048.876425529143, 64, -1.0
31050.58793468712, 83, 1.0
31052.13566105092, 101, -1.0
31056.150652373242, 142, -1.0
31058.37232628346, 50, -1.0
31062.81768056818, 45, -1.0
31064.40811624328, 92, 1.0
31064.663802370775, 169, -1.0
31068.848495555918, 120, -1.0
31069.588786264925, 95, 1.0
31069.879354980763, 122, -1.0
31072.70961412059, 71, 1.0
31077.797397244252, 126, 1.0
31079.41012187158, 84, -1.0
31080.005487252023, 35, 1.0
31081.360534121137, 97, -1.0
31085.071790443573, 165, -1.0
31085.273832411443, 149, -1.0
31088.516544724265, 148, -1.0
31089.007017444674, 40, 1.0
31092.024757456125, 105, 1.0
31096.696435283855, 40, 1.0
31099.32199595965, 95, -1.0
31100.380923055196, 128, -1.0
31103.63825927731, 27, -1.0
31104.420807545062, 33, -1.0
31105.564627321597, 146, 1.0
31112.723004044878, 230, -1.0
31119.637487984088, 123, 1.0
31121.53420002388, 101, 1.0
31121.720353680237, 102, -1.0
31122.671919587978, 26, -1.0
31126.456708064594, 98, 1.0
31130.17396275255, 99, -1.0
31133.209789264176, 100, -1.0
31133.299863060383, 155, -1.0
31137.70163293357, 83, -1.0
31137.936230276686, 113, -1.0
31143.809458693315, 114, 1.0
31143.8997761863, 120, -1.0
31146.175892856303, 50, -1.0
31146.296587243527, 228, -1.0
31146.769464567362, 58, -1.0
31150.25269612829, 158, -1.0
31151.482457914073, 40, 1.0
31152.46716298871, 160, -1.0
31152.47093633008, 71, -1.0
31153.37490323398, 162, -1.0
31155.456607744352, 43, -1.0
31157.103657173982, 111, -1.0
31157.390583509856, 75, 1.0
31157.999443721732, 40, -1.0
31159.449463274857, 59, -1.0
31161.342095510496, 68, 1.0
31161.83658782072, 114, -1.0
31163.942934617415, 81, -1.0
31164.636624094725, 67, -1.0
31166.449944753695, 97, -1.0
31167.190580010032, 28, 1.0
31168.1939511905, 163, -1.0
31172.339820681038, 39, -1.0
31175.19502688593, 107, 1.0
31182.600206034807, 97, -1.0
31183.783597245452, 137, 1.0
31186.37735553309, 43, -1.0
31187.748723311666, 141, 1.0
31189.201415864598, 83, -1.0
31191.68368798772, 158, -1.0
31192.198885225556, 68, -1.0
31193.28227333409, 222, -1.0
31195.54723846846, 149, 1.0
31196.46259080215, 124, 1.0
31197.555174195943, 163, 1.0
31197.90393281259, 97, -1.0
31208.031731495437, 40, 1.0
31211.83569001413, 233, -1.0
31213.906278298018, 35, 1.0
31214.433907111008, 84, -1.0
31221.35591354051, 158, -1.0
31222.221946655794, 91, -1.0
31222.788191506294, 44, -1.0
31229.59609115217, 40, -1.0
31230.548032151237, 33, -1.0
31233.22882782735, 112, -1.0
31234.39889492984, 48, -1.0
31237.30899576893, 75, -1.0
31237.529126556386, 109, 1.0
31243.310291537895, 64, -1.0
31244.975375992013, 72, 1.0
31247.11713018287, 58, -1.0
31247.152835427674, 154, -1.0
31247.162012851375, 114, -1.0
31248.100233395133, 99, 1.0
31249.90127428734, 74, -1.0
31257.809469476153, 126, -1.0
31260.555237052544, 27, -1.0
31260.655848782542, 101, -1.0
31263.16988116538, 106, -1.0
31264.022824668667, 235, 1.0
31264.210577958154, 95, -1.0
31264.93450005973, 181, 1.0
31274.03056895843, 100, -1.0
31277.36418845521, 100, 1.0
31277.67852646988, 70, -1.0
31278.154343296046, 65, -1.0
31280.307819749705, 73, 1.0
31285.055434709913, 105, -1.0
31286.181735963743, 86, -1.0
31286.49294721009, 34, 1.0
31287.363242368814, 114, -1.0
31287.59668967076, 28, -1.0
31287.647621289445, 149, -1.0
31288.483065867433, 141, 1.0
31291.81886001229, 54, -1.0
31295.300891605177, 230, 1.0
31295.306786457346, 99, -1.0
31296.065935936524, 45, -1.0
31297.019733154953, 40, -1.0
31297.52178041253, 116, -1.0
31298.072431614346, 152, -1.0
31299.48666582113, 155, -1.0
31301.54263867491, 148, -1.0
31304.005069438223, 67, 1.0
31304.349426488632, 126, 1.0
31306.649957200993, 163, -1.0
31307.14680268515, 71, 1.0
31313.083015866083, 161, 1.0
31318.967340304705, 99, 1.0
31321.6833033591, 118, -1.0
31322.053893123222, 161, -1.0
31322.31441611083, 75, 1.0
31325.454513056706, 83, -1.0
31328.198530972404, 102, -1.0
31329.17389704431, 59, -1.0
31330.247534152055, 163, -1.0
31333.539939252376, 109, -1.0
31339.395944719978, 83, 1.0
31345.345512021508, 64, -1.0
31346.649791708525, 228, -1.0
31346.786598347688, 70, 1.0
31349.358941457147, 75, -1.0
31350.22768741713, 100, -1.0
31350.237509592273, 133, 1.0
31351.574479596766, 123, -1.0
31354.385421297426, 130, -1.0
31356.054082608614, 163, 1.0
31360.248221598733, 40, 1.0
31365.174062930353, 71, 1.0
31375.928117569496, 234, -1.0
31378.708361090405, 56, 1.0
31378.906730670627, 33, -1.0
31379.894575714323, 148, -1.0
31380.831377370665, 54, -1.0
31381.31353227375, 146, -1.0
31381.67846715722, 35, 1.0
31386.386411791813, 148, -1.0
31389.579164052437, 44, -1.0
31390.03386052202, 126, 1.0
31391.96805665847, 148, -1.0
31392.438781676155, 138, 1.0
31392.77607959509, 58, -1.0
31393.199833951505, 91, -1.0
31393.436583564497, 142, 1.0
31397.73129251696, 148, -1.0
31398.019155861417, 154, -1.0
31400.240742019727, 71, 1.0
31402.972740908946, 35, -1.0
31403.88611036958, 71, 1.0
31403.906076157644, 230, 1.0
31405.285087766577, 28, 1.0
31408.055890356743, 119, -1.0
31408.559079813578, 105, -1.0
31408.700640396368, 101, -1.0
31409.809957170633, 92, -1.0
31412.477538339364, 148, -1.0
31412.730579432588, 75, -1.0
31417.42064046027, 101, 1.0
31418.727089285516, 153, 1.0
31419.589565842078, 84, -1.0
31427.704889365425, 141, 1.0
31430.158820486984, 103, -1.0
31432.00929695108, 58, 1.0
31434.974501596866, 99, -1.0
31437.223558088204, 106, -1.0
31443.454346834966, 52, -1.0
31447.099114665405, 162, -1.0
31449.02982088591, 154, -1.0
31452.04357845281, 70, -1.0
31457.980469886585, 32, -1.0
31463.5036520221, 40, -1.0
31466.35052273632, 114, -1.0
31467.43059025211, 44, -1.0
31470.55088780832, 34, 1.0
31470.584032777402, 71, -1.0
31470.843803113705, 87, -1.0
31471.72044036868, 142, -1.0
31475.515946918313, 113, -1.0
31477.747227821215, 99, -1.0
31487.240302171816, 35, -1.0
31492.05059054947, 139, -1.0
31492.78010818259, 74, 1.0
31493.204343661615, 235, 1.0
31494.204836352903, 234, -1.0
31494.318041901275, 137, 1.0
31499.606608286213, 149, 1.0
31500.45370249376, 58, -1.0
31501.24989390287, 83, -1.0
31503.496678531603, 58, -1.0
31507.871717277972, 67, 1.0
31509.508006701435, 33, -1.0
31515.75912880939, 63, -1.0
31517.707839179966, 123, 1.0
31518.183901782064, 70, -1.0
31522.398096605728, 29, -1.0
31523.09301453924, 114, -1.0
31523.362241867864, 67, 1.0
31523.909335859105, 64, -1.0
31525.374478496367, 222, -1.0
31527.411847423395, 71, 1.0
31529.944442672866, 75, 1.0
31533.340572784786, 40, 1.0
31533.54146410031, 114, -1.0
31534.858088701225, 59, -1.0
31538.067319808917, 123, -1.0
31540.217708145516, 101, -1.0
31541.325818465943, 116, 1.0
31545.92261981004, 116, -1.0
31546.737369247978, 152, -1.0
31549.245135588866, 114, -1.0
31549.790796911402, 97, -1.0
31550.153448632893, 165, -1.0
31551.64257055706, 50, -1.0
31554.644454972226, 54, -1.0
31555.177410865854, 164, 1.0
31559.992187151132, 53, -1.0
31565.351910188387, 114, -1.0
31567.30963675012, 45, -1.0
31570.873552757446, 235, 1.0
31573.22770185738, 98, -1.0
31574.261648753905, 128, -1.0
31576.10294195915, 153, 1.0
31578.982185219204, 141, -1.0
31579.919399115708, 84, -1.0
31581.83906089561, 126, 1.0
31583.67612093185, 60, -1.0
31583.790926983787, 59, 1.0
31584.980733703975, 137, 1.0
31585.36795101731, 80, -1.0
31588.687358416242, 65, 1.0
31588.73629400373, 61, -1.0
31590.904030542075, 84, -1.0
31591.75372289671, 146, -1.0
31597.225511469856, 95, -1.0
31600.123522801397, 113, -1.0
31602.902752159014, 167, -1.0
31606.45900495448, 48, 1.0
31608.588903160155, 68, -1.0
31610.46843113604, 96, -1.0
31611.46281013364, 130, -1.0
31611.492603157763, 83, -1.0
31612.62604414571, 68, -1.0
31614.125628803067, 84, -1.0
31614.254681370105, 165, 1.0
31615.00835075172, 76, -1.0
31616.733084236417, 111, -1.0
31617.572611824427, 123, 1.0
31619.093749361986, 148, -1.0
31620.064485807772, 70, 1.0
31620.439542929376, 202, -1.0
31622.400679241735, 104, 1.0
31623.11296316371, 99, -1.0
31625.573286017483, 158, 1.0
31632.501062785133, 151, 1.0
31633.628901286054, 148, -1.0
31634.02995723451, 40, 1.0
31634.68656544949, 163, 1.0
31635.792043549485, 58, -1.0
31638.14318049978, 163, -1.0
31640.36817392218, 111, -1.0
31641.317645807772, 230, -1.0
31645.480660513793, 34, -1.0
31645.816365483726, 126, -1.0
31646.124924147516, 76, -1.0
31647.020728257477, 114, -1.0
31648.43394114478, 34, -1.0
31650.87117886151, 126, 1.0
31652.137566718946, 114, -1.0
31652.449790033366, 59, -1.0
31653.04043838372, 114, -1.0
31653.36898329094, 59, -1.0
31654.748450527415, 103, 1.0
31654.763007394118, 188, -1.0
31658.250337642297, 40, 1.0
31658.281811976663, 102, -1.0
31659.284369051606, 72, -1.0
31661.393073441162, 102, -1.0
31665.2262579913, 107, -1.0
31667.997382914687, 165, 1.0
31668.157358158616, 152, 1.0
31668.164327931267, 149, -1.0
31671.586809203553, 164, 1.0
31671.706688244718, 95, -1.0
31673.497286081878, 173, 1.0
31680.074639246093, 116, -1.0
31681.33055958659, 101, -1.0
31683.026675363853, 46, -1.0
31688.03285779671, 141, 1.0
31688.105835277107, 46, 1.0
31689.975556783116, 165, -1.0
31691.422470602127, 154, -1.0
31700.1490344471, 119, 1.0
31703.168459127373, 230, -1.0
31706.387545835252, 113, -1.0
31713.373286887167, 40, 1.0
31714.567938701945, 126, -1.0
31716.69245940543, 58, 1.0
31720.265778617548, 163, -1.0
31722.71182122078, 152, -1.0
31723.968427037536, 155, 1.0
31723.97480457346, 235, 1.0
31725.481636919976, 177, -1.0
31727.893926290977, 81, -1.0
31732.674627610755, 182, 1.0
31733.05359305197, 101, 1.0
31739.45532549777, 101, -1.0
31742.98754601022, 149, -1.0
31744.192733801676, 152, -1.0
31744.391790654496, 51, 1.0
31745.909551276134, 40, -1.0
31745.98048066176, 114, 1.0
31747.182116616663, 59, -1.0
31747.228196126533, 126, -1.0
31747.500680446145, 84, -1.0
31747.65843932218, 72, 1.0
31748.936712284092, 67, 1.0
31751.376830066652, 165, 1.0
31752.07835552636, 142, -1.0
31755.40508461028, 235, 1.0
31756.12924795939, 193, 1.0
31757.85932154331, 97, 1.0
31758.64853785551, 59, 1.0
31758.99712103238, 107, -1.0
31759.567139895385, 141, -1.0
31761.695239711775, 34, 1.0
31763.19711792608, 162, 1.0
31775.650863538518, 41, 1.0
31775.704815936144, 41, 1.0
31776.54360345617, 122, -1.0
31776.59729469153, 99, 1.0
31777.369032724935, 50, 1.0
31782.40817269079, 74, -1.0
31784.332330524092, 56, 1.0
31787.222194197406, 101, -1.0
31788.634121007493, 116, -1.0
31789.640102384747, 101, 1.0
31791.239950912597, 98, 1.0
31791.83757289091, 181, -1.0
31797.547905577645, 59, -1.0
31799.9355037056, 187, -1.0
31802.010345306197, 177, -1.0
31807.16450401963, 123, 1.0
31810.859217600562, 159, -1.0
31811.08290713869, 141, 1.0
31812.394410275378, 198, 1.0
31812.62890916932, 173, 1.0
31813.96216463336, 81, 1.0
31818.255030561515, 101, -1.0
31819.28982404809, 126, -1.0
31821.26510860326, 230, 1.0
31822.605483006428, 58, -1.0
31823.719058024868, 167, 1.0
31833.963551252768, 180, -1.0
31834.769287745134, 108, -1.0
31838.11870466258, 67, 1.0
31842.648739497286, 91, -1.0
31843.50876184228, 70, 1.0
31845.01839557644, 228, 1.0
31848.761404345118, 27, -1.0
31849.493016583427, 81, 1.0
31854.44203267975, 163, 1.0
31858.20037561684, 139, 1.0
31858.52479117233, 177, -1.0
31863.885899795914, 83, -1.0
31864.51639887648, 58, -1.0
31865.03870190687, 187, -1.0
31866.92321236496, 157, -1.0
31871.016719773354, 116, 1.0
31872.65552396537, 167, -1.0
31874.913009836473, 35, 1.0
31876.17440823138, 162, 1.0
31877.091296024224, 235, 1.0
31885.922899241, 104, -1.0
31886.187198748015, 154, -1.0
31886.609130680405, 72, 1.0
31886.956564107888, 141, 1.0
31890.43194797474, 50, -1.0
31892.416799014176, 161, -1.0
31892.731923973537, 44, -1.0
31892.822336841706, 53, -1.0
31894.548598766545, 99, -1.0
31895.456078322477, 59, 1.0
31896.597728454697, 152, 1.0
31903.42823800644, 146, 1.0
31910.129811418115, 74, -1.0
31912.854652406393, 114, -1.0
31913.28246733876, 155, 1.0
31913.412596930408, 146, 1.0
31913.808284737745, 40, 1.0
31914.27879754529, 59, -1.0
31916.650482891237, 68, 1.0
31920.722373899407, 101, 1.0
31922.82115171899, 151, 1.0
31925.96984220039, 51, 1.0
31929.95811622624, 95, 1.0
31933.32553180055, 81, -1.0
31933.474964115238, 142, -1.0
31938.20225508975, 59, -1.0
31942.18270737916, 162, 1.0
31944.388314934473, 163, -1.0
31945.919902111535, 92, 1.0
31946.612393326126, 81, -1.0
31946.7459809279, 113, -1.0
31947.45396636113, 35, 1.0
31947.74697456362, 43, -1.0
31948.170467923628, 126, 1.0
31952.23306675341, 148, -1.0
31954.698924788536, 27, -1.0
31956.880226108617, 198, 1.0
31959.703749672582, 130, -1.0
31959.81356237294, 59, 1.0
31962.620810568576, 114, 1.0
31963.27116833198, 161, 1.0
31966.1802774185, 40, 1.0
31969.497889001734, 69, 1.0
31975.604207687757, 105, 1.0
31978.19479972221, 233, 1.0
31978.652728195462, 101, -1.0
31978.80210882564, 40, 1.0
31980.38281452024, 153, -1.0
31982.68069852518, 48, 1.0
31987.171443292922, 40, 1.0
31988.71739941166, 34, -1.0
31989.778615209576, 153, -1.0
31992.028862898216, 33, -1.0
31992.71225918957, 35, 1.0
31993.579994960543, 51, 1.0
31994.795353372756, 58, -1.0
31996.131477338415, 43, 1.0
31997.633332916947, 173, -1.0
31997.87812180493, 119, -1.0
31998.200748781655, 233, -1.0
31998.27900010797, 114, -1.0
31998.57192185787, 67, 1.0
31999.18976192341, 149, 1.0
32000.932080821145, 26, -1.0
32003.85405120649, 74, -1.0
32004.267025889338, 153, -1.0
32007.45574454951, 40, 1.0
32011.068380510245, 92, -1.0
32019.94665385476, 59, 1.0
32020.45885595238, 165, 1.0
32021.35353752544, 35, 1.0
32022.621558860716, 59, -1.0
32026.917908057352, 59, 1.0
32028.038485033565, 68, -1.0
32031.234360421942, 69, 1.0
32032.06991212018, 234, -1.0
32032.120135132183, 98, 1.0
32032.206941683213, 165, -1.0
32032.990704802818, 162, -1.0
32033.7431831026, 60, -1.0
32038.684418210756, 67, 1.0
32042.916194798327, 97, -1.0
32043.089286429717, 45, 1.0
32047.544683817923, 100, 1.0
32048.26383173728, 86, -1.0
32054.7578008093, 45, -1.0
32057.203931063854, 146, 1.0
32057.557212587784, 32, -1.0
32060.41688626485, 163, 1.0
32065.20082456067, 101, -1.0
32065.29436186028, 61, -1.0
32066.135866626562, 67, 1.0
32071.978275002166, 114, -1.0
32072.090285338603, 83, 1.0
32072.75816985993, 58, 1.0
32076.17666989093, 71, 1.0
32082.824198291342, 50, -1.0
32084.999392298698, 70, 1.0
32085.148951249786, 112, -1.0
32085.955325096853, 71, 1.0
32089.12819554475, 71, 1.0
32091.764415396327, 142, -1.0
32092.26989147817, 92, 1.0
32093.63686043175, 70, -1.0
32094.359363742034, 64, -1.0
32097.059049503696, 230, 1.0
32097.801883317778, 48, -1.0
32103.820109836935, 116, 1.0
32107.190630177098, 35, 1.0
32108.07477313225, 84, -1.0
32110.03585726286, 165, 1.0
32112.503887455365, 50, 1.0
32114.802537053816, 54, -1.0
32116.139230631212, 142, 1.0
32116.155708323542, 242, -1.0
32117.850819379582, 59, -1.0
32118.305810272377, 142, -1.0
32121.59951221801, 101, -1.0
32127.187242759624, 109, 1.0
32127.383302838556, 120, 1.0
32129.93857692016, 41, 1.0
32130.51828441361, 114, -1.0
32134.061236180863, 103, -1.0
32137.30619463732, 74, -1.0
32137.462473794978, 168, 1.0
32143.15914724704, 157, -1.0
32144.16266639041, 99, 1.0
32144.40964191605, 103, 1.0
32147.535707604846, 70, 1.0
32151.910989320582, 112, 1.0
32152.15928920571, 59, -1.0
32156.63607165371, 161, 1.0
32156.864502849618, 123, -1.0
32163.840942791147, 32, -1.0
32164.21791777949, 169, -1.0
32165.80052504668, 71, 1.0
32166.4105518413, 32, -1.0
32167.187291914386, 133, -1.0
32167.232613911183, 76, -1.0
32169.09505159424, 126, -1.0
32171.720569707897, 48, 1.0
32173.82402609413, 59, -1.0
32176.06862243839, 67, 1.0
32179.72585008326, 81, 1.0
32182.882556130644, 70, 1.0
32183.807616679693, 113, -1.0
32188.710099788226, 33, -1.0
32188.866684200046, 142, 1.0
32189.004498805036, 95, -1.0
32193.581046832256, 155, 1.0
32198.04737641746, 198, -1.0
32200.004216171008, 50, 1.0
32201.55426890143, 114, -1.0
32203.35743778625, 182, 1.0
32209.26454305279, 169, -1.0
32210.385002954743, 91, -1.0
32210.484533457955, 161, 1.0
32211.088896946036, 210, 1.0
32212.33985377517, 75, -1.0
32212.53174250072, 157, 1.0
32213.122908818183, 84, 1.0
32214.26360069056, 158, -1.0
32218.43904041674, 234, 1.0
32218.58521672403, 80, 1.0
32219.814598334626, 74, 1.0
32222.732726430495, 36, 1.0
32224.911926629404, 101, -1.0
32225.437995970045, 114, 1.0
32225.94040034864, 228, 1.0
32225.99095690791, 76, -1.0
32230.225672761557, 34, 1.0
32233.885787512005, 48, 1.0
32234.48102098728, 53, -1.0
32239.451451454846, 64, -1.0
32243.167472272537, 75, 1.0
32246.66182526262, 81, 1.0
32246.76741522731, 64, -1.0
32247.185783362915, 123, 1.0
32247.621327556313, 64, 1.0
32251.884852730094, 167, -1.0
32255.57388171123, 198, -1.0
32256.005598920838, 235, 1.0
32256.14789792461, 67, 1.0
32256.25840433147, 235, 1.0
32266.708169438534, 122, -1.0
32269.302502071012, 71, 1.0
32271.51442450392, 164, 1.0
32272.566021033534, 149, 1.0
32273.792400741884, 62, -1.0
32274.820521376296, 40, -1.0
32275.12218900011, 114, -1.0
32275.205062820492, 122, -1.0
32276.738354925514, 193, -1.0
32279.392171319232, 101, -1.0
32280.134200726843, 50, -1.0
32283.944496036434, 75, 1.0
32286.44321170511, 169, 1.0
32290.203515219684, 53, -1.0
32296.44847627048, 50, -1.0
32297.53584981576, 149, -1.0
32305.6887002761, 71, -1.0
32307.85158226182, 113, -1.0
32310.625870794676, 68, 1.0
32316.911933071762, 148, -1.0
32319.340631837826, 122, -1.0
32320.203968775182, 142, -1.0
32321.833988081973, 122, -1.0
32334.50327533443, 40, 1.0
32335.19716265289, 101, 1.0
32337.59301261235, 50, -1.0
32338.65582573651, 81, 1.0
32339.86642649896, 101, 1.0
32342.382889988716, 109, 1.0
32342.506398377715, 61, -1.0
32343.475637856194, 222, -1.0
32346.160057661265, 69, 1.0
32346.367095791706, 104, -1.0
32346.57873518023, 41, -1.0
32347.074323805966, 163, -1.0
32352.161007018178, 62, -1.0
32354.05398381956, 123, -1.0
32354.363441984504, 154, 1.0
32356.680216525372, 168, 1.0
32358.593261945593, 128, -1.0
32361.79223321061, 48, -1.0
32363.11527939338, 177, 1.0
32363.579485768427, 40, 1.0
32363.93054715689, 137, 1.0
32365.707523424247, 32, -1.0
32371.675780255908, 104, -1.0
32371.96030277398, 68, 1.0
32372.335232989397, 99, -1.0
32374.957122570628, 148, -1.0
32375.878351300536, 155, 1.0
32377.569604764638, 32, -1.0
32380.709676463597, 40, -1.0
32380.769751625237, 41, -1.0
32382.879335021866, 158, -1.0
32387.861790687934, 31, 1.0
32389.87586893237, 173, -1.0
32392.702464178372, 147, -1.0
32394.351530250427, 40, 1.0
32398.81749893995, 58, -1.0
