28800.073086284814, 234, 1.0
28801.878805008513, 35, -1.0
28804.232912828007, 100, -1.0
28806.63723784273, 235, 1.0
28807.398794992845, 58, -1.0
28809.000047244237, 114, 1.0
28809.974699868922, 27, -1.0
28819.97863122821, 103, 1.0
28822.939183508144, 169, 1.0
28825.522373744203, 39, 1.0
28825.936985545806, 193, 1.0
28827.261870064867, 92, -1.0
28827.79715924173, 48, -1.0
28827.92411701823, 141, 1.0
28830.307435290317, 149, -1.0
28832.73037623223, 126, -1.0
28835.1194847146, 68, -1.0
28837.638847450005, 146, 1.0
28840.550829074993, 60, 1.0
28847.66946172642, 128, -1.0
28847.72056252372, 26, -1.0
28847.854528814703, 177, -1.0
28850.288058529448, 40, 1.0
28853.099141909828, 45, -1.0
28853.367934547663, 117, -1.0
28856.285754198005, 181, -1.0
28856.93888159479, 84, 1.0
28858.038254671075, 27, -1.0
28860.630507638445, 153, -1.0
28860.729790923368, 177, -1.0
28866.413024489546, 114, -1.0
28869.148398423895, 158, -1.0
28869.491325105988, 28, -1.0
28869.77782662317, 155, -1.0
28870.283383009857, 95, -1.0
28871.1991197591, 161, -1.0
28872.795500497232, 32, 1.0
28873.36646536578, 116, 1.0
28873.622350656893, 165, -1.0
28874.94051836771, 61, -1.0
28877.583108154464, 182, -1.0
28881.059376701756, 118, -1.0
28887.201085516874, 75, -1.0
28888.215566677238, 119, 1.0
28888.62022438264, 75, 1.0
28889.516910480696, 152, 1.0
28890.22134651712, 141, 1.0
28890.664996960775, 42, -1.0
28892.890259622385, 114, 1.0
28893.29617649059, 228, -1.0
28893.326334931528, 116, -1.0
28895.118465961856, 66, 1.0
28895.641442087683, 153, 1.0
28898.049048866364, 165, 1.0
28899.00176291763, 120, -1.0
28904.173447249133, 48, 1.0
28912.66284134049, 160, -1.0
28913.03447370239, 116, -1.0
28913.59996311594, 157, 1.0
28913.815662457004, 130, -1.0
28914.984707175397, 33, 1.0
28918.925153941367, 126, 1.0
28919.41966014637, 45, 1.0
28919.972776794777, 116, 1.0
28920.581502223646, 40, -1.0
28921.590635849934, 35, -1.0
28925.123822035053, 177, -1.0
28928.089639972935, 123, -1.0
28933.438270098464, 98, -1.0
28934.16386908335, 59, -1.0
28935.875851678476, 193, -1.0
28937.715479174694, 26, -1.0
28940.814020718168, 165, 1.0
28943.349654141333, 75, 1.0
28943.51707675175, 81, -1.0
28945.42926349685, 65, 1.0
28946.442598894337, 92, -1.0
28951.276975991626, 177, -1.0
28951.346286108757, 233, 1.0
28951.547933065143, 169, 1.0
28952.546506549395, 163, 1.0
28957.321669129426, 118, -1.0
28958.63413773287, 67, 1.0
28958.972375685888, 60, -1.0
28962.9921793455, 40, -1.0
28963.81532558955, 98, -1.0
28964.352049596248, 53, -1.0
28965.638664110298, 48, -1.0
28966.359962987874, 75, -1.0
28972.62139603039, 26, -1.0
28972.81211338389, 142, 1.0
28973.322939051348, 67, -1.0
28974.0418087544, 45, -1.0
28975.23911822874, 105, -1.0
28975.735696304713, 98, 1.0
28981.560967512192, 146, 1.0
28981.817289714018, 96, -1.0
28984.94049610106, 141, -1.0
28988.582101422442, 119, -1.0
28990.27513647391, 50, 1.0
28990.885051325025, 67, 1.0
28992.99883469707, 35, -1.0
28998.389707323662, 75, 1.0
29002.42946823432, 114, -1.0
29002.51300332583, 92, -1.0
29003.09002639536, 235, 1.0
29014.720996104825, 60, -1.0
29014.86885240831, 193, -1.0
29015.572590180287, 113, -1.0
29015.95721597928, 101, -1.0
29016.4487774985, 159, -1.0
29018.682741498404, 88, -1.0
29019.94920556576, 80, 1.0
29021.452126804998, 68, -1.0
29023.37114431705, 228, 1.0
29026.06759428563, 41, -1.0
29026.474252470067, 64, -1.0
29028.58950648507, 92, -1.0
29030.470273714625, 64, 1.0
29031.330816346413, 104, 1.0
29032.06065308802, 99, -1.0
29033.55070958547, 105, 1.0
29033.81332901852, 163, -1.0
29034.345884824736, 98, -1.0
29035.35586959719, 101, -1.0
29038.221493487625, 152, -1.0
29041.906370356282, 65, 1.0
29046.3272239224, 75, 1.0
29046.814715819786, 61, 1.0
29049.453409327412, 235, 1.0
29051.839734933168, 119, 1.0
29057.044483972022, 146, 1.0
29066.722048866555, 163, 1.0
29066.764910837155, 116, -1.0
29067.985148464628, 40, 1.0
29068.500839160108, 148, -1.0
29068.616145940447, 169, 1.0
29069.20942603112, 100, -1.0
29069.322284667025, 105, -1.0
29070.63319987515, 114, -1.0
29071.62412151628, 75, 1.0
29072.8897681574, 101, 1.0
29077.130593605485, 152, -1.0
29077.328938810348, 146, -1.0
29078.529833224744, 68, 1.0
29082.584311444047, 165, -1.0
29082.685278565637, 126, -1.0
29084.868912797625, 173, -1.0
29085.168482893212, 101, 1.0
29089.17717109438, 158, -1.0
29092.85186641426, 103, 1.0
29093.325011880886, 198, -1.0
29096.982314473364, 198, -1.0
29102.144592678516, 126, -1.0
29102.50885347516, 58, -1.0
29103.333426015673, 233, 1.0
29103.412892750148, 97, 1.0
29110.81989685189, 139, -1.0
29111.024799682596, 193, -1.0
29115.751469133793, 74, -1.0
29116.582600047393, 71, -1.0
29116.92124291582, 182, 1.0
29123.30150113732, 90, -1.0
29123.998053457086, 70, 1.0
29124.136879890877, 58, -1.0
29126.31856837997, 66, -1.0
29126.925176704324, 103, 1.0
29128.58103133653, 167, -1.0
29129.576484024514, 68, -1.0
29130.221714742955, 233, 1.0
29132.673066606556, 103, 1.0
29133.88510056172, 34, -1.0
29136.498816169842, 142, 1.0
29136.8818136372, 167, -1.0
29138.8262039677, 107, -1.0
29141.519150858436, 234, 1.0
29141.83814390288, 103, 1.0
29142.237684774052, 163, 1.0
29142.423130125557, 100, -1.0
29144.596132744176, 153, -1.0
29144.8626906546, 162, 1.0
29146.145250861442, 234, 1.0
29151.048185984957, 59, 1.0
29151.82995333453, 162, -1.0
29154.25594089792, 146, -1.0
29154.591654855492, 155, -1.0
29155.77553811418, 164, 1.0
29164.30989267956, 98, -1.0
29168.062427167166, 133, 1.0
29169.01534405759, 61, -1.0
29170.084651159937, 65, -1.0
29170.116371272234, 126, 1.0
29173.7409277931, 34, -1.0
29174.603745280023, 116, -1.0
29175.484422586185, 64, -1.0
29176.113152263617, 42, -1.0
29176.420664203593, 68, -1.0
29178.176192760184, 75, 1.0
29180.443420836986, 165, 1.0
29182.013546419803, 164, -1.0
29187.13526427734, 141, 1.0
29188.17656143681, 107, -1.0
29194.32037406902, 154, -1.0
29195.38718631016, 101, 1.0
29196.72473870414, 166, -1.0
29197.78312660522, 148, -1.0
29198.512047320644, 105, 1.0
29200.266289527033, 40, -1.0
29202.26087869049, 124, -1.0
29207.68262005082, 66, 1.0
29211.77049408257, 142, 1.0
29212.63718840458, 101, -1.0
29213.29198588788, 28, -1.0
29215.267132170404, 103, 1.0
29215.921358350028, 141, 1.0
29216.619368245767, 164, -1.0
29218.11545928652, 148, -1.0
29218.301578851595, 148, -1.0
29224.114405605535, 101, 1.0
29224.280010269744, 149, -1.0
29225.90193558241, 70, 1.0
29227.248814127102, 67, 1.0
29229.15251674546, 166, -1.0
29229.7568465369, 146, -1.0
29231.919225569025, 109, -1.0
29235.290149724042, 103, 1.0
29235.817973116915, 59, -1.0
29243.223204904563, 142, -1.0
29244.20299662803, 106, -1.0
29245.29678797009, 128, -1.0
29248.379629891126, 103, 1.0
29248.59285746498, 74, -1.0
29249.853120987496, 50, -1.0
29250.49651658316, 75, 1.0
29250.76247434009, 123, 1.0
29251.79062484875, 75, 1.0
29252.82511446306, 40, -1.0
29254.634235414953, 141, 1.0
29255.88475101555, 88, 1.0
29256.964433730987, 101, -1.0
29257.516435597317, 99, 1.0
29258.756751622015, 163, -1.0
29260.391630437272, 110, 1.0
29262.61645541655, 26, -1.0
29265.254745604227, 108, -1.0
29267.552987155206, 105, 1.0
29270.37229323618, 161, -1.0
29272.534129325955, 123, -1.0
29272.960412499007, 162, -1.0
29274.169609175944, 64, 1.0
29274.983925407552, 33, -1.0
29284.27993294357, 69, -1.0
29286.427033562068, 153, -1.0
29286.499945622352, 80, 1.0
29287.739689770864, 40, 1.0
29288.89669554271, 100, -1.0
29291.151624528145, 116, 1.0
29291.74884559217, 75, 1.0
29294.492518762807, 165, -1.0
29295.39866013128, 58, -1.0
29296.604073283746, 152, 1.0
29300.56100100192, 83, -1.0
29301.867656559065, 45, -1.0
29302.62829988306, 51, -1.0
29305.80140312248, 164, 1.0
29307.585971430486, 177, -1.0
29308.721515805875, 42, -1.0
29310.01507075635, 54, -1.0
29311.77577269743, 36, 1.0
29313.156629913577, 165, -1.0
29314.471098200684, 74, 1.0
29319.30661224091, 113, -1.0
29320.74499841488, 42, -1.0
29320.745192654194, 169, -1.0
29321.156601915995, 28, 1.0
29328.25488727182, 91, -1.0
29333.78238299599, 109, 1.0
29334.496956203388, 164, -1.0
29334.64149820987, 87, -1.0
29335.148760391003, 234, -1.0
29337.816114807054, 139, -1.0
29339.527055322797, 35, 1.0
29341.010651060224, 160, -1.0
29341.99869164918, 52, 1.0
29344.805085252305, 163, 1.0
29345.593466963575, 37, -1.0
29346.499757045873, 161, 1.0
29347.67005047589, 161, -1.0
29349.54238814312, 102, 1.0
29351.079998737285, 148, -1.0
29351.483139095675, 153, -1.0
29352.579560577542, 130, -1.0
29355.38055990671, 162, -1.0
29357.45241947373, 133, -1.0
29362.969121467482, 169, 1.0
29364.00237112325, 109, -1.0
29364.83364285957, 52, -1.0
29366.338732537562, 163, 1.0
29366.72834460818, 154, -1.0
29368.494856237394, 107, -1.0
29368.702069017352, 158, 1.0
29373.003887743318, 96, -1.0
29380.193830037988, 101, -1.0
29381.011071981207, 35, -1.0
29382.096747449938, 99, -1.0
29384.347727745007, 41, -1.0
29386.307044723922, 111, -1.0
29393.39398131711, 35, 1.0
29394.7356626053, 116, 1.0
29395.61618497024, 58, -1.0
29396.92575940658, 164, -1.0
29397.748854043286, 163, -1.0
29398.484314823265, 148, -1.0
29402.735341578635, 99, -1.0
29403.40849017984, 162, 1.0
29407.449026785427, 36, 1.0
29407.96321251923, 86, 1.0
29408.458643399266, 120, -1.0
29410.176245673203, 51, -1.0
29410.36525623723, 48, 1.0
29410.678388277764, 103, 1.0
29412.683685884494, 112, -1.0
29413.273253549207, 33, 1.0
29413.391603255262, 141, 1.0
29415.66390165184, 84, -1.0
29415.823427688967, 169, 1.0
29416.058275170813, 43, 1.0
29422.259484992588, 98, -1.0
29422.694596958598, 86, 1.0
29425.238743279333, 103, 1.0
29425.74874592978, 71, -1.0
29426.735182752076, 241, 1.0
29428.738419603127, 148, -1.0
29430.365159804416, 58, -1.0
29430.405570984072, 154, -1.0
29430.599621586134, 69, -1.0
29432.328982450123, 114, -1.0
29437.343233386167, 27, -1.0
29437.87100913226, 119, -1.0
29442.311526559428, 81, 1.0
29442.32217957812, 39, -1.0
29442.7453156225, 162, 1.0
29443.840664841864, 114, -1.0
29443.861055459318, 61, -1.0
29445.335212694128, 58, 1.0
29448.167010718433, 141, 1.0
29449.360770847157, 42, -1.0
29453.2009344523, 35, -1.0
29454.856107405798, 114, -1.0
29455.47198014313, 106, -1.0
29456.879889500076, 133, -1.0
29458.5662911787, 139, -1.0
29461.668458533393, 152, 1.0
29463.64145167369, 130, 1.0
29465.127324415193, 31, -1.0
29467.228941954985, 149, -1.0
29467.778438060246, 242, 1.0
29467.976952726152, 146, -1.0
29468.60070602245, 146, 1.0
29469.03932505877, 163, 1.0
29470.506131101636, 193, 1.0
29472.16257972231, 37, -1.0
29472.323889056654, 69, -1.0
29473.64428055163, 52, 1.0
29475.404320234342, 67, 1.0
29476.65542936643, 235, -1.0
29478.09228379937, 52, 1.0
29479.579403553, 43, 1.0
29479.7221249566, 40, 1.0
29480.077446365583, 91, -1.0
29483.20737040315, 44, -1.0
29485.95638624176, 71, -1.0
29493.52313247422, 100, -1.0
29494.023073051838, 154, -1.0
29495.721193559853, 34, 1.0
29497.699708489992, 26, -1.0
29497.728492262868, 157, -1.0
29497.775393054988, 74, -1.0
29499.963075233696, 69, -1.0
29505.39695824534, 114, -1.0
29508.323431633286, 188, -1.0
29509.49668985088, 222, 1.0
29511.045825533063, 67, 1.0
29512.21503621719, 126, 1.0
29512.630602385827, 114, 1.0
29513.060385080116, 151, 1.0
29515.186377785172, 98, -1.0
29515.494106801136, 99, -1.0
29516.348764428716, 51, -1.0
29517.533307523718, 154, -1.0
29519.709887307185, 141, 1.0
29521.844305278635, 233, 1.0
29522.368594306397, 72, 1.0
29525.83897399607, 130, -1.0
29526.636851752955, 222, -1.0
29527.60355094248, 99, -1.0
29530.53562050993, 116, -1.0
29531.613887074924, 87, -1.0
29532.113027231913, 71, 1.0
29533.978404180998, 70, 1.0
29534.285213122224, 74, -1.0
29536.493392137898, 80, -1.0
29537.864500597243, 92, 1.0
29539.333368740456, 97, -1.0
29542.082443943134, 161, 1.0
29544.418588439392, 103, 1.0
29545.92194524278, 126, 1.0
29547.34374150347, 114, -1.0
29549.833201803784, 74, 1.0
29551.167575129977, 111, -1.0
29554.194379067176, 150, -1.0
29558.627625117297, 165, -1.0
29559.919178408094, 80, -1.0
29561.950255763895, 81, 1.0
29562.231813631137, 222, 1.0
29563.95754813189, 34, 1.0
29566.193703168294, 51, 1.0
29566.195458004717, 75, 1.0
29568.386763437877, 146, -1.0
29573.24659820323, 148, -1.0
29575.042295525374, 105, 1.0
29576.941691736163, 87, -1.0
29577.40186358998, 108, -1.0
29579.62986860554, 85, -1.0
29580.65616500986, 165, 1.0
29584.37377207062, 123, -1.0
29586.030370847977, 87, -1.0
29587.354505034713, 41, -1.0
29590.874544557766, 28, -1.0
29591.537497317084, 83, -1.0
29591.54949208436, 64, -1.0
29596.121698261948, 106, -1.0
29597.384999745544, 68, 1.0
29598.065595563472, 98, -1.0
29599.27753127385, 187, -1.0
29601.831389618834, 73, 1.0
29602.03979084148, 76, 1.0
29602.084357158827, 52, 1.0
29605.103993487883, 46, 1.0
29605.15216112839, 158, -1.0
29609.14030259723, 44, -1.0
29609.516960994675, 40, 1.0
29610.5247420832, 99, 1.0
29614.8934118045, 40, -1.0
29617.317459977938, 50, -1.0
29618.091064547043, 68, 1.0
29618.374847702024, 58, -1.0
29620.52746281318, 114, 1.0
29621.393420102875, 58, -1.0
29621.60423191072, 142, -1.0
29625.237027932435, 173, -1.0
29625.582248086703, 103, 1.0
29627.693579625906, 52, -1.0
29628.296916937936, 158, -1.0
29631.169847613935, 163, 1.0
29631.43033696354, 142, -1.0
29632.158973399764, 80, 1.0
29634.441553663088, 41, 1.0
29637.931168089894, 159, -1.0
29638.554767541515, 62, -1.0
29639.15668119664, 113, -1.0
29639.962772492963, 98, -1.0
29641.91688891736, 59, 1.0
29642.304827147305, 241, 1.0
29645.819478056394, 86, -1.0
29647.608326778667, 34, 1.0
29647.67992166274, 105, 1.0
29648.253078432506, 114, -1.0
29650.47316972548, 74, -1.0
29651.052240613135, 154, -1.0
29652.917626116134, 76, -1.0
29655.146610838, 42, -1.0
29657.101607871842, 167, -1.0
29657.912692709157, 42, -1.0
29660.1846475521, 102, 1.0
29660.909206266646, 60, -1.0
29661.03316057613, 40, 1.0
29662.17795892847, 142, 1.0
29664.075816833578, 105, 1.0
29665.062790074084, 61, -1.0
29668.255526630408, 35, -1.0
29669.53655237946, 141, -1.0
29669.550379071974, 99, 1.0
29670.544095978246, 45, 1.0
29672.614969123024, 35, 1.0
29673.59734819185, 102, 1.0
29674.700370067607, 70, -1.0
29676.640724018536, 36, 1.0
29677.072443724654, 98, -1.0
29677.685992565377, 161, -1.0
29679.221830552076, 37, -1.0
29680.56276340602, 87, 1.0
29681.55004281841, 163, -1.0
29682.09315722701, 123, -1.0
29682.186076733833, 41, -1.0
29683.364527971487, 149, -1.0
29686.765643086237, 51, -1.0
29687.55559600959, 162, 1.0
29691.196733491604, 39, -1.0
29691.293341431563, 148, -1.0
29691.36364338501, 100, -1.0
29692.329123873486, 64, 1.0
29692.630075166497, 75, 1.0
29693.05705172838, 87, -1.0
29693.561922249304, 106, 1.0
29695.02390010555, 162, -1.0
29697.383426350283, 59, 1.0
29699.359081621034, 41, 1.0
29703.761430866827, 58, -1.0
29706.41785992836, 102, 1.0
29711.181244642896, 234, 1.0
29715.549346409418, 70, 1.0
29716.66870905446, 106, -1.0
29718.3294032702, 40, 1.0
29722.578834805172, 34, 1.0
29722.66447961621, 103, -1.0
29722.774861018603, 51, 1.0
29723.3779197096, 80, 1.0
29723.926904866068, 123, -1.0
29727.12057240288, 137, 1.0
29730.8835404551, 167, -1.0
29730.90609005528, 37, -1.0
29732.50894781516, 34, -1.0
29736.11481956748, 74, -1.0
29736.657278363113, 95, -1.0
29740.212916233893, 32, -1.0
29741.044095009085, 95, 1.0
29741.71255673098, 233, 1.0
29745.089357986257, 234, -1.0
29748.114032223806, 150, -1.0
29748.424595335244, 82, 1.0
29749.800594062683, 165, 1.0
29749.866494762264, 112, -1.0
29749.932749165673, 169, -1.0
29754.5786295653, 89, 1.0
29757.158198690402, 35, 1.0
29757.726825940987, 126, 1.0
29759.279893939678, 80, -1.0
29759.496966530554, 59, -1.0
29761.362825158954, 162, -1.0
29761.76188931328, 155, 1.0
29762.03141598446, 101, 1.0
29762.33706694868, 101, -1.0
29762.94552882488, 65, -1.0
29763.80254256077, 109, -1.0
29764.38303537624, 155, -1.0
29767.094529274764, 162, 1.0
29768.727093015004, 164, 1.0
29771.383136172233, 97, 1.0
29782.20284351657, 58, -1.0
29783.351372935354, 158, -1.0
29783.86997862298, 72, -1.0
29785.652157589037, 165, -1.0
29785.729693081103, 74, -1.0
29786.092111729184, 160, -1.0
29786.29458625275, 157, -1.0
29786.93555076609, 233, 1.0
29787.12845495681, 158, -1.0
29787.394262412898, 97, 1.0
29788.946821618953, 80, -1.0
29789.272113717463, 106, -1.0
29789.76720711041, 54, -1.0
29790.033461917807, 153, -1.0
29790.90218261676, 59, 1.0
29791.2685030374, 40, 1.0
29791.896102142153, 193, -1.0
29792.34287684511, 117, -1.0
29796.564369004995, 28, 1.0
29798.318979316824, 59, -1.0
29803.417758566684, 58, 1.0
29805.42830223325, 116, 1.0
29805.738819231905, 35, 1.0
29806.067146282392, 65, 1.0
29806.423783153477, 123, -1.0
29806.623861738728, 95, 1.0
29806.65967201641, 62, -1.0
29808.07169120489, 97, -1.0
29808.640065941385, 162, 1.0
29810.44837582669, 75, 1.0
29810.690939014512, 67, 1.0
29811.804935259708, 114, -1.0
29812.771471678156, 233, 1.0
29813.343796819725, 43, -1.0
29815.754779166964, 34, -1.0
29819.39596640781, 92, 1.0
29819.938675940437, 58, 1.0
29821.38986835532, 167, -1.0
29821.6109400818, 35, 1.0
29825.308316208528, 40, 1.0
29829.315546323844, 128, -1.0
29829.540220766256, 103, 1.0
29830.703133624796, 67, 1.0
29834.678906165263, 67, 1.0
29835.260586748806, 59, 1.0
29837.19562336384, 60, -1.0
29840.58108478626, 103, 1.0
29841.639565457073, 116, 1.0
29843.34952461742, 59, -1.0
29845.37130884439, 50, 1.0
29848.254450548437, 71, -1.0
29859.109833886545, 101, -1.0
29859.288694817154, 228, 1.0
29860.275832454176, 162, 1.0
29860.481632887186, 128, -1.0
29862.55794350648, 151, 1.0
29866.01569419328, 53, -1.0
29869.000234764702, 33, -1.0
29871.906597071782, 133, -1.0
29872.028931774028, 29, 1.0
29872.27909707906, 71, 1.0
29873.40486935981, 106, -1.0
29874.969218045568, 152, 1.0
29879.299142791002, 119, -1.0
29882.178841439887, 198, -1.0
29887.34865674816, 116, -1.0
29892.401003503597, 45, 1.0
29892.8467010489, 163, -1.0
29893.132733531016, 109, 1.0
29894.326590915112, 95, -1.0
29895.355595102283, 146, -1.0
29896.21314474879, 167, -1.0
29896.243380771713, 157, -1.0
29901.48261543139, 153, 1.0
29901.85486429788, 75, -1.0
29902.068397287054, 177, -1.0
29902.69482529972, 123, -1.0
29903.91857254182, 99, -1.0
29903.947338076698, 43, -1.0
29905.50988118112, 43, 1.0
29905.530687177208, 177, 1.0
29908.122811992183, 59, -1.0
29908.3759251265, 41, 1.0
29913.26951260132, 98, -1.0
29915.230807673663, 164, 1.0
29915.75770202427, 173, -1.0
29917.297826488124, 153, -1.0
29917.772439718072, 74, -1.0
29919.7874177834, 110, -1.0
29922.29701541178, 92, -1.0
29923.205293470088, 169, 1.0
29928.094794633696, 46, -1.0
29929.152209821485, 163, -1.0
29930.464410731474, 117, -1.0
29934.76413409154, 119, -1.0
29935.2644243995, 87, -1.0
29935.66197168551, 53, -1.0
29936.685114210777, 101, 1.0
29937.105774806067, 65, -1.0
29939.339971801823, 177, -1.0
29940.534840771426, 133, 1.0
29940.96955632405, 119, -1.0
29942.700336197864, 234, 1.0
29942.975352058493, 103, 1.0
29946.905608917794, 163, -1.0
29950.072417087777, 90, -1.0
29953.354023437852, 34, -1.0
29954.84361715134, 114, 1.0
29956.981323936154, 74, 1.0
29959.474379717398, 147, 1.0
29963.014840183598, 114, -1.0
29963.362157736847, 33, -1.0
29968.329487635463, 75, 1.0
29969.43251598562, 118, -1.0
29979.819267054485, 141, 1.0
29983.52978188452, 146, -1.0
29984.983794353895, 116, -1.0
29987.165578465858, 92, -1.0
29987.78866218543, 31, 1.0
29988.768039644732, 114, -1.0
29990.761325878855, 161, -1.0
29991.173018203226, 152, 1.0
29991.68639076682, 103, 1.0
29991.82735421992, 63, 1.0
29998.541639989995, 44, -1.0
29999.030665885035, 169, -1.0
30000.719775828547, 111, -1.0
30003.99577883725, 146, -1.0
30004.43968130873, 75, 1.0
30006.10428002497, 152, -1.0
30007.4854751215, 177, -1.0
30007.95656840408, 114, -1.0
30009.8553786068, 76, 1.0
30011.26595087472, 34, 1.0
30014.850242768578, 101, 1.0
30016.500543993592, 61, 1.0
30017.6734285102, 34, 1.0
30027.142402608595, 141, 1.0
30029.834757397282, 114, -1.0
30032.372003169887, 39, -1.0
30033.412334349523, 99, 1.0
30036.653244287714, 59, 1.0
30036.65808035363, 34, -1.0
30038.17157332574, 119, -1.0
30041.191949089804, 152, -1.0
30042.630283976214, 101, 1.0
30044.2009659802, 182, 1.0
30045.306606975424, 37, -1.0
30047.115088165305, 102, 1.0
30047.81974881517, 103, -1.0
30049.187172727583, 40, 1.0
30049.668082724347, 35, -1.0
30051.46821897585, 62, -1.0
30052.19545975923, 65, 1.0
30054.602065161744, 108, -1.0
30055.065872045947, 154, 1.0
30056.82043479763, 105, -1.0
30056.866336335705, 68, -1.0
30058.826724186023, 163, 1.0
30060.84067339395, 36, 1.0
30062.821715727365, 61, -1.0
30064.811842934654, 126, -1.0
30064.981740210176, 100, -1.0
30066.226425361416, 41, 1.0
30066.795769006938, 60, -1.0
30067.06206380589, 154, -1.0
30069.97375178879, 87, 1.0
30071.226966683356, 58, -1.0
30074.369921845813, 241, 1.0
30076.883583907937, 68, -1.0
30079.36031283337, 64, 1.0
30086.75818318891, 142, 1.0
30087.01120609781, 26, -1.0
30087.325412465296, 133, -1.0
30092.404518468877, 126, -1.0
30092.66240718262, 126, 1.0
30094.829032502766, 152, -1.0
30096.99857091386, 71, -1.0
30102.234653567437, 106, -1.0
30102.88880021734, 58, -1.0
30104.04941220798, 148, -1.0
30104.989196502527, 97, -1.0
30106.487787709073, 112, -1.0
30110.504683190222, 28, -1.0
30110.93644710094, 146, -1.0
30113.017426744995, 94, -1.0
30114.307009099583, 163, 1.0
30116.831228871055, 165, 1.0
30118.5158675824, 73, -1.0
30121.486111685317, 48, 1.0
30122.11095391776, 33, -1.0
30130.19622863594, 91, -1.0
30136.038318496227, 141, 1.0
30136.93929276413, 44, -1.0
30147.7665453896, 33, -1.0
30148.068322060702, 130, -1.0
30150.067347672117, 59, -1.0
30153.92696398849, 75, 1.0
30158.17846702, 165, 1.0
30158.838394869337, 34, -1.0
30160.411482571617, 123, -1.0
30161.877987487813, 44, -1.0
30162.970416542037, 164, -1.0
30163.488010328223, 119, -1.0
30163.89450447284, 68, -1.0
30164.022785834528, 48, -1.0
30166.518899547737, 35, -1.0
30168.065105386453, 41, -1.0
30168.17281388271, 103, 1.0
30170.838257434407, 59, -1.0
30171.077897003004, 95, -1.0
30172.733519434816, 153, 1.0
30176.866715846932, 101, 1.0
30177.51770482603, 142, -1.0
30178.207850473183, 27, -1.0
30181.45576694485, 198, 1.0
30182.75652580523, 73, 1.0
30182.778894373598, 50, -1.0
30182.816669829703, 75, -1.0
30183.60686932084, 165, 1.0
30187.71096347062, 161, 1.0
30194.322514102743, 123, -1.0
30196.573623175816, 75, 1.0
30197.858029756673, 26, -1.0
30201.20906561436, 137, 1.0
30201.33745773489, 75, 1.0
30201.841697214768, 163, 1.0
30201.861387470744, 40, -1.0
30202.74437222232, 34, 1.0
30203.55844629851, 84, -1.0
30206.19659155639, 34, -1.0
30207.823574512116, 114, 1.0
30212.520853256177, 73, 1.0
30213.018523178365, 141, 1.0
30214.004088317906, 126, -1.0
30218.648300799792, 118, -1.0
30219.21629610782, 51, -1.0
30219.827439211294, 28, -1.0
30220.459927938722, 155, -1.0
30225.945662483988, 103, -1.0
30227.06956324017, 126, 1.0
30227.42717205409, 198, -1.0
30228.643254307965, 58, -1.0
30229.813248544124, 101, -1.0
30237.85256774241, 71, 1.0
30238.999294628953, 36, -1.0
30240.42335948148, 45, -1.0
30243.192035556618, 98, -1.0
30245.360023001642, 70, 1.0
30245.57642850693, 165, -1.0
30246.332732621533, 35, -1.0
30249.156980977823, 67, 1.0
30250.960420435982, 27, -1.0
30251.42176013025, 100, -1.0
30251.612048419, 75, 1.0
30252.673488401964, 233, -1.0
30256.254949494392, 75, -1.0
30257.147103952386, 59, -1.0
30257.706315885815, 87, 1.0
30259.10698433724, 33, -1.0
30259.250550174405, 67, 1.0
30264.21544025664, 104, 1.0
30268.409539002343, 123, -1.0
30269.41455600555, 35, -1.0
30276.82878388521, 34, -1.0
30279.23414460408, 28, 1.0
30279.301219404344, 114, -1.0
30280.649277787375, 98, 1.0
30282.301525094346, 59, -1.0
30283.135226099705, 40, 1.0
30287.019012451823, 50, 1.0
30287.38784856966, 40, -1.0
30296.666634285317, 103, 1.0
30301.506154200884, 235, 1.0
30301.5384703276, 108, -1.0
30305.943308243437, 67, 1.0
30309.28291206574, 40, -1.0
30309.399942727287, 163, 1.0
30312.036775544497, 101, 1.0
30312.38242740815, 105, 1.0
30312.909230070305, 81, -1.0
30313.122198903868, 44, -1.0
30313.849838002956, 123, 1.0
30315.395796986926, 153, -1.0
30316.6631717231, 167, -1.0
30317.859587015126, 133, -1.0
30320.078241691284, 50, -1.0
30322.5422617865, 51, 1.0
30324.641525873034, 68, 1.0
30325.172058319138, 148, -1.0
30326.36230287714, 58, -1.0
30326.961283756315, 160, -1.0
30331.043886757536, 105, 1.0
30334.25390332144, 142, -1.0
30334.890965140145, 41, 1.0
30338.67450126384, 164, 1.0
30338.96465907422, 72, -1.0
30339.09577156406, 67, 1.0
30343.375354005057, 188, -1.0
30346.350297765788, 126, 1.0
30347.997571323052, 146, -1.0
30348.884265828718, 139, -1.0
30349.97288443937, 106, -1.0
30350.36086105548, 164, 1.0
30350.684189957126, 117, -1.0
30351.441683306602, 141, 1.0
30352.71368172952, 35, -1.0
30353.709889209356, 64, 1.0
30355.190158687583, 59, -1.0
30357.375925683835, 148, 1.0
30359.46154854576, 71, 1.0
30359.631919194762, 52, -1.0
30361.185537511694, 123, -1.0
30362.40641597163, 162, -1.0
30364.477301760926, 123, -1.0
30367.52066467254, 65, 1.0
30368.65422318337, 35, -1.0
30368.879006794847, 44, -1.0
30369.20514549962, 181, -1.0
30369.52470175186, 148, -1.0
30370.491335806117, 67, 1.0
30372.31504159079, 72, -1.0
30376.268560074033, 133, -1.0
30377.42537513819, 222, 1.0
30378.512178451994, 66, 1.0
30381.60356187995, 111, -1.0
30381.951834728938, 153, 1.0
30383.395501925846, 114, 1.0
30385.275482096506, 28, 1.0
30386.842142950278, 60, -1.0
30387.217624347428, 153, 1.0
30389.6141917434, 161, 1.0
30391.28236859873, 133, -1.0
30394.769791680043, 126, -1.0
30395.14919793504, 149, 1.0
30397.89365383626, 234, 1.0
30398.355254832204, 169, -1.0
30406.543188477706, 34, -1.0
30412.332181017366, 69, -1.0
30413.797415484813, 58, -1.0
30417.444991592547, 130, 1.0
30418.347930095726, 146, -1.0
30422.86634597009, 75, 1.0
30423.909475229953, 68, 1.0
30424.424305210356, 163, 1.0
30424.960084328068, 161, 1.0
30428.621930267145, 222, -1.0
30429.843390565926, 142, 1.0
30430.620549186133, 36, 1.0
30431.55456673983, 99, -1.0
30432.14546244583, 50, 1.0
30432.66132319905, 26, -1.0
30437.709323254858, 159, 1.0
30438.61053065487, 58, 1.0
30439.172521936936, 114, 1.0
30440.926848423704, 103, 1.0
30443.379701105507, 169, 1.0
30446.765535846767, 165, -1.0
30446.893339627568, 114, -1.0
30447.759655356178, 169, 1.0
30449.530481720285, 65, 1.0
30449.809905322312, 103, 1.0
30450.18101330918, 83, -1.0
30453.803681868183, 123, -1.0
30454.04095330982, 114, -1.0
30456.191244828336, 105, 1.0
30458.245723590968, 27, -1.0
30465.911739302996, 59, -1.0
30466.218594644444, 71, -1.0
30466.97039017526, 152, 1.0
30467.203059076306, 117, -1.0
30467.38757424323, 114, 1.0
30473.59542717152, 169, 1.0
30474.86352942999, 37, -1.0
30475.023546681867, 67, -1.0
30475.34884459066, 36, -1.0
30478.592456412985, 103, 1.0
30480.87694010069, 48, 1.0
30482.88465184954, 83, -1.0
30483.266134984875, 35, -1.0
30484.543087584203, 207, -1.0
30485.845975879678, 71, 1.0
30486.173266418667, 60, -1.0
30488.399784621215, 39, -1.0
30492.217165112226, 34, 1.0
30495.034120561148, 105, 1.0
30496.76729676798, 126, 1.0
30497.5594525425, 158, -1.0
30498.946226744123, 45, -1.0
30498.95983891474, 163, -1.0
30500.26702803097, 87, -1.0
30501.4198286067, 74, -1.0
30502.033756374633, 67, 1.0
30502.321316122056, 71, -1.0
30503.31180124751, 87, -1.0
30504.298237360174, 177, -1.0
30505.325521274008, 177, -1.0
30508.69068577668, 92, -1.0
30509.71870712179, 36, 1.0
30510.47118262367, 87, -1.0
30511.18207221671, 169, -1.0
30512.995361350433, 94, 1.0
30513.13185068937, 75, -1.0
30513.7747467955, 67, 1.0
30514.182593798923, 84, -1.0
30524.700154840804, 67, 1.0
30527.456370154203, 107, -1.0
30529.07668728651, 112, -1.0
30535.287855948507, 198, -1.0
30536.30482972497, 161, 1.0
30538.448806271095, 40, 1.0
30539.05936838872, 52, 1.0
30539.329578777888, 119, -1.0
30539.469221683856, 141, 1.0
30541.15662136332, 100, -1.0
30547.556541429152, 41, -1.0
30548.68517248785, 88, -1.0
30548.926661911453, 95, -1.0
30549.672820464057, 85, -1.0
30555.696100646004, 152, 1.0
30558.62100778751, 100, -1.0
30559.996215857205, 150, -1.0
30562.04172731431, 40, 1.0
30563.267189216796, 58, -1.0
30563.77792525125, 146, 1.0
30569.074111442027, 160, -1.0
30569.54648229866, 173, -1.0
30571.79755259849, 59, 1.0
30573.15450234954, 59, -1.0
30576.189137654528, 43, 1.0
30579.47098392726, 75, 1.0
30581.21832012469, 166, -1.0
30582.361566559037, 74, 1.0
30583.162526037897, 114, -1.0
30583.486264728268, 142, -1.0
30583.72858425685, 87, -1.0
30583.823287013813, 58, -1.0
30584.9423417026, 52, 1.0
30585.132304569517, 146, 1.0
30585.305887749448, 173, -1.0
30585.807270553425, 114, -1.0
30590.44569826074, 48, -1.0
30590.98523080032, 44, -1.0
30597.820027129856, 146, -1.0
30598.85374745256, 45, 1.0
30600.010247743274, 164, -1.0
30602.311509431845, 233, 1.0
30602.491189146254, 41, 1.0
30604.488759669588, 170, 1.0
30605.370496646698, 64, -1.0
30609.481679483964, 103, 1.0
30612.112095965138, 151, 1.0
30612.311675160632, 102, 1.0
30612.756225944016, 103, -1.0
30614.014527623698, 181, -1.0
30614.56152554234, 75, 1.0
30621.796625979194, 162, 1.0
30622.0788886278, 142, -1.0
30622.124707000698, 166, -1.0
30623.89296207828, 67, 1.0
30625.16127702455, 148, -1.0
30625.29554852155, 163, 1.0
30625.524199440602, 87, 1.0
30625.658220819398, 97, -1.0
30625.681318530522, 162, -1.0
30625.93085836701, 146, 1.0
30629.012922625814, 116, 1.0
30629.709278921455, 139, -1.0
30631.661517644246, 41, 1.0
30632.37069979152, 84, -1.0
30635.56590593766, 98, -1.0
30639.13991213802, 177, -1.0
30642.803656953736, 129, -1.0
30644.636999004193, 58, -1.0
30647.408587133916, 141, 1.0
30649.077587862143, 40, 1.0
30651.961199905207, 182, 1.0
30653.35737170695, 35, 1.0
30655.1372179764, 75, 1.0
30655.774246642708, 76, 1.0
30659.13125222875, 34, -1.0
30659.323662390212, 27, -1.0
30659.511312717754, 70, 1.0
30663.25415666933, 169, 1.0
30666.342200625746, 154, 1.0
30666.89076700899, 142, -1.0
30667.173347772714, 123, -1.0
30667.275458232038, 142, -1.0
30671.93429948416, 105, -1.0
30676.72564829484, 83, -1.0
30680.23669109886, 90, -1.0
30680.32267073297, 32, -1.0
30685.259254171844, 35, 1.0
30685.6993596518, 97, 1.0
30688.207244333917, 75, 1.0
30688.508855599226, 35, -1.0
30690.713574285743, 41, 1.0
30691.725285193963, 154, 1.0
30692.79730369663, 59, -1.0
30693.63636463357, 235, 1.0
30695.212294888053, 163, -1.0
30701.043003180697, 86, -1.0
30703.402864270494, 26, -1.0
30703.82953308026, 119, -1.0
30704.68360137074, 116, -1.0
30707.54380184896, 72, -1.0
30707.841669401834, 40, 1.0
30709.79887099582, 137, 1.0
30715.670732963055, 142, 1.0
30716.395647356116, 114, -1.0
30717.90379827872, 128, -1.0
30718.17461377554, 101, -1.0
30720.40957884084, 119, -1.0
30720.917524922712, 65, 1.0
30721.477985649366, 103, 1.0
30723.721115924687, 80, 1.0
30725.306104773845, 146, -1.0
30726.324269894685, 89, 1.0
30727.278282790743, 101, 1.0
30728.468265349136, 62, -1.0
30730.728825441667, 34, -1.0
30731.744545246405, 165, 1.0
30736.76794043114, 163, -1.0
30738.34292892205, 67, -1.0
30744.653037819702, 53, 1.0
30745.1223558065, 98, 1.0
30745.937617546522, 54, -1.0
30746.918414105334, 234, -1.0
30747.232625012493, 124, 1.0
30748.492004914573, 70, 1.0
30752.437612148402, 142, 1.0
30760.200100664173, 64, 1.0
30762.736095485103, 117, -1.0
30765.000592751017, 71, 1.0
30767.238865881838, 142, -1.0
30768.165603787842, 116, 1.0
30769.2503462416, 83, 1.0
30777.65381636206, 35, -1.0
30783.118388841216, 81, 1.0
30784.209128732997, 142, -1.0
30791.388572920012, 133, 1.0
30791.700206644393, 67, 1.0
30793.716935945027, 101, -1.0
30795.530182418726, 235, -1.0
30797.489484339454, 70, -1.0
30801.5414498799, 87, -1.0
30805.013582652664, 90, -1.0
30805.029931265723, 81, 1.0
30806.032957734194, 48, 1.0
30808.04095196722, 36, 1.0
30808.675592214688, 75, 1.0
30809.48313837383, 35, -1.0
30812.16028717123, 90, -1.0
30817.665026570256, 100, -1.0
30821.44246202214, 160, -1.0
30821.63377904501, 43, -1.0
30822.40470529475, 67, -1.0
30824.68921855367, 158, -1.0
30826.226230237553, 161, -1.0
30831.571253973692, 101, -1.0
30832.874874962865, 59, -1.0
30835.393501181312, 32, -1.0
30836.42338168584, 198, -1.0
30837.094470733435, 114, -1.0
30837.92071359115, 59, -1.0
30840.028660870554, 116, 1.0
30841.037031983564, 163, 1.0
30843.685304335464, 113, -1.0
30844.7456093265, 114, -1.0
30848.410433256315, 80, -1.0
30851.225538357816, 153, -1.0
30852.96360753779, 67, 1.0
30853.963601062278, 142, 1.0
30859.054976781106, 74, 1.0
30859.661700887464, 160, -1.0
30861.524916206432, 67, 1.0
30862.6072744336, 65, 1.0
30863.12262516771, 193, -1.0
30863.449633672906, 87, 1.0
30863.629898280502, 146, -1.0
30865.185249005655, 35, -1.0
30867.93907080109, 43, -1.0
30874.293066546725, 94, -1.0
30874.312906551702, 28, -1.0
30874.36691365175, 152, -1.0
30874.92464674678, 72, 1.0
30876.4029781709, 39, -1.0
30880.269174723773, 40, -1.0
30882.066722065952, 105, -1.0
30882.502227708123, 71, 1.0
30882.978115002654, 182, 1.0
30883.24071105953, 33, -1.0
30887.18660753929, 28, -1.0
30887.8672595475, 40, 1.0
30888.540090021277, 105, -1.0
30892.242776732437, 53, -1.0
30893.20938578338, 48, -1.0
30895.867392507866, 126, -1.0
30896.36481489143, 198, 1.0
30896.382152032962, 36, 1.0
30898.269628763977, 154, 1.0
30898.767356999993, 158, -1.0
30900.194484943113, 119, -1.0
30901.55491651809, 59, -1.0
30902.206220041884, 188, 1.0
30905.508794855956, 148, -1.0
30908.672547843915, 34, 1.0
30908.726810933265, 104, 1.0
30913.750824156104, 164, -1.0
30914.913315550122, 105, 1.0
30914.932255767835, 113, -1.0
30915.323526771746, 58, -1.0
30915.653658932577, 120, -1.0
30921.54343485359, 81, -1.0
30921.92394598726, 103, 1.0
30922.633439775116, 76, -1.0
30926.87375704274, 105, -1.0
30928.482250343906, 40, 1.0
30930.31326890275, 146, -1.0
30931.844273489547, 106, 1.0
30936.059478149597, 116, -1.0
30939.123956865387, 101, -1.0
30941.190401027357, 59, -1.0
30941.2144539163, 148, -1.0
30942.731033151395, 233, 1.0
30944.996976403083, 95, -1.0
30946.69875824015, 233, 1.0
30947.086683893536, 111, 1.0
30948.9062736561, 26, -1.0
30948.916376562713, 35, -1.0
30949.300327466255, 92, -1.0
30949.75812806221, 167, -1.0
30951.792700652084, 36, -1.0
30952.09346423401, 53, 1.0
30957.832275140456, 74, -1.0
30957.99781945417, 164, 1.0
30959.703124810945, 83, -1.0
30960.25525618666, 96, 1.0
30961.191538085128, 142, 1.0
30962.57995278994, 187, -1.0
30964.799477614728, 235, -1.0
30965.98196101864, 163, 1.0
30971.622042226547, 235, 1.0
30972.74246485157, 113, -1.0
30972.895743180026, 108, -1.0
30973.749499853657, 59, -1.0
30973.822531045775, 114, -1.0
30976.284523591337, 103, -1.0
30977.29843014075, 64, 1.0
30977.74141060647, 117, -1.0
30978.05807349473, 32, -1.0
30979.893142529952, 67, 1.0
30979.98918970414, 73, -1.0
30982.50441733462, 105, 1.0
30984.94723419241, 99, 1.0
30985.33722496735, 235, 1.0
30992.20419886577, 162, -1.0
30996.154171270504, 146, 1.0
30996.243653355214, 104, -1.0
30998.710818423104, 26, -1.0
30998.881570304686, 119, 1.0
30999.283882335785, 130, -1.0
30999.789331670865, 167, -1.0
31000.203938382278, 101, -1.0
31001.741333824997, 51, 1.0
31002.424042429575, 58, -1.0
31002.839996625953, 105, 1.0
31004.810072683005, 75, 1.0
31007.634863229036, 119, -1.0
31008.837185256307, 48, -1.0
31010.74370748589, 35, 1.0
31010.88428265952, 33, 1.0
31012.44492373866, 69, -1.0
31013.890071155172, 163, 1.0
31014.4535657817, 114, -1.0
31015.97258177, 96, 1.0
31017.713416415565, 75, 1.0
31018.749192287967, 163, -1.0
31018.868153200936, 73, 1.0
31019.475337423522, 74, -1.0
31023.542284113115, 54, -1.0
31025.40482537011, 114, -1.0
31025.84665140783, 44, -1.0
31025.853752575695, 87, -1.0
31030.162186546437, 60, -1.0
31030.306987335407, 35, -1.0
31035.655875553508, 39, -1.0
31038.093967814806, 31, -1.0
31046.819050934948, 75, 1.0
31059.012678497897, 34, -1.0
31059.046220956414, 158, -1.0
31059.051905496257, 84, 1.0
31061.241535308367, 68, 1.0
31061.50620748611, 67, 1.0
31065.722562427203, 162, -1.0
31067.42589703276, 234, 1.0
31067.946867135022, 67, 1.0
31068.44309542613, 165, 1.0
31068.654177035634, 40, -1.0
31072.462634817162, 167, 1.0
31075.067911792274, 151, 1.0
31075.47328679833, 39, -1.0
31076.239851943363, 152, 1.0
31078.60415926663, 70, -1.0
31078.911657059547, 98, 1.0
31086.84370130547, 234, 1.0
31093.08446845129, 45, 1.0
31095.081530421478, 139, -1.0
31095.444248815977, 64, 1.0
31098.461133465888, 81, -1.0
31101.839593217017, 228, -1.0
31102.754055064124, 182, 1.0
31103.330825717043, 159, 1.0
31106.317795951196, 158, -1.0
31109.03188031283, 52, -1.0
31112.519908803653, 89, 1.0
31112.931028786537, 169, 1.0
31113.68879078787, 161, -1.0
31115.11130147493, 163, -1.0
31115.35120005057, 103, 1.0
31115.81501052207, 146, 1.0
31116.332140553386, 177, -1.0
31116.802186198216, 55, 1.0
31118.62416620086, 149, -1.0
31118.741313409024, 123, -1.0
31119.35600146596, 141, 1.0
31124.568308685662, 43, 1.0
31124.727606798795, 146, -1.0
31125.004588698594, 61, 1.0
31125.730099453987, 40, 1.0
31125.811074282796, 141, 1.0
31128.68537136996, 152, -1.0
31129.30019407912, 129, -1.0
31131.736136844705, 71, -1.0
31144.334074927658, 28, -1.0
31144.783054632066, 106, 1.0
31144.955635112874, 63, -1.0
31147.459206177635, 83, 1.0
31147.56890347375, 105, -1.0
31147.67608551331, 59, -1.0
31157.143380306756, 116, 1.0
31163.746885879442, 207, 1.0
31164.315795287246, 40, 1.0
31166.472027677504, 53, -1.0
31170.577307937183, 146, -1.0
31171.20289547637, 114, -1.0
31172.55929254453, 76, -1.0
31175.69589117064, 100, -1.0
31175.703323049223, 116, -1.0
31178.022570105662, 114, -1.0
31185.00894541934, 68, -1.0
31189.910351153187, 119, 1.0
31193.416610567834, 109, 1.0
31193.8182906184, 71, -1.0
31195.455830514096, 158, 1.0
31197.461060781203, 235, -1.0
31198.515527095406, 28, -1.0
31199.107928454607, 159, -1.0
31199.742823334578, 87, 1.0
31201.643021498243, 141, -1.0
31204.971384387423, 27, -1.0
31206.64897573806, 101, -1.0
31207.0272445715, 161, 1.0
31207.92018000072, 104, -1.0
31208.67927138272, 154, 1.0
31210.074878451713, 142, 1.0
31210.090711275727, 95, -1.0
31211.70987513229, 141, 1.0
31215.717024922495, 130, -1.0
31215.897013991987, 142, 1.0
31216.115119867063, 73, 1.0
31218.77590194794, 71, 1.0
31219.91087002021, 75, -1.0
31222.74381866622, 167, -1.0
31227.646840090954, 64, 1.0
31227.715595051748, 109, 1.0
31229.796564017757, 103, 1.0
31230.258329770513, 142, -1.0
31230.576396106288, 141, 1.0
31233.433269519097, 35, 1.0
31233.816360854194, 43, -1.0
31239.3195029775, 106, -1.0
31239.439618269706, 59, 1.0
31240.319933791547, 35, 1.0
31245.311760426357, 42, -1.0
31246.054191277566, 166, -1.0
31247.243824529367, 105, -1.0
31248.08424033087, 84, -1.0
31258.814048820193, 95, -1.0
31261.911700255983, 45, 1.0
31262.61336807348, 70, 1.0
31262.910698411575, 116, 1.0
31266.652110554955, 152, 1.0
31267.480222301743, 193, -1.0
31267.874851375367, 160, -1.0
31269.12768155344, 53, 1.0
31270.31894586304, 114, 1.0
31273.398336141254, 114, -1.0
31274.51337334479, 59, -1.0
31278.90691273232, 91, -1.0
31279.396639188417, 28, -1.0
31280.41993767085, 222, -1.0
31282.965965251347, 81, -1.0
31283.726811556502, 148, -1.0
31286.11072679376, 98, -1.0
31293.677408137766, 40, 1.0
31296.26973999533, 58, -1.0
31297.01233768455, 95, -1.0
31298.0958653209, 142, -1.0
31299.659768402787, 193, -1.0
31300.970863561917, 169, -1.0
31302.88709549733, 165, 1.0
31310.18175130284, 106, 1.0
31310.926584131004, 44, -1.0
31311.41029870236, 123, -1.0
31313.803263513335, 110, -1.0
31318.242411175226, 50, 1.0
31320.924117953193, 34, -1.0
31321.584060145848, 95, -1.0
31322.137356230298, 72, -1.0
31323.065521766144, 53, -1.0
31323.69103007595, 119, -1.0
31325.8453195644, 126, 1.0
31326.177998116393, 80, -1.0
31326.860223842094, 35, -1.0
31327.076734781043, 53, -1.0
31327.99319575693, 43, 1.0
31329.588078951016, 53, 1.0
31330.47443177222, 62, -1.0
31331.164235446635, 74, -1.0
31331.879210345123, 75, 1.0
31334.110069625112, 67, 1.0
31335.892516040723, 65, -1.0
31339.99684492922, 91, -1.0
31344.551084433402, 113, -1.0
31351.553729997682, 87, -1.0
31351.88818687908, 62, 1.0
31353.963155880454, 103, 1.0
31354.93985555601, 149, 1.0
31358.207932622383, 234, 1.0
31358.745420651656, 154, -1.0
31360.29083208817, 173, -1.0
31360.36913664822, 74, -1.0
31360.664808868627, 114, -1.0
31361.307160343113, 98, 1.0
31364.90569240683, 59, -1.0
31365.353886202356, 48, -1.0
31365.357522345483, 202, 1.0
31365.807727874522, 35, -1.0
31365.970432335926, 62, -1.0
31366.2270960675, 146, -1.0
31366.272697714314, 35, -1.0
31366.85154024857, 105, 1.0
31368.444722522232, 74, 1.0
31368.655930535104, 35, -1.0
31369.974195121526, 103, 1.0
31372.484046881353, 157, -1.0
31373.554297970382, 109, 1.0
31377.284262914567, 99, -1.0
31377.920582631185, 109, -1.0
31378.015823865488, 101, 1.0
31379.272835301163, 35, -1.0
31379.802292906086, 163, -1.0
31382.14391171735, 142, 1.0
31382.54264646466, 101, 1.0
31384.97709558686, 126, 1.0
31387.060422485778, 83, 1.0
31388.093961885847, 27, 1.0
31389.909215202555, 137, 1.0
31390.690379432224, 148, -1.0
31390.692874172742, 75, 1.0
31392.398756871007, 165, 1.0
31393.85534358345, 152, -1.0
31397.60769572591, 83, 1.0
31399.4547876014, 116, 1.0
31405.50233608245, 94, -1.0
31407.75613507415, 142, -1.0
31409.688106982016, 162, -1.0
31412.870185111446, 44, -1.0
31412.95635343375, 81, -1.0
31417.95330957669, 119, -1.0
31419.795557799065, 75, 1.0
31420.490047664476, 100, -1.0
31425.640650295696, 163, -1.0
31425.9995968395, 163, -1.0
31426.150889337772, 72, 1.0
31426.421979522907, 163, -1.0
31427.6144294695, 88, -1.0
31428.2326280705, 123, -1.0
31430.512723564523, 88, -1.0
31431.243974781788, 102, -1.0
31432.127492070736, 119, -1.0
31433.783943371895, 64, 1.0
31434.182159398828, 228, 1.0
31437.795160159752, 103, 1.0
31439.14810866984, 67, -1.0
31443.99401153401, 101, 1.0
31444.876290656677, 153, -1.0
31446.049370670986, 41, 1.0
31450.31191918786, 109, 1.0
31455.183430667697, 81, -1.0
31455.318722761498, 73, -1.0
31456.422634616058, 74, 1.0
31459.035277481522, 133, 1.0
31460.25622259995, 163, 1.0
31460.56340044164, 74, 1.0
31461.22124419649, 75, 1.0
31462.111792706062, 155, 1.0
31464.355527822765, 154, 1.0
31465.222121522893, 103, 1.0
31465.964958858167, 33, 1.0
31470.136367267172, 100, -1.0
31470.92670781993, 67, 1.0
31471.661437805986, 51, -1.0
31477.689190353212, 113, -1.0
31477.903454176936, 64, 1.0
31484.57582537356, 180, -1.0
31489.541746830513, 235, 1.0
31492.740448231518, 75, 1.0
31493.276106573325, 142, 1.0
31496.52319603788, 222, 1.0
31502.201114039697, 152, 1.0
31502.60679026881, 164, -1.0
31502.676610543615, 65, 1.0
31503.056495570876, 154, 1.0
31504.86314475622, 61, -1.0
31506.206694798704, 152, -1.0
31507.552944450275, 157, -1.0
31508.875227897584, 67, 1.0
31509.26123716667, 101, 1.0
31510.35300773472, 36, -1.0
31511.237106343637, 159, -1.0
31513.69959672135, 116, -1.0
31514.79382764746, 105, 1.0
31517.4273536932, 114, 1.0
31519.402187451247, 103, -1.0
31519.69479228865, 105, 1.0
31521.11334794221, 32, -1.0
31524.063736822667, 41, -1.0
31528.653883028932, 69, -1.0
31532.773575676118, 75, 1.0
31533.48538494337, 52, 1.0
31536.511933984373, 67, 1.0
31538.68360542866, 169, -1.0
31543.77470789023, 163, 1.0
31547.065353185204, 105, 1.0
31549.16668879756, 59, -1.0
31549.606733423017, 163, -1.0
31550.395572428784, 72, -1.0
31553.819456700716, 142, -1.0
31556.508173427064, 126, 1.0
31559.01834326011, 58, -1.0
31559.48791894008, 99, 1.0
31559.70357158564, 39, -1.0
31560.05501058341, 40, 1.0
31562.665944814275, 35, -1.0
31570.77325475529, 101, -1.0
31573.984885992868, 126, 1.0
31574.89677548824, 106, -1.0
31580.22699863919, 96, 1.0
31583.934465627313, 58, -1.0
31583.93657499955, 114, -1.0
31584.48608357308, 39, -1.0
31585.343734377642, 96, -1.0
31585.375468448103, 31, -1.0
31585.861020365308, 113, -1.0
31587.35041181499, 68, -1.0
31588.348455674706, 75, 1.0
31588.47121058181, 108, -1.0
31592.692511067657, 108, -1.0
31593.97252271998, 133, 1.0
31596.16442492128, 87, -1.0
31597.400154940784, 51, -1.0
31599.940186638087, 160, 1.0
31603.175453617227, 71, 1.0
31609.18752416424, 169, -1.0
31610.62262548666, 53, -1.0
31611.817238501168, 133, -1.0
31613.047417873066, 164, 1.0
31614.098606904194, 105, -1.0
31614.60266939975, 146, -1.0
31616.30793709202, 158, 1.0
31617.959106390255, 181, -1.0
31619.09648477444, 162, -1.0
31623.216874563204, 187, -1.0
31625.276630511056, 153, 1.0
31625.744462189592, 111, -1.0
31629.021719277516, 87, -1.0
31629.21552911654, 40, 1.0
31632.02295785837, 124, -1.0
31633.872347260545, 48, -1.0
31639.005673228552, 35, 1.0
31644.13101711221, 119, 1.0
31645.604856684746, 233, -1.0
31648.429976033032, 75, 1.0
31650.407414502173, 162, -1.0
31655.393796821012, 104, -1.0
31657.50486349631, 182, -1.0
31658.237882972826, 75, 1.0
31661.121771725644, 87, -1.0
31661.568923693234, 148, -1.0
31669.413989124365, 177, 1.0
31670.489503965793, 148, -1.0
31676.5717812694, 173, -1.0
31677.268932535233, 97, -1.0
31677.5317566258, 148, -1.0
31680.126541711204, 126, -1.0
31681.127968173845, 107, -1.0
31686.63188704488, 86, -1.0
31686.806625453843, 159, -1.0
31688.019600029835, 75, 1.0
31690.707714218872, 152, 1.0
31691.19841136497, 169, 1.0
31692.34898720919, 73, -1.0
31693.626750053423, 80, 1.0
31694.612142440426, 157, -1.0
31696.13996344967, 141, 1.0
31697.75206799041, 68, 1.0
31698.764155653203, 114, 1.0
31699.79415880722, 222, -1.0
31699.914392628496, 45, 1.0
31701.836495615527, 126, 1.0
31704.31152534067, 235, -1.0
31704.929120208137, 167, -1.0
31706.365957179376, 146, -1.0
31706.90007179706, 68, 1.0
31708.456538464547, 163, -1.0
31711.770516561795, 109, 1.0
31712.10666183394, 106, -1.0
31714.77716391924, 120, -1.0
31717.57970025629, 40, 1.0
31717.690426673915, 71, -1.0
31718.35422255823, 100, -1.0
31723.907514468552, 50, 1.0
31727.907714161396, 234, 1.0
31728.054205068715, 103, 1.0
31728.44113330199, 52, 1.0
31732.98532053589, 161, -1.0
31734.129941349198, 153, -1.0
31735.331923550726, 133, -1.0
31738.155493614977, 95, 1.0
31740.38773984716, 65, -1.0
31741.352152740918, 173, -1.0
31741.789632850225, 40, -1.0
31743.06773446174, 59, 1.0
31745.079936003847, 61, -1.0
31745.1362324598, 84, -1.0
31745.928573059136, 83, -1.0
31746.254530303813, 54, -1.0
31746.82555261934, 58, -1.0
31747.6373709547, 177, -1.0
31747.961726461945, 234, -1.0
31748.69615767397, 142, 1.0
31751.193751258965, 45, 1.0
31751.27151579385, 87, -1.0
31752.012393031935, 87, -1.0
31756.606063860214, 27, -1.0
31758.002997470045, 98, -1.0
31760.55484387146, 34, -1.0
31760.705030753306, 28, 1.0
31761.14899991994, 99, -1.0
31764.87039093302, 50, 1.0
31764.87122645947, 173, -1.0
31765.247245255287, 193, 1.0
31765.524818741742, 62, -1.0
31766.8577363015, 137, -1.0
31767.139595425204, 119, -1.0
31768.578023859704, 118, -1.0
31768.606677465716, 59, -1.0
31769.292909059943, 75, 1.0
31769.36241896188, 64, 1.0
31771.42097684647, 198, -1.0
31771.838913773936, 148, -1.0
31773.343614532292, 119, 1.0
31776.386904541072, 98, -1.0
31777.830748939603, 67, -1.0
31783.468027992058, 33, -1.0
31784.161495746925, 34, -1.0
31784.285879559713, 159, -1.0
31784.30261018683, 159, -1.0
31784.55211835457, 46, -1.0
31784.97538169285, 148, -1.0
31785.56125055689, 159, 1.0
31788.43629372306, 234, 1.0
31799.42773756894, 141, 1.0
31802.62998165131, 120, -1.0
31802.857564513182, 97, -1.0
31805.20334023255, 159, -1.0
31809.101808918727, 40, 1.0
31809.782069933077, 83, -1.0
31810.993413300752, 87, -1.0
31811.785127755233, 163, -1.0
31815.381318227868, 114, 1.0
31815.44528885693, 108, -1.0
31815.634427852314, 163, -1.0
31817.207618439636, 108, -1.0
31817.955499552558, 177, -1.0
31819.994151196766, 35, 1.0
31824.88416088879, 124, -1.0
31836.833623193274, 101, 1.0
31837.373692435278, 148, -1.0
31838.508567539207, 152, 1.0
31840.432688395063, 95, 1.0
31841.075817926252, 80, 1.0
31844.71076718399, 100, -1.0
31848.319682399655, 152, -1.0
31854.897039853982, 164, -1.0
31857.154849215804, 52, -1.0
31857.398879165623, 116, 1.0
31861.792979369122, 83, -1.0
31862.251173445144, 101, 1.0
31862.684049825017, 67, 1.0
31866.22884657579, 98, -1.0
31866.2737736354, 126, 1.0
31866.83955686341, 111, -1.0
31867.403956040183, 73, -1.0
31874.873446750713, 114, -1.0
31876.8208798008, 80, -1.0
31877.162661853825, 48, 1.0
31877.99147388957, 68, -1.0
31879.44046338747, 26, -1.0
31884.328050890803, 75, 1.0
31884.792127325683, 75, -1.0
31885.04882544298, 154, 1.0
31885.507578880475, 141, 1.0
31885.602312428367, 28, -1.0
31886.459276442605, 109, -1.0
31891.232161527903, 59, -1.0
31895.278920645505, 152, 1.0
31898.582991452262, 146, 1.0
31898.997042844567, 123, -1.0
31900.350075489354, 59, -1.0
31903.00093652662, 103, 1.0
31903.94857660059, 27, -1.0
31905.834949034863, 39, -1.0
31906.36600820385, 40, 1.0
31910.327727980686, 126, 1.0
31911.881063776407, 118, -1.0
31914.29270336083, 33, -1.0
31916.585179673413, 114, 1.0
31917.28155123517, 36, 1.0
31917.865522716194, 71, -1.0
31920.62370643082, 142, -1.0
31920.87173871972, 114, -1.0
31924.304384005733, 64, 1.0
31926.2850611989, 153, 1.0
31927.76663445343, 35, 1.0
31931.365476705487, 114, 1.0
31931.748388643296, 90, -1.0
31932.552313253324, 126, -1.0
31933.922563436252, 71, 1.0
31936.089118354663, 157, -1.0
31936.090460927946, 75, 1.0
31938.79417200928, 50, -1.0
31945.30607862342, 99, -1.0
31951.08975174636, 52, -1.0
31953.841451905053, 241, -1.0
31956.613619253843, 112, -1.0
31957.407877941892, 60, -1.0
31958.42371232676, 146, 1.0
31958.706192706853, 126, 1.0
31960.647672937153, 109, -1.0
31961.688312771767, 160, -1.0
31966.96813959616, 83, -1.0
31967.083409366434, 148, -1.0
31967.271867066695, 76, -1.0
31968.876109406076, 101, -1.0
31968.923713917524, 163, 1.0
31970.311979661612, 161, 1.0
31970.363722207425, 106, -1.0
31970.963705873106, 161, 1.0
31974.270517707402, 142, -1.0
31975.29975637966, 118, -1.0
31976.70499018837, 154, 1.0
31977.94401093959, 91, -1.0
31983.672343710663, 34, -1.0
31984.853997115737, 137, 1.0
31985.448200058578, 59, -1.0
31986.746939112974, 146, -1.0
31987.4714028284, 67, -1.0
31990.421973496614, 40, 1.0
31990.774674214448, 103, -1.0
31991.670488628533, 41, 1.0
31993.435025737486, 104, -1.0
31994.057932587068, 100, 1.0
31995.328007822336, 116, -1.0
31995.804190155388, 39, -1.0
31998.99480869974, 71, -1.0
32011.502196689715, 148, -1.0
32011.536903621203, 158, -1.0
32018.27015416859, 65, 1.0
32018.54182255731, 146, -1.0
32022.44105645167, 153, -1.0
32025.480270168402, 70, -1.0
32026.63756969894, 141, -1.0
32034.5933231284, 163, 1.0
32037.70953359553, 162, -1.0
32039.980374468116, 114, 1.0
32041.159748517064, 162, 1.0
32042.728499617657, 67, -1.0
32051.35541526116, 123, 1.0
32051.359012238034, 105, -1.0
32051.57095201785, 69, -1.0
32054.20591647951, 65, 1.0
32054.63860274881, 153, -1.0
32056.10741365727, 161, 1.0
32057.23145121967, 123, -1.0
32059.489723341936, 58, -1.0
32059.778993395834, 81, -1.0
32061.52234923969, 90, -1.0
32062.515135310092, 26, -1.0
32068.04469796751, 36, 1.0
32075.377936289184, 101, -1.0
32076.183251485367, 162, 1.0
32076.3161198902, 33, -1.0
32077.77916574102, 103, 1.0
32080.892412889498, 40, -1.0
32081.71441603117, 35, -1.0
32084.19474549946, 163, 1.0
32084.769576896244, 95, -1.0
32084.84437533759, 71, 1.0
32087.17860195433, 106, -1.0
32089.64435430544, 123, -1.0
32092.731322825348, 124, 1.0
32095.883720059668, 45, 1.0
32098.022886789775, 52, -1.0
32099.31248725237, 141, -1.0
32099.89759220332, 90, 1.0
32100.708279717466, 105, 1.0
32101.46458391813, 34, -1.0
32102.480099638444, 158, -1.0
32102.524480583492, 39, -1.0
32107.081704721757, 159, 1.0
32107.089521619913, 83, 1.0
32108.273505950652, 159, 1.0
32109.549720574614, 100, -1.0
32111.639923688774, 75, 1.0
32112.22195076537, 110, -1.0
32112.37935269222, 88, 1.0
32115.332311113176, 119, -1.0
32119.17974598977, 126, 1.0
32121.259847521775, 28, -1.0
32121.692366186297, 155, 1.0
32122.24814476881, 86, -1.0
32124.902812410786, 128, -1.0
32125.347076962524, 141, 1.0
32126.382582812847, 72, 1.0
32126.69824909294, 103, 1.0
32132.94377388599, 28, 1.0
32138.966452304052, 142, 1.0
32141.53071865399, 100, -1.0
32141.88499774386, 167, 1.0
32143.06373071839, 120, -1.0
32149.07044367687, 146, 1.0
32151.31576948064, 59, -1.0
32152.333332916478, 35, -1.0
32154.185326997027, 173, -1.0
32154.995196819546, 153, -1.0
32155.097631127872, 164, 1.0
32155.883526129106, 137, 1.0
32156.101065619507, 103, 1.0
32158.84116926793, 101, 1.0
32160.40187075875, 52, 1.0
32165.240836854115, 37, -1.0
32165.51639058156, 235, 1.0
32166.875366449818, 50, 1.0
32168.265531667697, 98, -1.0
32170.13354291092, 92, -1.0
32171.268857572195, 72, 1.0
32173.997406623042, 107, -1.0
32176.232686950865, 105, 1.0
32179.301302521493, 148, -1.0
32179.46666621723, 40, 1.0
32180.93440389835, 62, -1.0
32180.982313562392, 59, 1.0
32182.782490445137, 101, 1.0
32182.95544387536, 193, -1.0
32183.574757441576, 109, 1.0
32184.226480740483, 160, -1.0
32184.327146730873, 167, -1.0
32185.047702674576, 103, -1.0
32185.12533080761, 129, 1.0
32187.727522503214, 161, 1.0
32189.353968107964, 68, -1.0
32192.480039009384, 234, 1.0
32192.628911424177, 64, -1.0
32192.779649348286, 65, 1.0
32193.215744384714, 76, 1.0
32194.553829512803, 126, 1.0
32198.49383483685, 142, 1.0
32199.452326373244, 54, 1.0
32203.31846194785, 35, -1.0
32203.505579430894, 95, -1.0
32205.333473181345, 95, 1.0
32205.384391227995, 116, 1.0
32206.138756442455, 155, 1.0
32214.011614411032, 109, -1.0
32218.554073160223, 76, -1.0
32222.817022557178, 67, 1.0
32224.026353755133, 28, 1.0
32225.61858075567, 126, 1.0
32226.374951819755, 40, 1.0
32227.15288052457, 82, 1.0
32231.497586639176, 44, -1.0
32235.281559278566, 41, -1.0
32237.42121933358, 40, 1.0
32237.64145836882, 126, -1.0
32237.66952231607, 40, 1.0
32242.078825740293, 128, -1.0
32243.596184414895, 34, -1.0
32243.709150912222, 161, -1.0
32244.020010045686, 159, -1.0
32244.530257701754, 114, -1.0
32245.225554853965, 103, 1.0
32245.494577301663, 50, -1.0
32246.04060904591, 28, 1.0
32246.213533362104, 99, -1.0
32254.43026852921, 103, -1.0
32263.905278093385, 158, -1.0
32267.223341055862, 75, 1.0
32268.730847300143, 101, 1.0
32268.928275671602, 60, 1.0
32269.49495367379, 58, -1.0
32272.515196192224, 68, 1.0
32273.911155974918, 162, 1.0
32274.865815843506, 162, 1.0
32276.955142313796, 71, -1.0
32282.00948676455, 66, -1.0
32283.99239336702, 106, -1.0
32286.221179820575, 64, 1.0
32287.531497423864, 68, 1.0
32289.151617152755, 133, -1.0
32290.735730820626, 114, -1.0
32292.58350232714, 87, -1.0
32297.60933367114, 72, -1.0
32298.138681671568, 75, 1.0
32301.30783653514, 126, -1.0
32303.96273126183, 118, -1.0
32304.59941662813, 163, 1.0
32306.717024841506, 164, -1.0
32308.30041134506, 141, -1.0
32308.35281883557, 75, -1.0
32310.584457508558, 68, 1.0
32313.33639854668, 105, 1.0
32316.108398934935, 58, 1.0
32317.05603314536, 139, -1.0
32317.224748323286, 102, -1.0
32320.065123745866, 59, -1.0
32325.07072732496, 119, -1.0
32325.627286360097, 92, -1.0
32326.777489077584, 43, 1.0
32326.978891102048, 34, 1.0
32330.553587932223, 59, -1.0
32334.81340866587, 52, -1.0
32335.3065409131, 198, -1.0
32336.243981078645, 116, 1.0
32336.914863791942, 27, 1.0
32337.48581217995, 58, -1.0
32337.899664828205, 58, 1.0
32340.658408310235, 146, 1.0
32347.294321398145, 104, 1.0
32347.64152484255, 37, -1.0
32348.126734954392, 92, -1.0
32349.24940457031, 116, -1.0
32349.319845108694, 179, -1.0
32353.945659392462, 87, 1.0
32355.215274804144, 75, 1.0
32356.941145181987, 98, -1.0
32358.39482215059, 37, -1.0
32361.5910079949, 146, 1.0
32361.800356574437, 59, 1.0
32365.823973007064, 119, -1.0
32366.19705033871, 104, -1.0
32368.144662326966, 165, 1.0
32368.20490270872, 65, -1.0
32369.406689606927, 234, 1.0
32372.89848692596, 148, -1.0
32374.978488271267, 69, -1.0
32376.64377552126, 34, 1.0
32376.888051316208, 105, -1.0
32377.295537009286, 193, -1.0
32377.59594206234, 141, 1.0
32381.048219853077, 241, -1.0
32381.52890247, 48, 1.0
32382.21601132813, 169, -1.0
32383.58390191751, 35, 1.0
32383.97730858784, 142, 1.0
32391.153014840107, 108, -1.0
32392.383472038324, 73, 1.0
32393.490191950696, 111, -1.0
32397.025916169, 123, -1.0
