25205.2111936678, 148, -1.0
25233.67046835222, 75, -1.0
25237.19913837664, 44, -1.0
25256.961841825254, 154, 1.0
25267.745420580137, 101, -1.0
25299.60531787595, 35, -1.0
25306.417140295827, 75, 1.0
25316.59428954786, 35, -1.0
25321.129045691352, 154, -1.0
25329.70884990117, 154, -1.0
25331.670109120896, 101, -1.0
25344.45090775476, 101, -1.0
25353.846810418792, 103, 1.0
25357.39476827965, 152, -1.0
25374.709258842882, 35, -1.0
25380.705913221325, 35, 1.0
25401.874157211663, 44, -1.0
25412.318651690257, 75, 1.0
25422.666565584022, 101, 1.0
25426.07847007996, 103, 1.0
25432.4131357012, 152, -1.0
25436.202555626995, 152, 1.0
25445.667767158215, 101, -1.0
25467.25966858432, 103, 1.0
25485.02023059071, 152, 1.0
25486.54227365706, 154, 1.0
25493.874328960672, 44, -1.0
25517.277767147156, 154, 1.0
25535.58590282493, 101, 1.0
25540.46358152167, 44, -1.0
25541.309709663954, 101, 1.0
25553.957308283458, 103, 1.0
25556.78812279315, 103, 1.0
25612.861105928852, 148, -1.0
25616.466098620076, 103, -1.0
25626.69074540071, 44, -1.0
25634.382910924403, 152, 1.0
25684.477352310154, 44, -1.0
25694.324760313804, 103, 1.0
25695.68880712853, 103, 1.0
25712.6776923156, 154, 1.0
25731.70985411159, 35, -1.0
25752.090716858656, 101, 1.0
25782.892496852783, 154, 1.0
25810.730992701676, 103, 1.0
25869.508355592785, 154, 1.0
25912.60858027495, 101, 1.0
25952.562301179256, 154, 1.0
25953.598860704147, 148, -1.0
25957.53224789714, 101, 1.0
25968.85729183032, 44, -1.0
25982.808278932698, 75, 1.0
26005.110514726344, 101, -1.0
26023.501228954065, 148, -1.0
26032.858840181358, 101, -1.0
26055.3488855524, 75, 1.0
26061.0670385674, 101, -1.0
26080.22650338556, 103, 1.0
26086.556634604887, 152, 1.0
26087.263881151885, 35, -1.0
26103.221873775205, 35, 1.0
26116.93433284054, 103, -1.0
26120.09320888418, 101, 1.0
26120.31810813961, 35, 1.0
26125.69825862115, 152, -1.0
26155.4971749753, 152, 1.0
26157.201160992678, 101, -1.0
26181.151998767982, 101, 1.0
26184.054010996522, 152, -1.0
26205.615178007534, 101, 1.0
26210.1676436026, 101, 1.0
26211.668975173627, 35, 1.0
26240.84596994132, 35, -1.0
26250.706803978315, 148, -1.0
26296.46990144766, 152, -1.0
26320.74114164427, 148, -1.0
26335.440517782346, 35, 1.0
26350.487703791372, 44, -1.0
26402.77157904848, 152, 1.0
26403.834032412735, 101, -1.0
26403.97935164678, 35, 1.0
26424.243958342187, 152, 1.0
26443.062707618676, 44, -1.0
26449.339208036214, 35, 1.0
26451.81520608338, 75, -1.0
26456.174277762715, 152, 1.0
26459.14060695362, 148, -1.0
26470.212567310235, 101, 1.0
26482.443365866802, 44, -1.0
26500.547702190408, 103, 1.0
26507.681056418023, 44, -1.0
26511.03766544495, 75, 1.0
26516.979632176684, 35, -1.0
26525.45382306202, 101, 1.0
26533.520696895615, 101, 1.0
26561.28455218432, 154, -1.0
26587.695645186985, 101, 1.0
26602.16772352183, 35, -1.0
26638.449386412172, 148, -1.0
26657.267524950574, 101, 1.0
26680.636399400708, 35, -1.0
26698.141794520776, 101, 1.0
26750.53753993443, 75, 1.0
26767.53355341452, 75, 1.0
26791.891730670744, 101, -1.0
26803.17798952488, 44, -1.0
26810.760509025025, 148, -1.0
26823.9616047326, 75, 1.0
26824.212039705308, 35, -1.0
26830.583070335488, 75, 1.0
26835.66415182929, 101, 1.0
26837.69389822139, 148, -1.0
26847.28180705467, 101, 1.0
26858.584661227847, 101, 1.0
26877.869123554676, 44, -1.0
26924.798588096084, 148, -1.0
26928.83269727848, 103, 1.0
26945.73891672343, 103, 1.0
26947.902649128344, 154, -1.0
26954.12006282322, 44, -1.0
26955.592419148248, 152, -1.0
26959.549504098526, 44, -1.0
26972.267639140708, 44, -1.0
26976.787702571884, 101, -1.0
26987.59641320523, 75, 1.0
26990.418578629855, 101, 1.0
26999.750649472615, 152, 1.0
27009.488898897533, 75, 1.0
27010.435487540755, 103, 1.0
27016.291018825446, 152, -1.0
27023.995499526056, 101, 1.0
27033.304635198154, 44, -1.0
27037.47046498526, 101, 1.0
27102.945032649695, 154, -1.0
27111.90723109625, 154, 1.0
27112.357531935715, 101, 1.0
27138.366277784953, 75, 1.0
27153.608848445234, 35, -1.0
27162.3638915534, 154, -1.0
27167.756288317698, 75, 1.0
27202.338581537766, 44, -1.0
27234.919640851498, 35, -1.0
27289.190642537113, 103, 1.0
27295.243134321358, 101, 1.0
27295.44517080365, 75, -1.0
27296.40618170298, 101, 1.0
27302.40691259642, 154, 1.0
27321.767432076216, 152, -1.0
27341.186420956285, 152, -1.0
27344.08334701001, 75, 1.0
27353.99914956729, 44, -1.0
27355.213356590102, 35, -1.0
27360.312852239338, 75, -1.0
27373.90499889736, 154, 1.0
27375.114217113434, 154, 1.0
27378.161473300206, 75, 1.0
27391.028430179987, 103, 1.0
27418.389699327086, 35, 1.0
27422.962301075295, 152, -1.0
27432.946867997307, 75, 1.0
27450.49443298735, 103, 1.0
27450.880559091453, 148, -1.0
27460.647120158505, 103, 1.0
27467.7897489217, 35, -1.0
27500.232225676427, 44, 1.0
27518.790302180125, 44, -1.0
27525.43573485104, 44, -1.0
27525.801694879756, 101, 1.0
27530.244996399226, 103, -1.0
27552.498388596938, 75, 1.0
27553.17449789547, 75, -1.0
27570.604970238102, 75, 1.0
27620.78395403187, 154, 1.0
27631.66834654076, 148, -1.0
27638.884081528617, 103, 1.0
27645.298369084034, 103, 1.0
27646.384336283187, 154, 1.0
27657.567125222722, 152, 1.0
27670.398743246642, 101, 1.0
27676.86393040192, 154, 1.0
27699.535484616834, 101, -1.0
27723.251736189537, 44, 1.0
27751.00495703969, 154, 1.0
27768.190975471276, 75, -1.0
27786.829170712153, 103, 1.0
27845.387759647492, 75, 1.0
27858.45021514225, 154, 1.0
27863.195409223186, 44, -1.0
27880.581428369496, 152, -1.0
27881.783301900738, 35, -1.0
27907.095454246803, 154, 1.0
27923.033851056178, 44, -1.0
27924.20092035921, 35, 1.0
27964.791703819315, 101, 1.0
27987.19309672587, 154, 1.0
27991.29632618748, 101, 1.0
27993.024855454878, 101, 1.0
28001.20476492618, 103, 1.0
28004.374160184347, 75, 1.0
28043.140897471334, 44, -1.0
28044.278672288638, 35, -1.0
28047.737639526516, 154, 1.0
28057.395803872812, 101, -1.0
28073.6523704906, 35, 1.0
28092.22533040723, 75, 1.0
28100.983064307136, 35, -1.0
28109.892107354564, 75, 1.0
28115.828147423734, 103, 1.0
28170.388621155704, 44, -1.0
28226.102538156516, 103, 1.0
28243.566376695107, 154, -1.0
28249.822125604725, 152, 1.0
28251.36688932453, 101, 1.0
28270.690555712976, 35, 1.0
28279.935236402467, 44, -1.0
28311.399435724405, 35, 1.0
28353.30260205157, 75, 1.0
28357.945047648005, 148, -1.0
28364.91542115937, 154, 1.0
28371.043241249543, 75, 1.0
28373.51517763571, 44, -1.0
28398.75745712568, 103, 1.0
28425.88838598317, 75, 1.0
28434.256406198787, 103, 1.0
28491.680054595337, 35, -1.0
28507.297573645385, 35, -1.0
28525.067625253607, 152, -1.0
28526.725478813063, 152, 1.0
28531.709472805378, 103, 1.0
28533.337463979187, 75, 1.0
28573.752384202937, 75, 1.0
28588.294254441822, 35, -1.0
28588.728405799786, 148, 1.0
28615.58661721629, 35, -1.0
28627.980838024127, 103, 1.0
28636.009675689715, 75, 1.0
28678.164412889, 152, 1.0
28680.48455994213, 148, -1.0
28690.04775738023, 101, 1.0
28697.057979990383, 152, -1.0
28713.31438420105, 35, 1.0
28748.211110260352, 148, 1.0
28757.0730176999, 152, -1.0
28784.591292946272, 103, 1.0
28789.05422110525, 103, -1.0
28803.336054038526, 152, 1.0
28804.91608260005, 75, -1.0
28840.90105806395, 154, 1.0
28843.432088478497, 152, -1.0
28846.525236871214, 75, 1.0
28873.185768366406, 75, 1.0
28897.373256740768, 101, -1.0
28910.5372195197, 35, 1.0
28949.491744421808, 152, -1.0
28983.58659566821, 152, -1.0
28986.06881165837, 152, -1.0
29000.400970623476, 152, -1.0
29011.449262479407, 35, -1.0
29024.88741180303, 44, -1.0
29041.239588012384, 35, -1.0
29055.53996399543, 103, 1.0
29056.83237625825, 75, 1.0
29091.39636501888, 103, -1.0
29099.477302445364, 154, 1.0
29099.586824767077, 44, 1.0
29127.285653807638, 148, -1.0
29138.380445973384, 35, 1.0
29144.938174300034, 103, 1.0
29180.360669327263, 44, 1.0
29213.407962825244, 101, -1.0
29222.84344698638, 152, -1.0
29228.912751595883, 154, 1.0
29231.47759989307, 44, -1.0
29236.135011960316, 101, 1.0
29252.91015634927, 35, -1.0
29261.21651560424, 35, -1.0
29273.368199040324, 75, 1.0
29275.442935615145, 75, 1.0
29284.800697385283, 35, 1.0
29293.28167045748, 152, -1.0
29296.22586205968, 148, -1.0
29296.89427766833, 35, -1.0
29346.20083560468, 75, 1.0
29378.13338246877, 154, -1.0
29383.705888716257, 101, -1.0
29400.313190650122, 103, -1.0
29401.992112344247, 75, 1.0
29424.323876560415, 101, 1.0
29464.749719667667, 103, -1.0
29467.075808656835, 148, 1.0
29491.4305045529, 75, 1.0
29502.506682919226, 75, 1.0
29521.736621390537, 101, -1.0
29525.531184986106, 101, 1.0
29547.74792472102, 103, -1.0
29550.122592739783, 44, -1.0
29556.306696027004, 35, 1.0
29557.814967359875, 152, -1.0
29557.953838421814, 35, 1.0
29579.561460684352, 152, 1.0
29606.67498836876, 101, 1.0
29633.29397314782, 44, -1.0
29684.06254477166, 103, 1.0
29709.985707776577, 148, -1.0
29714.34074772513, 35, 1.0
29715.251064207434, 101, -1.0
29745.945989966935, 103, 1.0
29781.682487300724, 103, 1.0
29799.660054536223, 35, 1.0
29822.64972666423, 152, 1.0
29824.465168642255, 75, 1.0
29837.14003137812, 103, 1.0
29873.819018022292, 75, 1.0
29879.545714955362, 154, 1.0
29965.989832429223, 101, -1.0
29971.15391362542, 35, -1.0
29987.97077048221, 35, 1.0
29993.13958404248, 75, -1.0
30052.050598147845, 75, 1.0
30061.16464766891, 75, 1.0
30070.467453259902, 152, 1.0
30074.70228617763, 103, -1.0
30100.036871424887, 35, -1.0
30134.669960118368, 75, -1.0
30136.563661334236, 152, -1.0
30159.734357003825, 75, 1.0
30174.47308319481, 152, 1.0
30177.20291435251, 35, -1.0
30187.954410878858, 44, -1.0
30192.5269171034, 148, -1.0
30205.027947009996, 154, -1.0
30216.990084281173, 75, 1.0
30216.998977565676, 152, -1.0
30226.83585823742, 75, 1.0
30241.36580015838, 75, 1.0
30272.27829565083, 154, -1.0
30276.44302142435, 75, 1.0
30300.381902317902, 44, -1.0
30317.659467862268, 101, -1.0
30331.400545219498, 101, -1.0
30344.01880189234, 152, 1.0
30354.96137504126, 101, -1.0
30361.187970461455, 103, 1.0
30363.845797898175, 152, -1.0
30365.76749027816, 101, 1.0
30370.844739948214, 154, -1.0
30400.278058833566, 152, 1.0
30403.52701064643, 75, 1.0
30424.188508968316, 148, -1.0
30450.675142201773, 35, -1.0
30457.218148822816, 75, 1.0
30535.38361720252, 148, -1.0
30545.1409433583, 35, -1.0
30546.184248714377, 154, -1.0
30553.67511053847, 35, -1.0
30554.54955153395, 44, -1.0
30563.752479126328, 35, 1.0
30583.359775864432, 152, -1.0
30594.54785310922, 103, -1.0
30606.25177382424, 152, 1.0
30657.78930449386, 101, -1.0
30657.862812881045, 35, 1.0
30658.683839755933, 148, -1.0
30691.00075057518, 152, -1.0
30695.67630276658, 154, -1.0
30737.964269530417, 44, -1.0
30759.07746451554, 75, 1.0
30763.72680526128, 148, -1.0
30803.020903700413, 35, -1.0
30805.50755563974, 35, 1.0
30811.871262106146, 35, -1.0
30843.4263466696, 101, 1.0
30886.48808307351, 75, 1.0
30887.895232851122, 101, 1.0
31000.65259596148, 103, 1.0
31009.84826207877, 35, -1.0
31031.25063458868, 101, 1.0
31045.788033955243, 152, -1.0
31076.600628352156, 75, 1.0
31085.2928466344, 75, -1.0
31103.29258394275, 148, -1.0
31104.11548073886, 101, -1.0
31120.464317190384, 148, -1.0
31125.578954474742, 35, 1.0
31129.074084328146, 154, -1.0
31137.200148014796, 148, -1.0
31140.641126670867, 75, -1.0
31176.565327079763, 148, 1.0
31178.464633779295, 152, -1.0
31184.886137413676, 101, 1.0
31185.967854614897, 35, 1.0
31198.243936911887, 44, -1.0
31199.385170388072, 44, -1.0
31202.175651487563, 154, 1.0
31210.113926691454, 101, 1.0
31237.823996648167, 35, -1.0
31266.03613564534, 101, 1.0
31281.108565151706, 152, -1.0
31305.692868964583, 154, -1.0
31321.816637342086, 152, 1.0
31334.220246549492, 103, 1.0
31429.49519254785, 154, 1.0
31449.628864559018, 35, 1.0
31458.65667107529, 75, 1.0
31470.626966808017, 154, 1.0
31493.944072318995, 44, 1.0
31497.926639556194, 35, 1.0
31499.018712169287, 44, -1.0
31513.526281739338, 152, -1.0
31515.536203182706, 152, -1.0
31519.068297586215, 75, -1.0
31541.786071647275, 101, 1.0
31542.62806834067, 101, 1.0
31544.29561928978, 101, 1.0
31591.452112447198, 148, -1.0
31600.501803185572, 75, 1.0
31651.45067127718, 75, 1.0
31652.731342044783, 75, 1.0
31656.59967297504, 75, 1.0
31684.01522471654, 148, -1.0
31689.412508524078, 101, -1.0
31693.3787711968, 75, 1.0
31703.47171475453, 75, -1.0
31705.18928954154, 75, 1.0
31714.925573937293, 154, 1.0
31728.903394375935, 101, 1.0
31750.91040991749, 35, -1.0
31758.149577422104, 148, -1.0
31771.80224021722, 101, 1.0
31775.362118060937, 154, 1.0
31778.702729399298, 154, 1.0
31805.545439195805, 75, 1.0
31813.600016774053, 101, 1.0
31816.533193762225, 35, -1.0
31844.63933179152, 75, 1.0
31862.80742823101, 75, 1.0
31888.81403021863, 103, -1.0
31890.61497303461, 75, -1.0
31954.794878872784, 44, -1.0
31963.416518838996, 101, -1.0
32000.957955297552, 35, 1.0
32015.66263764809, 75, 1.0
32015.878130982193, 35, 1.0
32034.951630862495, 101, 1.0
32064.83873755677, 103, 1.0
32079.367008768073, 148, -1.0
32103.388304049568, 148, -1.0
32123.30367206916, 103, 1.0
32127.469221119194, 148, -1.0
32138.5185371912, 101, -1.0
32149.02421466984, 154, 1.0
32162.81839006924, 35, -1.0
32191.877091134134, 154, 1.0
32210.03233570118, 75, 1.0
32213.92584800218, 35, 1.0
32225.85568702773, 152, 1.0
32240.578063407553, 75, 1.0
32255.62034014954, 44, -1.0
32259.40482800495, 101, 1.0
32266.401737393673, 154, 1.0
32277.26809811243, 75, 1.0
32290.348152738567, 75, 1.0
32317.763816930375, 152, -1.0
32318.8571725785, 35, -1.0
32327.09242988348, 103, 1.0
32340.891796317283, 103, 1.0
32353.110269646073, 75, 1.0
32400.70254230513, 75, 1.0
32412.432460965476, 75, -1.0
32417.783824260245, 75, 1.0
32438.426074140167, 148, 1.0
32441.6801998562, 148, -1.0
32453.837336822995, 154, -1.0
32456.470482920544, 35, -1.0
32480.813601744096, 148, -1.0
32483.91005280421, 103, 1.0
32501.098092862827, 35, -1.0
32557.199208850077, 75, 1.0
32566.659934909505, 35, 1.0
32608.395634123397, 75, -1.0
32611.8468445378, 152, 1.0
32624.961682052475, 101, 1.0
32625.557877306743, 152, -1.0
32651.236152060377, 103, -1.0
32654.629242964624, 103, 1.0
32662.589332461976, 35, 1.0
32663.37390925041, 44, -1.0
32679.083100499804, 152, -1.0
32684.901889706256, 103, 1.0
32691.207523406127, 75, 1.0
32693.840447053088, 35, 1.0
32699.33894854685, 75, -1.0
32709.65188201292, 75, 1.0
32752.103414095778, 101, -1.0
32752.81315704317, 75, 1.0
32779.0293289263, 44, -1.0
32833.69132797661, 75, -1.0
32847.47554830561, 35, 1.0
32861.747806980384, 75, 1.0
32869.31447525783, 103, 1.0
32869.985626251335, 152, 1.0
32872.55898667615, 75, -1.0
32880.00837227672, 75, 1.0
32898.59398598318, 35, -1.0
32900.88594776692, 148, -1.0
32924.53027829707, 154, 1.0
32927.16245803606, 35, -1.0
32930.502812152496, 75, 1.0
32934.918068608655, 103, 1.0
32942.358693388764, 35, -1.0
32944.03536087022, 148, -1.0
32944.12136796721, 101, 1.0
32956.877614856574, 101, 1.0
32968.468871276615, 75, 1.0
32981.37080769499, 75, -1.0
33005.24377551181, 152, -1.0
33012.69358924054, 101, -1.0
33025.97940894326, 75, 1.0
33048.5984147792, 75, 1.0
33068.45547773773, 103, 1.0
33070.91429320325, 35, 1.0
33112.66150518455, 35, 1.0
33128.32078620156, 35, -1.0
33138.4666784448, 35, -1.0
33148.9088745176, 75, -1.0
33149.61988216263, 35, -1.0
33155.00298886088, 75, 1.0
33174.173114017634, 148, 1.0
33183.39608375858, 148, -1.0
33190.880546308545, 152, 1.0
33202.73188365068, 75, 1.0
33207.31756546188, 75, 1.0
33222.40223923793, 103, -1.0
33248.907747132005, 75, -1.0
33251.920992318774, 75, 1.0
33276.236235367774, 35, -1.0
33283.04690904408, 148, 1.0
33328.63062416073, 152, -1.0
33336.98299668905, 35, -1.0
33393.15914992532, 35, 1.0
33400.58780584754, 101, -1.0
33401.49650214493, 152, -1.0
33407.02527670663, 152, -1.0
33408.33460113722, 75, 1.0
33409.52509786221, 101, 1.0
33409.70319659894, 103, 1.0
33409.957830026266, 35, -1.0
33410.742950554086, 75, -1.0
33421.84733117544, 154, -1.0
33427.47891316453, 152, -1.0
33427.65554024374, 35, -1.0
33433.42822080644, 75, 1.0
33435.97049108759, 103, 1.0
33454.5342262736, 35, -1.0
33457.73649792488, 152, -1.0
33459.21963683183, 101, 1.0
33484.00990233692, 75, -1.0
33510.1104487365, 101, 1.0
33510.71434836528, 75, -1.0
33551.03641296272, 152, -1.0
33556.80514072319, 35, 1.0
33566.67769223304, 154, -1.0
33570.657792820486, 35, -1.0
33608.17173032055, 148, -1.0
33614.07213894106, 103, 1.0
33623.052685823684, 35, -1.0
33624.85067941855, 75, -1.0
33639.8103169523, 35, 1.0
33656.593016304345, 101, 1.0
33695.427997723455, 148, -1.0
33703.90908751145, 75, -1.0
33714.23778061586, 103, 1.0
33721.86533848876, 75, -1.0
33729.931989366676, 35, 1.0
33737.58331426789, 75, 1.0
33743.33341134888, 152, -1.0
33748.59401031291, 35, -1.0
33754.27390578326, 44, -1.0
33760.186624775735, 152, -1.0
33859.45329373986, 35, 1.0
33874.63327228079, 101, 1.0
33888.771709311586, 101, 1.0
33909.32809560935, 152, -1.0
33916.10321002926, 103, -1.0
33922.90476806515, 103, -1.0
33926.28696771636, 148, -1.0
33926.58954554159, 75, 1.0
33932.356229236364, 101, -1.0
33935.82264658567, 101, 1.0
33948.53357604786, 152, -1.0
33966.67960790985, 148, -1.0
33997.65592285195, 154, -1.0
33998.61690516751, 101, -1.0
33999.01343535648, 75, 1.0
34017.09161336203, 103, -1.0
34028.822916176614, 154, 1.0
34029.574999161414, 152, -1.0
34035.191486612384, 75, 1.0
34056.516050119804, 152, -1.0
34059.994447472454, 103, 1.0
34069.621163782824, 101, 1.0
34081.932915325175, 103, 1.0
34149.4396644039, 101, -1.0
34158.272290077875, 148, -1.0
34177.7281984083, 75, 1.0
34183.62427787536, 101, 1.0
34188.73140219573, 35, 1.0
34227.192201948055, 103, 1.0
34231.188610029014, 154, -1.0
34233.40425385245, 103, 1.0
34238.34399244588, 101, 1.0
34259.34602242554, 35, -1.0
34271.20188372522, 75, 1.0
34277.777442280916, 44, -1.0
34301.84612293285, 35, 1.0
34305.52430004559, 103, 1.0
34307.86366110278, 103, 1.0
34328.25708457278, 35, -1.0
34331.959278767514, 75, 1.0
34341.53599147537, 75, -1.0
34342.06779655654, 148, -1.0
34394.95831668251, 75, -1.0
34398.419664679896, 35, -1.0
34417.17977794904, 35, -1.0
34427.30543396618, 148, -1.0
34434.70769769529, 148, -1.0
34437.11324853393, 101, 1.0
34464.62169916592, 101, -1.0
34491.34610358515, 75, 1.0
34495.348800807544, 35, 1.0
34497.12630197149, 35, 1.0
34498.39060709765, 75, -1.0
34500.83281908774, 103, 1.0
34507.618943831476, 148, -1.0
34508.87923445116, 35, 1.0
34570.06011888564, 35, 1.0
34572.10633043587, 103, 1.0
34573.675131008145, 101, 1.0
34594.78629227817, 148, 1.0
34602.831283829335, 75, -1.0
34607.17002588353, 103, 1.0
34621.63247655649, 103, 1.0
34633.72746254395, 152, 1.0
34651.11574767858, 148, 1.0
34663.38432471721, 152, -1.0
34668.89339018965, 75, 1.0
34669.07757969777, 103, -1.0
34670.55026638546, 75, -1.0
34677.63125627905, 75, 1.0
34683.2237717856, 75, 1.0
34683.26051273914, 101, 1.0
34699.611678705805, 35, 1.0
34712.18467626473, 35, -1.0
34733.95452845767, 75, 1.0
34734.20708795158, 75, -1.0
34740.343909580915, 44, -1.0
34763.661151610206, 35, -1.0
34804.459691752076, 35, -1.0
34840.351637827545, 152, -1.0
34842.045779212385, 103, 1.0
34848.82167625764, 152, 1.0
34870.94545916252, 103, 1.0
34872.16402238149, 75, -1.0
34888.97029018718, 103, -1.0
34896.92692575248, 148, -1.0
34901.773352407654, 44, -1.0
34910.471785386006, 35, -1.0
34952.11482461148, 35, -1.0
34952.318783104325, 101, -1.0
34987.366604130126, 148, 1.0
35005.55488813467, 148, -1.0
35013.44041785421, 103, 1.0
35015.17825230285, 103, 1.0
35022.8822509443, 148, -1.0
35029.83029796788, 35, 1.0
35063.29395549643, 148, -1.0
35065.64905867509, 101, -1.0
35071.968721401594, 101, -1.0
35090.3721469899, 103, 1.0
35102.75561893108, 148, -1.0
35138.13557872213, 148, -1.0
35150.605237557465, 101, -1.0
35150.71250563182, 35, -1.0
35194.38002817599, 148, -1.0
35200.88653517386, 103, -1.0
35203.21959877671, 101, 1.0
35205.97952736738, 154, 1.0
35213.22708212627, 101, -1.0
35216.335889221584, 35, -1.0
35227.17984026853, 35, 1.0
35227.94105089682, 75, 1.0
35243.537096417196, 75, 1.0
35251.50131221934, 75, 1.0
35266.60763336697, 35, 1.0
35272.15748656845, 35, -1.0
35273.10827293847, 103, -1.0
35278.14889876651, 148, -1.0
35284.33578724123, 35, -1.0
35296.56942486418, 103, 1.0
35297.179740829866, 103, 1.0
35297.42850108272, 101, 1.0
35303.33657963676, 101, 1.0
35314.52743810492, 148, -1.0
35314.53490677796, 35, -1.0
35323.253981684626, 101, 1.0
35339.70449253187, 75, 1.0
35369.38379427185, 101, 1.0
35374.34599117955, 75, 1.0
35376.79593602506, 35, -1.0
35383.51340329604, 35, -1.0
35395.65462115633, 103, -1.0
35410.169755525596, 152, 1.0
35413.59205197472, 101, 1.0
35429.57045708341, 75, 1.0
35490.420048077, 35, -1.0
35502.66543492214, 35, 1.0
35527.66252792488, 44, -1.0
35529.94849196401, 101, 1.0
35535.59225415128, 148, -1.0
35590.06318167475, 148, -1.0
35592.19559982388, 154, -1.0
35594.65016358017, 154, -1.0
35603.83004711873, 103, 1.0
35610.3132075481, 35, -1.0
35628.0521628918, 101, 1.0
35637.25159126971, 75, -1.0
35646.19484029935, 44, -1.0
35664.72491845844, 75, 1.0
35685.44644203816, 101, 1.0
35694.263451744424, 154, -1.0
35705.17242894935, 148, -1.0
35709.656228749416, 101, 1.0
35712.47009395685, 154, -1.0
35713.92720992907, 101, 1.0
35762.13241524437, 101, 1.0
35801.22782284319, 75, -1.0
35803.92240821596, 152, 1.0
35841.39092013495, 101, 1.0
35852.83508729775, 35, -1.0
35871.90240245153, 148, -1.0
35892.79288163652, 154, -1.0
35915.90288274425, 101, -1.0
35926.74608363758, 35, 1.0
35933.26402648048, 101, 1.0
35940.64255233833, 152, 1.0
35962.7930696705, 35, -1.0
35995.67558412013, 103, 1.0
36021.96127524665, 44, 1.0
36023.56525020083, 148, -1.0
36025.49696989065, 101, 1.0
36034.53689982002, 35, -1.0
36040.96046657888, 75, 1.0
36043.262585806835, 148, -1.0
36043.9322938345, 101, 1.0
36056.54474587544, 44, -1.0
36069.697682811224, 35, -1.0
36071.367141048526, 152, -1.0
36075.50109797965, 148, 1.0
36094.0168827984, 75, 1.0
36142.812303632076, 148, -1.0
36197.88994104748, 35, 1.0
36199.00000578376, 101, 1.0
36200.249164422414, 148, 1.0
36217.31048896178, 103, 1.0
36224.51725460562, 148, -1.0
36225.93234423086, 103, 1.0
36278.21456227872, 148, -1.0
36305.11107769995, 35, 1.0
36309.32116544574, 101, 1.0
36348.763865206085, 75, -1.0
36373.25775630553, 75, -1.0
36373.52527989939, 35, -1.0
36381.72991318227, 152, 1.0
36387.674235658866, 75, 1.0
36393.889226793246, 35, -1.0
36408.81517028361, 101, -1.0
36417.52884541828, 101, 1.0
36440.272429511875, 75, 1.0
36470.026885304644, 44, -1.0
36486.48621410671, 44, -1.0
36505.43076654944, 152, 1.0
36508.71112526772, 75, 1.0
36532.0265647119, 148, -1.0
36534.50873756921, 35, 1.0
36544.25483253044, 101, -1.0
36556.11099523175, 101, -1.0
36598.64211745459, 152, -1.0
36621.90973021209, 75, 1.0
36622.58782410198, 103, 1.0
36625.72142922436, 35, 1.0
36635.794609954224, 75, -1.0
36645.31334862703, 148, -1.0
36648.66163269208, 103, 1.0
36650.22335661213, 152, 1.0
36653.198522991945, 152, -1.0
36697.96256145983, 103, 1.0
36700.68675939986, 101, 1.0
36701.44872083267, 101, 1.0
36707.70762606172, 103, 1.0
36711.84173302296, 152, 1.0
36713.637370545744, 103, -1.0
36732.451686763794, 103, 1.0
36734.01696282973, 75, -1.0
36740.74683613368, 35, 1.0
36773.1676654082, 35, -1.0
36815.07935976943, 103, 1.0
36819.102163372816, 75, 1.0
36839.15027801041, 44, -1.0
36849.27000084713, 152, 1.0
36863.83053027825, 75, -1.0
36890.04472969567, 101, 1.0
36907.09006013411, 75, 1.0
36912.79972336717, 101, 1.0
36929.451765801976, 103, 1.0
36936.04677959341, 152, -1.0
36963.12018936891, 35, 1.0
36967.89474281612, 152, -1.0
36973.502706773776, 154, 1.0
36975.61185794789, 103, 1.0
36988.57389206658, 75, -1.0
36994.72564581818, 101, 1.0
37000.48987377732, 101, -1.0
37039.398385139546, 44, -1.0
37048.24539684947, 101, 1.0
37059.5956694017, 101, -1.0
37078.34299092535, 152, -1.0
37104.01340988065, 101, 1.0
37106.888439457456, 103, 1.0
37113.24007425443, 75, -1.0
37118.786660208294, 148, -1.0
37125.33092558957, 148, -1.0
37133.53017384442, 152, 1.0
37150.29803489634, 152, -1.0
37150.32911096169, 103, 1.0
37166.938148485104, 35, 1.0
37191.74111495522, 101, -1.0
37197.80482228857, 35, -1.0
37205.87586161015, 148, -1.0
37227.643041648575, 152, -1.0
37235.96721388539, 101, 1.0
37240.9397867962, 101, -1.0
37270.180133567876, 103, 1.0
37280.759124966615, 75, -1.0
37285.381951879564, 35, 1.0
37326.468878319756, 152, -1.0
37343.773603695845, 103, 1.0
37358.76472501821, 101, 1.0
37362.97541494375, 103, -1.0
37377.45608236966, 101, 1.0
37432.563836942114, 101, -1.0
37455.10238270327, 152, 1.0
37463.80209015686, 75, 1.0
37485.65800525723, 152, 1.0
37487.081937178795, 101, -1.0
37491.100395405556, 44, -1.0
37511.59091347038, 152, -1.0
37511.78651064026, 103, 1.0
37543.173109064155, 75, 1.0
37571.828420306905, 75, 1.0
37597.93639194646, 101, 1.0
37600.114131362294, 75, 1.0
37622.17584837334, 148, -1.0
37626.208380033175, 35, 1.0
37631.41133929952, 152, 1.0
37643.8016953609, 35, 1.0
37651.31067117643, 101, 1.0
37694.74207075256, 44, 1.0
37697.2213203306, 44, -1.0
37703.47241015547, 101, 1.0
37707.34348740809, 148, -1.0
37708.80810931109, 103, 1.0
37718.018354879016, 101, -1.0
37724.19137051463, 103, 1.0
37761.60682072743, 75, -1.0
37771.44190725481, 152, 1.0
37786.14009642618, 75, -1.0
37804.474467514854, 35, 1.0
37804.5979433524, 154, -1.0
37815.296769482076, 75, -1.0
37815.39175593565, 148, -1.0
37817.42239074813, 154, 1.0
37848.88196076911, 148, -1.0
37850.373902007355, 101, 1.0
37872.45841219264, 103, 1.0
37884.58526402016, 35, 1.0
37885.353866435726, 152, -1.0
37886.61849821337, 103, 1.0
37891.15778527892, 35, -1.0
37926.5026098912, 152, -1.0
37931.911333662494, 75, -1.0
37936.18962543062, 103, 1.0
37937.379317196166, 75, 1.0
37946.765218560155, 35, 1.0
37953.1976479366, 103, 1.0
37954.69956756647, 75, 1.0
37970.91367726487, 35, 1.0
37971.079658104776, 103, -1.0
37975.726019993024, 152, 1.0
37978.43573923194, 103, -1.0
38000.575913721106, 35, -1.0
38004.41266478208, 152, 1.0
38006.40726640182, 101, 1.0
38019.10891756954, 103, 1.0
38029.76008256848, 75, -1.0
38032.4994532356, 152, 1.0
38049.24667830764, 103, -1.0
38064.29171144549, 154, 1.0
38078.91494427813, 101, 1.0
38094.08025276915, 101, -1.0
38114.845863582814, 152, -1.0
38119.03343435088, 101, 1.0
38120.946129730095, 75, 1.0
38130.828422547245, 101, 1.0
38132.64556743777, 152, 1.0
38137.66453580278, 103, 1.0
38161.56409053724, 35, -1.0
38174.27018050374, 152, -1.0
38208.83950098008, 101, -1.0
38211.431459921245, 44, 1.0
38230.726241583776, 152, 1.0
38236.70639098889, 103, 1.0
38238.643790183254, 152, -1.0
38245.463923202784, 103, 1.0
38247.415681270184, 35, 1.0
38255.44171019308, 75, 1.0
38257.15006011896, 148, 1.0
38259.7819819526, 101, 1.0
38272.74454324325, 35, -1.0
38288.799826886374, 75, -1.0
38290.1524597278, 103, 1.0
38334.64987358456, 35, -1.0
38337.04381963084, 103, 1.0
38378.286168659295, 148, -1.0
38379.223846130524, 152, -1.0
38380.39060764818, 154, -1.0
38410.6077095995, 154, 1.0
38410.83471202302, 148, -1.0
38423.664383075615, 75, 1.0
38480.299957776, 103, -1.0
38481.37098219061, 152, -1.0
38484.457706695706, 101, -1.0
38546.79348891217, 35, -1.0
38566.94033915406, 75, -1.0
38602.80243065101, 152, -1.0
38637.748252283054, 101, 1.0
38648.96108689391, 101, 1.0
38657.656797193864, 103, 1.0
38667.96082438633, 152, 1.0
38672.7114120128, 103, 1.0
38678.36080427947, 75, 1.0
38707.94168823135, 35, 1.0
38709.565381676875, 148, -1.0
38712.661320332976, 44, 1.0
38728.86130391845, 35, -1.0
38753.48483899829, 103, 1.0
38759.10535931797, 35, 1.0
38761.19164141897, 35, -1.0
38762.449248107754, 101, 1.0
38782.92277890534, 35, -1.0
38799.36563531789, 75, 1.0
38803.95617863532, 75, 1.0
38812.651369793784, 103, -1.0
38818.62445082404, 152, 1.0
38842.174749724996, 148, -1.0
38855.07140314489, 101, 1.0
38870.42844261027, 75, -1.0
38883.78938531857, 148, -1.0
38889.84337952752, 44, -1.0
38890.14090219608, 152, -1.0
38919.95975391858, 103, 1.0
38940.1323195554, 101, -1.0
38959.46452249469, 152, -1.0
38971.77366408481, 152, -1.0
38976.13471769842, 152, -1.0
38977.60501866795, 101, 1.0
38978.84046368038, 103, -1.0
38985.47380843567, 101, -1.0
38989.14859797429, 154, 1.0
39001.619248522824, 75, 1.0
39024.099691364, 35, 1.0
39025.48513891621, 152, 1.0
39041.816021056125, 101, 1.0
39054.32425290966, 35, 1.0
39062.95906948312, 101, -1.0
39081.342096475935, 101, 1.0
39088.82910809801, 103, 1.0
39106.63008721574, 101, -1.0
39156.413101842496, 35, 1.0
39157.78890737994, 101, 1.0
39207.18709359944, 101, 1.0
39213.410588742656, 44, -1.0
39220.33287266789, 44, -1.0
39244.786901060244, 103, 1.0
39247.22515221749, 152, -1.0
39252.91125871217, 101, -1.0
39259.63151578152, 152, -1.0
39272.011356524315, 103, 1.0
39278.56204454342, 101, -1.0
39302.542197338946, 154, 1.0
39304.205712843184, 148, -1.0
39304.83695297807, 152, -1.0
39336.054366169876, 75, 1.0
39357.01731884139, 44, -1.0
39364.4350641884, 152, -1.0
39365.91346571825, 101, 1.0
39382.599693082404, 101, -1.0
39389.84621199298, 35, 1.0
39419.202946995254, 101, 1.0
39459.061300304245, 103, 1.0
39461.48288465988, 152, 1.0
39470.19941916068, 154, -1.0
39472.44735348369, 44, -1.0
39482.04901252575, 35, 1.0
39506.50186752812, 101, 1.0
39535.788297005856, 103, -1.0
39550.49917481178, 44, 1.0
