61201.28019042964, 114, -1.0
61203.02553863177, 84, 1.0
61203.36260083862, 146, 1.0
61203.366558438625, 42, -1.0
61205.28798167617, 114, -1.0
61208.36392610073, 91, -1.0
61208.874319363655, 103, -1.0
61209.76588517983, 71, -1.0
61210.423332314764, 106, 1.0
61210.6743255937, 64, 1.0
61212.14051257097, 83, -1.0
61213.47606884549, 83, 1.0
61213.6593031765, 69, 1.0
61214.785567765684, 80, -1.0
61217.56254221247, 146, 1.0
61220.036910208575, 44, -1.0
61221.1938740457, 146, -1.0
61221.376485407774, 103, -1.0
61222.26251259926, 75, -1.0
61224.744110836466, 164, 1.0
61227.230028235295, 37, 1.0
61228.08705648433, 64, 1.0
61229.86870094089, 133, 1.0
61231.42561342057, 126, -1.0
61233.54413623302, 100, 1.0
61236.012869652586, 69, -1.0
61236.64274030251, 116, -1.0
61237.20905814675, 149, -1.0
61237.953490748776, 165, 1.0
61238.66555733623, 149, 1.0
61240.71905932446, 103, -1.0
61241.09253629386, 142, -1.0
61241.471327544044, 75, -1.0
61244.726294933556, 116, -1.0
61246.02473079542, 44, -1.0
61248.66416189195, 153, -1.0
61252.516716754675, 116, -1.0
61255.054058652444, 72, -1.0
61255.424627454246, 26, 1.0
61255.62802763366, 119, 1.0
61256.29990796953, 59, 1.0
61257.8583031044, 72, 1.0
61259.035196735626, 163, 1.0
61261.92159991834, 87, 1.0
61262.17350928176, 67, -1.0
61263.21500457553, 152, 1.0
61263.35381244863, 37, -1.0
61266.438235532056, 173, 1.0
61275.416147192045, 98, -1.0
61275.88481540027, 40, -1.0
61276.75205185614, 76, -1.0
61277.664785248206, 90, -1.0
61281.882682477284, 146, -1.0
61282.036416447554, 68, -1.0
61285.332794246024, 103, -1.0
61286.63138896029, 234, -1.0
61287.17554271153, 91, -1.0
61288.43297971207, 98, -1.0
61289.94636116646, 164, -1.0
61291.00085063288, 101, 1.0
61291.72577257594, 55, -1.0
61291.78965309514, 168, -1.0
61294.49101496225, 35, 1.0
61297.22901755824, 35, -1.0
61297.639127427385, 76, -1.0
61301.85133129345, 119, -1.0
61302.06816555147, 88, -1.0
61305.18092474851, 60, -1.0
61307.918477248415, 59, 1.0
61311.18743180074, 173, -1.0
61311.48909915414, 108, 1.0
61312.537300406555, 116, 1.0
61320.02767734071, 170, -1.0
61322.49952496935, 84, 1.0
61325.05583902344, 163, -1.0
61325.16554354288, 76, -1.0
61327.48725694824, 146, 1.0
61331.65527247455, 103, -1.0
61331.69131782229, 94, -1.0
61332.70299082121, 29, -1.0
61334.20468854133, 34, 1.0
61335.43748655396, 133, -1.0
61337.58619432435, 100, -1.0
61337.92706825698, 106, -1.0
61339.596225718495, 163, 1.0
61341.05945800229, 76, -1.0
61342.33569588519, 101, 1.0
61343.15385082549, 34, 1.0
61346.39283060941, 198, 1.0
61349.98653534368, 26, 1.0
61350.48334816097, 58, -1.0
61350.55940358226, 114, 1.0
61351.10885223089, 166, -1.0
61351.77166552324, 44, 1.0
61352.64135111678, 114, -1.0
61354.00080888506, 88, 1.0
61357.85473860064, 88, 1.0
61358.8360592426, 94, -1.0
61360.10720026748, 65, -1.0
61360.29959294275, 153, 1.0
61361.00447736982, 162, -1.0
61362.072509037345, 68, 1.0
61364.08709125495, 142, 1.0
61365.99839597167, 40, -1.0
61370.383891712685, 149, 1.0
61372.05185317784, 101, -1.0
61374.5776716754, 34, 1.0
61374.59458473806, 170, -1.0
61374.70568435695, 69, 1.0
61374.771485893754, 109, 1.0
61375.63485489003, 105, -1.0
61377.271801748444, 46, -1.0
61377.78895216015, 45, 1.0
61380.90356686378, 75, 1.0
61381.0956446905, 106, 1.0
61383.008054810634, 177, -1.0
61383.18223606987, 75, -1.0
61383.96219195111, 99, -1.0
61385.0592985409, 105, 1.0
61385.60860716374, 163, -1.0
61387.50209877496, 162, 1.0
61387.54701997266, 166, -1.0
61387.71307834598, 64, -1.0
61388.17986340878, 32, -1.0
61388.28222851833, 50, -1.0
61391.24826829184, 141, 1.0
61399.374383553935, 59, 1.0
61400.37869476573, 87, -1.0
61400.88665777491, 27, 1.0
61401.11218361518, 164, 1.0
61401.34658272486, 117, -1.0
61401.680810166, 165, 1.0
61401.780225200295, 155, -1.0
61402.37907233591, 230, -1.0
61405.158489036374, 86, -1.0
61405.913405994215, 58, 1.0
61406.349643074594, 160, -1.0
61406.76363972486, 80, 1.0
61407.96601293123, 34, 1.0
61409.44630431015, 82, 1.0
61410.056092215695, 83, 1.0
61411.59859641424, 32, -1.0
61413.035216141274, 69, -1.0
61413.15108865375, 28, -1.0
61413.38331638, 163, 1.0
61419.99218579354, 67, -1.0
61421.06040828754, 165, -1.0
61421.73786682296, 56, 1.0
61426.19213239807, 117, 1.0
61426.83250208774, 120, -1.0
61426.87641357638, 148, -1.0
61428.26906242933, 75, 1.0
61435.261004582615, 75, -1.0
61437.050208438995, 59, 1.0
61443.00893190743, 114, 1.0
61443.243112409655, 36, 1.0
61445.162748821764, 56, 1.0
61452.00040315663, 61, -1.0
61456.91354554083, 153, 1.0
61458.41898008451, 142, 1.0
61458.59713218947, 68, -1.0
61458.83729706081, 44, -1.0
61458.95405602818, 165, 1.0
61461.74973412814, 146, 1.0
61462.31844172092, 58, -1.0
61464.010139334554, 44, -1.0
61464.93249927103, 75, -1.0
61465.141724277244, 165, -1.0
61467.13832133632, 45, 1.0
61469.14657560346, 105, -1.0
61472.623015804194, 74, -1.0
61473.24478648522, 177, -1.0
61473.42161776, 41, -1.0
61473.99833269501, 162, 1.0
61476.630433721046, 162, -1.0
61477.51344695681, 235, 1.0
61480.852892385046, 167, -1.0
61481.15176507516, 46, -1.0
61482.73281446722, 130, -1.0
61483.4363642013, 76, -1.0
61485.831059789794, 109, 1.0
61490.48203769276, 133, -1.0
61493.27905903915, 106, -1.0
61494.29289446086, 103, 1.0
61497.264751663555, 91, -1.0
61497.82202287647, 165, -1.0
61498.81883849987, 116, 1.0
61499.53093473111, 68, 1.0
61499.850291302166, 46, -1.0
61501.61115100126, 147, -1.0
61502.477989034676, 87, 1.0
61503.63909693674, 188, 1.0
61505.23581955273, 58, 1.0
61505.59023794198, 34, 1.0
61511.221685624245, 157, 1.0
61513.857880625685, 60, 1.0
61515.296173331415, 165, 1.0
61515.772319417985, 40, -1.0
61516.66742634402, 166, 1.0
61516.76951771426, 45, 1.0
61517.38419279509, 87, -1.0
61522.232413115446, 42, -1.0
61524.16260086495, 108, 1.0
61526.0872579417, 97, 1.0
61526.50581387322, 58, -1.0
61527.19522518873, 64, 1.0
61528.53110472076, 72, 1.0
61528.97967345266, 92, -1.0
61528.98123393897, 230, -1.0
61530.36461622094, 76, -1.0
61532.58982974855, 26, 1.0
61535.12312913923, 87, -1.0
61538.36761361804, 141, 1.0
61539.145126988675, 137, 1.0
61540.271547992554, 72, 1.0
61540.82172430341, 165, -1.0
61543.9254873186, 101, -1.0
61548.11970906551, 66, 1.0
61551.90166309963, 153, 1.0
61551.982938383386, 98, 1.0
61552.10796116989, 35, 1.0
61554.77903984803, 161, -1.0
61561.09167411768, 177, 1.0
61561.20108186474, 91, 1.0
61561.84590422342, 50, -1.0
61564.33984808274, 104, -1.0
61565.01328206875, 146, -1.0
61565.68893529998, 159, -1.0
61567.18811970068, 234, 1.0
61567.50330030163, 37, 1.0
61568.01832781576, 54, -1.0
61569.79454344947, 52, 1.0
61570.412076695604, 234, 1.0
61572.060310446104, 67, 1.0
61573.061424774874, 27, -1.0
61573.36785352461, 152, -1.0
61575.28993629428, 75, -1.0
61575.344643074335, 116, -1.0
61577.23576889213, 234, -1.0
61577.44311448852, 56, -1.0
61577.670012719616, 27, -1.0
61582.51753856801, 133, -1.0
61584.72884347578, 48, -1.0
61585.84585492059, 164, 1.0
61586.08325616242, 163, 1.0
61586.210725689016, 233, -1.0
61586.229308646216, 116, 1.0
61597.55207919366, 108, 1.0
61601.038316591264, 71, 1.0
61602.458837741935, 50, -1.0
61604.324098906734, 141, 1.0
61607.02302032683, 86, 1.0
61613.59275003758, 53, 1.0
61615.73559021162, 70, 1.0
61616.17589049939, 26, 1.0
61616.18260416742, 35, -1.0
61617.57213151991, 114, 1.0
61618.63689014803, 72, -1.0
61619.95813511143, 162, -1.0
61620.42139741746, 159, -1.0
61621.573013230474, 59, 1.0
61621.810817948935, 193, -1.0
61623.68171465603, 110, 1.0
61625.43358443076, 234, 1.0
61625.914658984344, 71, -1.0
61626.09953225592, 193, -1.0
61627.22149797234, 76, -1.0
61627.95444009206, 89, 1.0
61628.85200371199, 58, -1.0
61629.346359869734, 159, -1.0
61629.776091196385, 34, 1.0
61630.28681281213, 58, -1.0
61632.255737032, 68, -1.0
61634.52329723022, 59, 1.0
61636.9093328074, 83, -1.0
61638.44372857924, 58, -1.0
61638.46805511477, 234, -1.0
61639.60850175779, 142, -1.0
61643.483334618155, 28, 1.0
61644.21300479447, 146, 1.0
61644.45247090383, 44, 1.0
61644.460081188816, 142, 1.0
61645.165743049736, 160, -1.0
61648.432420884936, 31, -1.0
61649.71500550675, 95, -1.0
61653.72811848348, 58, 1.0
61654.17244397781, 101, -1.0
61654.18029185551, 103, -1.0
61657.79271643338, 163, -1.0
61657.87837111021, 152, 1.0
61658.438801349264, 158, 1.0
61661.759232457305, 167, 1.0
61663.6400926609, 99, -1.0
61665.626890410844, 157, 1.0
61666.769437979645, 59, -1.0
61670.82077240602, 80, -1.0
61671.456535992314, 142, 1.0
61671.69667945529, 108, -1.0
61672.43068789836, 40, -1.0
61673.558709807396, 163, 1.0
61673.877051462885, 124, 1.0
61677.03385690314, 103, -1.0
61679.316582581625, 50, -1.0
61680.229862820204, 161, 1.0
61683.89911459467, 165, -1.0
61685.25231497011, 81, -1.0
61689.45489054502, 158, 1.0
61690.135338151915, 60, -1.0
61690.55115320848, 40, 1.0
61691.275239645, 142, 1.0
61692.35434528142, 100, 1.0
61692.911541349415, 152, -1.0
61695.220589165685, 163, -1.0
61695.543288715315, 198, -1.0
61696.225635961506, 187, -1.0
61697.81294392075, 149, 1.0
61700.62780550639, 103, 1.0
61703.924914226096, 142, 1.0
61706.26421618593, 117, -1.0
61709.749377877684, 114, -1.0
61710.30047458568, 241, 1.0
61711.902350620265, 161, -1.0
61712.04403477783, 104, -1.0
61714.17022489303, 163, -1.0
61714.57002943841, 67, 1.0
61714.748658624456, 64, 1.0
61715.78521112327, 162, 1.0
61716.139016853514, 61, 1.0
61716.26942134922, 81, 1.0
61719.05020441312, 158, -1.0
61720.257591215064, 116, 1.0
61721.50488233551, 188, -1.0
61723.3955789855, 177, -1.0
61725.68902753055, 95, 1.0
61726.1887433778, 202, -1.0
61728.47091436449, 142, 1.0
61729.89532008329, 81, 1.0
61731.357666510514, 34, -1.0
61731.95707268898, 101, -1.0
61732.71430954459, 35, 1.0
61734.53898895536, 103, 1.0
61734.773706202934, 103, -1.0
61735.593005091345, 69, -1.0
61735.99101626617, 68, -1.0
61737.22701215098, 45, 1.0
61738.97775705241, 149, 1.0
61739.694613092244, 76, -1.0
61743.855945831136, 152, 1.0
61743.887703661625, 146, 1.0
61745.16102230458, 88, -1.0
61745.95149969998, 60, -1.0
61746.986698094624, 48, 1.0
61750.71506238323, 108, -1.0
61752.919781457604, 165, -1.0
61755.64933499172, 152, -1.0
61756.291431316204, 40, -1.0
61759.23398357905, 114, 1.0
61760.38366083437, 157, 1.0
61762.08334716523, 119, 1.0
61762.28860783805, 50, 1.0
61765.994783193644, 123, -1.0
61766.95405693066, 34, -1.0
61767.714786374934, 198, -1.0
61767.755547540655, 75, -1.0
61768.79286123607, 50, 1.0
61769.087392539644, 81, -1.0
61769.433208942035, 159, -1.0
61770.200517968726, 123, 1.0
61774.785414714635, 222, 1.0
61776.282800504785, 60, -1.0
61777.12926784871, 142, 1.0
61777.32655613042, 161, -1.0
61778.82338182284, 97, 1.0
61781.25744362383, 103, 1.0
61781.47023572941, 105, -1.0
61782.23839767385, 70, -1.0
61782.77118350182, 165, 1.0
61783.24077879505, 27, -1.0
61784.15470600501, 83, -1.0
61784.88767758389, 159, -1.0
61785.11186436601, 45, 1.0
61788.482746719324, 114, 1.0
61790.02606495721, 130, -1.0
61792.49208390661, 48, 1.0
61793.502529425554, 75, -1.0
61794.60442974311, 148, -1.0
61797.48437948714, 86, -1.0
61799.76655442398, 55, -1.0
61800.36534203564, 159, 1.0
61800.61381267485, 114, 1.0
61803.734360312876, 188, -1.0
61805.00788697021, 114, -1.0
61807.12934476036, 109, -1.0
61811.22941770546, 61, -1.0
61815.983660272555, 117, 1.0
61816.64372339904, 35, 1.0
61817.18476049493, 141, -1.0
61829.01115908747, 167, -1.0
61829.40864965833, 31, 1.0
61829.73187083309, 116, 1.0
61831.466876765866, 157, -1.0
61831.796245472775, 99, 1.0
61833.0955275109, 95, -1.0
61834.27845317156, 157, 1.0
61837.16726205014, 148, -1.0
61837.26522845709, 86, -1.0
61840.14567987628, 97, 1.0
61840.854423353245, 69, 1.0
61840.91425716749, 105, 1.0
61841.018824808, 32, -1.0
61842.18094781082, 58, -1.0
61843.030122939665, 29, 1.0
61846.31626258236, 75, -1.0
61848.484649950566, 228, 1.0
61850.48113011519, 83, 1.0
61851.23121872655, 88, -1.0
61851.94153078265, 84, -1.0
61852.24819128088, 34, 1.0
61857.16697907163, 33, 1.0
61858.78836977673, 163, -1.0
61859.99138439663, 45, 1.0
61860.261455814776, 114, -1.0
61860.40191418303, 137, -1.0
61862.24009441491, 71, -1.0
61865.252318402476, 39, -1.0
61866.020312959416, 167, -1.0
61867.94075627051, 162, -1.0
61868.78324286792, 177, 1.0
61871.37959640457, 146, 1.0
61871.83635400173, 149, -1.0
61874.20010951146, 111, 1.0
61876.265095328294, 142, 1.0
61879.17434534054, 75, 1.0
61879.351204043094, 93, -1.0
61881.05599063193, 68, 1.0
61881.7841087801, 60, 1.0
61881.84576524721, 93, -1.0
61883.16183716242, 177, 1.0
61886.151070627064, 29, -1.0
61892.322139593096, 67, -1.0
61894.25041647222, 58, -1.0
61897.372264492245, 103, 1.0
61898.015708169194, 119, 1.0
61898.96248274167, 157, -1.0
61899.796718943406, 234, -1.0
61901.995794135466, 167, -1.0
61905.084050690755, 84, -1.0
61907.06706249539, 26, -1.0
61910.35981010943, 103, -1.0
61912.48403563093, 75, 1.0
61912.90959499415, 75, -1.0
61913.21205757388, 100, -1.0
61913.45679300936, 153, -1.0
61914.99182993343, 90, -1.0
61915.63999424326, 40, 1.0
61915.843318375875, 234, 1.0
61916.46086282001, 142, 1.0
61917.55040816236, 170, -1.0
61917.64605407884, 182, 1.0
61923.32268565092, 116, 1.0
61925.84870562278, 65, 1.0
61927.006220706186, 83, -1.0
61928.79413141537, 59, 1.0
61929.94952199554, 43, -1.0
61931.59007657507, 89, 1.0
61937.19482019999, 52, 1.0
61937.552683941314, 33, -1.0
61938.03364665692, 53, 1.0
61939.44134196273, 54, 1.0
61939.69194511914, 33, 1.0
61942.20071734426, 146, 1.0
61948.01694995585, 35, 1.0
61949.31402349039, 35, 1.0
61949.47451419845, 116, 1.0
61949.690631141406, 141, -1.0
61950.955296826956, 42, -1.0
61956.16564929877, 45, -1.0
61957.871235328304, 166, -1.0
61960.0921659545, 126, -1.0
61960.22750377766, 110, 1.0
61961.74463527853, 105, 1.0
61962.216416218565, 59, 1.0
61965.38176266659, 111, -1.0
61973.37164605611, 56, -1.0
61973.46833637158, 117, 1.0
61974.77838704505, 68, 1.0
61975.42164462253, 142, 1.0
61978.53623352865, 92, -1.0
61979.974267635254, 130, -1.0
61980.02689645935, 137, 1.0
61981.77044860186, 166, -1.0
61982.47960567944, 93, -1.0
61984.18837368926, 148, -1.0
61986.785063141724, 193, -1.0
61990.55789516148, 177, -1.0
61990.84410856203, 58, 1.0
61992.434330630305, 71, 1.0
61993.352972933506, 45, -1.0
61993.40197032492, 112, 1.0
61996.48208482796, 123, 1.0
61997.486044716825, 41, -1.0
61998.18879386747, 44, 1.0
62000.943555585654, 114, 1.0
62001.51987932129, 28, 1.0
62001.580119857565, 222, 1.0
62002.03347155954, 100, 1.0
62002.76996470471, 119, -1.0
62003.334169961185, 141, 1.0
62006.82891412909, 188, -1.0
62007.41682113429, 31, 1.0
62009.33216497648, 147, -1.0
62009.817555928734, 163, 1.0
62010.981829121454, 72, -1.0
62011.61026641148, 193, -1.0
62012.858065456414, 234, 1.0
62013.657162376716, 187, -1.0
62018.01993005509, 35, -1.0
62018.02662934117, 61, 1.0
62021.45760695487, 81, 1.0
62022.2651604708, 133, -1.0
62023.027527324644, 26, 1.0
62024.712507812284, 235, 1.0
62026.45303533906, 113, -1.0
62031.18034839665, 141, 1.0
62031.45243064172, 26, 1.0
62033.098831677475, 35, -1.0
62034.6186781299, 34, 1.0
62038.17630340309, 71, 1.0
62038.27557215237, 75, -1.0
62039.037606255704, 193, -1.0
62042.15998244787, 116, -1.0
62043.99228575211, 71, -1.0
62045.47263174335, 165, -1.0
62047.73326677041, 152, -1.0
62047.925420548025, 149, 1.0
62048.33030800067, 83, 1.0
62049.94299360612, 34, -1.0
62051.36549881986, 80, -1.0
62051.51401713398, 148, 1.0
62052.07251243141, 167, -1.0
62054.92128579228, 162, 1.0
62062.55118840979, 68, 1.0
62063.38860254044, 29, 1.0
62066.53523148604, 41, -1.0
62067.084593177584, 46, -1.0
62067.21939064653, 34, -1.0
62067.37735595954, 188, -1.0
62067.398323160436, 72, 1.0
62068.06417126781, 54, -1.0
62069.65218199801, 84, -1.0
62070.38324725311, 60, 1.0
62071.6277694935, 130, -1.0
62072.85175546079, 29, 1.0
62074.19937098074, 34, 1.0
62079.27722287208, 114, -1.0
62079.503562376856, 105, 1.0
62081.84367891722, 163, -1.0
62082.80764473588, 142, 1.0
62083.21634553248, 35, -1.0
62086.13823688034, 44, 1.0
62087.23383911149, 113, -1.0
62088.351335564235, 35, -1.0
62088.746070540175, 31, 1.0
62090.734573749374, 69, -1.0
62092.25462755786, 50, 1.0
62093.826376298864, 161, 1.0
62095.636546228896, 116, 1.0
62095.91532760892, 103, -1.0
62097.796937100255, 45, -1.0
62102.29159267645, 107, 1.0
62102.406299843125, 92, 1.0
62104.00551651283, 188, -1.0
62105.11665865106, 106, 1.0
62105.63796907309, 123, -1.0
62105.92111448947, 161, 1.0
62106.30745469273, 87, -1.0
62106.87630021515, 83, 1.0
62107.609924032884, 31, -1.0
62108.46351091232, 52, -1.0
62109.01109042819, 123, 1.0
62115.92237030857, 107, -1.0
62117.22139463599, 59, 1.0
62117.42703229831, 177, 1.0
62117.85418812105, 95, -1.0
62118.76027166792, 83, -1.0
62121.86184853109, 76, -1.0
62122.845116613775, 129, -1.0
62126.24800554056, 169, -1.0
62127.77031788352, 75, 1.0
62128.41485772226, 97, 1.0
62128.93425884301, 101, 1.0
62129.35124434908, 65, -1.0
62130.844387540375, 67, -1.0
62133.062823253866, 119, -1.0
62135.18171253897, 198, 1.0
62135.411422683166, 29, -1.0
62136.744824731206, 120, -1.0
62137.241187469655, 107, -1.0
62138.936187620064, 167, 1.0
62139.58036930274, 153, 1.0
62140.05818402135, 171, -1.0
62143.20228259187, 114, -1.0
62143.34858043664, 152, -1.0
62145.57105935677, 27, 1.0
62148.41373976694, 166, 1.0
62152.40293032573, 198, -1.0
62152.47098501254, 141, 1.0
62152.72863926285, 58, -1.0
62154.85749802142, 162, -1.0
62155.36158116404, 58, 1.0
62156.42961865317, 81, 1.0
62157.31629967652, 97, 1.0
62157.55037103779, 61, -1.0
62159.37546125187, 34, 1.0
62159.85365166536, 108, 1.0
62160.08639065733, 116, -1.0
62160.33847057241, 59, 1.0
62160.360066021436, 142, 1.0
62160.77657159965, 163, -1.0
62165.96764700918, 32, -1.0
62166.066390409695, 198, -1.0
62174.646577390624, 151, -1.0
62174.69586748531, 93, -1.0
62175.35236089237, 87, 1.0
62178.723768514166, 104, 1.0
62180.85952213277, 41, -1.0
62182.492438835485, 27, 1.0
62182.982100672714, 198, -1.0
62183.0739362916, 161, -1.0
62184.29887538189, 146, 1.0
62187.11039503402, 153, -1.0
62187.88745023659, 83, 1.0
62190.25624827738, 177, 1.0
62190.94277514836, 58, -1.0
62195.85897740531, 36, 1.0
62197.3473315377, 43, 1.0
62199.44061654082, 41, -1.0
62200.446522465165, 43, 1.0
62201.15293805282, 48, 1.0
62202.51183469563, 68, 1.0
62208.81189812654, 101, -1.0
62210.07866188252, 75, -1.0
62211.76091070085, 67, 1.0
62217.423264884455, 142, -1.0
62218.52006827255, 163, -1.0
62222.477759605834, 107, -1.0
62226.50064967886, 100, 1.0
62227.3932078777, 29, -1.0
62227.67044771205, 198, 1.0
62228.70813168881, 101, -1.0
62231.77210255409, 230, -1.0
62232.870737490004, 103, 1.0
62234.74624162892, 167, 1.0
62235.44323701254, 101, 1.0
62238.64882299918, 105, -1.0
62242.109383228424, 141, 1.0
62243.03694110006, 70, -1.0
62245.35195684132, 142, 1.0
62246.777078149506, 33, 1.0
62246.80349106974, 87, 1.0
62252.28591357326, 92, 1.0
62254.30532419511, 177, -1.0
62254.66409147857, 177, -1.0
62256.97407303687, 70, -1.0
62257.009213588, 100, -1.0
62257.22419592718, 164, 1.0
62257.85272223419, 50, -1.0
62260.49852497189, 202, -1.0
62262.766927405355, 230, -1.0
62263.25472842388, 97, 1.0
62263.89782293654, 87, -1.0
62265.126477535385, 61, 1.0
62266.49827065296, 71, 1.0
62266.68240732525, 90, -1.0
62267.040903423986, 35, 1.0
62268.109792593445, 87, -1.0
62268.48614645352, 53, 1.0
62268.726034989966, 147, -1.0
62274.02883273429, 81, -1.0
62275.77375158497, 182, 1.0
62275.78426856255, 56, 1.0
62278.94439763058, 162, 1.0
62280.94339313899, 26, 1.0
62287.859911598825, 188, -1.0
62289.0863638941, 188, -1.0
62289.56982736331, 27, 1.0
62289.63976246129, 173, -1.0
62295.908383877235, 152, -1.0
62298.36567545627, 153, 1.0
62299.69521595028, 167, -1.0
62299.85598098008, 45, 1.0
62299.97067274193, 141, -1.0
62301.4875284851, 92, -1.0
62302.70288307753, 58, 1.0
62302.83706407052, 44, -1.0
62302.95642731039, 167, -1.0
62307.01057271391, 76, -1.0
62308.61075747134, 177, 1.0
62311.985635719764, 50, 1.0
62312.47533288312, 59, -1.0
62315.43943956821, 165, -1.0
62323.91217898642, 101, -1.0
62323.95834034191, 67, -1.0
62324.16637710568, 43, -1.0
62325.38994122445, 59, 1.0
62325.518575154274, 171, -1.0
62326.80810508749, 157, 1.0
62329.811586519616, 59, 1.0
62330.61109270563, 161, -1.0
62334.45989043786, 103, -1.0
62335.50626938586, 164, -1.0
62335.820653736315, 155, -1.0
62337.697913349046, 124, 1.0
62338.04338761042, 123, -1.0
62339.94955225314, 148, -1.0
62340.55708714825, 155, -1.0
62346.2120075129, 167, -1.0
62348.20219079026, 202, -1.0
62348.709369591525, 27, 1.0
62349.02519859665, 116, 1.0
62353.78434308588, 58, -1.0
62353.936393148484, 92, 1.0
62354.01567428976, 87, 1.0
62354.033058033194, 87, -1.0
62355.430360612794, 42, -1.0
62355.464210519116, 87, -1.0
62355.6890488838, 84, 1.0
62357.67981609122, 198, 1.0
62357.97356367664, 164, 1.0
62358.16127155701, 103, -1.0
62359.804273983966, 64, 1.0
62362.74726794207, 46, 1.0
62365.33978409036, 142, -1.0
62365.425144568806, 40, -1.0
62373.226037688575, 234, 1.0
62378.235179321375, 126, -1.0
62379.43249220843, 111, -1.0
62386.1348041333, 84, 1.0
62391.07844019315, 164, -1.0
62394.467749581716, 58, 1.0
62396.69189741226, 100, -1.0
62399.30351182014, 91, -1.0
62400.9598759528, 142, -1.0
62402.77107808362, 165, 1.0
62402.94824321472, 101, -1.0
62407.89909053585, 44, 1.0
62409.00334380763, 163, -1.0
62410.02782748859, 50, 1.0
62410.42841367866, 119, 1.0
62417.24953013353, 158, 1.0
62417.32238679924, 71, 1.0
62417.82093102849, 69, 1.0
62418.48867619609, 27, -1.0
62420.81437725767, 32, 1.0
62421.71934561234, 50, 1.0
62423.27494644883, 70, -1.0
62424.245389496275, 35, 1.0
62426.53071077442, 126, -1.0
62427.441557333674, 88, -1.0
62428.56392987741, 64, -1.0
62434.423399573585, 126, 1.0
62434.944501515354, 91, 1.0
62435.040655299155, 163, -1.0
62436.69649806409, 128, 1.0
62438.74557167247, 161, 1.0
62439.005824977, 137, -1.0
62439.58234356009, 58, 1.0
62440.97068893482, 50, -1.0
62441.18687673696, 76, -1.0
62443.43204404035, 33, -1.0
62448.60930634744, 198, 1.0
62449.28287085908, 142, -1.0
62451.02261041389, 59, 1.0
62452.51293953301, 230, -1.0
62454.41949646524, 116, 1.0
62456.153824385605, 29, 1.0
62456.616869114005, 103, -1.0
62456.709264192104, 149, 1.0
62457.8859366515, 69, 1.0
62464.25967850337, 75, 1.0
62466.31544559861, 35, 1.0
62468.18575276477, 75, -1.0
62468.58372158329, 97, 1.0
62469.566865048924, 98, 1.0
62469.66460913216, 34, 1.0
62472.085407340375, 75, 1.0
62472.99231605267, 35, -1.0
62474.30608194469, 163, -1.0
62476.4885009443, 153, -1.0
62480.09428287011, 88, -1.0
62481.98690717001, 92, -1.0
62482.35770029895, 87, -1.0
62483.49526017612, 108, -1.0
62484.02624275336, 153, -1.0
62484.70495571749, 122, 1.0
62486.7830297368, 142, 1.0
62488.53939516018, 241, -1.0
62489.065827516926, 69, -1.0
62489.256106602494, 147, 1.0
62489.49694012913, 81, 1.0
62489.52836104377, 126, -1.0
62493.30038382364, 105, 1.0
62493.5311124279, 45, 1.0
62497.75239927259, 99, -1.0
62501.570195110515, 86, 1.0
62502.5872285874, 32, -1.0
62503.03738203872, 34, 1.0
62508.989029771416, 67, 1.0
62509.73386958719, 152, 1.0
62511.63046242953, 103, -1.0
62513.13667636797, 99, -1.0
62513.26930890669, 88, -1.0
62514.449290508994, 65, -1.0
62515.10252360061, 100, 1.0
62523.85154834081, 114, -1.0
62525.279921391986, 159, 1.0
62525.39839713025, 75, -1.0
62531.519056886376, 146, -1.0
62531.64117077711, 152, -1.0
62537.91668728391, 31, 1.0
62541.29520363174, 64, -1.0
62544.454451891695, 71, 1.0
62547.11939270091, 93, -1.0
62547.51811065879, 59, 1.0
62547.785526963446, 99, -1.0
62548.37748852694, 111, -1.0
62549.315360771594, 158, -1.0
62550.15907376902, 83, 1.0
62550.94364141115, 119, -1.0
62551.41996432708, 92, -1.0
62552.91653779429, 86, 1.0
62557.24106134342, 157, 1.0
62559.90762374806, 114, 1.0
62565.78499005583, 83, 1.0
62567.36790645006, 164, 1.0
62568.92781369534, 75, -1.0
62570.85887066029, 58, 1.0
62571.15891984616, 126, 1.0
62571.275941719025, 150, 1.0
62571.655930211884, 60, 1.0
62571.688409788054, 36, -1.0
62572.537905543075, 42, -1.0
62576.759029841356, 27, 1.0
62579.295769796816, 106, -1.0
62581.77776276872, 152, -1.0
62581.81205162489, 98, 1.0
62586.25712841021, 69, 1.0
62586.33905099729, 126, -1.0
62586.42625667025, 39, -1.0
62587.85692105378, 87, 1.0
62589.16675749298, 61, -1.0
62589.31873275106, 165, 1.0
62589.85756862142, 29, -1.0
62590.935833388845, 50, 1.0
62600.883101992404, 31, -1.0
62602.19186407276, 116, 1.0
62602.317537189636, 99, 1.0
62607.048239964686, 52, 1.0
62607.096125296004, 34, 1.0
62607.60351795295, 162, -1.0
62617.50080944886, 167, 1.0
62618.777507105, 117, 1.0
62619.77233374143, 86, -1.0
62619.93472475603, 68, 1.0
62623.679213230585, 149, -1.0
62624.25675649115, 84, -1.0
62628.549579737504, 37, 1.0
62630.05139276387, 67, -1.0
62631.32912874599, 100, 1.0
62632.60782568234, 100, -1.0
62633.05353518802, 88, 1.0
62633.566115471134, 32, 1.0
62635.39993767244, 73, 1.0
62637.4715203153, 162, 1.0
62639.528683397686, 126, 1.0
62640.163961649116, 50, 1.0
62640.20530809698, 33, 1.0
62642.684646346985, 116, -1.0
62643.07408165095, 235, -1.0
62644.14660182753, 53, -1.0
62644.69951367249, 161, 1.0
62645.83603810571, 35, 1.0
62647.347883444265, 75, -1.0
62647.38448542201, 170, -1.0
62649.03629647533, 160, -1.0
62650.750642680854, 222, 1.0
62653.46328241211, 99, 1.0
62656.34682008797, 170, -1.0
62656.640647943015, 235, 1.0
62656.93568041572, 114, 1.0
62658.83513303689, 73, 1.0
62659.27261502466, 146, 1.0
62662.311255893146, 75, -1.0
62663.50056139139, 41, -1.0
62665.21236914093, 53, -1.0
62666.25847502593, 100, -1.0
62670.336583154865, 67, -1.0
62672.142378015546, 31, -1.0
62675.14091001321, 165, 1.0
62676.01558489262, 58, -1.0
62677.25548034243, 81, 1.0
62677.570144215555, 40, 1.0
62679.60525635121, 188, 1.0
62680.20935913322, 104, -1.0
62680.24477990939, 87, -1.0
62680.95613171662, 126, 1.0
62684.44839686628, 32, 1.0
62687.94759424774, 130, -1.0
62688.1594858826, 116, -1.0
62688.63120487494, 45, -1.0
62689.09718958071, 75, 1.0
62694.305342220636, 45, 1.0
62694.30910337356, 118, -1.0
62696.54508088526, 71, -1.0
62698.218399434685, 67, -1.0
62698.98519067835, 147, 1.0
62699.59584646888, 82, 1.0
62700.89718595277, 146, 1.0
62702.2861984691, 165, 1.0
62705.77068839968, 101, -1.0
62706.781497845965, 177, -1.0
62712.65035254193, 35, 1.0
62714.84605750187, 59, 1.0
62715.041584716426, 53, -1.0
62720.909577561484, 113, -1.0
62721.17517928197, 133, 1.0
62725.198880650285, 75, 1.0
62726.61016164617, 71, 1.0
62727.760037662214, 27, 1.0
62727.992904936415, 67, 1.0
62729.03794660646, 32, -1.0
62729.17802212097, 68, 1.0
62730.54150486895, 116, -1.0
62730.82540842041, 80, 1.0
62734.40456244502, 123, 1.0
62734.43485759383, 72, 1.0
62739.48365222515, 114, 1.0
62741.927846245264, 81, 1.0
62745.56825415134, 230, 1.0
62745.95353671234, 50, -1.0
62753.36515625392, 97, 1.0
62758.93695773739, 101, -1.0
62760.718635032594, 163, -1.0
62762.460739496295, 71, -1.0
62762.52443151054, 44, -1.0
62764.27613840411, 40, 1.0
62765.04866529379, 86, 1.0
62766.429533668044, 55, -1.0
62767.560482142864, 114, -1.0
62768.13439340332, 62, 1.0
62771.05276938699, 28, -1.0
62773.1732593885, 160, -1.0
62776.99747367086, 114, 1.0
62777.43165582143, 139, -1.0
62779.689713648935, 34, 1.0
62780.04229588676, 163, -1.0
62781.733474135915, 110, 1.0
62787.099496716684, 116, -1.0
62790.591348851725, 35, -1.0
62792.2099594964, 99, -1.0
62794.466033897355, 81, 1.0
62795.899250885945, 67, -1.0
62798.8972739379, 48, 1.0
62799.16069896905, 50, 1.0
62799.72185939919, 75, 1.0
62804.6369513712, 119, 1.0
62804.73147865409, 41, -1.0
62804.959271926244, 133, -1.0
62806.15310556383, 161, 1.0
62807.33136987401, 106, -1.0
62808.50331200064, 116, 1.0
62811.423537247894, 26, 1.0
62812.13367802583, 167, 1.0
62812.62607364631, 98, -1.0
62813.09572810037, 41, -1.0
62813.61335130706, 53, -1.0
62814.17630242028, 162, 1.0
62816.22572771964, 56, -1.0
62817.6251997936, 81, -1.0
62818.295865880726, 75, 1.0
62818.86110372164, 95, -1.0
62819.25611634611, 50, -1.0
62819.356391095556, 36, -1.0
62820.308146189986, 58, 1.0
62825.52120757605, 105, -1.0
62835.648434810246, 70, -1.0
62838.09417633979, 29, -1.0
62838.30609075832, 98, 1.0
62839.39223924521, 113, -1.0
62843.88296287266, 159, 1.0
62845.57324126191, 82, 1.0
62846.35502358587, 60, -1.0
62846.81534435686, 182, -1.0
62849.75407408437, 105, -1.0
62852.095126910135, 198, 1.0
62853.66926389872, 137, 1.0
62854.4734070998, 153, 1.0
62854.48774030521, 67, 1.0
62856.00570195151, 91, -1.0
62859.506172837406, 102, -1.0
62859.870768984045, 188, -1.0
62859.91535515713, 163, -1.0
62860.148560962174, 142, 1.0
62860.983929777896, 157, -1.0
62863.151646176964, 169, 1.0
62863.88449902068, 128, 1.0
62864.50445935926, 45, 1.0
62866.95964874421, 116, 1.0
62867.67107575355, 202, -1.0
62870.63396930699, 71, -1.0
62871.5670922775, 59, 1.0
62874.58772774814, 241, -1.0
62877.280730257604, 35, 1.0
62878.66836014695, 75, -1.0
62878.88863520003, 53, 1.0
62879.363891568726, 148, 1.0
62881.48093019038, 98, -1.0
62881.83324126402, 133, -1.0
62882.54977092267, 80, 1.0
62887.05769150441, 61, -1.0
62889.31985946931, 164, -1.0
62889.70201046157, 71, 1.0
62890.675951229416, 222, 1.0
62890.76353387684, 114, -1.0
62891.414820188555, 162, -1.0
62891.78763279314, 87, 1.0
62892.02831311254, 112, -1.0
62893.33497087187, 35, -1.0
62893.62982394673, 198, 1.0
62894.512619050445, 162, -1.0
62895.092685765514, 133, -1.0
62895.56265461103, 99, 1.0
62900.4557599911, 202, -1.0
62901.596639067764, 97, -1.0
62903.3675562347, 101, 1.0
62908.05292733585, 171, 1.0
62908.96985837733, 52, 1.0
62910.09302509425, 97, 1.0
62910.66949291659, 58, -1.0
62911.25569667612, 70, -1.0
62911.7629690845, 148, -1.0
62912.162817886834, 152, -1.0
62913.36658359481, 72, -1.0
62916.229270788084, 53, 1.0
62917.820122378194, 128, 1.0
62919.71700114448, 187, -1.0
62920.76017992539, 35, 1.0
62922.63504973042, 230, -1.0
62924.98128320398, 45, -1.0
62925.15143070607, 39, 1.0
62926.37024591049, 46, -1.0
62926.687247465525, 146, 1.0
62927.119813546364, 165, 1.0
62927.85001078004, 173, -1.0
62929.56511420786, 81, -1.0
62934.28429079913, 148, -1.0
62936.35476302395, 158, -1.0
62939.57452133545, 162, 1.0
62940.34411329471, 114, -1.0
62942.9425387254, 61, -1.0
62943.07701157444, 168, 1.0
62944.60776314173, 182, -1.0
62947.771289115124, 34, 1.0
62948.98466112338, 152, -1.0
62949.25314022252, 34, -1.0
62949.698061122894, 64, -1.0
62950.128683186005, 100, -1.0
62952.30178088335, 155, -1.0
62953.05847138558, 73, 1.0
62953.57336658145, 164, 1.0
62954.172003808475, 40, -1.0
62954.27406852839, 58, 1.0
62956.876525372776, 164, 1.0
62957.66084322117, 59, 1.0
62958.29929895611, 153, 1.0
62959.09389523762, 35, -1.0
62960.89266704931, 116, 1.0
62963.998113302005, 116, -1.0
62965.0847785488, 137, 1.0
62966.505160634755, 164, 1.0
62968.024124086376, 210, -1.0
62970.785238059034, 148, 1.0
62971.06909884068, 126, -1.0
62972.312080962256, 105, -1.0
62972.656155169105, 71, 1.0
62974.854137704446, 27, 1.0
62976.374001529155, 123, -1.0
62979.63935815021, 164, 1.0
62980.02089843167, 188, -1.0
62981.357286011014, 65, -1.0
62983.16721827842, 76, -1.0
62985.38847783569, 71, 1.0
62985.9756650313, 29, 1.0
62986.30708679641, 89, -1.0
62986.73220263789, 94, -1.0
62987.023533546046, 101, -1.0
62987.25563254718, 75, -1.0
62994.39475808776, 45, 1.0
62996.39705664679, 88, -1.0
62997.555600975604, 67, -1.0
62998.31697806402, 90, 1.0
62998.43647276916, 142, 1.0
62998.53216674167, 86, 1.0
63005.00464786683, 235, -1.0
63006.79113388429, 50, -1.0
63009.03613934034, 40, -1.0
63010.56784796911, 114, -1.0
63011.34846056266, 100, 1.0
63011.49013474434, 34, 1.0
63014.15622374535, 104, -1.0
63014.97768630872, 177, -1.0
63025.304753553246, 87, -1.0
63025.4306790929, 87, -1.0
63025.82480140895, 202, -1.0
63026.90526042361, 99, -1.0
63029.164799268474, 202, -1.0
63031.43387791678, 76, -1.0
63034.63621100306, 142, -1.0
63035.19005663815, 180, -1.0
63037.25149043322, 87, -1.0
63037.447402674086, 58, -1.0
63039.23159623774, 165, -1.0
63044.526873679846, 148, -1.0
63046.467430495606, 29, 1.0
63049.90817752805, 151, -1.0
63050.52403295381, 167, -1.0
63051.56670155031, 43, -1.0
63051.76331786438, 85, 1.0
63052.31945770308, 35, 1.0
63053.56597522854, 164, 1.0
63059.61006128654, 109, 1.0
63060.94807325592, 34, 1.0
63061.5647431375, 90, -1.0
63062.565767691434, 163, -1.0
63063.7767868225, 84, 1.0
63064.66984172722, 109, 1.0
63065.27475641295, 141, 1.0
63073.58895222625, 149, -1.0
63074.572234855514, 60, 1.0
63074.823926584715, 27, -1.0
63077.16688201048, 155, -1.0
63079.73096726049, 65, 1.0
63080.23176301066, 165, 1.0
63081.10285369453, 99, 1.0
63081.15745212976, 101, -1.0
63081.699929664974, 114, 1.0
63081.96412117985, 34, 1.0
63083.83243569401, 99, 1.0
63085.63257759533, 75, 1.0
63086.69291008648, 146, 1.0
63091.744491765196, 158, 1.0
63092.06445315615, 80, -1.0
63093.104981589815, 39, -1.0
63093.860574422666, 124, -1.0
63094.057803125586, 233, 1.0
63095.227917693264, 148, -1.0
63095.399472816716, 141, -1.0
63096.47331857451, 159, -1.0
63096.712566789516, 159, 1.0
63097.81591734139, 97, 1.0
63103.57509340707, 100, -1.0
63110.88674276458, 155, 1.0
63116.26032351374, 146, 1.0
63116.504368314956, 31, -1.0
63116.61623376802, 149, -1.0
63119.01761993039, 95, 1.0
63120.70988866079, 103, -1.0
63121.45673740746, 34, -1.0
63121.49598728757, 119, -1.0
63124.62615300725, 130, -1.0
63125.96145010467, 43, 1.0
63131.77638603193, 35, 1.0
63131.79988278588, 133, -1.0
63132.79600273749, 72, 1.0
63132.84026743235, 75, 1.0
63135.723267121284, 100, -1.0
63138.78116301623, 105, -1.0
63139.05221584611, 29, 1.0
63139.21632635558, 32, 1.0
63139.61077566182, 113, -1.0
63141.264537120835, 30, -1.0
63141.31919018002, 130, -1.0
63143.6387222395, 59, 1.0
63148.483640844075, 40, -1.0
63152.89823365451, 100, 1.0
63153.174917586555, 120, -1.0
63154.81182453613, 74, -1.0
63155.03976304678, 167, 1.0
63159.017366912085, 82, 1.0
63159.82047398108, 40, -1.0
63161.10111638403, 142, -1.0
63161.77654889595, 35, -1.0
63163.97269205963, 114, -1.0
63167.028187914926, 161, -1.0
63169.73773758261, 104, -1.0
63170.03258767797, 31, 1.0
63171.590066824225, 171, 1.0
63172.26556291152, 159, -1.0
63172.29669086434, 153, -1.0
63176.453492857574, 230, -1.0
63177.1016464603, 54, -1.0
63180.69550295265, 105, -1.0
63180.912223803665, 61, -1.0
63180.99267414388, 68, -1.0
63182.586749068956, 32, 1.0
63182.73523481439, 35, 1.0
63186.760550158055, 137, 1.0
63187.31197599605, 105, -1.0
63192.49161886458, 149, 1.0
63192.784305661065, 234, 1.0
63195.64513397582, 158, -1.0
63197.42787477465, 29, 1.0
63201.42305473391, 163, -1.0
63201.47375246105, 163, -1.0
63202.08121633165, 41, -1.0
63204.658759725615, 146, 1.0
63205.114802986296, 152, 1.0
63205.56380839507, 149, 1.0
63207.12463692405, 35, -1.0
63208.682529283295, 93, -1.0
63210.78310790973, 81, 1.0
63213.19422599826, 162, 1.0
63213.47809701258, 202, -1.0
63216.62832001329, 130, 1.0
63217.34244297794, 42, -1.0
63218.31187052111, 152, 1.0
63220.500509121186, 58, -1.0
63224.78676761799, 99, 1.0
63225.37844282353, 108, -1.0
63227.2270725314, 116, 1.0
63227.991937005485, 234, 1.0
63228.7254913881, 84, 1.0
63228.734139988585, 119, -1.0
63229.9927650486, 85, 1.0
63230.18065079539, 90, 1.0
63230.57159901358, 153, -1.0
63230.86859080943, 71, 1.0
63231.0867848262, 83, 1.0
63234.442537465016, 56, -1.0
63234.946412838326, 198, 1.0
63238.61561541803, 59, 1.0
63241.68944613991, 62, -1.0
63241.979818024905, 90, -1.0
63242.1013751018, 37, -1.0
63242.352908446104, 99, -1.0
63243.18890332409, 48, 1.0
63249.419692586576, 98, -1.0
63250.48227767023, 177, -1.0
63250.60448166779, 87, -1.0
63252.032028444424, 37, 1.0
63252.489025318486, 58, -1.0
63255.63827971396, 45, 1.0
63255.71712844944, 111, -1.0
63259.64625881747, 27, 1.0
63262.59711833743, 81, 1.0
63263.159589904855, 106, -1.0
63267.39479640442, 34, 1.0
63268.964429709966, 82, -1.0
63270.50981621565, 56, -1.0
63271.34645765524, 83, 1.0
63271.48670993563, 108, -1.0
63272.7534277818, 230, 1.0
63278.06537655347, 75, -1.0
63279.347521989446, 95, -1.0
63280.26728998725, 70, -1.0
63280.84308187479, 126, -1.0
63281.121513420054, 44, -1.0
63281.65626646746, 126, -1.0
63283.486352573425, 100, -1.0
63288.41234946503, 93, 1.0
63288.715837015305, 157, -1.0
63293.593124024985, 157, -1.0
63294.128434644226, 167, 1.0
63294.82519696521, 141, 1.0
63297.61310821815, 193, 1.0
63299.12674184938, 60, -1.0
63303.84344180792, 36, 1.0
63306.237190654065, 158, -1.0
63307.395397661734, 124, -1.0
63309.22876147469, 123, -1.0
63309.23558163565, 88, -1.0
63315.36528328416, 98, 1.0
63315.53610685215, 146, -1.0
63316.50320242783, 146, -1.0
63317.774686876975, 58, 1.0
63318.14581184968, 233, -1.0
63319.4165731683, 34, 1.0
63322.77737269895, 72, -1.0
63324.22226437464, 113, -1.0
63325.13141545115, 37, -1.0
63326.60362151732, 35, 1.0
63327.40031579916, 34, -1.0
63329.58450438344, 130, -1.0
63330.84327401023, 88, -1.0
63331.00292620555, 116, -1.0
63332.559019808104, 104, 1.0
63336.51891504017, 165, -1.0
63344.490053583846, 166, 1.0
63344.64334790091, 44, -1.0
63345.853284910234, 107, -1.0
63346.16280841865, 75, -1.0
63346.695359079575, 155, 1.0
63346.94932882795, 112, 1.0
63347.03794507306, 105, 1.0
63350.94291985516, 45, -1.0
63354.55133808354, 99, 1.0
63354.73982544032, 105, 1.0
63356.63004113038, 45, 1.0
63357.46506051138, 148, -1.0
63359.483822344206, 27, -1.0
63359.93131748761, 162, 1.0
63361.427822661724, 173, -1.0
63361.646151160836, 165, 1.0
63362.159260870496, 71, -1.0
63362.94600820726, 177, -1.0
63366.36665805892, 167, -1.0
63367.10164286239, 130, -1.0
63367.870776504715, 76, -1.0
63367.898210242, 109, 1.0
63370.89577851471, 80, -1.0
63372.04845545501, 71, 1.0
63374.25366953405, 159, -1.0
63375.71105370544, 42, 1.0
63377.0654048652, 163, -1.0
63377.07551624682, 81, 1.0
63378.3382479137, 100, -1.0
63380.323908129496, 99, -1.0
63382.05796082135, 142, 1.0
63386.577882422476, 40, 1.0
63387.45970686674, 163, -1.0
63387.6575905109, 103, 1.0
63389.41748971516, 52, 1.0
63390.59793164683, 100, 1.0
63390.83838442809, 165, 1.0
63393.010092231285, 81, -1.0
63394.35694615407, 65, -1.0
63396.00705062902, 160, -1.0
63396.772988295714, 154, 1.0
63397.58367164061, 40, 1.0
63398.96407814197, 165, 1.0
63399.42433818092, 59, -1.0
63399.86664537112, 152, -1.0
63400.49079004399, 188, -1.0
63401.27415441329, 43, 1.0
63404.67981577996, 36, -1.0
63411.96375892628, 146, 1.0
63412.536151052445, 112, 1.0
63412.7867391949, 109, 1.0
63413.3602946319, 130, 1.0
63413.50444457716, 163, -1.0
63414.69037190758, 101, -1.0
63417.63006487866, 26, 1.0
63419.64622862665, 81, -1.0
63421.387262491364, 51, 1.0
63427.430293617974, 42, -1.0
63428.57299320368, 70, -1.0
63431.13745266363, 35, 1.0
63431.18701987933, 87, 1.0
63432.63247699893, 82, -1.0
63434.93025648059, 123, -1.0
63435.25123739759, 167, -1.0
63437.34972991137, 155, -1.0
63440.166008029475, 198, 1.0
63443.80159313376, 114, 1.0
63444.42282674761, 84, 1.0
63450.65697455681, 87, -1.0
63453.438044071096, 34, 1.0
63453.86874696999, 87, -1.0
63456.19944456497, 230, 1.0
63464.98270698204, 152, -1.0
63465.693162895586, 177, -1.0
63469.06857481525, 75, -1.0
63469.11414851366, 163, 1.0
63470.67730031029, 81, -1.0
63472.759819722385, 71, -1.0
63473.63928903143, 177, -1.0
63473.918531488154, 234, -1.0
63475.11509445388, 142, 1.0
63475.64519235084, 100, -1.0
63476.30924728498, 159, 1.0
63476.80516755181, 101, -1.0
63478.65268076333, 94, -1.0
63480.17632638483, 128, 1.0
63480.793812886346, 148, -1.0
63483.3779103581, 34, 1.0
63483.69203591922, 165, -1.0
63486.05389699137, 146, 1.0
63488.307502319454, 76, -1.0
63488.710826617644, 158, 1.0
63489.20327966008, 105, -1.0
63489.22002610683, 41, -1.0
63490.39129249733, 41, -1.0
63491.85960488422, 160, -1.0
63493.6123518543, 106, -1.0
63499.3004977068, 34, -1.0
63499.678272675876, 153, -1.0
63500.86374803833, 110, -1.0
63501.4355430179, 142, -1.0
63503.865041760495, 114, -1.0
63503.889042471266, 81, 1.0
63505.06575546321, 97, 1.0
63506.66927721308, 45, 1.0
63506.75428170899, 74, -1.0
63507.77165444272, 111, -1.0
63509.74056833439, 28, 1.0
63511.187254198725, 119, -1.0
63516.04747048048, 113, -1.0
63524.00364938277, 162, -1.0
63524.22558206089, 75, -1.0
63524.59825030116, 72, 1.0
63525.15377322118, 58, -1.0
63528.93914387482, 54, -1.0
63530.20326060274, 58, 1.0
63531.96623472986, 40, -1.0
63532.846222410895, 29, -1.0
63533.83065728741, 104, 1.0
63536.088048932535, 149, -1.0
63537.10745422021, 36, -1.0
63538.39404653729, 28, 1.0
63538.6610096952, 177, 1.0
63542.63050209721, 28, 1.0
63545.33902906833, 164, -1.0
63545.512083466645, 33, -1.0
63546.02461346933, 101, -1.0
63546.754953519056, 148, -1.0
63547.56512092026, 42, 1.0
63547.80085771326, 34, 1.0
63552.1527838519, 116, -1.0
63556.17898615813, 61, 1.0
63559.42940985129, 97, 1.0
63559.820118382486, 234, 1.0
63560.746875036675, 162, 1.0
63561.0859407272, 59, 1.0
63562.358547619544, 75, -1.0
63562.60324206437, 76, -1.0
63563.93970550244, 155, 1.0
63566.224899967645, 108, -1.0
63566.82294475343, 75, -1.0
63566.96476591127, 83, -1.0
63569.60307091646, 35, -1.0
63571.4039786865, 87, -1.0
63571.844139406065, 100, -1.0
63576.74036689576, 126, -1.0
63576.86864329779, 180, -1.0
63577.39760141207, 113, -1.0
63581.20738750091, 233, -1.0
63581.46585930827, 58, -1.0
63581.920291197726, 109, 1.0
63582.94731139156, 111, 1.0
63582.97212671696, 113, -1.0
63584.25904684372, 76, -1.0
63587.438356174374, 187, -1.0
63587.49266457932, 80, -1.0
63589.44279981888, 97, 1.0
63594.71418817204, 28, -1.0
63595.55714436855, 70, 1.0
63595.75739833505, 72, 1.0
63595.936609576245, 167, 1.0
63596.858905363435, 32, -1.0
63597.48318406789, 169, 1.0
63598.072980313256, 81, 1.0
63599.78049430088, 148, 1.0
63599.91789770845, 48, -1.0
63601.1284128371, 71, 1.0
63602.63084077725, 116, 1.0
63603.64661247056, 53, -1.0
63605.21240586086, 165, -1.0
63605.95654359991, 54, 1.0
63606.72564950896, 103, -1.0
63610.2501729979, 50, 1.0
63611.226156581804, 161, 1.0
63615.44107157517, 81, -1.0
63616.29900542126, 74, -1.0
63619.35080889067, 27, -1.0
63619.69894858425, 26, 1.0
63619.93474894379, 101, 1.0
63620.54819607509, 71, -1.0
63621.94890814077, 109, -1.0
63625.83911935847, 90, -1.0
63631.558699127105, 146, 1.0
63631.70783556636, 161, 1.0
63632.801487308985, 173, -1.0
63635.74611713063, 59, 1.0
63636.498527356394, 165, -1.0
63638.65143522062, 35, 1.0
63641.27099038803, 109, 1.0
63642.38364836345, 166, 1.0
63644.716155754075, 198, -1.0
63644.90587287224, 46, 1.0
63648.31507541444, 83, -1.0
63648.90284738978, 146, 1.0
63650.05613986765, 133, 1.0
63650.39402944964, 113, -1.0
63650.66286789623, 241, -1.0
63651.43804994925, 193, -1.0
63651.570262021116, 83, 1.0
63651.95393780997, 35, -1.0
63652.129512825566, 126, -1.0
63653.75013254753, 36, 1.0
63657.61956429339, 198, 1.0
63657.76405953207, 235, -1.0
63659.46191219555, 101, 1.0
63660.39339902186, 44, 1.0
63660.45500978231, 101, -1.0
63660.59021648959, 233, -1.0
63662.72231670789, 161, -1.0
63664.97934160297, 74, -1.0
63667.56895680589, 68, -1.0
63667.82352774253, 126, -1.0
63668.65833638099, 75, 1.0
63670.87636412268, 44, 1.0
63671.427443536, 59, 1.0
63672.97054769918, 39, -1.0
63673.53911965669, 141, 1.0
63674.16055058589, 222, 1.0
63682.122342631286, 58, -1.0
63682.53640407508, 123, -1.0
63683.80021581765, 35, 1.0
63694.025595302875, 119, -1.0
63694.59587448286, 76, -1.0
63694.9198961942, 165, -1.0
63695.4915875248, 152, -1.0
63695.94474010276, 58, 1.0
63696.10280512323, 148, -1.0
63699.35407089087, 92, -1.0
63700.548912523416, 165, 1.0
63701.84668465256, 167, -1.0
63701.86568839362, 163, 1.0
63702.416760988286, 92, -1.0
63703.20825122912, 92, -1.0
63703.54524330991, 161, 1.0
63703.920863778534, 106, -1.0
63704.066566496054, 34, -1.0
63706.388867024696, 117, 1.0
63708.686559790214, 108, -1.0
63710.18433165725, 60, -1.0
63710.203607029856, 75, -1.0
63712.565690890704, 153, 1.0
63713.16688693018, 46, -1.0
63713.91522586323, 40, -1.0
63715.55013448834, 146, -1.0
63715.74491459151, 94, 1.0
63719.03969160974, 235, 1.0
63719.70324047634, 107, -1.0
63720.32244794089, 76, -1.0
63720.44629004177, 105, -1.0
63720.48237617992, 81, -1.0
63725.03521749965, 153, -1.0
63728.7484287432, 71, 1.0
63729.41777334462, 74, -1.0
63730.76164913003, 146, -1.0
63731.320015576, 198, 1.0
63732.69229618784, 141, 1.0
63733.54333115757, 152, 1.0
63737.41157506467, 177, -1.0
63738.15631203371, 100, -1.0
63741.13910713272, 59, 1.0
63742.81462931086, 53, 1.0
63742.81591469175, 35, -1.0
63748.26398709496, 130, -1.0
63749.55232313507, 100, 1.0
63749.81761634126, 42, 1.0
63752.199662000094, 33, -1.0
63752.26725271264, 81, -1.0
63753.2887059726, 64, -1.0
63755.60012325932, 72, -1.0
63755.97251710607, 75, -1.0
63756.19296659604, 133, -1.0
63761.34557867645, 68, 1.0
63763.46938937852, 34, 1.0
63764.785674849845, 146, 1.0
63765.25272937679, 177, 1.0
63765.97839620824, 35, 1.0
63766.123557425366, 60, -1.0
63769.93696681187, 86, -1.0
63776.030188696925, 133, -1.0
63776.03685189832, 167, 1.0
63777.094726953794, 148, 1.0
63777.776048030646, 29, 1.0
63777.840882989825, 163, 1.0
63778.31909677033, 58, 1.0
63779.02275999634, 75, -1.0
63783.674260256535, 88, -1.0
63784.22207378931, 84, 1.0
63784.924699824136, 75, -1.0
63785.147033999114, 100, 1.0
63785.38850042839, 69, 1.0
63786.900519915485, 114, -1.0
63790.55709271923, 87, 1.0
63791.4580707426, 53, 1.0
63791.88644222822, 52, -1.0
63793.646227599755, 91, -1.0
63798.05308729103, 87, 1.0
63799.23489811899, 116, 1.0
63802.77503311377, 53, 1.0
63803.26210334221, 84, -1.0
63803.89986780857, 53, 1.0
63804.92359414534, 233, -1.0
63808.42725528703, 198, -1.0
63810.5516330559, 26, 1.0
63812.11818848468, 44, 1.0
63813.43368443928, 116, -1.0
63816.57560003071, 164, -1.0
63817.20258426145, 40, 1.0
63817.66219786695, 116, 1.0
63818.159423187586, 56, 1.0
63822.02178761086, 35, 1.0
63824.60357194658, 146, 1.0
63825.41444309574, 58, -1.0
63827.66027337781, 130, -1.0
63829.893559366494, 97, 1.0
63831.32999585559, 164, -1.0
63833.867619384786, 81, -1.0
63835.30482511856, 65, -1.0
63835.31937877401, 171, -1.0
63838.08459206514, 100, -1.0
63838.10888101392, 167, -1.0
63839.06189933878, 146, 1.0
63839.80800350874, 103, -1.0
63843.980559975724, 41, -1.0
63847.63581108425, 148, 1.0
63852.016755890196, 92, 1.0
63853.16468922002, 87, -1.0
63854.036162638426, 87, -1.0
63854.176268934956, 45, 1.0
63858.44556807104, 108, -1.0
63860.97477901065, 116, -1.0
63861.706141153925, 75, -1.0
63869.11873482703, 44, -1.0
63869.916039156305, 68, 1.0
63870.491140592865, 52, -1.0
63874.77957062464, 149, 1.0
63877.52531152314, 90, -1.0
63878.32911551389, 157, 1.0
63878.96354570351, 88, 1.0
63880.18199696046, 82, 1.0
63882.10499130901, 177, -1.0
63884.07454197198, 74, -1.0
63884.68807166536, 29, -1.0
63884.85648355513, 116, -1.0
63887.27617126045, 67, -1.0
63887.30300775035, 45, -1.0
63889.06769756175, 101, -1.0
63893.09883300252, 37, -1.0
63894.731194213935, 90, 1.0
63894.75572728589, 29, -1.0
63895.25884807146, 44, 1.0
63901.449632904136, 114, 1.0
63906.423013100575, 75, 1.0
63909.03638565438, 114, -1.0
63909.11477267081, 159, 1.0
63909.366346998126, 50, -1.0
63915.53016248082, 116, 1.0
63918.61557764033, 45, 1.0
63918.85956810829, 84, 1.0
63921.21152268505, 114, 1.0
63923.20547202526, 84, 1.0
63928.53270531562, 33, -1.0
63928.80197793641, 98, 1.0
63929.0284662049, 45, -1.0
63930.08676902283, 114, -1.0
63930.186062012064, 87, 1.0
63930.20568018103, 100, 1.0
63930.94727906103, 34, 1.0
63933.797486355805, 36, 1.0
63936.15574325953, 32, 1.0
63938.13482352886, 45, -1.0
63938.473738775596, 92, 1.0
63938.72176913937, 163, -1.0
63938.90240540235, 116, -1.0
63940.67613244055, 87, -1.0
63944.72668709074, 130, 1.0
63949.136923044774, 142, 1.0
63949.566142148156, 61, -1.0
63950.04380618861, 234, 1.0
63951.423595589964, 59, -1.0
63951.823805769396, 149, 1.0
63954.823761905776, 133, -1.0
63955.82759950478, 42, 1.0
63959.6223975306, 139, -1.0
63960.0197437694, 149, -1.0
63960.21789584181, 198, 1.0
63960.86833095764, 83, -1.0
63962.77338585964, 114, 1.0
63964.08674411383, 173, -1.0
63967.34461094264, 235, -1.0
63969.24369799026, 120, -1.0
63971.34347652335, 165, -1.0
63971.504149960034, 98, -1.0
63972.19245685154, 99, -1.0
63972.321416562976, 100, -1.0
63973.30907797464, 126, 1.0
63973.611837405755, 106, 1.0
63974.49891257899, 89, 1.0
63975.681376113935, 101, -1.0
63981.771687711924, 105, -1.0
63984.19903616893, 146, 1.0
63987.39922005634, 86, -1.0
63988.21462981082, 120, -1.0
63990.7013010641, 36, -1.0
63990.85956523989, 133, -1.0
63991.36834219359, 81, 1.0
63992.559437127005, 32, 1.0
63993.03892936534, 123, -1.0
63993.847820954514, 35, 1.0
63994.69734637063, 155, 1.0
63997.1664182198, 61, -1.0
64002.88372136387, 34, 1.0
64003.0057374384, 105, 1.0
64003.38967243102, 116, 1.0
64004.02879111974, 81, 1.0
64004.497016427675, 157, -1.0
64005.084172425835, 142, 1.0
64005.486557055185, 80, -1.0
64006.09421544744, 66, 1.0
64006.661427169805, 188, -1.0
64008.299700679076, 75, 1.0
64009.28864203488, 101, -1.0
64013.402686903406, 46, 1.0
64014.97181077828, 116, -1.0
64015.77029175294, 81, -1.0
64017.27029822405, 116, 1.0
64017.37630539631, 85, 1.0
64021.89955617503, 60, 1.0
64021.919705813096, 198, 1.0
64025.90582215086, 84, 1.0
64027.74693922201, 43, 1.0
64027.85176544437, 163, -1.0
64028.745026052966, 34, 1.0
64029.4230439051, 62, -1.0
64029.73479710657, 30, -1.0
64031.276346051745, 67, -1.0
64033.19789911923, 165, -1.0
64034.644556183295, 35, 1.0
64036.85667833155, 133, -1.0
64036.96684032968, 40, -1.0
64037.009454043044, 123, 1.0
64038.904739800775, 114, 1.0
64039.87462713555, 75, -1.0
64046.28468828684, 148, 1.0
64047.513054680174, 182, -1.0
64048.9535202416, 113, -1.0
64050.623453045235, 146, 1.0
64057.10872431003, 166, 1.0
64058.96888019434, 91, -1.0
64059.90702466318, 198, -1.0
64062.157779372115, 35, 1.0
64063.59807791464, 31, -1.0
64063.88773923996, 63, 1.0
64064.988322231424, 60, -1.0
64065.74654718573, 89, -1.0
64066.567501183294, 75, -1.0
64067.01019488296, 235, -1.0
64068.310250461465, 71, -1.0
64069.901701719755, 69, 1.0
64073.174192745806, 198, 1.0
64073.63727045896, 162, 1.0
64074.64657884811, 116, 1.0
64076.821452335265, 64, -1.0
64077.15823150586, 106, -1.0
64077.964348081456, 146, 1.0
64078.2320122078, 105, -1.0
64082.84446660963, 126, 1.0
64082.88612519832, 146, -1.0
64083.77343385429, 34, -1.0
64084.83329690053, 230, -1.0
64086.31075200228, 92, -1.0
64087.71121654348, 105, 1.0
64090.21371117214, 32, 1.0
64091.207821418364, 130, 1.0
64091.9408335427, 60, -1.0
64092.403122607786, 110, -1.0
64093.68279185162, 167, -1.0
64095.28695280155, 168, 1.0
64095.386753651095, 75, -1.0
64101.2724318196, 152, -1.0
64103.16646495742, 68, -1.0
64106.86012054807, 33, 1.0
64107.15552518002, 71, -1.0
64111.66285220043, 165, -1.0
64113.44024041528, 108, -1.0
64115.61119594645, 103, -1.0
64115.96821449831, 116, 1.0
64118.1732892347, 58, -1.0
64118.56873661268, 50, -1.0
64120.531095758786, 94, 1.0
64121.37179143378, 58, -1.0
64121.53733773356, 241, 1.0
64121.79961248948, 40, 1.0
64122.42438141588, 146, 1.0
64124.01566715711, 59, -1.0
64124.52920706823, 105, -1.0
64126.78386111474, 133, 1.0
64130.05474458526, 83, 1.0
64131.67413333868, 169, -1.0
64131.789036646194, 160, -1.0
64132.3070858325, 31, 1.0
64132.35199337615, 133, -1.0
64132.57267262906, 84, 1.0
64132.57891281183, 233, 1.0
64134.5177620071, 153, 1.0
64136.69320117274, 84, 1.0
64140.16630588532, 141, -1.0
64140.478432118005, 165, -1.0
64140.751572892346, 167, 1.0
64141.695282950255, 73, 1.0
64141.91883437798, 142, 1.0
64143.50680213413, 88, -1.0
64145.62809418715, 193, -1.0
64145.71974388794, 91, 1.0
64149.31151197734, 40, -1.0
64152.322774916385, 161, 1.0
64153.07588667971, 54, -1.0
64154.167487949235, 45, -1.0
64154.44823279491, 128, 1.0
64156.439358762174, 163, -1.0
64158.007882938786, 59, -1.0
64158.54223297588, 142, 1.0
64158.757326814644, 82, -1.0
64159.38182855417, 29, -1.0
64161.288733676476, 75, -1.0
64162.559345659676, 167, -1.0
64164.13703807848, 70, -1.0
64164.584971983146, 83, 1.0
64164.82789698808, 31, -1.0
64165.99417647259, 98, 1.0
64166.16839630353, 165, -1.0
64166.44624780822, 165, -1.0
64170.4842424965, 162, 1.0
64172.81277164022, 58, 1.0
64173.07659643514, 29, -1.0
64173.33348024463, 72, -1.0
64173.69604398721, 82, -1.0
64174.78563666259, 117, 1.0
64176.68965780606, 105, -1.0
64177.4139986157, 64, 1.0
64181.94150579352, 68, -1.0
64183.72483812702, 97, 1.0
64185.1847113525, 92, 1.0
64189.3596648179, 124, 1.0
64190.047988880964, 81, -1.0
64194.889179314625, 53, 1.0
64195.21283989844, 59, 1.0
64196.4545009735, 32, 1.0
64197.12246254377, 59, -1.0
64198.04049415854, 42, -1.0
64198.07120898301, 75, -1.0
64198.67026812811, 40, -1.0
64204.45355378845, 45, 1.0
64205.21620449411, 35, 1.0
64207.599446081826, 123, -1.0
64207.96641371989, 116, 1.0
64209.307185575344, 113, -1.0
64210.54383615799, 100, -1.0
64210.98705619797, 163, -1.0
64212.2645117213, 164, -1.0
64214.10690308481, 146, -1.0
64214.500834845014, 50, -1.0
64214.57988150152, 69, 1.0
64215.909505594405, 99, -1.0
64217.27363241048, 84, 1.0
64222.39027061346, 75, -1.0
64222.53310321378, 146, 1.0
64223.45227248231, 75, -1.0
64224.44270001247, 120, -1.0
64224.46362014195, 101, -1.0
64225.00558342771, 70, -1.0
64226.34585765175, 133, 1.0
64230.355624705364, 101, 1.0
64230.69982871492, 37, -1.0
64234.07732196222, 162, 1.0
64237.409598240585, 124, -1.0
64237.491370350974, 53, -1.0
64239.07687860407, 34, 1.0
64239.23764680486, 234, -1.0
64240.648940474166, 94, 1.0
64240.68644388616, 198, 1.0
64242.35397005183, 120, -1.0
64243.59698034574, 82, -1.0
64244.84241276032, 60, -1.0
64247.305200758194, 198, 1.0
64248.88039718011, 58, -1.0
64251.294150466434, 93, 1.0
64252.48196869364, 80, -1.0
64252.743258551345, 45, -1.0
64254.04297073394, 26, 1.0
64256.66190139113, 94, 1.0
64256.879372826, 58, -1.0
64257.22072899107, 146, -1.0
64257.23593301534, 61, -1.0
64260.77064553012, 26, 1.0
64262.578249212085, 157, -1.0
64269.8442957667, 114, -1.0
64270.89956963923, 67, -1.0
64272.16381730347, 50, 1.0
64272.67986646327, 31, -1.0
64272.98715074601, 162, 1.0
64282.75892443124, 45, 1.0
64285.74912973797, 54, 1.0
64286.813659722015, 103, 1.0
64286.95907426035, 160, 1.0
64287.7248082796, 72, -1.0
64287.97873835886, 84, 1.0
64289.038158702075, 152, -1.0
64290.04300083511, 75, -1.0
64291.80297278271, 126, -1.0
64291.88333499641, 163, -1.0
64292.614586718904, 173, -1.0
64293.731279870786, 58, 1.0
64297.38218967162, 120, -1.0
64300.07882742608, 115, -1.0
64301.24129091027, 34, -1.0
64302.798081388915, 35, 1.0
64304.404589217265, 68, 1.0
64309.67013683055, 29, -1.0
64310.01617441208, 71, -1.0
64310.12761068214, 128, 1.0
64310.41964320257, 160, 1.0
64312.409613902084, 34, 1.0
64313.4587710667, 32, -1.0
64317.95477247334, 166, -1.0
64319.94084681102, 108, 1.0
64326.72438154669, 26, 1.0
64327.0917455719, 31, -1.0
64328.23912801754, 116, 1.0
64330.37295602525, 34, -1.0
64331.41115638011, 193, 1.0
64331.81050816288, 110, 1.0
64335.574773761735, 108, -1.0
64338.54833602387, 114, 1.0
64343.17663995946, 61, -1.0
64343.86047597695, 166, 1.0
64346.08371331377, 162, 1.0
64347.64020817076, 142, -1.0
64348.21227489795, 59, -1.0
64353.297407215556, 100, 1.0
64353.78147820908, 130, -1.0
64356.00346498302, 87, 1.0
64358.165491094995, 179, -1.0
64358.738234368924, 177, -1.0
64358.83511202842, 46, 1.0
64359.51423310319, 160, -1.0
64362.92873267124, 152, -1.0
64363.30190440692, 83, 1.0
64363.49517156515, 119, 1.0
64364.58316179559, 113, -1.0
64365.36527423982, 165, 1.0
64365.803611790754, 157, 1.0
64365.807586494295, 106, 1.0
64365.82463049704, 177, 1.0
64366.257778013576, 56, 1.0
64366.76537939579, 70, -1.0
64368.36403620193, 165, 1.0
64369.46719997516, 53, 1.0
64369.911484279655, 94, -1.0
64369.9807249228, 73, 1.0
64372.55691437611, 87, -1.0
64376.26577143902, 177, -1.0
64377.57321202218, 27, -1.0
64380.903783378424, 61, -1.0
64380.943939213226, 163, -1.0
64388.27393460639, 67, 1.0
64392.40802721491, 64, 1.0
64393.01959242427, 146, 1.0
64393.13777947068, 53, -1.0
64393.184582192, 177, -1.0
64394.79448337764, 75, -1.0
64394.93776839674, 40, -1.0
64395.51233765898, 114, -1.0
64396.197790647675, 165, 1.0
64398.58019514107, 142, -1.0
64399.511975832684, 155, -1.0
64401.73937089041, 182, -1.0
64404.61830289823, 142, -1.0
64406.219196761056, 70, 1.0
64414.64190528216, 75, 1.0
64414.78112433338, 98, 1.0
64421.88720411949, 142, 1.0
64424.42005582231, 90, -1.0
64428.062295032025, 60, 1.0
64430.65698079473, 110, 1.0
64433.354100809585, 230, -1.0
64433.723922250545, 53, -1.0
64435.75465760939, 159, 1.0
64440.262630601675, 103, -1.0
64440.95321817345, 162, 1.0
64441.19386918864, 44, 1.0
64444.895130379315, 177, -1.0
64445.25053984723, 100, -1.0
64445.43051499918, 162, -1.0
64446.85243457786, 58, 1.0
64449.705888076285, 99, 1.0
64450.21509650159, 100, 1.0
64451.86942170654, 55, -1.0
64457.95564669035, 58, -1.0
64459.08169531515, 32, 1.0
64460.96721854628, 108, -1.0
64462.00796811622, 130, 1.0
64462.75993708592, 34, 1.0
64464.89715733338, 100, -1.0
64465.80481337064, 148, -1.0
64467.57621569165, 83, -1.0
64469.00704003769, 151, 1.0
64471.68325238578, 87, -1.0
64474.43684686498, 111, 1.0
64475.05244635952, 101, -1.0
64475.7611760462, 67, -1.0
64476.97586058223, 116, -1.0
64481.17689747071, 139, -1.0
64483.56285466967, 146, 1.0
64487.517105846506, 164, 1.0
64488.93458733634, 234, 1.0
64492.671854110464, 58, 1.0
64494.57544453894, 142, 1.0
64495.20912861656, 40, -1.0
64495.63329285805, 170, -1.0
64495.67469495929, 124, -1.0
64496.0003182156, 165, 1.0
64498.04942738423, 193, -1.0
64498.64458843195, 84, 1.0
64499.089355965014, 99, -1.0
64499.93792170497, 67, 1.0
64500.28449832152, 164, 1.0
64504.56662865234, 104, -1.0
64505.097641855034, 99, 1.0
64509.36177288504, 105, 1.0
64510.62495735715, 53, -1.0
64511.38350136616, 93, -1.0
64513.42011381075, 100, 1.0
64513.73999314871, 67, 1.0
64515.54207004942, 69, -1.0
64517.25676960726, 41, -1.0
64518.36892572167, 70, -1.0
64519.85671392294, 112, -1.0
64523.971710715574, 80, -1.0
64527.65970727948, 110, -1.0
64529.52724518337, 116, -1.0
64531.573419653025, 153, 1.0
64532.03434977505, 116, 1.0
64537.524962975294, 103, 1.0
64542.725902842336, 29, -1.0
64545.06838358909, 158, -1.0
64549.91706949786, 29, -1.0
64551.452697457564, 55, -1.0
64551.757070881715, 152, -1.0
64551.8143366237, 202, -1.0
64553.645102059396, 42, -1.0
64555.04222325437, 29, -1.0
64556.08742839768, 35, -1.0
64557.90836190665, 101, -1.0
64558.03335681993, 165, -1.0
64559.920447062555, 165, -1.0
64559.96345391929, 35, -1.0
64561.24093473689, 53, -1.0
64566.441041452454, 31, -1.0
64567.10213383907, 58, -1.0
64570.4025028257, 98, -1.0
64571.10818494413, 81, 1.0
64572.67988102983, 128, 1.0
64573.08820813442, 202, -1.0
64574.56875601959, 103, 1.0
64575.737375419856, 68, 1.0
64576.7321563592, 233, -1.0
64577.19966060229, 27, 1.0
64577.74402140991, 169, -1.0
64579.52438854393, 67, -1.0
64579.852210734665, 165, -1.0
64579.92714644989, 123, 1.0
64584.12720971392, 159, 1.0
64584.48533370013, 82, -1.0
64584.87685665354, 68, -1.0
64584.943644774845, 92, 1.0
64585.538469494255, 72, 1.0
64585.74578344232, 69, 1.0
64589.023257198285, 118, -1.0
64589.1768303315, 44, -1.0
64593.16983343801, 166, -1.0
64593.32072009703, 75, -1.0
64594.8760492571, 164, 1.0
64598.11121526843, 161, 1.0
64601.60989082745, 32, 1.0
64601.692972485245, 103, -1.0
64606.71226049973, 162, 1.0
64607.05868833725, 83, 1.0
64607.08940023183, 43, -1.0
64611.516087912496, 36, 1.0
64612.17760853351, 42, -1.0
64613.87294980629, 86, -1.0
64616.21972525612, 162, 1.0
64616.965112916165, 60, 1.0
64619.44901706885, 50, -1.0
64619.71788153229, 152, 1.0
64619.765414150825, 116, 1.0
64620.29896998529, 68, 1.0
64620.50347414179, 153, -1.0
64621.56603810083, 165, 1.0
64624.40670439392, 56, 1.0
64624.55052715854, 35, 1.0
64626.09698032803, 128, 1.0
64627.98166410748, 58, -1.0
64629.23637354145, 50, -1.0
64630.59368950684, 71, 1.0
64631.90980597286, 123, -1.0
64632.62533194506, 120, 1.0
64633.00304898799, 111, 1.0
64633.09937026559, 116, 1.0
64633.104272248114, 26, -1.0
64634.07273102529, 142, -1.0
64637.490131269355, 116, -1.0
64640.001312597604, 86, 1.0
64641.983126830644, 64, -1.0
64643.302024497716, 166, -1.0
64645.93016890396, 64, 1.0
64646.24019206936, 98, 1.0
64648.935119299, 27, 1.0
64653.46127029063, 27, 1.0
64654.06823418189, 81, 1.0
64655.54221386413, 119, 1.0
64655.8897256169, 100, 1.0
64658.13986429484, 71, -1.0
64660.99625604039, 66, -1.0
64661.96976334564, 40, -1.0
64663.84941158768, 193, -1.0
64666.593689574824, 44, -1.0
64666.60025635815, 58, -1.0
64667.114710094385, 40, 1.0
64667.66274226945, 61, -1.0
64668.268410607096, 164, -1.0
64670.269635742836, 75, 1.0
64671.25745777823, 105, 1.0
64674.105411447024, 142, 1.0
64674.92111889746, 165, -1.0
64675.5155637258, 164, 1.0
64677.01281063745, 110, -1.0
64677.846441880945, 41, -1.0
64679.485289334065, 148, 1.0
64680.817023203555, 54, -1.0
64681.0539585443, 35, -1.0
64681.948550632915, 105, 1.0
64683.28251207395, 233, 1.0
64683.49417498067, 71, -1.0
64684.89165148616, 103, -1.0
64687.332151322385, 60, 1.0
64687.864768524785, 84, 1.0
64688.64830006667, 35, -1.0
64688.721493562625, 111, 1.0
64691.20193856901, 165, 1.0
64691.3538366777, 40, 1.0
64692.43864422581, 111, -1.0
64693.67610024524, 52, -1.0
64693.8175719487, 103, 1.0
64695.15951303447, 198, 1.0
64696.94897560216, 103, -1.0
64698.04614746016, 52, 1.0
64698.90556708888, 148, -1.0
64699.73367908806, 60, -1.0
64702.60179245405, 155, -1.0
64702.81467861327, 71, -1.0
64702.90292620176, 230, 1.0
64703.72673931562, 87, -1.0
64705.21385842519, 48, 1.0
64706.215454567326, 241, 1.0
64707.48674639847, 235, -1.0
64707.68225718065, 83, -1.0
64710.51996901522, 45, 1.0
64710.56436396283, 161, -1.0
64713.05400663433, 111, -1.0
64713.33836725953, 75, -1.0
64715.10938737111, 35, 1.0
64719.06887712206, 188, -1.0
64719.464404931685, 30, -1.0
64723.171424408094, 29, 1.0
64724.429499284306, 50, 1.0
64728.502785371515, 32, 1.0
64729.29776053966, 161, -1.0
64730.73428824312, 163, -1.0
64732.05063371571, 182, 1.0
64732.14307296388, 83, 1.0
64732.285241712954, 105, -1.0
64732.453048415584, 35, 1.0
64733.18609223575, 90, 1.0
64734.660063405325, 105, -1.0
64739.49783467232, 87, -1.0
64740.48628933607, 108, 1.0
64740.55392347103, 44, 1.0
64740.56338416438, 164, -1.0
64742.9268658213, 130, -1.0
64744.460580240026, 141, -1.0
64744.59027452244, 103, 1.0
64746.98251150317, 27, 1.0
64748.08561759698, 72, 1.0
64748.449580056025, 94, -1.0
64750.055228189296, 153, 1.0
64750.69323406473, 162, -1.0
64750.86331489204, 148, -1.0
64751.098994480795, 36, 1.0
64754.2274470817, 152, -1.0
64757.966244753006, 67, -1.0
64758.35850344937, 116, -1.0
64759.00363532035, 105, -1.0
64760.749087549295, 45, 1.0
64761.109391517624, 105, -1.0
64761.42258091984, 98, 1.0
64764.36489604096, 75, 1.0
64765.13068612657, 81, -1.0
64767.16304743374, 60, 1.0
64767.9959229925, 97, 1.0
64769.53645458789, 71, -1.0
64770.36295417418, 53, 1.0
64770.439037435346, 149, 1.0
64779.35267855709, 73, 1.0
64779.42849614823, 68, 1.0
64785.537029366125, 63, 1.0
64789.07399158768, 165, -1.0
64790.733374359246, 163, -1.0
64791.109517970355, 173, -1.0
64792.7344549961, 234, 1.0
64793.2199771831, 177, -1.0
64794.536793730746, 71, -1.0
64798.237844143136, 162, 1.0
64799.449267025644, 177, -1.0
