39602.04130236522, 233, -1.0
39603.648587391035, 104, 1.0
39604.139003510085, 40, -1.0
39604.82954121624, 40, 1.0
39605.61245592752, 119, -1.0
39606.832093626734, 162, 1.0
39607.05604253779, 114, 1.0
39608.07902184944, 222, 1.0
39609.0958604688, 165, -1.0
39610.477814130616, 154, 1.0
39611.49580591348, 152, -1.0
39612.12640802288, 68, -1.0
39612.265800522044, 45, -1.0
39612.63799887565, 44, 1.0
39612.84905094671, 81, -1.0
39613.83218707365, 56, -1.0
39616.454548361886, 101, -1.0
39617.610332124896, 165, 1.0
39617.8382018376, 117, -1.0
39622.2295486475, 70, 1.0
39622.24421154693, 105, 1.0
39623.12428117595, 28, -1.0
39623.49919253788, 165, -1.0
39623.59502390242, 126, 1.0
39624.52859775335, 193, -1.0
39627.09163308582, 158, -1.0
39627.518410295015, 160, 1.0
39627.66972985264, 164, 1.0
39627.868902733826, 75, 1.0
39631.006245716206, 149, -1.0
39631.649111000566, 210, -1.0
39631.6625709969, 146, 1.0
39632.612823999996, 84, -1.0
39632.983866186994, 45, -1.0
39634.52535159122, 159, 1.0
39635.63490490236, 36, -1.0
39636.61411008325, 75, 1.0
39636.84941464598, 109, 1.0
39636.866664269284, 113, -1.0
39637.121194299965, 173, -1.0
39637.262221927034, 165, 1.0
39637.837656123775, 80, -1.0
39638.358602670785, 108, -1.0
39638.89584685706, 105, -1.0
39639.22667470372, 152, -1.0
39639.68462596797, 68, -1.0
39640.705448672146, 110, -1.0
39641.411944887084, 101, 1.0
39641.661535385836, 35, -1.0
39642.153404794764, 165, -1.0
39642.772660394716, 61, 1.0
39643.540375612494, 83, -1.0
39644.02270739946, 69, 1.0
39645.81813794297, 48, -1.0
39646.419712957475, 105, -1.0
39648.791818898724, 124, -1.0
39650.64852164495, 34, 1.0
39650.64989035597, 242, -1.0
39653.540354083656, 148, 1.0
39654.53483335578, 155, -1.0
39655.360626679874, 159, 1.0
39655.512127492715, 210, -1.0
39656.36881440679, 84, -1.0
39658.49002566512, 157, -1.0
39658.73263068121, 44, -1.0
39660.136623292135, 106, -1.0
39660.58653331907, 230, 1.0
39660.72749712796, 193, -1.0
39661.622983273344, 149, -1.0
39661.73639060331, 59, -1.0
39662.39125820926, 137, -1.0
39666.30229115094, 147, -1.0
39666.79651226755, 80, -1.0
39667.19510617592, 68, 1.0
39670.38460087564, 233, -1.0
39670.58721849824, 158, -1.0
39671.53361900082, 116, -1.0
39672.79548483447, 182, 1.0
39672.89205278965, 126, -1.0
39678.03620114985, 105, -1.0
39679.743685396075, 116, 1.0
39680.63423716597, 103, 1.0
39681.695481468734, 71, -1.0
39683.425673174526, 89, 1.0
39684.031143895496, 80, 1.0
39685.39075716502, 50, 1.0
39688.80994197306, 105, 1.0
39691.94368675483, 40, -1.0
39692.00033212285, 101, -1.0
39692.65952955384, 59, -1.0
39694.858102820916, 153, -1.0
39696.31911501472, 72, 1.0
39697.19285674179, 228, -1.0
39697.25876868216, 160, -1.0
39697.707624929055, 95, 1.0
39698.317371144054, 119, -1.0
39699.259696923014, 198, -1.0
39699.99827426288, 48, 1.0
39700.43069918781, 58, 1.0
39704.90930298755, 149, -1.0
39705.71017713212, 69, -1.0
39705.938613691855, 35, -1.0
39707.62813386324, 100, 1.0
39708.55671751805, 87, 1.0
39710.03967319697, 117, 1.0
39710.61696236414, 169, -1.0
39715.613403354066, 90, -1.0
39717.78742472925, 48, -1.0
39722.13567268812, 234, 1.0
39723.04202222472, 154, 1.0
39723.26607470624, 58, 1.0
39723.690434524084, 34, -1.0
39723.87079208073, 72, 1.0
39724.56895239198, 163, -1.0
39725.42428681392, 230, 1.0
39726.44597374086, 58, -1.0
39727.37260967681, 126, 1.0
39728.923762059625, 148, 1.0
39729.66394876838, 130, -1.0
39729.706258449376, 137, 1.0
39737.57299585493, 228, 1.0
39738.17983977034, 29, -1.0
39739.39360586147, 152, -1.0
39742.982952270584, 103, 1.0
39743.22276002946, 142, -1.0
39743.606455566114, 32, -1.0
39743.87651602453, 182, 1.0
39744.84285342153, 94, -1.0
39746.70489367205, 67, -1.0
39747.68158552215, 27, 1.0
39749.44189583155, 95, 1.0
39749.7064219572, 114, 1.0
39749.85105876887, 146, -1.0
39750.61215448071, 81, -1.0
39752.46167227093, 65, -1.0
39752.50312624352, 103, -1.0
39752.53291419218, 89, 1.0
39752.91943866806, 110, -1.0
39755.385501402714, 103, -1.0
39756.23728415292, 34, -1.0
39757.77048619576, 100, -1.0
39758.14484377853, 105, -1.0
39760.7747219337, 159, 1.0
39761.56620227232, 48, -1.0
39764.09512495382, 71, -1.0
39764.31805349587, 65, 1.0
39765.347949793395, 177, -1.0
39766.27706400614, 101, 1.0
39766.69107478311, 71, 1.0
39769.313787365645, 90, -1.0
39769.902342105655, 155, 1.0
39770.09630924319, 155, 1.0
39770.21368398745, 59, -1.0
39772.471050251545, 154, 1.0
39772.67646793049, 130, -1.0
39774.283699772466, 95, 1.0
39774.30024823027, 114, -1.0
39777.58582785408, 161, -1.0
39778.22333554455, 198, 1.0
39778.56761913521, 58, -1.0
39778.70517683663, 99, -1.0
39779.19679405453, 75, -1.0
39781.14760893025, 228, 1.0
39782.329646856866, 119, -1.0
39782.81156172827, 116, 1.0
39783.51343004224, 122, 1.0
39783.75608511988, 114, -1.0
39787.1753004764, 54, -1.0
39789.543755316765, 74, -1.0
39790.414648960716, 26, 1.0
39791.1872535237, 67, 1.0
39791.2939573516, 58, -1.0
39791.70665761421, 97, 1.0
39791.74081169429, 34, -1.0
39792.397802149404, 60, 1.0
39793.745842722965, 65, 1.0
39793.76378288797, 228, 1.0
39796.72808527838, 101, 1.0
39796.91910428244, 58, 1.0
39798.783610944796, 63, 1.0
39802.81751866723, 58, -1.0
39803.53985572872, 104, -1.0
39804.7652797646, 73, -1.0
39804.768207572415, 39, 1.0
39805.373113402806, 165, 1.0
39805.73336883723, 234, 1.0
39806.05037811442, 109, -1.0
39806.894012452445, 75, 1.0
39807.67067355532, 222, 1.0
39809.28493460622, 126, 1.0
39809.42429563824, 110, -1.0
39810.18788731649, 67, -1.0
39811.10617973905, 87, 1.0
39813.201786876154, 182, 1.0
39814.551586002264, 119, 1.0
39815.570355728545, 126, -1.0
39816.14243089566, 153, -1.0
39816.47495161343, 71, -1.0
39817.40944568646, 155, 1.0
39822.337204514035, 27, 1.0
39822.91168670255, 48, -1.0
39823.725813258105, 162, 1.0
39824.701370952294, 141, 1.0
39824.83428135125, 114, -1.0
39826.805714384405, 235, 1.0
39829.94134079798, 87, -1.0
39830.53335241528, 169, 1.0
39830.65394024645, 58, 1.0
39831.470798975, 169, 1.0
39832.38968423311, 142, 1.0
39832.67168062393, 162, 1.0
39833.81585424718, 114, 1.0
39835.551544439004, 171, -1.0
39836.37573643652, 149, -1.0
39836.65382978514, 60, -1.0
39836.89016092486, 163, -1.0
39837.47361565816, 152, 1.0
39837.60641191892, 69, -1.0
39838.1322159023, 82, 1.0
39839.36196376731, 71, -1.0
39839.81647460707, 103, -1.0
39840.58585453893, 198, 1.0
39841.554466528745, 56, -1.0
39843.63869679576, 87, 1.0
39844.15627417235, 97, 1.0
39844.95873177386, 152, -1.0
39845.737340102394, 152, 1.0
39845.875917437406, 39, 1.0
39846.67979923815, 177, -1.0
39847.19310661755, 165, 1.0
39848.00981025294, 97, -1.0
39849.7977303929, 160, 1.0
39850.34908697489, 164, 1.0
39850.79621895838, 68, 1.0
39850.97877075828, 62, 1.0
39851.99538854641, 169, 1.0
39852.36341865303, 88, -1.0
39852.44365356886, 80, 1.0
39853.17268064509, 154, -1.0
39855.581793538404, 34, 1.0
39856.24342203442, 113, 1.0
39857.29028790523, 76, -1.0
39858.3620515204, 43, 1.0
39858.41880937191, 93, -1.0
39858.68465313813, 109, -1.0
39860.120823717356, 68, -1.0
39860.30182481688, 114, -1.0
39860.62539464963, 114, 1.0
39861.51443728679, 230, 1.0
39865.15610499632, 40, 1.0
39865.53016233136, 88, 1.0
39866.17216200565, 90, -1.0
39866.551148746636, 123, -1.0
39866.95620545308, 130, 1.0
39867.82908774247, 73, -1.0
39870.54072950637, 56, -1.0
39871.15537935553, 56, -1.0
39871.77411589166, 188, -1.0
39876.969069303406, 158, -1.0
39877.20743612055, 105, -1.0
39877.92729688228, 81, -1.0
39877.97360626278, 94, 1.0
39879.774799951796, 105, 1.0
39880.38732335952, 102, -1.0
39880.7898035163, 72, 1.0
39880.951046488546, 51, -1.0
39882.16631681192, 113, -1.0
39887.75079463356, 104, 1.0
39889.30755896197, 171, -1.0
39890.45862338565, 72, -1.0
39890.897548865745, 34, 1.0
39891.20679278805, 123, -1.0
39892.188572195395, 114, -1.0
39892.378855933726, 62, 1.0
39894.82888125227, 87, 1.0
39895.12850888728, 71, 1.0
39895.90620895083, 100, 1.0
39896.78545978522, 72, 1.0
39897.8881986153, 95, -1.0
39898.02533652269, 64, -1.0
39898.5097199064, 161, -1.0
39899.977613483854, 165, -1.0
39902.72691579465, 40, 1.0
39904.61130701405, 163, 1.0
39906.29852570664, 161, -1.0
39907.2262375566, 56, -1.0
39907.54162367278, 58, -1.0
39909.13326147389, 162, 1.0
39910.96049254823, 81, -1.0
39911.43560821701, 241, 1.0
39912.89682728653, 26, 1.0
39913.32977146001, 102, 1.0
39915.095563079594, 75, -1.0
39915.55642920945, 101, 1.0
39917.60303275014, 152, -1.0
39920.05834259084, 37, -1.0
39922.14078299787, 50, -1.0
39926.48263480515, 45, -1.0
39927.286654528514, 58, -1.0
39927.70746123016, 67, 1.0
39928.106127348765, 149, -1.0
39928.96093787083, 56, -1.0
39930.26184267135, 56, -1.0
39932.31492502147, 94, -1.0
39933.38992406924, 87, 1.0
39933.86656592824, 230, 1.0
39934.311084196335, 165, 1.0
39936.00720108037, 161, -1.0
39937.358537813765, 152, -1.0
39937.448116421365, 62, -1.0
39937.93109655781, 163, -1.0
39938.75693017671, 27, 1.0
39938.80744876622, 98, 1.0
39939.87288518818, 76, -1.0
39940.07882993899, 103, -1.0
39940.80237374581, 130, -1.0
39944.32425774221, 67, 1.0
39944.37411057493, 50, -1.0
39945.0380211531, 105, 1.0
39945.06415748286, 61, 1.0
39945.17579014991, 165, 1.0
39949.46826690078, 120, -1.0
39950.148207355036, 28, -1.0
39950.85255620157, 182, -1.0
39951.317530350076, 154, 1.0
39951.948588695835, 116, -1.0
39953.29038208245, 59, 1.0
39956.45510612419, 33, 1.0
39956.50203573123, 50, 1.0
39958.3447332515, 146, 1.0
39958.59184292467, 86, -1.0
39959.68569340478, 58, -1.0
39959.878531611634, 40, -1.0
39960.11676123417, 163, -1.0
39960.69554146214, 119, 1.0
39963.397698593835, 70, 1.0
39964.08044037586, 58, 1.0
39964.5014444434, 48, -1.0
39966.19114048659, 101, -1.0
39966.59713566468, 87, 1.0
39967.23695840016, 61, 1.0
39967.776869078545, 158, -1.0
39967.92157949429, 116, -1.0
39968.80027002294, 50, -1.0
39970.283438271494, 114, 1.0
39970.61808548873, 100, -1.0
39970.65943074324, 90, -1.0
39970.899839595746, 71, -1.0
39971.39800866, 167, -1.0
39971.658631133585, 76, 1.0
39972.63167703974, 34, -1.0
39973.66148088532, 155, 1.0
39974.32732009735, 128, 1.0
39975.6549337347, 149, -1.0
39975.93292451746, 142, -1.0
39977.0503337651, 162, -1.0
39978.43254475484, 41, -1.0
39980.09254316722, 56, -1.0
39980.67497725706, 109, 1.0
39981.052368517274, 57, 1.0
39981.74267756912, 64, -1.0
39982.70319439614, 28, -1.0
39984.16132296046, 40, 1.0
39986.68975880397, 60, 1.0
39989.58679478789, 177, 1.0
39990.105905783465, 109, -1.0
39990.27793772218, 142, 1.0
39991.656349652825, 116, 1.0
39991.780817293075, 98, -1.0
39992.40640032933, 67, 1.0
39992.969043871664, 165, -1.0
39994.44676646799, 86, -1.0
39994.619533016055, 148, -1.0
39995.45117498854, 114, -1.0
39995.879077170735, 59, 1.0
39996.2155886855, 142, -1.0
39996.2540346794, 27, 1.0
39998.54360591137, 84, -1.0
39999.746290636045, 146, -1.0
40001.09080898727, 149, 1.0
40001.1076526415, 169, 1.0
40001.48849600235, 44, 1.0
40001.518627844125, 148, 1.0
40002.886282165106, 133, -1.0
40004.19421129243, 101, 1.0
40004.87456101317, 157, -1.0
40006.82769463485, 106, -1.0
40006.951666636356, 91, 1.0
40007.27070742587, 103, -1.0
40007.32203328599, 68, 1.0
40009.16772393645, 83, -1.0
40009.91418133029, 241, 1.0
40010.020810491056, 72, 1.0
40010.96656031367, 124, 1.0
40012.222093897246, 59, -1.0
40012.6405287017, 180, 1.0
40013.00530211872, 68, 1.0
40013.837911646784, 155, -1.0
40014.69299836533, 83, -1.0
40016.42238916379, 177, -1.0
40016.5013376757, 110, -1.0
40017.13675273655, 40, 1.0
40017.3539395639, 114, -1.0
40019.2770273251, 44, -1.0
40022.4802693098, 133, 1.0
40022.907273747325, 110, 1.0
40024.747546252715, 71, 1.0
40024.99491899112, 64, -1.0
40027.25122122602, 159, -1.0
40027.69698016312, 182, -1.0
40029.281365312585, 114, 1.0
40029.3475010526, 33, 1.0
40029.38798705813, 165, 1.0
40030.406568343526, 100, -1.0
40031.15798679917, 100, 1.0
40032.46767475688, 142, 1.0
40033.029586562174, 71, -1.0
40033.81884054842, 54, 1.0
40033.947164576384, 108, 1.0
40034.60219656097, 110, 1.0
40038.73824002402, 34, -1.0
40040.20183384584, 75, -1.0
40040.400713730414, 44, -1.0
40041.41667785518, 169, -1.0
40041.652439090554, 70, 1.0
40042.2922962918, 62, -1.0
40042.32809690217, 169, 1.0
40043.669373936376, 117, -1.0
40043.7454721599, 90, -1.0
40046.375763401506, 59, -1.0
40046.827477916275, 165, 1.0
40047.21666123958, 58, 1.0
40049.89596954054, 43, 1.0
40050.052572029, 33, -1.0
40050.10693809091, 80, 1.0
40050.13722525002, 52, 1.0
40050.20806141098, 34, -1.0
40052.180272566795, 58, -1.0
40054.36335278865, 151, 1.0
40055.237233727596, 92, -1.0
40055.78942602714, 96, 1.0
40055.898178304065, 122, 1.0
40058.604918501165, 155, -1.0
40059.295858271544, 39, 1.0
40059.478629372985, 169, 1.0
40061.28500897155, 64, 1.0
40062.51148967162, 152, -1.0
40063.46379789819, 64, -1.0
40064.94725638566, 83, -1.0
40065.144183837176, 142, -1.0
40066.481535046616, 169, 1.0
40066.650396275916, 34, 1.0
40070.34049281716, 130, -1.0
40073.45297549263, 193, -1.0
40073.79388101105, 35, 1.0
40074.44633910255, 148, -1.0
40076.75773521743, 137, 1.0
40076.93953734492, 148, 1.0
40077.7901705726, 75, 1.0
40078.495533803194, 44, -1.0
40081.16454292165, 85, -1.0
40082.69986766088, 95, -1.0
40083.334102585344, 80, -1.0
40084.222681874795, 58, -1.0
40084.78289010509, 98, 1.0
40084.920917351075, 114, 1.0
40085.16661862201, 34, 1.0
40088.11326341981, 193, -1.0
40088.85664093981, 126, -1.0
40089.29121518081, 28, -1.0
40089.48048935437, 155, 1.0
40089.9396799656, 105, 1.0
40091.60125889717, 83, 1.0
40092.584320103306, 235, 1.0
40092.62400893113, 98, -1.0
40098.26868278035, 108, 1.0
40098.59089145993, 91, -1.0
40099.56233125462, 48, 1.0
40100.45476886259, 228, 1.0
40105.57042480613, 58, 1.0
40108.09645781043, 114, -1.0
40109.419744900995, 39, 1.0
40110.305856147505, 87, -1.0
40112.87950206861, 130, -1.0
40113.81151947929, 80, -1.0
40114.54241092876, 123, 1.0
40114.61513396689, 64, -1.0
40114.89181650958, 71, -1.0
40115.21526912828, 234, -1.0
40117.5893130136, 76, -1.0
40118.072515833424, 105, -1.0
40118.80573478663, 84, -1.0
40118.88110451973, 163, -1.0
40123.863039496064, 182, -1.0
40124.56790420027, 68, 1.0
40127.332757051874, 202, 1.0
40127.88867059217, 104, 1.0
40130.95357527178, 41, -1.0
40131.97204827763, 66, -1.0
40134.62740454766, 72, 1.0
40136.71201236827, 120, -1.0
40137.12712058795, 107, 1.0
40137.288671032824, 62, 1.0
40137.79029190051, 67, 1.0
40139.051789612284, 60, -1.0
40139.68395874598, 75, -1.0
40140.30999148067, 40, -1.0
40143.90308791429, 137, 1.0
40144.56834880351, 114, -1.0
40144.90603488697, 116, -1.0
40147.94103128591, 154, -1.0
40148.22545563011, 74, 1.0
40148.43904460871, 26, 1.0
40148.81283333472, 163, -1.0
40148.89482216586, 110, -1.0
40153.012691627264, 71, 1.0
40155.47557490018, 74, -1.0
40156.00071276656, 59, -1.0
40157.23684463837, 106, -1.0
40158.36071694331, 81, -1.0
40158.89245935304, 105, 1.0
40161.70326964358, 116, 1.0
40163.83893373893, 149, 1.0
40165.79911834996, 76, -1.0
40166.56748764216, 40, 1.0
40168.332839662, 160, 1.0
40168.44374714663, 113, -1.0
40168.84772731882, 119, 1.0
40169.349393850534, 40, -1.0
40169.73132755142, 235, -1.0
40170.098709550766, 114, -1.0
40172.172914555784, 228, 1.0
40175.52957331934, 137, 1.0
40177.07601976375, 45, 1.0
40181.32775204091, 37, -1.0
40182.87168252664, 95, 1.0
40188.18269627249, 48, -1.0
40189.0699600181, 58, 1.0
40189.078414886026, 34, 1.0
40192.14279628, 114, -1.0
40193.14477564862, 59, 1.0
40193.67105713591, 165, 1.0
40193.704750487545, 126, 1.0
40194.90857126618, 67, -1.0
40196.11634024435, 161, -1.0
40197.12494104049, 64, 1.0
40197.39417582626, 158, 1.0
40198.349567876474, 97, -1.0
40198.793357020346, 40, 1.0
40199.59498583499, 170, 1.0
40200.058025209946, 58, -1.0
40200.31358900283, 159, -1.0
40200.67312401763, 71, 1.0
40205.20516635548, 98, 1.0
40205.88081691583, 92, -1.0
40206.54706164024, 152, 1.0
40207.923804024445, 58, -1.0
40208.25796799664, 94, -1.0
40208.55325069025, 65, -1.0
40209.17221483835, 59, -1.0
40210.794552590465, 76, -1.0
40211.093094833785, 130, -1.0
40211.418535644916, 28, 1.0
40212.74088969947, 177, -1.0
40213.57088840653, 108, -1.0
40213.69576687679, 75, 1.0
40213.7833113033, 113, 1.0
40218.98033256193, 41, -1.0
40219.32869195627, 45, 1.0
40219.87933888391, 141, 1.0
40223.6084775582, 58, -1.0
40223.68455750323, 28, -1.0
40224.37521893035, 97, -1.0
40225.09645738961, 85, 1.0
40226.060799436666, 141, -1.0
40226.29476961049, 59, 1.0
40226.95312706011, 142, 1.0
40228.65297907117, 114, 1.0
40230.46151051506, 99, -1.0
40230.72215291528, 35, 1.0
40231.562609895045, 68, -1.0
40232.43821112341, 95, -1.0
40232.8009890225, 123, -1.0
40233.48966003116, 69, -1.0
40234.37870454799, 74, -1.0
40234.58797001221, 87, 1.0
40235.051940819525, 142, 1.0
40235.1643873663, 137, -1.0
40235.25255204461, 31, -1.0
40236.29717261576, 33, 1.0
40236.33865408685, 71, 1.0
40236.855218401484, 91, -1.0
40237.770520248974, 109, 1.0
40237.79218541027, 69, -1.0
40237.99005670065, 101, -1.0
40238.501373862215, 83, -1.0
40238.529394525554, 168, -1.0
40239.2102446884, 113, -1.0
40240.248420927746, 64, 1.0
40243.633728636916, 152, -1.0
40244.50921323499, 44, -1.0
40246.01233941745, 152, 1.0
40247.25500648954, 234, -1.0
40249.00110442073, 40, -1.0
40250.12206884102, 182, -1.0
40250.69119722605, 74, -1.0
40251.38457184074, 166, -1.0
40254.24080395158, 152, -1.0
40256.27006469774, 104, 1.0
40257.12285229185, 126, -1.0
40258.54197544178, 68, -1.0
40259.19360757075, 130, -1.0
40260.2231304101, 68, 1.0
40260.64127962785, 154, 1.0
40260.9192916617, 96, 1.0
40261.99498943291, 82, 1.0
40263.137106223156, 152, -1.0
40265.80503275429, 123, -1.0
40268.576732258734, 100, 1.0
40268.6590756853, 90, 1.0
40269.74126721621, 74, 1.0
40269.995304105796, 34, -1.0
40271.232955506704, 35, 1.0
40272.30518209385, 75, 1.0
40272.898677925165, 126, 1.0
40274.3553749154, 71, 1.0
40276.154096321385, 147, -1.0
40276.18939087861, 228, 1.0
40276.2707445966, 169, 1.0
40276.501078668975, 74, -1.0
40276.54029354929, 113, -1.0
40276.905754019666, 159, -1.0
40279.972274490276, 45, -1.0
40282.22868260673, 83, -1.0
40282.85645193584, 169, 1.0
40284.385498013275, 68, -1.0
40285.70385511469, 64, 1.0
40286.52152278175, 114, 1.0
40286.575455307175, 169, 1.0
40286.83544069208, 103, -1.0
40287.84037313414, 116, 1.0
40287.99915705587, 153, 1.0
40291.77124760204, 154, -1.0
40293.654301803865, 100, -1.0
40294.02027135087, 113, -1.0
40294.810480012275, 81, 1.0
40298.339235252926, 146, 1.0
40299.0848810138, 142, 1.0
40300.76808655773, 56, 1.0
40301.27749231597, 155, -1.0
40301.86488663335, 64, 1.0
40304.15575182957, 35, -1.0
40304.814826918824, 58, 1.0
40307.308422520815, 159, -1.0
40307.691402861514, 142, -1.0
40309.28427112858, 94, -1.0
40310.83737277685, 99, 1.0
40313.09437093207, 59, 1.0
40313.716686556414, 83, 1.0
40314.41609351156, 142, 1.0
40314.58383493846, 105, 1.0
40315.048969428295, 109, 1.0
40315.190010962644, 48, -1.0
40316.14381852877, 108, 1.0
40316.69931426982, 58, -1.0
40317.184969127164, 32, -1.0
40318.944509905596, 72, -1.0
40320.99481032749, 58, 1.0
40321.7020405721, 153, -1.0
40322.04948288288, 169, -1.0
40322.50793038097, 193, -1.0
40322.521446700404, 152, 1.0
40323.53477207876, 28, 1.0
40324.23554092428, 53, -1.0
40325.78819208142, 101, 1.0
40325.80906611405, 162, 1.0
40327.10667488529, 65, -1.0
40327.43547439597, 67, 1.0
40328.3254974223, 188, -1.0
40328.649347356215, 160, -1.0
40329.221117137626, 75, 1.0
40329.24101332371, 44, -1.0
40330.21348892751, 152, -1.0
40331.02035748809, 210, 1.0
40331.80027015386, 154, -1.0
40332.63477861782, 76, -1.0
40335.83494429046, 81, -1.0
40336.70764203567, 61, 1.0
40337.552012423475, 26, 1.0
40338.35159576722, 147, -1.0
40339.69867965744, 130, -1.0
40339.96305873765, 198, 1.0
40339.98611392826, 35, 1.0
40340.71494635866, 68, -1.0
40340.8274715586, 123, -1.0
40341.268251076974, 58, -1.0
40348.249565801954, 82, -1.0
40351.2433558683, 152, 1.0
40351.71154662742, 133, -1.0
40353.11664480746, 69, -1.0
40353.20506749316, 34, 1.0
40354.72086325227, 102, 1.0
40356.192258405055, 90, 1.0
40356.60348592562, 128, -1.0
40358.58507787841, 83, -1.0
40359.521501065734, 165, -1.0
40359.907775762935, 106, -1.0
40360.495140974606, 80, -1.0
40361.19525067025, 86, 1.0
40362.72834474769, 167, 1.0
40363.7754256507, 163, -1.0
40364.31098151105, 188, -1.0
40364.76495880992, 137, 1.0
40366.83200750389, 228, -1.0
40368.06736342426, 198, 1.0
40368.18331750019, 141, -1.0
40369.08023167795, 68, 1.0
40369.23889672878, 182, -1.0
40369.89581977154, 146, 1.0
40373.019396820964, 116, 1.0
40374.23006945698, 163, -1.0
40376.11831540939, 169, 1.0
40377.87165064838, 58, -1.0
40380.57338829161, 31, -1.0
40380.71734805554, 87, 1.0
40380.72821545863, 105, -1.0
40381.10475957163, 124, -1.0
40383.28885410862, 207, 1.0
40383.32520315826, 103, 1.0
40384.438053152604, 146, 1.0
40384.84645219018, 87, -1.0
40385.18996946992, 162, 1.0
40385.63720697774, 137, 1.0
40385.75213451981, 113, -1.0
40390.17505571878, 75, 1.0
40391.770369044454, 92, -1.0
40392.107697319494, 35, -1.0
40392.90824267352, 45, 1.0
40393.94961031571, 126, 1.0
40394.718542414106, 164, -1.0
40396.36488028005, 42, 1.0
40397.220671952746, 75, 1.0
40399.192001758376, 169, 1.0
40400.02738088927, 158, 1.0
40400.57549094794, 138, -1.0
40402.57718808307, 83, -1.0
40403.11643064297, 84, -1.0
40404.26561057276, 50, -1.0
40404.65323620503, 168, -1.0
40404.94091815542, 130, -1.0
40405.28759837331, 56, 1.0
40406.70145580228, 235, 1.0
40407.120778637014, 102, -1.0
40407.60980870906, 48, -1.0
40407.99837887363, 50, 1.0
40408.522937461654, 76, -1.0
40408.64026965527, 84, -1.0
40409.537117069834, 193, 1.0
40411.790099773745, 153, -1.0
40414.0199594759, 114, 1.0
40414.36898621353, 158, -1.0
40415.30906836194, 97, 1.0
40415.555533016224, 173, -1.0
40415.87188912791, 75, -1.0
40419.26238354078, 64, 1.0
40420.8797626159, 64, -1.0
40421.04714244693, 44, -1.0
40425.13097238996, 106, -1.0
40428.83156073587, 40, 1.0
40431.20644231006, 34, 1.0
40432.17219445975, 181, 1.0
40434.100838935636, 169, 1.0
40435.2904762964, 171, 1.0
40437.93233290562, 152, -1.0
40438.04267792483, 36, 1.0
40440.87677200402, 81, -1.0
40441.347359222826, 33, -1.0
40443.03479155783, 188, -1.0
40443.33840325452, 71, -1.0
40445.44374846035, 188, -1.0
40445.62861405611, 81, -1.0
40445.637046348966, 45, -1.0
40448.614302310474, 242, -1.0
40448.99511075445, 75, 1.0
40449.2889610244, 69, -1.0
40449.7953756257, 86, -1.0
40450.95233236092, 116, -1.0
40451.1191259411, 137, -1.0
40453.31933012282, 165, -1.0
40453.48282231347, 173, 1.0
40454.138434288594, 85, -1.0
40455.09915974664, 198, -1.0
40457.3610759411, 117, -1.0
40457.64636719596, 41, 1.0
40459.81344753573, 44, -1.0
40462.03178330466, 69, 1.0
40462.96145580244, 181, -1.0
40463.48627297173, 158, 1.0
40463.986766033784, 65, -1.0
40464.17264362222, 114, -1.0
40464.3553565382, 99, 1.0
40465.258274838845, 64, -1.0
40468.7098831123, 73, -1.0
40468.744992683205, 198, -1.0
40470.26683380948, 41, -1.0
40471.956489791366, 70, 1.0
40473.6502205642, 146, 1.0
40474.15412652165, 26, -1.0
40474.86047087486, 65, -1.0
40475.686118127196, 90, -1.0
40475.996169472186, 222, 1.0
40476.0142713042, 123, -1.0
40476.32777285749, 64, 1.0
40477.07015832113, 188, -1.0
40481.05110062967, 137, 1.0
40481.92974662659, 162, -1.0
40485.59849507242, 109, -1.0
40486.08569986598, 228, 1.0
40486.414190514995, 34, -1.0
40486.95381093401, 33, 1.0
40488.26249675741, 165, -1.0
40490.39345676148, 104, 1.0
40491.42812833689, 72, 1.0
40492.840530945105, 117, -1.0
40493.55899705385, 98, -1.0
40493.95531105272, 157, -1.0
40494.578366091395, 94, -1.0
40495.27336181006, 75, 1.0
40496.7000443209, 67, 1.0
40497.642739480325, 81, 1.0
40499.545176940635, 42, -1.0
40503.111513253294, 164, -1.0
40505.61607310264, 147, -1.0
40505.735432236885, 82, 1.0
40507.644673667695, 84, 1.0
40507.84142828639, 72, -1.0
40508.37910259932, 36, -1.0
40510.55185783605, 65, 1.0
40511.863837867546, 158, -1.0
40512.85014354088, 87, 1.0
40513.62921419094, 152, -1.0
40515.95857016686, 165, -1.0
40517.413333287106, 234, -1.0
40520.4842617176, 99, 1.0
40521.90269517344, 193, -1.0
40522.22885510768, 120, 1.0
40523.9908106387, 117, -1.0
40524.09121394656, 188, -1.0
40525.60629239342, 63, -1.0
40526.01076302661, 126, 1.0
40526.020428179305, 67, 1.0
40526.9542523837, 153, 1.0
40527.355757569465, 84, -1.0
40527.706014843534, 177, -1.0
40528.5779535446, 44, -1.0
40530.02815779814, 75, -1.0
40530.35313165044, 146, 1.0
40530.5566429718, 210, -1.0
40532.71727467491, 64, -1.0
40533.87916535486, 104, -1.0
40534.215643646814, 58, 1.0
40534.603682981746, 163, 1.0
40534.823423321664, 101, 1.0
40536.057665074215, 66, 1.0
40536.52477838135, 83, -1.0
40537.550749264185, 59, -1.0
40538.61665272714, 84, -1.0
40540.169806720674, 75, 1.0
40540.53254506379, 48, 1.0
40541.001426389616, 65, 1.0
40541.15666670359, 43, 1.0
40546.05315308074, 142, 1.0
40546.421813754205, 98, 1.0
40550.096519177336, 101, 1.0
40550.87102791162, 26, -1.0
40551.80494956469, 40, 1.0
40553.71316219407, 45, -1.0
40554.472254887565, 113, -1.0
40555.327917729825, 108, -1.0
40557.18605901234, 35, 1.0
40557.72337524433, 97, -1.0
40558.03505150153, 61, -1.0
40558.13453880447, 46, -1.0
40558.78304339755, 68, 1.0
40560.48591838246, 40, 1.0
40561.340695924686, 34, 1.0
40561.43412486695, 103, -1.0
40562.11484661467, 40, 1.0
40562.95159990854, 68, -1.0
40563.02880195593, 97, 1.0
40563.06170511428, 177, 1.0
40565.39488242676, 107, -1.0
40566.158635916574, 35, 1.0
40566.697609783994, 83, -1.0
40567.67241219875, 71, 1.0
40568.999362671006, 137, 1.0
40571.14298735331, 152, -1.0
40572.89992664899, 74, 1.0
40573.468424624465, 193, 1.0
40575.977893763484, 148, 1.0
40576.90000585059, 101, 1.0
40577.85451296473, 27, -1.0
40579.79651136629, 39, 1.0
40580.33199447909, 142, 1.0
40582.22818721633, 72, -1.0
40583.169169018365, 161, 1.0
40584.15019740463, 130, 1.0
40585.23951491723, 93, -1.0
40585.44934256157, 130, 1.0
40585.57846486653, 137, -1.0
40586.913646915615, 113, -1.0
40588.24304481131, 81, 1.0
40589.43802682327, 59, -1.0
40589.84306134625, 44, -1.0
40594.58953414473, 158, -1.0
40594.99884545707, 67, 1.0
40596.22119944662, 35, 1.0
40596.56848650683, 75, 1.0
40596.833480267065, 181, 1.0
40597.482086643206, 169, -1.0
40597.88425499385, 98, -1.0
40600.4946512359, 69, 1.0
40601.547735968015, 120, -1.0
40602.73254270525, 187, -1.0
40603.17410168554, 92, -1.0
40607.95608213569, 123, -1.0
40610.976533137204, 80, 1.0
40611.19678498414, 70, 1.0
40611.74084699515, 148, -1.0
40612.96586639866, 58, 1.0
40614.56518720607, 67, 1.0
40615.903508226365, 81, -1.0
40618.074193238266, 29, -1.0
40619.50866085995, 39, 1.0
40620.815709408496, 165, -1.0
40622.45965051713, 99, -1.0
40624.045982394935, 68, -1.0
40624.3105029361, 63, 1.0
40625.57259347623, 165, -1.0
40625.91643578675, 71, 1.0
40629.30384419339, 187, -1.0
40629.67521865588, 101, 1.0
40630.01336071585, 161, -1.0
40630.32614392671, 173, -1.0
40630.49045351238, 116, 1.0
40630.50289082194, 35, 1.0
40631.64327142226, 94, -1.0
40631.887438434824, 101, -1.0
40632.69813264283, 149, -1.0
40633.55928744062, 97, 1.0
40633.563030431564, 235, 1.0
40633.94469193269, 66, 1.0
40633.99123706521, 83, 1.0
40634.462341795144, 99, 1.0
40636.89885147571, 85, -1.0
40637.368724527194, 44, -1.0
40638.78252184136, 123, -1.0
40639.051609531685, 75, 1.0
40641.79003276962, 173, 1.0
40642.982875160116, 141, -1.0
40643.104465159944, 130, -1.0
40644.64969336931, 177, -1.0
40645.41609143929, 34, 1.0
40647.17863236293, 70, 1.0
40648.35787854168, 171, -1.0
40649.12767529852, 45, 1.0
40651.017531323625, 109, 1.0
40651.94791540904, 26, 1.0
40652.33810177028, 58, -1.0
40654.0425434313, 235, 1.0
40654.9924028518, 103, 1.0
40656.622581002, 83, -1.0
40656.79227781506, 41, -1.0
40657.5873376863, 76, -1.0
40658.680588797055, 50, 1.0
40659.62515530531, 123, -1.0
40660.55506092837, 133, -1.0
40660.869162606985, 116, 1.0
40662.879996231844, 116, -1.0
40665.65434077651, 108, -1.0
40670.10992222554, 64, 1.0
40670.84529060362, 69, -1.0
40671.37402565438, 81, -1.0
40674.11418913563, 114, 1.0
40676.559848709, 169, 1.0
40678.020494581826, 58, -1.0
40678.973773275575, 166, -1.0
40679.264880806375, 81, -1.0
40680.162406625364, 75, 1.0
40680.82259590332, 54, 1.0
40681.622507694214, 155, -1.0
40682.98966916692, 59, -1.0
40683.13630372845, 126, -1.0
40687.74285194121, 64, -1.0
40690.66455622067, 102, -1.0
40691.602937466196, 193, -1.0
40691.77105276034, 169, -1.0
40692.27937862812, 193, -1.0
40692.737065034664, 120, -1.0
40694.125593571545, 67, 1.0
40696.68257579594, 146, -1.0
40697.50729605069, 157, -1.0
40698.29075536053, 235, -1.0
40698.50582838028, 34, -1.0
40698.61455569493, 68, 1.0
40698.90765425074, 81, -1.0
40699.80689468977, 137, 1.0
40700.80459221505, 66, 1.0
40701.980811314534, 83, 1.0
40703.82789904768, 76, -1.0
40705.166316446746, 228, 1.0
40707.038133021575, 163, -1.0
40708.25126892416, 137, -1.0
40709.64417497134, 73, -1.0
40711.690469137946, 44, -1.0
40713.62910474275, 67, -1.0
40713.65229771264, 58, 1.0
40714.376481978616, 146, 1.0
40714.78518756636, 41, 1.0
40715.42312460271, 52, 1.0
40716.40402061272, 152, -1.0
40716.580293514526, 148, 1.0
40716.61525400389, 100, -1.0
40717.50214609448, 40, -1.0
40717.641412829216, 101, -1.0
40720.197360305894, 40, -1.0
40721.90849247423, 34, 1.0
40723.47952014461, 142, -1.0
40723.79111156877, 86, 1.0
40724.532251539065, 120, 1.0
40724.849503399666, 119, 1.0
40725.99890734341, 81, -1.0
40729.71515216946, 40, 1.0
40730.865107181235, 90, -1.0
40730.92165398504, 40, -1.0
40732.019402986145, 40, 1.0
40734.57964503789, 35, 1.0
40734.684213947665, 37, -1.0
40734.84571190448, 72, -1.0
40735.35812618387, 71, 1.0
40735.71774095517, 48, -1.0
40741.01222122993, 110, 1.0
40741.63745595015, 155, -1.0
40741.880351647684, 29, -1.0
40746.15660118403, 40, -1.0
40746.36611288821, 169, 1.0
40747.08049696827, 233, 1.0
40748.279943895956, 46, -1.0
40749.576270501064, 163, -1.0
40750.67762798899, 56, -1.0
40750.929848309126, 182, -1.0
40752.05676413904, 48, 1.0
40753.15044978468, 169, -1.0
40754.20578285942, 80, 1.0
40754.51045215197, 40, 1.0
40755.04304914403, 114, 1.0
40755.38882264144, 71, -1.0
40756.38869725466, 71, -1.0
40756.5146928614, 106, -1.0
40758.19841140077, 171, -1.0
40758.28935968708, 147, -1.0
40758.362250156555, 234, -1.0
40758.89300840608, 198, -1.0
40765.16185558268, 40, -1.0
40765.46552006704, 35, 1.0
40766.63595315903, 87, -1.0
40768.11117688512, 141, -1.0
40768.13890399268, 149, -1.0
40768.24858374806, 44, -1.0
40768.335994246576, 126, -1.0
40769.04980407782, 48, 1.0
40769.084829010135, 75, -1.0
40769.29037247325, 188, -1.0
40770.670557740195, 50, 1.0
40770.70638568243, 137, 1.0
40771.36785992093, 133, -1.0
40772.8974342985, 142, -1.0
40774.627541836846, 34, 1.0
40775.80526331048, 93, -1.0
40776.21531809524, 44, -1.0
40776.59090965192, 162, 1.0
40777.17095048207, 45, -1.0
40777.5951839984, 152, -1.0
40779.35789725229, 53, -1.0
40779.4217234802, 114, -1.0
40780.76275037566, 146, 1.0
40781.2194006123, 158, 1.0
40782.24418334366, 26, -1.0
40782.28180213139, 42, -1.0
40783.90141562434, 76, -1.0
40784.82170937429, 210, -1.0
40784.992053173984, 92, -1.0
40785.292711619775, 46, -1.0
40786.05654296745, 59, 1.0
40786.593857623186, 141, 1.0
40786.73052657783, 87, 1.0
40788.22389380406, 75, 1.0
40790.54089968701, 80, 1.0
40792.79877624215, 41, 1.0
40792.96329356302, 169, -1.0
40792.991231626474, 35, -1.0
40793.176717579605, 141, -1.0
40793.58529294961, 159, 1.0
40794.96220684134, 74, -1.0
40795.99988111631, 93, -1.0
40797.09487368633, 106, -1.0
40797.10317230908, 80, -1.0
40797.32709145686, 149, -1.0
40797.60756631745, 108, 1.0
40799.1895929527, 28, -1.0
40799.54863084441, 161, -1.0
40800.029166416745, 83, 1.0
40801.61510543646, 177, -1.0
40802.19915779517, 58, 1.0
40804.52839398057, 34, 1.0
40805.431564133156, 118, -1.0
40805.69392253722, 113, -1.0
40806.67435322292, 72, 1.0
40808.68354119353, 67, -1.0
40808.708155600485, 105, -1.0
40808.78098144366, 40, 1.0
40809.23299757472, 76, -1.0
40809.437060559685, 65, -1.0
40811.215832775946, 28, -1.0
40814.19170583728, 67, -1.0
40815.0319421135, 138, 1.0
40816.63199157517, 41, -1.0
40816.691180495705, 120, -1.0
40817.935751021454, 44, -1.0
40818.255049918735, 114, 1.0
40818.620102737346, 58, 1.0
40819.28295142611, 41, -1.0
40820.256136797994, 33, 1.0
40820.29152488133, 75, -1.0
40820.812663845885, 50, 1.0
40821.66592531054, 73, -1.0
40824.26647657685, 152, -1.0
40824.64886522872, 159, -1.0
40826.26816261442, 39, -1.0
40826.91909862489, 84, 1.0
40829.906750456576, 35, -1.0
40830.46639215409, 100, -1.0
40830.60050567039, 128, -1.0
40832.753113317434, 153, -1.0
40833.35392572021, 142, -1.0
40833.52897112477, 58, 1.0
40833.89987573674, 86, -1.0
40835.86714813001, 137, -1.0
40835.99905321815, 80, -1.0
40837.04715165825, 110, -1.0
40837.64676178606, 64, -1.0
40838.64322408072, 70, 1.0
40839.24923644646, 114, -1.0
40839.382464255184, 37, 1.0
40840.83744402186, 142, 1.0
40840.92381525089, 56, -1.0
40842.75071191402, 100, -1.0
40844.187857127945, 113, -1.0
40845.34660286556, 60, -1.0
40845.93376025267, 42, -1.0
40847.45708842164, 46, -1.0
40847.58770130363, 193, -1.0
40848.40419481695, 48, -1.0
40848.57613007474, 83, 1.0
40849.11703369557, 52, 1.0
40849.15962482485, 81, -1.0
40849.8675650566, 149, 1.0
40852.2182548675, 40, -1.0
40852.36014258522, 75, 1.0
40852.60810667419, 58, -1.0
40853.36866268131, 165, 1.0
40855.185554368276, 87, 1.0
40856.09425602928, 173, -1.0
40856.56953605721, 87, -1.0
40856.710456043504, 28, -1.0
40857.690433956464, 40, 1.0
40858.075555855256, 36, 1.0
40858.412433505066, 142, -1.0
40860.73114324003, 234, 1.0
40861.58203545721, 69, -1.0
40862.33704291949, 152, -1.0
40863.42532273411, 58, -1.0
40865.41317126984, 80, 1.0
40865.59001261347, 142, -1.0
40866.191146694735, 35, 1.0
40867.14562813067, 35, -1.0
40870.95418987533, 126, -1.0
40872.0173911198, 119, -1.0
40872.72888713838, 35, -1.0
40872.741020154295, 163, -1.0
40873.90610669554, 171, -1.0
40875.830827475635, 43, -1.0
40876.50405695281, 137, -1.0
40877.86073225068, 58, 1.0
40881.28825168551, 113, -1.0
40881.87829622122, 68, 1.0
40884.00093523047, 104, -1.0
40885.37021979385, 103, 1.0
40886.06243263247, 91, -1.0
40887.4418477185, 95, 1.0
40887.78898124783, 48, -1.0
40889.71782471088, 33, -1.0
40891.0087212025, 40, 1.0
40891.69213684352, 100, -1.0
40891.776944578945, 230, 1.0
40892.28736333212, 103, 1.0
40892.57914464806, 133, -1.0
40892.940363081565, 100, 1.0
40893.01426901087, 138, 1.0
40896.55515099012, 69, 1.0
40897.115506890026, 42, -1.0
40897.40358808682, 165, 1.0
40897.669070910575, 40, 1.0
40897.94026626696, 71, 1.0
40900.086800107914, 85, -1.0
40900.78769242798, 67, -1.0
40902.8732307424, 35, 1.0
40903.121425977486, 34, 1.0
40904.615504069385, 45, -1.0
40905.69229650985, 43, 1.0
40906.51811759745, 102, -1.0
40907.207723256986, 71, -1.0
40909.05807608779, 92, -1.0
40909.76472000511, 100, -1.0
40910.21582592265, 165, 1.0
40912.43897490222, 228, -1.0
40912.80813760677, 99, 1.0
40914.0524192523, 40, -1.0
40915.09572614385, 84, 1.0
40915.107881395765, 58, -1.0
40918.23714602053, 110, -1.0
40920.48329012014, 76, -1.0
40920.502171045024, 153, 1.0
40920.93996784484, 165, 1.0
40921.292114407566, 101, 1.0
40921.80437594469, 40, 1.0
40921.85803738559, 146, -1.0
40921.881000643414, 34, 1.0
40922.174776488166, 72, 1.0
40925.071635174565, 75, 1.0
40925.88304295962, 75, -1.0
40927.52734911747, 142, 1.0
40927.97978783758, 98, 1.0
40928.3702391382, 233, 1.0
40928.6396240693, 164, 1.0
40929.53934630568, 163, -1.0
40929.82440184801, 67, -1.0
40930.07151497893, 105, 1.0
40930.78677095672, 149, -1.0
40931.314280035804, 71, 1.0
40932.458506537485, 76, -1.0
40932.67154395615, 71, 1.0
40932.97962778712, 87, 1.0
40933.10021760466, 75, 1.0
40933.45655522933, 102, 1.0
40937.78874041444, 60, -1.0
40938.095485900216, 152, -1.0
40940.01079721405, 126, 1.0
40941.38333498354, 108, -1.0
40942.13472973544, 51, -1.0
40942.34610393192, 116, 1.0
40942.36950427326, 28, 1.0
40942.93557338242, 162, -1.0
40943.04141827674, 98, -1.0
40943.09087626826, 111, 1.0
40945.8985114106, 50, -1.0
40946.2039232102, 149, 1.0
40947.87313500007, 71, -1.0
40948.06516970735, 158, -1.0
40948.45745361677, 198, 1.0
40951.13674646098, 113, 1.0
40951.53750172536, 114, 1.0
40951.76710099915, 76, -1.0
40952.82679819785, 152, 1.0
40952.98255034195, 40, 1.0
40953.271447085965, 137, -1.0
40954.82098330104, 202, 1.0
40955.00794997278, 45, -1.0
40955.509319076096, 101, -1.0
40956.05814452328, 64, 1.0
40956.32565942075, 193, -1.0
40956.42972410725, 34, -1.0
40956.576022566194, 81, 1.0
40957.34173309864, 68, 1.0
40958.96057990495, 71, -1.0
40959.55165153816, 70, -1.0
40962.034803695555, 126, -1.0
40962.8965084505, 119, 1.0
40965.3465053781, 42, -1.0
40965.39517135919, 92, -1.0
40965.50111570842, 118, -1.0
40965.970233299864, 103, 1.0
40966.920669860425, 104, 1.0
40968.23314059124, 163, 1.0
40968.336716858044, 242, 1.0
40968.60527749157, 188, -1.0
40971.54053648779, 154, -1.0
40974.39624967337, 58, -1.0
40974.428112256144, 149, -1.0
40974.448964885516, 105, 1.0
40975.83107471611, 42, -1.0
40978.78898803582, 102, 1.0
40980.52449888322, 75, 1.0
40980.525830253864, 75, 1.0
40981.88469390319, 169, 1.0
40983.4754190369, 91, 1.0
40983.58832160859, 173, 1.0
40984.30851270205, 100, -1.0
40984.41929858546, 158, -1.0
40985.28273188206, 105, 1.0
40985.388610128604, 87, -1.0
40987.20175932607, 84, -1.0
40987.67796155361, 108, -1.0
40988.3700031629, 152, 1.0
40989.22561746776, 133, -1.0
40989.867540451574, 58, 1.0
40989.97744689185, 120, -1.0
40990.85186461275, 126, -1.0
40992.70776429744, 63, 1.0
40993.733741610355, 44, -1.0
40993.92245141604, 155, 1.0
40995.841325750356, 116, 1.0
40996.04587296679, 230, 1.0
40996.33037433205, 65, 1.0
40996.34508975913, 108, -1.0
40996.59992991762, 81, 1.0
40996.77486931649, 235, 1.0
40996.95576826292, 146, -1.0
40997.74630534041, 126, 1.0
40997.943894386895, 84, -1.0
40998.48085791628, 124, -1.0
41000.5134091008, 44, 1.0
41001.87642711003, 94, -1.0
41001.90114036118, 165, 1.0
41002.91568292088, 137, 1.0
41002.95133626748, 75, 1.0
41003.079031125875, 116, 1.0
41004.4395207267, 158, -1.0
41004.565222629935, 104, 1.0
41005.184123623134, 116, 1.0
41005.55074919281, 147, -1.0
41006.10476460022, 84, -1.0
41008.45125638279, 93, -1.0
41008.828546027704, 146, 1.0
41009.383892514365, 161, -1.0
41011.424654681105, 65, -1.0
41015.05368253254, 27, 1.0
41016.831790279415, 160, -1.0
41017.68216505296, 75, -1.0
41018.407376221716, 137, 1.0
41018.76523813034, 124, -1.0
41019.970297334, 58, 1.0
41020.998660003046, 40, 1.0
41021.70142296452, 123, -1.0
41021.88054152344, 68, 1.0
41022.50225384697, 113, -1.0
41023.423882191026, 146, 1.0
41026.93546028355, 84, -1.0
41027.168257975805, 182, 1.0
41029.561402174346, 105, -1.0
41031.69790153631, 45, 1.0
41032.13905246514, 162, -1.0
41033.102254608406, 58, -1.0
41033.12481163612, 67, 1.0
41033.352787431184, 34, 1.0
41033.399167163334, 106, 1.0
41033.45854697683, 235, -1.0
41033.81337082044, 65, 1.0
41034.00467394584, 71, 1.0
41034.05489382194, 180, 1.0
41035.19117911251, 99, -1.0
41035.71152368505, 70, -1.0
41036.30816197418, 76, -1.0
41036.96431906924, 59, -1.0
41037.380314950075, 97, -1.0
41037.42129430743, 41, 1.0
41037.79277416863, 118, -1.0
41040.38975738796, 85, -1.0
41040.478911852246, 53, -1.0
41042.723859632504, 62, 1.0
41042.93291529137, 151, 1.0
41044.17881351007, 106, -1.0
41044.21626337668, 81, -1.0
41045.32532263067, 97, 1.0
41049.854266839764, 114, -1.0
41051.09423567454, 31, 1.0
41051.23770894707, 33, 1.0
41051.95179751631, 26, 1.0
41054.395511746174, 109, -1.0
41054.77186736203, 58, -1.0
41055.04951736359, 41, -1.0
41057.1816597215, 29, -1.0
41057.287017679046, 33, -1.0
41059.6720252829, 33, 1.0
41059.87516239217, 45, 1.0
41061.065180858524, 65, -1.0
41061.13896510209, 105, 1.0
41063.48774921659, 141, -1.0
41065.4184648978, 58, 1.0
41066.03801994165, 114, -1.0
41067.0268322127, 155, -1.0
41067.40558123945, 67, 1.0
41069.62734461584, 40, -1.0
41069.68506765815, 65, 1.0
41070.18106231693, 120, -1.0
41072.388580018385, 59, 1.0
41073.41358046745, 37, -1.0
41076.471883346225, 198, -1.0
41076.70754309379, 159, -1.0
41077.73271601144, 154, -1.0
41078.34847320015, 114, -1.0
41079.345565837924, 133, -1.0
41087.62158306639, 242, 1.0
41088.933931034895, 157, -1.0
41090.18070383563, 97, -1.0
41094.53229812737, 84, -1.0
41095.678262949565, 106, -1.0
41098.73877602333, 109, 1.0
41099.50058802124, 142, 1.0
41100.99015541648, 59, -1.0
41102.810478391206, 99, 1.0
41102.86727403704, 67, -1.0
41103.67653144615, 59, -1.0
41105.86822188663, 34, -1.0
41107.067801687124, 97, 1.0
41108.21913172228, 158, 1.0
41109.355619367525, 165, 1.0
41112.277816348476, 51, -1.0
41113.08303079625, 81, 1.0
41114.24338481713, 161, -1.0
41115.387921788715, 193, 1.0
41117.50613181695, 147, -1.0
41119.13494090788, 75, 1.0
41120.03790277068, 114, -1.0
41121.048594568434, 138, 1.0
41121.32721735555, 71, 1.0
41121.53523878483, 242, -1.0
41123.472631327364, 158, -1.0
41123.68458998145, 48, -1.0
41124.66320997097, 63, -1.0
41125.0462219855, 113, 1.0
41125.849325062896, 87, 1.0
41129.02787042546, 56, -1.0
41130.19665953852, 72, 1.0
41131.53012865077, 198, -1.0
41131.758530705614, 105, 1.0
41131.75875880866, 162, -1.0
41131.95295332949, 70, 1.0
41132.13951847023, 36, -1.0
41133.508082407294, 101, 1.0
41135.85255698396, 81, -1.0
41136.08040418778, 29, -1.0
41136.980482842584, 161, -1.0
41141.35228293509, 50, 1.0
41142.51239694459, 154, -1.0
41142.917326896175, 45, 1.0
41142.978602708376, 97, -1.0
41147.62429560341, 113, -1.0
41148.34501590507, 146, -1.0
41148.40857334187, 169, -1.0
41150.085669551765, 62, -1.0
41150.12203509684, 82, -1.0
41150.362440659665, 171, -1.0
41151.76445843139, 106, -1.0
41154.642129249354, 48, -1.0
41155.10351168841, 233, -1.0
41155.76587192773, 152, -1.0
41156.33653584554, 90, -1.0
41158.75311941299, 137, -1.0
41159.03808821292, 154, -1.0
41159.41516443374, 154, -1.0
41159.446249027045, 71, -1.0
41159.797590191774, 29, -1.0
41160.32818739026, 59, 1.0
41162.268335648114, 193, -1.0
41170.37693360362, 36, 1.0
41171.261456108856, 87, -1.0
41172.31202126542, 105, -1.0
41172.654946562674, 70, -1.0
41173.64318049999, 159, -1.0
41179.24869125111, 54, -1.0
41181.05157294449, 43, -1.0
41183.2509210445, 126, 1.0
41183.68503354996, 76, -1.0
41184.19266703562, 58, 1.0
41185.286288810916, 54, -1.0
41185.49610171998, 130, -1.0
41186.65941947536, 116, -1.0
41188.81895701981, 126, -1.0
41190.76801738294, 48, -1.0
41190.87043377726, 163, -1.0
41192.394132189256, 34, -1.0
41193.10142897862, 108, -1.0
41194.128523172374, 56, 1.0
41194.77527198773, 58, 1.0
41197.05553470247, 68, 1.0
41197.27105125504, 165, -1.0
41197.39849161974, 76, -1.0
41197.86181551005, 116, 1.0
41199.08393771529, 142, 1.0
41199.096161196656, 233, -1.0
41201.483039538434, 155, -1.0
41202.15663917087, 75, -1.0
41202.26249849525, 147, -1.0
41204.42098335789, 68, 1.0
41205.76569062332, 75, -1.0
41208.47669980557, 35, -1.0
41211.30311570965, 76, -1.0
41212.17118048048, 123, -1.0
41213.082733027, 59, -1.0
41217.85116985889, 68, 1.0
41217.883524143595, 76, -1.0
41218.94310916746, 98, -1.0
41219.290868857956, 126, -1.0
41223.0425933776, 155, -1.0
41226.35534792361, 126, -1.0
41228.87093095967, 142, 1.0
41229.16348028141, 103, 1.0
41229.4290731514, 133, -1.0
41231.18275549604, 52, -1.0
41231.567629990735, 124, 1.0
41232.87027730479, 37, -1.0
41233.1598943503, 48, -1.0
41233.81010106598, 152, 1.0
41234.13094464691, 27, -1.0
41234.17341334248, 228, 1.0
41234.41133721948, 53, -1.0
41235.07642341355, 99, 1.0
41235.316053817, 146, 1.0
41235.728504697865, 28, -1.0
41236.58056659761, 147, -1.0
41237.03108798362, 34, 1.0
41237.56839299479, 120, 1.0
41238.411675916024, 31, -1.0
41240.10564314702, 67, 1.0
41242.259075953436, 165, -1.0
41243.09873659915, 103, 1.0
41243.64683014965, 181, -1.0
41245.93784933133, 126, 1.0
41246.36663432143, 81, -1.0
41249.45173533526, 68, 1.0
41251.14868910994, 69, 1.0
41251.33924330468, 65, -1.0
41252.04351243748, 72, -1.0
41252.63003686224, 222, -1.0
41253.74282498616, 68, 1.0
41254.76291701751, 101, -1.0
41256.382945326295, 71, 1.0
41256.88672914297, 75, -1.0
41258.59520356569, 40, -1.0
41258.95485872747, 26, -1.0
41259.17738828114, 126, 1.0
41261.106492644896, 233, -1.0
41261.15678341442, 141, -1.0
41262.77582051784, 80, -1.0
41263.773846290744, 59, -1.0
41266.741066443035, 106, -1.0
41269.40184731271, 169, -1.0
41269.82587541117, 58, -1.0
41271.26999701627, 109, 1.0
41272.240029735476, 82, -1.0
41274.73203943851, 68, 1.0
41275.29164900609, 71, -1.0
41275.67728303117, 43, 1.0
41275.83428453879, 130, -1.0
41276.34296813425, 149, -1.0
41276.853875097266, 44, -1.0
41277.39793247011, 165, -1.0
41278.28680451143, 158, -1.0
41278.767111796886, 80, -1.0
41280.72710563731, 74, 1.0
41281.67064673047, 90, -1.0
41282.09227373295, 169, -1.0
41287.11642184331, 114, -1.0
41287.55806119705, 128, 1.0
41287.72418415365, 74, 1.0
41287.83579818432, 58, -1.0
41289.83042026602, 80, 1.0
41290.76813791227, 142, -1.0
41291.28359539503, 198, 1.0
41291.34739842126, 158, -1.0
41291.92878323217, 64, -1.0
41291.979339323036, 109, -1.0
41291.989319551496, 114, 1.0
41293.49893241678, 103, 1.0
41293.7247710665, 74, 1.0
41294.60446543361, 120, -1.0
41294.73677481628, 40, 1.0
41295.31398866107, 36, -1.0
41295.740542395564, 97, 1.0
41297.3221891574, 116, -1.0
41298.91860758429, 64, 1.0
41299.16896135148, 35, -1.0
41299.74615791225, 104, -1.0
41300.15072961771, 111, 1.0
41300.488444577066, 155, -1.0
41302.199727418425, 71, -1.0
41302.517469621416, 72, 1.0
41303.90915919026, 126, 1.0
41304.92505474102, 146, -1.0
41305.54513607766, 153, -1.0
41305.72012758161, 95, 1.0
41305.81521553654, 137, -1.0
41306.35298837712, 103, 1.0
41307.82895302565, 37, -1.0
41308.05115587926, 69, 1.0
41309.74272024896, 63, -1.0
41310.564442607276, 40, -1.0
41311.78905599087, 100, 1.0
41312.431657249734, 39, -1.0
41312.43389956441, 108, -1.0
41317.20260416236, 86, -1.0
41317.68121325572, 44, 1.0
41318.25026651535, 142, -1.0
41319.372333360836, 76, -1.0
41321.43200876762, 233, -1.0
41322.49225744034, 165, 1.0
41324.15377729469, 62, -1.0
41326.650559014, 155, -1.0
41326.656704009474, 82, 1.0
41326.79619080548, 96, 1.0
41327.61827098309, 114, 1.0
41329.639993747944, 142, 1.0
41331.94117259841, 154, 1.0
41333.186494836875, 101, 1.0
41335.1713975144, 93, -1.0
41335.6126642046, 65, 1.0
41336.24598389456, 65, 1.0
41337.004490822976, 97, 1.0
41337.84115542169, 137, -1.0
41339.26312490219, 235, -1.0
41339.79318325297, 28, -1.0
41339.96628804732, 32, -1.0
41341.232365507196, 97, 1.0
41341.6273702575, 113, 1.0
41341.833285310364, 83, -1.0
41343.01918255487, 113, -1.0
41343.340645869604, 103, 1.0
41343.57349931599, 86, -1.0
41343.9108358236, 69, -1.0
41345.807813100604, 37, -1.0
41346.56389648678, 71, 1.0
41347.03221997324, 141, -1.0
41349.054315959125, 33, 1.0
41351.122935068895, 118, -1.0
41353.1637823315, 235, 1.0
41355.14171973678, 177, -1.0
41355.53388910851, 59, 1.0
41358.54047684585, 154, -1.0
41360.31194368324, 182, -1.0
41362.79065829163, 34, -1.0
41362.81944798334, 164, 1.0
41362.831765235365, 169, 1.0
41362.84057419059, 84, 1.0
41365.151297793265, 148, -1.0
41368.625845025905, 148, -1.0
41369.9484782423, 169, -1.0
41370.90470954887, 177, 1.0
41371.01475829949, 62, 1.0
41371.662103197355, 81, -1.0
41375.116927081865, 153, 1.0
41375.63692339134, 83, 1.0
41376.981862167275, 59, 1.0
41377.64873493952, 46, -1.0
41377.84444670484, 114, -1.0
41378.73897074204, 58, 1.0
41379.077683620526, 104, 1.0
41379.086693617995, 167, -1.0
41379.42751045899, 58, 1.0
41381.12785332423, 58, -1.0
41385.98680408115, 35, -1.0
41386.04427376814, 116, 1.0
41386.5992496726, 71, 1.0
41387.571447012706, 148, -1.0
41388.32457067871, 118, 1.0
41388.59216820828, 103, -1.0
41389.07376174304, 80, -1.0
41394.90439353179, 159, -1.0
41396.18461703829, 69, 1.0
41396.29234199791, 27, -1.0
41397.7951202981, 146, -1.0
41401.562951068416, 133, 1.0
41402.47449025456, 146, -1.0
41403.334397810824, 58, 1.0
41407.50635366625, 146, -1.0
41408.69438048464, 234, 1.0
41409.2677823582, 43, 1.0
41410.44652171675, 126, -1.0
41410.45376738851, 142, -1.0
41413.408571781365, 116, 1.0
41414.134870711736, 92, -1.0
41414.34937825106, 146, -1.0
41416.27641357047, 75, 1.0
41416.96766098809, 109, 1.0
41417.24304264918, 42, -1.0
41417.29792200938, 117, 1.0
41417.77988738486, 142, 1.0
41417.83329140502, 137, 1.0
41418.30918238225, 75, 1.0
41420.59497648531, 44, -1.0
41420.601473135524, 65, 1.0
41421.37982660107, 68, 1.0
41422.05046790708, 163, 1.0
41422.43661426033, 148, -1.0
41422.7672160665, 75, -1.0
41423.728371243255, 162, 1.0
41425.299848936935, 234, -1.0
41426.4462306685, 86, -1.0
41426.73849148493, 126, 1.0
41429.06259553419, 138, 1.0
41429.754624184054, 81, 1.0
41430.78158479036, 75, 1.0
41431.8504311679, 146, 1.0
41432.11718389827, 151, 1.0
41437.76960850398, 75, 1.0
41439.63395609191, 71, -1.0
41439.954111530045, 154, -1.0
41440.05306570816, 63, 1.0
41443.161918136764, 71, -1.0
41447.5436953015, 123, -1.0
41449.59627604313, 152, -1.0
41450.45145420363, 142, 1.0
41450.91234822127, 103, -1.0
41451.24272631358, 114, 1.0
41452.31550696595, 43, -1.0
41453.08856269092, 74, -1.0
41453.650101318, 87, -1.0
41454.130877247786, 158, -1.0
41456.74589118297, 133, -1.0
41457.28888979238, 80, 1.0
41457.56933556424, 98, -1.0
41458.00986087946, 51, -1.0
41459.05915449896, 50, -1.0
41459.13638032094, 235, 1.0
41459.4751607688, 44, -1.0
41459.68356897022, 101, 1.0
41460.74999955954, 123, -1.0
41462.15018969116, 58, 1.0
41462.971818542566, 40, -1.0
41463.170114340945, 41, 1.0
41463.48364456471, 69, -1.0
41464.39063312203, 70, -1.0
41465.94289934312, 241, 1.0
41472.08206618408, 169, -1.0
41472.93755065187, 102, -1.0
41473.16797066447, 126, -1.0
41473.82269571138, 105, -1.0
41475.49637546805, 69, -1.0
41478.75578391414, 114, 1.0
41478.95816195058, 103, 1.0
41479.340492014584, 155, 1.0
41479.64922300845, 155, -1.0
41479.90104190799, 157, -1.0
41480.47135110261, 98, -1.0
41481.154593724605, 116, -1.0
41482.64262850968, 90, -1.0
41482.83628231653, 148, -1.0
41485.569784188956, 54, 1.0
41486.55505819711, 64, 1.0
41486.96042488223, 198, -1.0
41487.68328922467, 113, -1.0
41487.80465266547, 181, -1.0
41488.42471239838, 147, 1.0
41488.97234641509, 75, -1.0
41489.73916201858, 163, -1.0
41489.89176375599, 222, 1.0
41490.20144731853, 234, 1.0
41490.74439308365, 114, 1.0
41494.062406273006, 230, 1.0
41494.14237323036, 65, 1.0
41496.09040815033, 163, -1.0
41497.08536906759, 141, -1.0
41497.71587547008, 58, 1.0
41497.98152220102, 159, 1.0
41498.282913511684, 42, -1.0
41499.741428442685, 76, 1.0
41500.97076743398, 90, -1.0
41501.414778725324, 34, -1.0
41502.35641578621, 158, -1.0
41506.393679740046, 113, -1.0
41506.838133676756, 41, -1.0
41509.405387215855, 62, 1.0
41512.89507055837, 40, -1.0
41513.185769490665, 68, 1.0
41514.22569315962, 64, 1.0
41515.81047278011, 116, 1.0
41515.94523199937, 188, -1.0
41516.079579197285, 187, -1.0
41516.63455615128, 159, 1.0
41517.0850874593, 65, 1.0
41518.0871608743, 165, -1.0
41518.766290478234, 27, -1.0
41520.39100271617, 56, -1.0
41521.74535992891, 233, -1.0
41521.99572009746, 71, 1.0
41522.08636533701, 73, -1.0
41524.02345391185, 141, -1.0
41526.46598590287, 165, 1.0
41526.666072501765, 114, -1.0
41526.87878026824, 100, 1.0
41530.60095360637, 71, 1.0
41530.752690089656, 70, 1.0
41535.281657851105, 114, -1.0
41535.975946821796, 76, -1.0
41536.05381417838, 92, -1.0
41536.18973774798, 71, 1.0
41537.13579661611, 68, -1.0
41537.75562045325, 41, 1.0
41539.8210879771, 98, 1.0
41541.06650273969, 80, 1.0
41545.89739123814, 133, -1.0
41546.108295828046, 141, 1.0
41546.389925872696, 130, 1.0
41549.005029898886, 35, -1.0
41551.81643524232, 53, -1.0
41555.389535789625, 68, -1.0
41556.09708445626, 87, 1.0
41556.43822153795, 28, 1.0
41557.014636085856, 87, 1.0
41557.94645041161, 152, 1.0
41558.43836131217, 141, 1.0
41559.408499702724, 67, 1.0
41559.763738648566, 116, 1.0
41560.00758805721, 35, 1.0
41560.389128223724, 149, 1.0
41560.690432499025, 100, -1.0
41561.33280084601, 67, 1.0
41562.332564219825, 50, -1.0
41562.97324394247, 123, -1.0
41563.82145274066, 48, 1.0
41564.15945154837, 63, 1.0
41564.97436474006, 42, -1.0
41566.13353461113, 88, 1.0
41566.24572700992, 170, 1.0
41568.321003883284, 222, 1.0
41568.35115721038, 40, -1.0
41568.886228515854, 98, -1.0
41571.612094057804, 30, -1.0
41572.21938856995, 76, -1.0
41572.49688725895, 133, -1.0
41573.168979594324, 32, 1.0
41573.39334549502, 234, 1.0
41574.86898757975, 101, 1.0
41575.43609545423, 43, -1.0
41576.01936556824, 72, 1.0
41576.03450877017, 56, 1.0
41576.411864121146, 111, 1.0
41577.00245446799, 165, -1.0
41577.08710295446, 34, -1.0
41577.453508817154, 76, -1.0
41579.45601587853, 58, 1.0
41579.611542046296, 65, -1.0
41580.24226941835, 102, -1.0
41581.3543481412, 100, -1.0
41581.72675524791, 70, 1.0
41582.45931554662, 160, -1.0
41582.49478290787, 159, -1.0
41582.50237573612, 29, -1.0
41582.89523181996, 162, 1.0
41583.75726689394, 137, -1.0
41584.96855153939, 82, 1.0
41587.977914329065, 152, 1.0
41588.64573433135, 149, -1.0
41588.717972886676, 102, 1.0
41589.26995999877, 68, 1.0
41589.727250632684, 99, -1.0
41589.998761601266, 64, 1.0
41590.13793886548, 164, 1.0
41590.24142333393, 54, -1.0
41590.25084214146, 120, -1.0
41590.83967332519, 76, 1.0
41591.44704428287, 210, 1.0
41593.50432155508, 81, -1.0
41593.722858950765, 116, 1.0
41594.54090567634, 133, -1.0
41594.62523143155, 103, -1.0
41594.631635214384, 42, 1.0
41596.521719497, 55, 1.0
41596.94109230865, 87, -1.0
41598.14362549829, 72, -1.0
41598.25499568681, 75, 1.0
41598.43422808232, 95, 1.0
41599.00993602261, 159, -1.0
41599.49859327319, 27, 1.0
41600.64926003277, 188, -1.0
41601.176895493976, 188, -1.0
41606.16854151769, 108, 1.0
41607.08414548359, 193, -1.0
41607.738580437945, 40, 1.0
41608.136337988726, 146, 1.0
41609.29392850604, 86, -1.0
41609.57379324817, 40, 1.0
41609.702018240634, 210, 1.0
41616.760294181026, 147, -1.0
41618.10215748885, 149, 1.0
41618.22360116745, 177, -1.0
41619.81565714148, 71, -1.0
41619.91192084818, 133, -1.0
41620.87759113442, 169, -1.0
41622.35590089723, 133, -1.0
41624.72029488247, 109, -1.0
41625.05280468867, 42, 1.0
41625.60579354568, 152, 1.0
41625.620797848365, 155, 1.0
41625.650243461765, 91, 1.0
41627.198720651, 71, 1.0
41627.25955280903, 162, -1.0
41628.59630226186, 87, -1.0
41629.59322290418, 28, 1.0
41631.724090317955, 51, -1.0
41632.30651104148, 51, 1.0
41633.32062331005, 160, -1.0
41634.011246842405, 198, 1.0
41636.086772184506, 71, -1.0
41638.460808917356, 198, 1.0
41639.24553298526, 81, -1.0
41639.24620624981, 58, 1.0
41639.87655274017, 181, -1.0
41642.46060212066, 56, 1.0
41642.60786215162, 43, -1.0
41647.42828648009, 92, -1.0
41647.5192080112, 133, 1.0
41648.13905395248, 152, -1.0
41651.52220316825, 164, 1.0
41651.56442227358, 113, -1.0
41652.23891613632, 71, -1.0
41652.473537504266, 65, -1.0
41654.03876808645, 70, -1.0
41656.89577710968, 81, 1.0
41657.273058753475, 181, -1.0
41657.476163199666, 87, -1.0
41658.85829248893, 67, -1.0
41662.39618925932, 87, 1.0
41662.760424946115, 37, -1.0
41663.869612468916, 234, -1.0
41666.557210703635, 33, 1.0
41667.041434991974, 137, -1.0
41667.679990886405, 148, -1.0
41668.10812853398, 84, 1.0
41668.524826385925, 40, 1.0
41668.761857374084, 193, -1.0
41670.5470007994, 28, 1.0
41671.29556753196, 40, 1.0
41672.50319364899, 155, -1.0
41672.60493836026, 67, -1.0
41674.46346170415, 87, -1.0
41676.159330711715, 40, -1.0
41680.184461719546, 137, 1.0
41681.673531365595, 152, -1.0
41684.92520070831, 133, -1.0
41686.568127773775, 119, -1.0
41687.53599238227, 228, -1.0
41689.719148943615, 160, -1.0
41689.77169401849, 70, 1.0
41691.24599694868, 105, -1.0
41692.18029155554, 68, 1.0
41692.30298605044, 45, 1.0
41692.56856692101, 149, 1.0
41693.06246310623, 161, -1.0
41694.40656682332, 100, 1.0
41694.70344182719, 114, 1.0
41696.232869945976, 67, -1.0
41696.621791544116, 84, 1.0
41697.72670247836, 63, 1.0
41700.96275266232, 76, -1.0
41702.812525523754, 133, -1.0
41705.55827679106, 39, 1.0
41705.92444810965, 95, 1.0
41706.645034621455, 242, -1.0
41707.41932146144, 67, 1.0
41708.310251836745, 34, -1.0
41708.57939208107, 67, 1.0
41708.60178930542, 84, -1.0
41709.735504715056, 87, 1.0
41709.93208888832, 222, 1.0
41710.166883813, 163, -1.0
41710.28286121787, 35, -1.0
41712.06868038515, 45, -1.0
41712.165525997916, 105, 1.0
41712.47520783827, 210, 1.0
41713.36753559234, 126, -1.0
41717.927600085146, 33, 1.0
41718.31902736883, 94, -1.0
41722.15203721932, 114, 1.0
41722.40346547574, 83, -1.0
41724.535290869215, 33, -1.0
41728.110016850624, 153, -1.0
41729.08759975728, 55, -1.0
41729.51427142565, 165, -1.0
41729.538544236624, 148, -1.0
41729.606981487676, 128, -1.0
41729.95165096378, 63, -1.0
41730.27493932986, 160, -1.0
41731.41540176607, 41, -1.0
41731.940348377924, 44, -1.0
41732.34518383507, 149, -1.0
41733.63293625682, 44, -1.0
41734.80849969998, 233, -1.0
41734.91134267193, 137, -1.0
41735.319480834296, 44, -1.0
41735.99580087677, 109, 1.0
41736.430574355625, 40, 1.0
41737.49844273376, 80, 1.0
41737.540256796114, 34, -1.0
41737.61543286789, 234, -1.0
41739.46507404832, 87, 1.0
41740.64054657118, 153, -1.0
41742.69411484454, 241, -1.0
41749.016797642056, 102, -1.0
41749.39788390791, 72, 1.0
41750.880227328154, 33, -1.0
41751.608254876395, 114, -1.0
41753.88199758304, 74, 1.0
41753.96271952593, 137, -1.0
41757.86211246011, 233, 1.0
41759.61208952291, 93, -1.0
41759.68164321829, 167, -1.0
41760.34588218067, 27, 1.0
41764.58057443997, 69, 1.0
41764.800110279175, 116, 1.0
41764.995401338005, 198, -1.0
41765.14381839995, 41, -1.0
41766.60970653647, 72, 1.0
41767.03599993182, 89, 1.0
41767.564630941895, 154, 1.0
41767.59533619, 104, 1.0
41768.32555358372, 61, 1.0
41768.36390643169, 83, 1.0
41769.091540625006, 146, 1.0
41770.29918842171, 40, 1.0
41771.748865279944, 85, -1.0
41772.091842565475, 163, -1.0
41772.965453297664, 71, 1.0
41774.4573230271, 130, -1.0
41774.85575320615, 130, -1.0
41776.40779545728, 100, -1.0
41779.32473078054, 146, 1.0
41779.573272569025, 66, -1.0
41779.96679747765, 241, 1.0
41780.035136846745, 62, -1.0
41780.1440253983, 163, -1.0
41781.95304597779, 152, -1.0
41782.29267883895, 99, -1.0
41783.055026581715, 106, -1.0
41784.624315237415, 160, 1.0
41787.79889161769, 126, 1.0
41787.87281952057, 141, -1.0
41787.93190626932, 137, -1.0
41788.69292542333, 67, 1.0
41789.0703751432, 58, 1.0
41789.69248017097, 40, 1.0
41790.02246099125, 153, -1.0
41791.568492440696, 71, -1.0
41791.98278963544, 35, 1.0
41792.02230187517, 58, 1.0
41793.24081087455, 43, -1.0
41793.82012786194, 141, -1.0
41794.06277502002, 97, -1.0
41794.5709658462, 162, -1.0
41795.669731584654, 96, 1.0
41796.98307465925, 116, 1.0
41798.04674182581, 80, 1.0
41798.54750304195, 67, 1.0
41798.64770792718, 138, 1.0
41798.935832719384, 67, 1.0
41799.410323328884, 93, -1.0
41799.46457633363, 101, -1.0
41800.05402002639, 43, 1.0
41800.17011309964, 61, -1.0
41801.10740813565, 152, 1.0
41801.89395009266, 33, -1.0
41802.860595694794, 142, 1.0
41803.20607470359, 83, 1.0
41804.240446475735, 111, 1.0
41804.48265505205, 154, -1.0
41805.0175800538, 142, 1.0
41806.46348329505, 137, -1.0
41806.47002924734, 150, -1.0
41807.126700946144, 100, -1.0
41808.76651110567, 141, 1.0
41809.34439772301, 101, 1.0
41809.89077104026, 105, -1.0
41811.009514210076, 126, -1.0
41811.59969163587, 116, -1.0
41813.59540891963, 116, -1.0
41814.91256414104, 235, 1.0
41815.08135946585, 233, -1.0
41816.29157359284, 171, -1.0
41817.09585420409, 40, 1.0
41817.670414832006, 235, 1.0
41819.43156597195, 141, -1.0
41819.619427834776, 130, 1.0
41819.6255936299, 233, -1.0
41820.18753976392, 142, 1.0
41820.32839962903, 103, 1.0
41820.56988040935, 114, -1.0
41821.1632490627, 66, -1.0
41823.69234088933, 130, 1.0
41823.80007049339, 234, 1.0
41824.30359802205, 75, -1.0
41825.007676661786, 167, -1.0
41825.10123387267, 91, -1.0
41825.95045096463, 142, 1.0
41828.89793840572, 62, 1.0
41829.312834049284, 32, -1.0
41829.64268557983, 133, -1.0
41834.70945648669, 108, 1.0
41837.96172651028, 151, 1.0
41838.463013254506, 146, 1.0
41838.589185853176, 173, -1.0
41838.85243656769, 182, 1.0
41839.6862419306, 124, -1.0
41840.51079677637, 141, -1.0
41841.23114678485, 104, 1.0
41842.03510017422, 33, -1.0
41842.187260003106, 142, 1.0
41843.37381263483, 116, -1.0
41847.07830813426, 52, -1.0
41849.711272629705, 198, -1.0
41852.73957155702, 69, 1.0
41853.22917848028, 148, -1.0
41856.59518110151, 100, -1.0
41860.24076553826, 81, 1.0
41860.336625027725, 40, 1.0
41860.34227263655, 160, 1.0
41861.34156547103, 165, 1.0
41863.86883025681, 149, -1.0
41864.745770471694, 40, -1.0
41866.219544798194, 45, -1.0
41868.18082236741, 141, -1.0
41869.94586732752, 62, -1.0
41870.311033748374, 71, -1.0
41873.69354150998, 154, 1.0
41873.87083376788, 162, 1.0
41876.09071952744, 27, -1.0
41879.20150469406, 87, -1.0
41879.80646682747, 233, -1.0
41880.71419798492, 98, 1.0
41881.28102952701, 50, -1.0
41882.84968827831, 59, -1.0
41884.22270471584, 113, 1.0
41884.59735538551, 92, -1.0
41888.44271060895, 101, 1.0
41889.5574572788, 193, -1.0
41890.64145865625, 34, 1.0
41890.77064407045, 188, -1.0
41891.26784732694, 51, -1.0
41891.413531051905, 64, 1.0
41892.01697984271, 103, 1.0
41892.756324317896, 71, 1.0
41893.33896704036, 75, 1.0
41893.84012767202, 44, 1.0
41894.30683753738, 149, -1.0
41894.83640292856, 103, -1.0
41895.482534172035, 230, 1.0
41895.75662381538, 165, 1.0
41897.18332980999, 87, 1.0
41898.4658381155, 235, -1.0
41898.75506575778, 61, -1.0
41899.48763911838, 114, -1.0
41900.7145989343, 75, -1.0
41901.40647649488, 58, -1.0
41901.8069127577, 130, -1.0
41902.20061746968, 75, 1.0
41902.29045254136, 126, -1.0
41902.69374551676, 100, -1.0
41903.282731182335, 152, 1.0
41904.47694530765, 75, 1.0
41905.06906356643, 142, -1.0
41906.16565310376, 63, -1.0
41908.66969535049, 37, -1.0
41908.72616129208, 53, -1.0
41909.23879329454, 167, -1.0
41909.72790030007, 155, 1.0
41909.885520947726, 62, 1.0
41910.434486827406, 26, -1.0
41913.24508568723, 198, -1.0
41913.729873122305, 71, 1.0
41915.5957716212, 110, 1.0
41915.63241552062, 101, -1.0
41915.951664756816, 99, -1.0
41916.26836132103, 62, 1.0
41917.381262269584, 28, -1.0
41918.15676945251, 69, -1.0
41919.313236001035, 146, -1.0
41921.34321053305, 120, -1.0
41922.11328489799, 52, -1.0
41922.33323933428, 95, -1.0
41922.399162103335, 137, 1.0
41924.61031552306, 123, -1.0
41925.252051577016, 61, -1.0
41925.5392751212, 152, -1.0
41927.83026687846, 40, 1.0
41929.116498148906, 68, 1.0
41929.87634619234, 67, -1.0
41930.046263340875, 31, 1.0
41931.25593078598, 149, -1.0
41931.818919659876, 71, 1.0
41932.71883881519, 118, -1.0
41932.817947599244, 85, -1.0
41932.92805186128, 119, 1.0
41934.692784991385, 103, 1.0
41938.464851108096, 30, -1.0
41939.55623759917, 75, 1.0
41939.617234087644, 137, 1.0
41943.03166233778, 233, -1.0
41944.08877291394, 137, 1.0
41945.34977701482, 99, 1.0
41946.82744585524, 142, 1.0
41948.55518129787, 126, 1.0
41949.22045878729, 116, -1.0
41951.98489056046, 40, 1.0
41952.067029490296, 66, 1.0
41953.8349875712, 71, 1.0
41954.23000161407, 154, -1.0
41957.11955651939, 169, 1.0
41957.17634728592, 31, -1.0
41958.17323665575, 198, -1.0
41958.599796607814, 130, -1.0
41961.26244216214, 154, -1.0
41962.19243543754, 113, -1.0
41964.2332616161, 72, 1.0
41965.89231640465, 81, -1.0
41967.93341077505, 61, 1.0
41968.11547269234, 54, -1.0
41968.540219544615, 193, 1.0
41970.08725681435, 58, 1.0
41970.10915288459, 101, 1.0
41970.53049658808, 76, 1.0
41970.57841995095, 222, -1.0
41971.29127509796, 100, -1.0
41972.975262588996, 171, -1.0
41976.954407158315, 173, -1.0
41978.18909453637, 114, -1.0
41979.15613750266, 241, 1.0
41979.188074519996, 41, -1.0
41982.52310202021, 123, -1.0
41984.16143939794, 76, -1.0
41985.112304522896, 68, 1.0
41985.27271254753, 65, -1.0
41986.79854491815, 50, 1.0
41987.808458317755, 181, -1.0
41988.01225995636, 95, -1.0
41989.06086328726, 50, -1.0
41989.71732046509, 113, -1.0
41992.340544706836, 28, -1.0
41993.32333293954, 90, -1.0
41994.51772549043, 28, -1.0
41995.20735483489, 45, -1.0
41998.84096517791, 193, -1.0
41998.96752710964, 165, -1.0
41999.05998297331, 58, -1.0
41999.48643609416, 76, -1.0
41999.860271170095, 142, 1.0
42000.10407345392, 44, -1.0
42000.302916188004, 41, 1.0
42008.31800674381, 114, -1.0
42009.19341352486, 116, -1.0
42009.96398556317, 152, 1.0
42010.27522947402, 153, -1.0
42011.41574476563, 53, -1.0
42012.67465746003, 33, 1.0
42015.598088624, 128, -1.0
42016.411580381806, 126, -1.0
42016.73874665975, 109, 1.0
42017.222643312016, 40, 1.0
42017.87374948284, 126, -1.0
42018.561022586844, 67, 1.0
42020.12147176841, 193, -1.0
42020.22407175199, 241, -1.0
42021.29892288486, 182, 1.0
42021.99018240315, 95, 1.0
42022.67823424044, 154, 1.0
42023.08379840504, 67, 1.0
42023.160742206564, 152, -1.0
42023.927519702345, 233, 1.0
42024.13660278545, 81, -1.0
42025.8993814829, 92, -1.0
42028.22383473973, 148, -1.0
42028.44498447317, 182, -1.0
42028.84441048601, 101, -1.0
42029.71073418773, 165, -1.0
42031.90211135202, 155, 1.0
42033.143579822725, 116, 1.0
42033.50064980522, 164, 1.0
42035.94862758829, 153, -1.0
42036.012046115, 87, 1.0
42036.59075233772, 142, -1.0
42036.725056285155, 158, 1.0
42038.68566445821, 108, -1.0
42038.82583630314, 87, -1.0
42039.891165081455, 54, -1.0
42041.11087140762, 31, -1.0
42043.19261599523, 116, -1.0
42043.39468643638, 59, 1.0
42044.55660202823, 116, -1.0
42049.3793223923, 161, -1.0
42049.881658374696, 64, -1.0
42051.86572793961, 92, 1.0
42052.75158349328, 84, 1.0
42055.58554369367, 126, 1.0
42056.63409576775, 103, 1.0
42058.58762480773, 76, 1.0
42058.762933939804, 152, -1.0
42062.61626500246, 128, -1.0
42066.89577696274, 114, -1.0
42067.108454090325, 166, -1.0
42067.912733393816, 67, 1.0
42068.87707540854, 164, 1.0
42070.17159859135, 41, 1.0
42070.72115170775, 138, 1.0
42070.72204451922, 71, 1.0
42070.84133587576, 100, 1.0
42072.38836918573, 177, -1.0
42073.44549794702, 84, 1.0
42075.60113925904, 34, 1.0
42078.200076662935, 235, 1.0
42079.85507322517, 102, -1.0
42080.26299054466, 235, 1.0
42081.57098033133, 165, -1.0
42082.61388329762, 116, 1.0
42083.98504476235, 152, -1.0
42086.8263745574, 40, -1.0
42089.81449447766, 142, -1.0
42090.63626835662, 109, -1.0
42090.95941130533, 33, -1.0
42094.373197056484, 71, 1.0
42095.86149919238, 114, 1.0
42098.778362517325, 65, 1.0
42100.03042036012, 170, 1.0
42100.79270326024, 161, -1.0
42101.13902270594, 97, 1.0
42102.9477036041, 146, 1.0
42103.59313014695, 173, -1.0
42103.77990655136, 92, 1.0
42103.78579494034, 164, -1.0
42104.90384896672, 34, 1.0
42109.00274054151, 102, -1.0
42109.89422322911, 41, -1.0
42112.06340506278, 40, 1.0
42112.23722514592, 44, -1.0
42114.11640192457, 152, 1.0
42115.82165843948, 159, -1.0
42117.859622194876, 70, 1.0
42118.71182658914, 163, -1.0
42119.781224079576, 108, -1.0
42119.82295810188, 105, 1.0
42120.201944974346, 128, 1.0
42121.52394654202, 148, -1.0
42122.38622485637, 69, -1.0
42123.18461216672, 80, -1.0
42123.92461845307, 169, 1.0
42125.107758632985, 154, -1.0
42125.90638319825, 70, 1.0
42126.128571453606, 59, -1.0
42126.90871985876, 58, -1.0
42127.40256681106, 154, -1.0
42127.7846223516, 130, 1.0
42129.20552630685, 161, -1.0
42129.718587113435, 59, -1.0
42129.87487803551, 222, 1.0
42130.54714113285, 76, -1.0
42131.27979497678, 42, -1.0
42131.95779827205, 233, -1.0
42134.96504084135, 67, 1.0
42135.48545047928, 71, 1.0
42137.412651651015, 188, -1.0
42137.94834177525, 40, -1.0
42138.11722264834, 181, 1.0
42142.2308360019, 114, -1.0
42144.39155913525, 123, -1.0
42147.3920441291, 159, -1.0
42148.13800980113, 83, 1.0
42150.864250710474, 80, -1.0
42151.913857386804, 100, -1.0
42153.4171186269, 33, 1.0
42153.7083461934, 75, 1.0
42154.976772216454, 133, -1.0
42155.05659168993, 123, -1.0
42155.30917476406, 152, 1.0
42155.45705490785, 164, 1.0
42157.3212808669, 81, 1.0
42159.62670310279, 116, -1.0
42160.53675112462, 71, 1.0
42161.475086383296, 160, 1.0
42161.93179786701, 87, -1.0
42161.997209374334, 87, -1.0
42162.369741339826, 146, -1.0
42162.48841376309, 124, -1.0
42163.213180045954, 198, 1.0
42163.40688046285, 141, -1.0
42164.12660023095, 234, 1.0
42164.13701868247, 54, -1.0
42164.16991658438, 72, -1.0
42164.58189877181, 75, 1.0
42172.27909506551, 137, 1.0
42172.80978914308, 233, 1.0
42174.165003527785, 116, -1.0
42175.343514949986, 110, 1.0
42175.5776063947, 90, -1.0
42177.8887978055, 75, 1.0
42179.0655904608, 75, -1.0
42180.50039771619, 90, -1.0
42181.2906688888, 169, -1.0
42182.16210447668, 72, 1.0
42182.62002462057, 60, 1.0
42182.7100790628, 71, 1.0
42183.90493448453, 234, 1.0
42183.936265128395, 50, -1.0
42185.03655855701, 130, 1.0
42185.69209836146, 93, -1.0
42185.71145109929, 34, 1.0
42187.58929059011, 69, -1.0
42188.11980652398, 137, -1.0
42189.10370613253, 171, -1.0
42189.7108076069, 193, -1.0
42192.31095164379, 165, -1.0
42193.12063588487, 82, 1.0
42193.26973543694, 99, 1.0
42193.47913058212, 81, 1.0
42194.748513444836, 90, 1.0
42201.74049707602, 95, -1.0
42203.26845101411, 43, -1.0
42203.4326392546, 48, -1.0
42203.504360127066, 41, -1.0
42204.99205581753, 69, -1.0
42205.26970821315, 155, 1.0
42205.91865968295, 152, -1.0
42206.62361436514, 114, -1.0
42208.14453107139, 93, -1.0
42208.28199044464, 155, -1.0
42208.75809035866, 187, -1.0
42209.88550479892, 71, 1.0
42210.01726583841, 75, 1.0
42210.69692971463, 116, -1.0
42212.060781356675, 58, 1.0
42213.27120490825, 162, 1.0
42216.29890357114, 152, -1.0
42218.42885025796, 198, 1.0
42218.91358879711, 142, -1.0
42219.296629988035, 103, -1.0
42219.34029674784, 109, 1.0
42220.88722778282, 89, 1.0
42221.747868700375, 58, 1.0
42221.81382585669, 188, -1.0
42223.53853225995, 52, -1.0
42226.71239013072, 50, -1.0
42227.68727379809, 233, -1.0
42230.057027291565, 75, -1.0
42230.602474115054, 133, -1.0
42232.034698699594, 153, -1.0
42233.35267878527, 126, 1.0
42234.230012907974, 113, -1.0
42234.94972158356, 152, 1.0
42235.18998266251, 101, 1.0
42235.217021105724, 42, -1.0
42235.650743564256, 103, -1.0
42236.27486275055, 93, -1.0
42239.900218618386, 26, 1.0
42240.79206270618, 155, 1.0
42241.07834953241, 71, 1.0
42241.38300141794, 146, -1.0
42241.413182061704, 33, -1.0
42243.32171199899, 64, 1.0
42244.66651623941, 44, -1.0
42246.07756451594, 43, -1.0
42246.117275152246, 133, -1.0
42246.798688053954, 235, 1.0
42249.704940582786, 101, 1.0
42250.455070934695, 63, -1.0
42250.651707475175, 235, -1.0
42251.70253314288, 72, 1.0
42252.00848925514, 50, -1.0
42252.439684887366, 109, -1.0
42252.544759833494, 163, -1.0
42252.84039439721, 164, 1.0
42254.62414740977, 117, 1.0
42256.50750250004, 222, -1.0
42257.49473141792, 130, 1.0
42257.96043207273, 41, 1.0
42261.108028129296, 120, -1.0
42261.400679383165, 117, -1.0
42261.516882737684, 198, 1.0
42262.87276608407, 188, -1.0
42263.077765130154, 142, 1.0
42263.420330682646, 106, -1.0
42263.86720971119, 152, 1.0
42264.755409321486, 110, -1.0
42267.43000635605, 108, -1.0
42269.42267847903, 80, 1.0
42273.19076904624, 160, -1.0
42274.38384349308, 222, 1.0
42274.52393716637, 167, -1.0
42276.60327423682, 44, -1.0
42277.028418876645, 165, -1.0
42277.171066766445, 41, -1.0
42277.2712662215, 235, 1.0
42277.31984697582, 71, -1.0
42277.63299345339, 36, -1.0
42278.8996659961, 58, 1.0
42278.9451559289, 28, 1.0
42280.44595727878, 126, 1.0
42283.96858410052, 69, 1.0
42284.261568915615, 126, -1.0
42284.33728189694, 86, -1.0
42285.68512421918, 40, -1.0
42288.025029856806, 168, -1.0
42288.3685022075, 69, -1.0
42290.17165796478, 146, 1.0
42290.3265200495, 99, 1.0
42290.48947115131, 163, -1.0
42291.15790272504, 126, -1.0
42292.85553245386, 129, 1.0
42293.24155324103, 187, 1.0
42293.64753585095, 83, 1.0
42293.75806182, 46, -1.0
42293.847163769606, 64, 1.0
42296.78545622878, 113, -1.0
42297.8421136482, 162, -1.0
42297.868534644964, 157, -1.0
42298.065003447446, 105, 1.0
42298.156683174704, 154, -1.0
42298.75375508355, 44, -1.0
42300.64686184952, 100, -1.0
42300.733814805986, 235, -1.0
42301.05030860499, 71, 1.0
42305.270334761044, 142, -1.0
42305.34162522906, 98, 1.0
42305.369890849914, 169, 1.0
42307.372854816764, 63, 1.0
42307.6342130337, 109, 1.0
42309.38025002227, 137, 1.0
42309.65894932249, 101, 1.0
42310.82650111195, 66, -1.0
42314.264382375804, 50, -1.0
42315.32891178299, 103, -1.0
42316.19097927498, 198, -1.0
42316.30522930676, 108, -1.0
42316.8746088082, 45, -1.0
42317.99041639373, 158, -1.0
42319.19788046685, 81, 1.0
42319.68397550115, 87, 1.0
42320.06314170059, 75, 1.0
42322.182129699024, 75, -1.0
42322.96273962901, 103, 1.0
42323.4223685063, 130, -1.0
42324.84040896588, 124, -1.0
42325.20779117932, 58, -1.0
42325.93262098424, 146, 1.0
42327.61374029962, 35, 1.0
42328.70487915115, 26, -1.0
42328.98425443593, 152, -1.0
42329.33199572131, 36, 1.0
42330.14295735567, 90, -1.0
42330.37323296639, 65, -1.0
42330.60104169287, 34, -1.0
42331.72470598951, 154, 1.0
42333.22929783655, 120, -1.0
42335.96935790112, 181, -1.0
42338.31200761944, 98, -1.0
42339.62745194966, 147, -1.0
42339.969691768216, 153, -1.0
42340.71460687273, 152, 1.0
42343.027009692865, 228, -1.0
42343.98190964637, 50, -1.0
42345.980780810554, 109, 1.0
42347.213237109005, 60, 1.0
42348.95946710438, 99, 1.0
42353.14041105396, 182, 1.0
42356.565131774005, 105, -1.0
42357.49200828763, 165, -1.0
42358.14579520076, 35, 1.0
42360.74531255827, 149, -1.0
42360.771392992196, 155, -1.0
42360.775276782966, 141, 1.0
42360.88322186391, 147, 1.0
42361.02892099001, 75, -1.0
42361.431955906, 161, -1.0
42362.11030660216, 118, -1.0
42366.04121316151, 157, -1.0
42366.14396841263, 59, -1.0
42366.637919822344, 181, -1.0
42370.87136413437, 230, 1.0
42371.227224653114, 59, -1.0
42371.939059255616, 41, 1.0
42373.049960148215, 28, 1.0
42376.80791341937, 164, -1.0
42377.45555611654, 35, 1.0
42378.309422725004, 71, 1.0
42381.89063205565, 97, -1.0
42382.731361458835, 63, 1.0
42384.11342538727, 137, 1.0
42385.738580743266, 72, 1.0
42389.482812657996, 95, 1.0
42389.7510935611, 28, 1.0
42391.59574573333, 34, 1.0
42392.53213779552, 63, 1.0
42394.214229928, 158, -1.0
42394.468150606066, 165, 1.0
42395.03338353594, 188, -1.0
42395.21410798014, 152, 1.0
42398.54249178788, 111, 1.0
42400.88891252878, 29, -1.0
42401.850949868596, 155, 1.0
42402.56877799006, 152, -1.0
42403.924177008084, 118, 1.0
42404.27633299907, 161, -1.0
42405.156302319665, 101, -1.0
42405.45734536928, 116, 1.0
42405.912709879376, 129, 1.0
42405.96181581049, 30, -1.0
42406.349550964915, 137, 1.0
42407.327791405834, 100, -1.0
42408.86107562899, 69, -1.0
42410.264463248386, 242, -1.0
42411.57781094472, 123, -1.0
42412.915208938626, 87, 1.0
42413.1915623433, 153, 1.0
42416.541858207296, 59, -1.0
42416.60838729584, 58, 1.0
42416.84475140559, 155, -1.0
42418.14196763823, 40, 1.0
42420.679004887665, 33, 1.0
42422.05783846604, 124, -1.0
42422.31653493078, 116, -1.0
42424.46461616482, 109, 1.0
42425.873852972254, 50, -1.0
42426.429845343, 164, 1.0
42427.21602914957, 153, 1.0
42427.22978812114, 188, -1.0
42427.31833498492, 103, -1.0
42427.468382591534, 71, 1.0
42427.57649006132, 104, -1.0
42429.177675553874, 155, 1.0
42430.673449212234, 142, 1.0
42432.70277766245, 35, 1.0
42433.62770779411, 110, 1.0
42435.40954341067, 234, -1.0
42436.32505287901, 60, -1.0
42436.81794365037, 40, -1.0
42438.6008435757, 58, -1.0
42439.00452079983, 114, 1.0
42439.03298850512, 99, 1.0
42439.196089410834, 71, -1.0
42439.56187586929, 41, -1.0
42443.39457055709, 69, -1.0
42445.583099265794, 71, -1.0
42446.46686068588, 69, 1.0
42447.48390951428, 198, 1.0
42447.811840567345, 158, 1.0
42448.78712876, 68, 1.0
42449.04706793699, 182, 1.0
42449.68936012406, 159, -1.0
42449.86559581969, 105, -1.0
42453.943648159904, 74, 1.0
42454.37576427273, 105, -1.0
42454.639392251906, 40, -1.0
42456.13175467127, 72, 1.0
42456.278322254024, 48, -1.0
42457.689142877425, 152, 1.0
42457.90398664476, 113, -1.0
42458.06153955155, 35, 1.0
42458.1668936159, 58, -1.0
42458.23373030902, 92, -1.0
42458.850002548155, 31, -1.0
42461.79503442465, 101, -1.0
42462.211132607976, 69, -1.0
42463.669179024284, 40, 1.0
42463.93308755758, 126, 1.0
42464.26209835925, 124, 1.0
42465.018069673744, 44, 1.0
42466.38954632223, 168, -1.0
42466.925464298794, 153, -1.0
42467.10019421045, 193, -1.0
42467.334461828614, 36, -1.0
42467.45958607341, 72, -1.0
42470.02457842166, 153, 1.0
42470.5713375414, 42, 1.0
42470.73897131837, 165, 1.0
42474.81023285885, 141, -1.0
42475.35032029885, 193, -1.0
42475.44633375604, 44, -1.0
42475.633908934404, 101, 1.0
42476.59278980585, 120, -1.0
42480.321246311665, 81, -1.0
42481.05810387717, 119, 1.0
42481.18556634175, 33, -1.0
42481.62324608459, 173, -1.0
42481.971885959385, 105, 1.0
42482.209508935615, 37, -1.0
42482.56234746059, 65, 1.0
42484.4128607606, 109, -1.0
42487.025865689255, 98, 1.0
42487.16130087074, 97, 1.0
42487.29263161616, 142, 1.0
42487.48389752272, 58, 1.0
42487.60091068868, 113, -1.0
42487.935329889435, 71, 1.0
42488.76034577615, 81, -1.0
42489.1641904625, 162, 1.0
42489.450541211125, 76, 1.0
42489.83696785268, 58, -1.0
42491.21844864575, 83, 1.0
42491.43101370548, 83, -1.0
42496.92471162688, 58, 1.0
42497.66640142364, 36, -1.0
42497.87579882144, 146, 1.0
42497.90403787179, 60, -1.0
42497.90728141599, 108, -1.0
42497.928812764316, 46, -1.0
42498.36034688785, 165, -1.0
42499.11721156468, 59, -1.0
42501.04823261906, 167, -1.0
42503.18337463677, 99, 1.0
42504.20778070272, 40, -1.0
42504.239833490814, 155, 1.0
42504.81166590887, 76, -1.0
42506.02584880422, 53, -1.0
42507.04323806636, 76, -1.0
42508.94263799473, 109, -1.0
42509.88087158555, 126, -1.0
42510.48917765524, 55, 1.0
42511.85077276739, 114, -1.0
42512.19031806406, 155, -1.0
42513.99268561157, 59, -1.0
42514.0610731139, 123, -1.0
42514.40149311228, 142, 1.0
42514.40994651747, 114, 1.0
42514.80015459458, 100, -1.0
42515.34361778147, 45, 1.0
42516.08524723032, 87, -1.0
42517.07954065122, 44, -1.0
42517.331914429175, 75, 1.0
42519.93743879506, 41, 1.0
42520.99878045109, 29, -1.0
42523.12342060307, 71, -1.0
42523.173966137176, 58, -1.0
42523.497057033834, 126, 1.0
42523.6021219702, 120, -1.0
42523.898690911454, 36, -1.0
42524.94428245779, 42, -1.0
42525.13949845388, 157, -1.0
42525.70534372874, 41, -1.0
42529.912020128104, 233, 1.0
42532.099992458134, 34, -1.0
42532.72788839261, 165, 1.0
42534.00451954464, 100, -1.0
42534.00527135101, 188, 1.0
42534.32168157841, 110, -1.0
42534.58147282673, 26, 1.0
42537.373571446624, 126, -1.0
42538.106965561725, 116, 1.0
42538.48367663349, 71, 1.0
42539.745340566245, 92, -1.0
42540.21001698401, 64, 1.0
42543.12851540827, 99, -1.0
42544.258938818435, 68, -1.0
42547.01611505195, 99, -1.0
42548.40287430037, 167, 1.0
42549.572417489864, 148, -1.0
42549.62299290815, 100, -1.0
42549.97527503172, 98, -1.0
42550.012110174386, 124, 1.0
42550.70667648221, 40, -1.0
42552.3400569944, 58, -1.0
42553.47871005428, 75, 1.0
42556.46084366931, 116, 1.0
42558.39088207665, 72, -1.0
42559.24351780052, 32, -1.0
42559.298018316884, 75, 1.0
42560.26977357085, 141, 1.0
42564.85378816735, 64, -1.0
42566.841936356774, 75, -1.0
42568.617973195556, 198, -1.0
42568.64455809263, 116, 1.0
42568.97854508239, 123, -1.0
42569.79473877873, 86, -1.0
42570.39628693921, 107, 1.0
42570.40420551473, 91, -1.0
42572.40218006764, 150, 1.0
42573.26278959021, 87, 1.0
42574.099619874476, 35, 1.0
42575.24714797002, 58, 1.0
42575.729516660285, 234, -1.0
42578.27010106737, 102, 1.0
42578.28532298154, 37, -1.0
42578.697137051124, 137, -1.0
42579.13380116382, 114, -1.0
42579.653106869024, 182, -1.0
42583.18200243745, 116, 1.0
42586.729998586816, 98, -1.0
42589.15809017531, 40, -1.0
42589.78764251142, 92, -1.0
42590.25572193712, 165, 1.0
42592.9567712872, 66, -1.0
42593.16279169072, 62, -1.0
42594.21503312458, 163, 1.0
42599.556895901536, 230, 1.0
42601.67106625129, 154, 1.0
42601.8964451382, 72, -1.0
42603.10628867339, 233, 1.0
42603.286696778225, 29, -1.0
42603.404281896466, 36, -1.0
42606.33779566833, 119, 1.0
42610.55248617003, 40, 1.0
42612.90099882601, 90, -1.0
42615.2855800717, 179, -1.0
42615.42179227834, 50, -1.0
42616.09832173474, 228, 1.0
42616.59730197294, 137, 1.0
42618.03406928458, 39, 1.0
42619.63481322376, 233, 1.0
42620.37821218841, 51, 1.0
42621.261399636765, 88, -1.0
42623.28777810122, 165, 1.0
42624.39970608238, 141, -1.0
42626.14019224594, 120, 1.0
42627.67518097133, 133, -1.0
42628.46292605721, 116, 1.0
42628.78967048691, 161, -1.0
42629.03757684367, 162, 1.0
42629.87681307682, 169, 1.0
42630.645215648605, 86, -1.0
42630.677426620765, 116, 1.0
42630.90304337643, 82, -1.0
42631.21703864288, 53, -1.0
42631.27517531885, 99, -1.0
42631.946740778214, 116, -1.0
42633.967792773445, 67, 1.0
42635.206584907995, 82, -1.0
42635.26951973961, 116, -1.0
42635.31082817896, 71, 1.0
42635.698400014786, 67, 1.0
42635.88023335104, 122, 1.0
42636.087743849544, 116, -1.0
42637.276739850095, 113, -1.0
42638.850427826656, 146, 1.0
42641.00591887845, 151, 1.0
42641.346569086345, 159, -1.0
42641.35184469748, 117, -1.0
42641.694488640205, 81, 1.0
42641.90802493192, 116, 1.0
42642.65652852028, 164, -1.0
42643.70556163292, 146, 1.0
42643.737826551886, 54, -1.0
42644.92120998554, 162, -1.0
42645.40154722608, 152, 1.0
42646.199135117306, 150, -1.0
42646.21731694731, 164, 1.0
42646.61344596379, 71, -1.0
42646.70873673381, 62, -1.0
42647.07714022855, 106, 1.0
42647.31987095524, 82, 1.0
42647.75252520542, 40, -1.0
42648.09135651754, 148, 1.0
42648.676670617075, 87, 1.0
42648.819299330185, 114, -1.0
42649.137815814596, 41, -1.0
42651.106898701866, 28, 1.0
42651.71715987026, 116, -1.0
42652.399508829694, 37, -1.0
42653.47485459151, 151, 1.0
42654.577092724074, 162, 1.0
42654.58622987369, 33, 1.0
42656.853507739404, 76, 1.0
42658.86804026894, 130, -1.0
42660.34757445022, 35, 1.0
42660.45718167717, 163, 1.0
42660.60835344462, 164, 1.0
42661.64238389926, 32, 1.0
42661.76811929726, 126, -1.0
42665.37539330554, 137, -1.0
42668.73458730746, 66, 1.0
42668.921181628975, 40, 1.0
42669.59796504459, 87, 1.0
42669.631919653264, 152, -1.0
42670.9980545396, 149, -1.0
42671.43222283832, 137, 1.0
42672.33399983116, 96, -1.0
42672.368006633245, 43, -1.0
42674.150313989354, 41, -1.0
42677.605534568225, 50, 1.0
42677.7836894387, 177, 1.0
42679.23543247993, 75, 1.0
42679.26102230949, 54, -1.0
42680.062560486345, 122, 1.0
42681.79229070362, 152, -1.0
42682.87074620224, 126, 1.0
42684.39881440707, 103, -1.0
42684.778365586266, 50, -1.0
42684.86768257695, 67, 1.0
42685.42035203288, 52, -1.0
42685.72957882286, 75, 1.0
42686.12278173183, 35, -1.0
42686.190434121156, 28, 1.0
42687.60132004647, 152, -1.0
42689.853434275574, 160, -1.0
42690.16044989636, 235, 1.0
42690.691748158366, 59, 1.0
42690.80332769183, 233, -1.0
42691.38710890878, 71, 1.0
42694.35503467352, 87, 1.0
42698.177098229746, 71, 1.0
42698.93528448235, 187, -1.0
42699.27449795012, 126, -1.0
42699.49597382063, 50, -1.0
42700.915410747126, 75, -1.0
42701.44586861416, 126, 1.0
42703.428171836356, 103, -1.0
42704.74291655468, 43, -1.0
42707.19417584078, 61, 1.0
42709.0447439215, 106, 1.0
42709.56811193099, 133, -1.0
42711.77395332737, 137, -1.0
42712.18580380025, 133, -1.0
42712.78608880364, 100, -1.0
42714.124044077515, 70, -1.0
42715.80096205505, 67, -1.0
42716.87976896555, 84, -1.0
42716.95920179703, 114, -1.0
42717.21306277788, 193, -1.0
42718.677408357, 86, -1.0
42721.40831296221, 70, 1.0
42722.516284862344, 137, -1.0
42722.90763197179, 40, 1.0
42723.92080047988, 82, -1.0
42724.4677512521, 173, 1.0
42726.610255246596, 63, 1.0
42726.61889374274, 149, -1.0
42727.06266447677, 58, -1.0
42728.403280280254, 108, -1.0
42730.410672553335, 26, -1.0
42730.96431046964, 193, -1.0
42731.173722296626, 60, -1.0
42732.724556465066, 71, 1.0
42733.17434022398, 119, 1.0
42733.39004536454, 155, -1.0
42734.73216132262, 153, 1.0
42734.858591435644, 35, 1.0
42734.905840433705, 88, -1.0
42735.0495646759, 155, -1.0
42735.729260357184, 95, -1.0
42738.13587457439, 37, 1.0
42739.5077973321, 34, 1.0
42740.38612683285, 71, 1.0
42740.47096402732, 116, -1.0
42741.06665518159, 153, -1.0
42741.384750130965, 155, -1.0
42742.186731073205, 161, -1.0
42743.1082170143, 45, 1.0
42743.9190232361, 163, -1.0
42744.929623713055, 163, 1.0
42744.9735620274, 97, -1.0
42746.508405663706, 67, 1.0
42746.75506343446, 148, 1.0
42747.805196186724, 182, 1.0
42748.10067224497, 111, 1.0
42748.97703203911, 71, 1.0
42751.02531000806, 81, -1.0
42751.689686626516, 86, -1.0
42752.79311581291, 233, -1.0
42754.80524902921, 154, 1.0
42755.36754961732, 75, 1.0
42757.29515580257, 83, 1.0
42761.18534368344, 162, -1.0
42761.5055265253, 173, -1.0
42763.038775206296, 88, -1.0
42764.1834464478, 58, -1.0
42765.43217050751, 40, 1.0
42766.47081388654, 62, -1.0
42770.00092133658, 44, -1.0
42771.546179659956, 34, 1.0
42772.62264736221, 72, 1.0
42773.510173148425, 113, 1.0
42773.51835799312, 198, -1.0
42775.94286559896, 133, -1.0
42776.47778812707, 71, 1.0
42776.567763371364, 124, 1.0
42776.73795155286, 97, 1.0
42776.968706529646, 101, 1.0
42777.0539979336, 233, -1.0
42777.14238384973, 149, -1.0
42777.34146189859, 87, -1.0
42778.58901519104, 113, -1.0
42781.636020043, 168, -1.0
42782.5127780096, 58, -1.0
42782.59838624546, 65, 1.0
42783.41303576212, 76, -1.0
42784.832430283655, 163, -1.0
42785.72818707542, 142, 1.0
42785.878880820674, 37, -1.0
42786.367754087194, 158, 1.0
42787.37330856985, 92, 1.0
42788.26334169197, 193, -1.0
42789.111479937485, 228, 1.0
42791.47154849438, 157, -1.0
42794.265329326336, 94, 1.0
42795.10634370743, 164, 1.0
42798.19034723977, 165, -1.0
42800.224385314716, 146, -1.0
42801.80302783532, 67, -1.0
42802.14806987871, 75, -1.0
42802.917977925936, 105, -1.0
42803.95643711883, 141, 1.0
42803.96318438131, 101, -1.0
42804.613890139524, 28, -1.0
42804.66506353321, 29, -1.0
42806.87064664435, 114, -1.0
42809.388583586224, 41, 1.0
42809.65263870075, 105, -1.0
42811.3510923646, 114, -1.0
42812.499401144734, 32, 1.0
42816.35511029371, 75, 1.0
42816.70603474258, 41, 1.0
42817.11346163736, 68, 1.0
42818.222982994674, 81, -1.0
42818.81291333942, 36, -1.0
42820.72086592483, 179, -1.0
42822.80218153045, 163, -1.0
42824.106817973945, 75, -1.0
42825.62581204446, 105, 1.0
42825.83968584994, 235, -1.0
42828.43973568203, 90, -1.0
42828.68061382447, 98, 1.0
42830.001799766214, 83, -1.0
42830.85780744893, 81, -1.0
42832.66583194169, 165, -1.0
42833.22344859377, 152, 1.0
42837.058384616925, 142, -1.0
42837.69679642811, 242, -1.0
42837.9081712939, 177, -1.0
42839.10287620505, 82, -1.0
42841.659854000805, 26, -1.0
42844.00480496376, 26, -1.0
42844.28963999831, 188, -1.0
42845.850477169515, 167, -1.0
42850.35857746277, 114, 1.0
42850.72166935561, 84, -1.0
42852.03228348301, 171, 1.0
42852.87365509852, 130, -1.0
42853.84800857105, 60, 1.0
42854.33087502334, 84, -1.0
42854.41859412814, 33, -1.0
42857.599402486914, 75, 1.0
42857.7243708939, 45, -1.0
42859.6966088803, 169, 1.0
42860.143044038974, 107, 1.0
42860.62199519235, 75, 1.0
42860.81619250693, 54, -1.0
42861.894141902376, 42, 1.0
42862.1785405752, 114, -1.0
42862.523083196866, 155, -1.0
42864.24154832108, 71, -1.0
42866.15374882413, 152, -1.0
42866.3195988241, 98, -1.0
42867.41816778035, 70, 1.0
42868.05895692304, 70, 1.0
42869.05987568747, 235, -1.0
42870.21136844595, 202, 1.0
42870.4667430704, 41, 1.0
42871.18026176643, 114, 1.0
42872.692917388085, 233, -1.0
42873.01059495729, 103, 1.0
42874.12049717269, 146, 1.0
42874.31726459174, 50, 1.0
42874.76321383914, 153, 1.0
42875.32395319881, 34, -1.0
42875.99917864346, 91, -1.0
42879.13629467824, 146, 1.0
42880.89121652997, 152, -1.0
42881.22617165168, 58, 1.0
42883.00149508735, 101, -1.0
42884.009548539936, 126, 1.0
42884.130595277544, 67, 1.0
42884.75957465508, 158, 1.0
42887.8689570423, 177, -1.0
42887.87416330948, 155, 1.0
42888.04812126141, 235, 1.0
42888.14217689461, 165, -1.0
42888.145633472755, 100, 1.0
42889.29907204313, 146, -1.0
42890.58978459413, 72, -1.0
42890.859463358254, 163, 1.0
42892.09323498254, 71, 1.0
42892.93779510703, 50, -1.0
42893.83474871648, 158, 1.0
42894.57294171581, 84, 1.0
42894.94341484978, 118, -1.0
42895.116846081975, 157, -1.0
42897.985252694925, 129, -1.0
42901.05217775598, 169, 1.0
42901.421569651066, 71, 1.0
42902.26184357581, 98, -1.0
42904.29301751658, 84, 1.0
42904.54653510415, 153, -1.0
42905.48392520599, 234, -1.0
42907.060275216565, 83, -1.0
42907.45057176521, 67, 1.0
42909.40843070431, 71, 1.0
42909.73479047611, 87, 1.0
42909.818158272436, 99, 1.0
42911.754749347405, 87, -1.0
42912.361659801405, 99, 1.0
42912.8486454161, 42, -1.0
42913.339932436094, 165, -1.0
42913.62233615803, 158, -1.0
42915.94119137331, 193, -1.0
42916.82743638277, 44, 1.0
42917.26880399755, 59, 1.0
42923.475877973244, 187, -1.0
42923.741594921004, 97, 1.0
42930.97858166859, 109, 1.0
42931.967994324725, 137, -1.0
42932.31041821702, 177, -1.0
42932.69892199338, 75, 1.0
42934.24579803835, 146, 1.0
42935.87634848552, 130, -1.0
42935.98014485787, 116, -1.0
42937.00438053152, 108, -1.0
42937.861626524165, 80, -1.0
42939.243875708045, 152, -1.0
42940.86311936822, 120, 1.0
42942.519581975255, 114, -1.0
42944.76279560167, 114, -1.0
42945.050757119716, 111, 1.0
42947.899100775685, 234, -1.0
42949.745752365234, 160, -1.0
42950.16638535953, 35, -1.0
42950.902783943275, 50, -1.0
42953.11182855975, 44, 1.0
42955.47914473098, 67, -1.0
42957.31426366507, 70, 1.0
42958.749235944684, 164, 1.0
42958.892239603316, 81, -1.0
42959.82689361181, 36, -1.0
42961.03848705846, 86, 1.0
42965.07042622536, 141, 1.0
42965.63090589824, 170, 1.0
42967.476893104904, 33, 1.0
42969.37945560903, 84, -1.0
42969.5175568299, 41, 1.0
42970.417007592274, 210, -1.0
42970.914915031724, 142, -1.0
42971.39631483402, 152, -1.0
42973.94251608803, 75, 1.0
42974.08212235849, 116, 1.0
42975.5354018272, 159, 1.0
42976.37014203214, 123, -1.0
42976.55502209124, 64, -1.0
42977.50468552377, 99, 1.0
42977.99788117113, 68, 1.0
42979.10371170231, 120, -1.0
42980.04929507397, 69, -1.0
42986.76539831854, 58, -1.0
42987.9995656586, 105, 1.0
42988.02214919329, 103, 1.0
42989.58307617823, 44, -1.0
42990.24650167991, 116, 1.0
42991.763592096, 163, -1.0
42992.66378803816, 31, -1.0
42993.76259233504, 124, -1.0
42994.280953441754, 75, -1.0
42995.83243817094, 76, -1.0
42996.768773595286, 83, -1.0
42997.043476694664, 84, -1.0
42997.958721320385, 154, 1.0
42998.07281687745, 96, 1.0
42999.68961558414, 159, -1.0
43000.03472816142, 158, -1.0
43002.095523634176, 177, -1.0
43002.20333724834, 40, -1.0
43002.53744677121, 155, -1.0
43003.55920204014, 153, 1.0
43004.608310551106, 103, 1.0
43004.78027924865, 167, 1.0
43005.68429326273, 40, 1.0
43006.80370888296, 83, -1.0
43008.03200250701, 64, 1.0
43012.82894954376, 45, -1.0
43013.03408299041, 133, -1.0
43016.67968634189, 147, -1.0
43017.77019064261, 71, -1.0
43019.56960457811, 163, -1.0
43020.09017933329, 105, 1.0
43021.9068087072, 222, 1.0
43023.55039876796, 169, 1.0
43023.96621899982, 40, -1.0
43024.15958096888, 126, 1.0
43025.91309903882, 74, 1.0
43026.6626724544, 234, 1.0
43027.00802763775, 173, -1.0
43028.60284956306, 154, -1.0
43030.01434395231, 101, 1.0
43030.722640916676, 157, -1.0
43031.48626948688, 233, -1.0
43033.22645934605, 45, -1.0
43033.97826819182, 110, 1.0
43034.46856118701, 83, -1.0
43034.89281167897, 98, -1.0
43034.97939353396, 154, 1.0
43036.700007063024, 126, -1.0
43039.00073982141, 98, 1.0
43040.93485864175, 97, -1.0
43040.966856067964, 113, 1.0
43041.0867741417, 170, 1.0
43041.599878122994, 152, -1.0
43041.92875805055, 76, -1.0
43042.28172628908, 116, -1.0
43044.56826821213, 103, 1.0
43045.9007088758, 235, -1.0
43047.4858609756, 50, -1.0
43047.61261232236, 48, -1.0
43047.947041538886, 142, -1.0
43048.24836737294, 40, 1.0
43049.643931682986, 161, -1.0
43049.715280053344, 102, -1.0
43049.85979204404, 241, -1.0
43052.47277786339, 234, 1.0
43055.087616498065, 167, 1.0
43055.664148795135, 161, -1.0
43056.453438307035, 30, -1.0
43056.6946367507, 154, -1.0
43057.95909230928, 63, -1.0
43059.237334850586, 114, -1.0
43060.25777190737, 241, -1.0
43064.86596514409, 142, 1.0
43065.15790719518, 66, -1.0
43069.90529430948, 27, 1.0
43071.03309808553, 188, -1.0
43071.67579232321, 163, -1.0
43072.474652284494, 155, -1.0
43077.04725467029, 58, -1.0
43079.65722901747, 181, -1.0
43080.65733714336, 102, -1.0
43080.782673082664, 120, -1.0
43081.15670951367, 173, -1.0
43081.89051779805, 149, 1.0
43083.427054282656, 103, -1.0
43084.74337779433, 71, 1.0
43090.39186533496, 126, 1.0
43090.41587917394, 173, -1.0
43092.15681077032, 58, 1.0
43095.26481308954, 129, 1.0
43098.24847591837, 114, -1.0
43098.87765292813, 62, 1.0
43100.86409017763, 99, 1.0
43102.10182751558, 67, 1.0
43102.1222350114, 52, -1.0
43103.15415225979, 40, -1.0
43103.163909499126, 234, 1.0
43103.370874208595, 27, -1.0
43103.85219164326, 99, -1.0
43105.71538554512, 193, -1.0
43105.7724637374, 109, -1.0
43106.76735590885, 130, -1.0
43106.79067825608, 72, -1.0
43108.54948277469, 74, 1.0
43109.960639264216, 35, -1.0
43110.60861537477, 75, 1.0
43111.803267108786, 161, -1.0
43113.41211138042, 36, 1.0
43113.68571164022, 233, -1.0
43114.8173325692, 70, 1.0
43116.33230068583, 67, -1.0
43116.753682684124, 83, 1.0
43117.31383425206, 71, 1.0
43119.154752734605, 142, -1.0
43119.214803261624, 235, 1.0
43119.74739547618, 50, -1.0
43122.1498513478, 128, -1.0
43123.14908773136, 159, -1.0
43123.5371201181, 96, -1.0
43124.51319954137, 56, -1.0
43124.603673340134, 99, -1.0
43126.02380459444, 53, -1.0
43126.52959437664, 75, -1.0
43126.74545268125, 75, 1.0
43127.02944208958, 75, 1.0
43127.72671714831, 57, 1.0
43129.112652798554, 35, -1.0
43129.92624941386, 126, 1.0
43130.10483417841, 142, 1.0
43131.28411627643, 71, 1.0
43131.73151523839, 72, 1.0
43134.62493301445, 114, 1.0
43134.803760141855, 75, 1.0
43135.27631264569, 75, -1.0
43135.44976101717, 150, 1.0
43135.86814402701, 67, -1.0
43135.95740217209, 97, -1.0
43136.49888487697, 235, 1.0
43136.522453222366, 119, -1.0
43139.16296535302, 50, 1.0
43141.42580212329, 146, -1.0
43142.46386736175, 133, -1.0
43142.51768644194, 114, 1.0
43143.272328014806, 75, 1.0
43146.2226703621, 97, -1.0
43146.22579538771, 120, -1.0
43147.1205818486, 72, 1.0
43147.38221552893, 163, -1.0
43148.452087007834, 70, 1.0
43148.45389922593, 55, -1.0
43148.58660690649, 111, 1.0
43148.77360736624, 99, 1.0
43151.39182446275, 113, 1.0
43153.8327186095, 163, 1.0
43154.15333419688, 152, -1.0
43154.264582605974, 95, 1.0
43154.81417114394, 149, -1.0
43155.918079114825, 179, -1.0
43157.0288540641, 68, 1.0
43158.10330376266, 42, -1.0
43160.0471529643, 75, 1.0
43162.445808948316, 84, -1.0
43162.49422873343, 109, 1.0
43167.407816541134, 53, -1.0
43169.27450340452, 117, -1.0
43169.57977626147, 70, 1.0
43169.86341365189, 116, -1.0
43171.46771423346, 61, 1.0
43173.07774894694, 163, -1.0
43174.27182877344, 123, -1.0
43174.986799689264, 81, -1.0
43178.18232231434, 99, -1.0
43178.19269551638, 68, -1.0
43178.70858519418, 126, 1.0
43179.48068242795, 54, -1.0
43183.61939061709, 193, -1.0
43183.84490809636, 59, 1.0
43186.52704429348, 58, 1.0
43187.07054991081, 158, -1.0
43188.21510399627, 43, 1.0
43189.18738015644, 100, 1.0
43190.58117790853, 165, 1.0
43192.708322875886, 71, 1.0
43193.80798634952, 146, 1.0
43198.23971212653, 198, -1.0
