25212.928257384458, 101, 1.0
25216.045886290834, 152, -1.0
25227.02353418226, 35, -1.0
25232.96215626473, 101, 1.0
25235.148347939088, 148, 1.0
25242.484130915873, 75, 1.0
25245.48404814936, 101, 1.0
25248.965025319503, 35, -1.0
25264.91321523935, 154, 1.0
25265.520012165165, 154, 1.0
25270.693633575855, 75, 1.0
25281.330165629504, 148, -1.0
25281.483481515254, 75, 1.0
25283.394197749072, 35, -1.0
25288.690091277316, 35, 1.0
25300.08397281335, 154, 1.0
25303.72639571125, 35, -1.0
25308.90465074048, 154, 1.0
25309.582729460402, 101, 1.0
25310.031545231814, 103, 1.0
25310.93852501633, 44, -1.0
25315.59639945325, 75, -1.0
25318.61520514896, 75, -1.0
25346.98847450585, 148, -1.0
25357.15232141866, 154, 1.0
25373.77446397467, 103, 1.0
25378.321670979065, 103, 1.0
25386.07436421568, 35, -1.0
25392.843199902814, 35, -1.0
25397.37158179216, 44, -1.0
25401.567129050884, 152, -1.0
25422.7607758245, 103, 1.0
25442.80609766135, 103, 1.0
25445.486908238803, 101, 1.0
25445.896326108454, 148, 1.0
25453.08202554254, 148, -1.0
25461.150320308683, 75, 1.0
25462.83609909701, 103, 1.0
25474.202887269348, 103, 1.0
25479.01536030673, 154, 1.0
25502.531434049062, 103, 1.0
25531.00222012747, 35, -1.0
25535.93313914259, 75, -1.0
25549.64006779881, 103, -1.0
25560.919043082384, 103, 1.0
25562.389257075512, 101, 1.0
25562.86701542501, 75, 1.0
25565.7720943258, 152, -1.0
25584.05058609739, 75, 1.0
25588.634012009737, 101, 1.0
25592.52330790924, 101, 1.0
25592.721384896075, 75, 1.0
25593.095908714327, 101, 1.0
25597.75719616895, 35, -1.0
25608.433653225282, 154, -1.0
25610.35854997248, 101, 1.0
25614.994998055343, 35, -1.0
25622.687442608396, 148, 1.0
25636.75207957456, 35, -1.0
25639.072340058206, 154, 1.0
25640.08075095515, 152, -1.0
25656.12831836358, 101, 1.0
25663.533889677878, 75, -1.0
25674.680067222933, 101, 1.0
25681.690487837594, 35, -1.0
25699.868956046896, 103, 1.0
25706.752358137077, 44, -1.0
25711.050534808797, 103, 1.0
25711.493317706358, 101, -1.0
25712.077128440647, 75, 1.0
25713.224766979845, 35, -1.0
25715.235739964395, 103, 1.0
25719.67719366491, 75, 1.0
25723.221152183294, 103, -1.0
25727.02229986355, 75, 1.0
25733.559822834126, 103, 1.0
25736.572794087922, 152, -1.0
25746.100472917802, 152, -1.0
25746.30017359503, 154, 1.0
25748.914984151335, 152, -1.0
25762.066637374406, 148, -1.0
25767.8588451935, 75, 1.0
25770.753276148538, 103, 1.0
25796.25813221852, 152, 1.0
25798.030435209515, 44, -1.0
25799.26705842965, 148, -1.0
25809.879327262453, 75, 1.0
25810.35124562076, 44, -1.0
25811.156905254422, 152, -1.0
25814.752274136572, 154, -1.0
25822.631874281942, 152, 1.0
25824.971533828142, 75, -1.0
25830.146116766886, 152, 1.0
25834.297121993455, 35, -1.0
25847.931219710168, 44, -1.0
25850.417242637137, 44, -1.0
25856.144930631828, 35, -1.0
25864.559471626817, 154, 1.0
25870.04579877245, 75, -1.0
25873.509104193585, 35, -1.0
25877.116939382075, 75, -1.0
25885.320391844376, 152, -1.0
25886.90078658977, 44, -1.0
25889.985101204868, 152, -1.0
25898.379248687328, 152, 1.0
25902.22689532503, 154, 1.0
25907.73269973453, 44, -1.0
25917.315366151535, 75, -1.0
25917.929499474103, 75, 1.0
25918.069560325603, 152, 1.0
25919.836421676682, 35, -1.0
25927.56264857639, 35, -1.0
25928.595758204934, 35, -1.0
25929.60386131563, 101, 1.0
25933.04273665133, 154, -1.0
25933.07591732865, 152, -1.0
25938.580215926337, 75, -1.0
25943.122345664626, 148, 1.0
25946.720440054007, 154, 1.0
25949.12057453145, 35, -1.0
25949.640492987404, 75, 1.0
25954.936026472205, 44, -1.0
25961.139792222424, 152, 1.0
25965.3457484864, 35, -1.0
25967.448332459975, 75, 1.0
25984.91849201167, 154, 1.0
25998.123972539248, 148, -1.0
25998.554253459137, 152, -1.0
26020.706754550898, 101, 1.0
26037.922919212957, 35, -1.0
26040.012017450874, 152, -1.0
26040.27789406846, 35, -1.0
26044.12577806098, 152, -1.0
26044.67507104053, 35, -1.0
26045.677519029454, 152, -1.0
26061.236484294634, 101, 1.0
26067.484806461744, 152, 1.0
26084.036999836782, 75, 1.0
26084.698137098232, 75, 1.0
26085.182761688266, 44, -1.0
26100.28764556619, 101, -1.0
26101.41712557759, 154, 1.0
26115.871509497236, 35, -1.0
26123.14642463198, 103, 1.0
26130.995445632292, 152, 1.0
26147.241707819452, 103, -1.0
26154.10182485104, 148, -1.0
26162.26625238636, 103, 1.0
26163.091089437658, 152, -1.0
26166.22458332353, 103, -1.0
26171.93404658977, 154, 1.0
26178.641815384657, 44, -1.0
26187.00724667965, 75, -1.0
26190.407727667374, 75, 1.0
26192.84154473368, 75, 1.0
26193.07473238206, 103, -1.0
26199.596020124256, 152, 1.0
26214.28756015342, 103, -1.0
26223.280507936608, 148, -1.0
26224.75900441525, 101, -1.0
26228.9412787669, 148, -1.0
26235.311206358918, 101, 1.0
26239.069941560498, 75, 1.0
26249.36250554232, 35, -1.0
26253.508006164255, 75, 1.0
26256.023948005288, 101, 1.0
26258.302159361294, 152, -1.0
26274.20600312129, 154, 1.0
26280.532995398033, 75, 1.0
26292.449885090078, 152, 1.0
26296.75493242032, 35, -1.0
26298.38457585004, 148, -1.0
26310.490179476525, 101, 1.0
26315.992858614005, 75, 1.0
26322.79564100654, 35, -1.0
26334.147230186485, 152, -1.0
26339.13916663789, 35, -1.0
26344.83468084508, 75, 1.0
26356.51508519003, 75, 1.0
26364.336361429017, 75, 1.0
26367.233976326548, 101, 1.0
26377.8772159675, 152, 1.0
26382.299449244998, 152, -1.0
26383.673794984494, 101, 1.0
26394.478412674187, 75, 1.0
26397.600608734007, 101, 1.0
26407.77660153919, 44, -1.0
26413.097604323008, 101, 1.0
26414.067121277352, 35, -1.0
26417.40848707056, 152, -1.0
26418.566244173577, 44, -1.0
26434.2381556334, 75, -1.0
26438.21569336866, 148, -1.0
26441.784626451376, 154, 1.0
26444.55680206533, 35, -1.0
26449.954636725848, 44, -1.0
26455.109658571513, 154, 1.0
26456.930060801435, 148, -1.0
26464.009268164908, 101, 1.0
26465.3703810628, 103, 1.0
26473.13753643409, 35, -1.0
26474.47423721202, 154, 1.0
26479.71842508395, 75, 1.0
26483.624065776126, 148, -1.0
26486.522691119873, 35, -1.0
26489.10113945833, 35, -1.0
26496.5553135305, 35, 1.0
26498.26044388676, 152, 1.0
26506.893445057816, 148, -1.0
26510.83694931795, 152, -1.0
26513.69050137421, 35, -1.0
26522.629662788437, 154, 1.0
26530.865768412594, 148, -1.0
26550.11942368553, 35, -1.0
26556.409418082105, 35, -1.0
26556.697709185893, 44, -1.0
26570.223893983708, 154, -1.0
26571.792192851288, 154, 1.0
26574.351036256263, 75, 1.0
26583.925113576275, 75, 1.0
26586.890956381023, 152, -1.0
26592.572190425944, 75, 1.0
26602.77358379939, 103, 1.0
26605.42436268004, 103, 1.0
26606.09088920766, 35, 1.0
26609.159253673406, 154, 1.0
26613.34364149872, 75, 1.0
26617.657105896196, 101, 1.0
26624.071479603244, 148, 1.0
26630.162623771597, 101, 1.0
26630.963519265, 75, 1.0
26632.74659632826, 35, -1.0
26633.664771778138, 154, 1.0
26634.350507926916, 35, -1.0
26664.28852583309, 75, 1.0
26666.153795585495, 44, -1.0
26679.44870298372, 152, 1.0
26695.81030228242, 35, -1.0
26719.24529721712, 75, 1.0
26727.75524141313, 101, 1.0
26734.50980286338, 103, 1.0
26735.018925349388, 152, 1.0
26736.174037373028, 152, -1.0
26738.663498801452, 35, -1.0
26746.654146808567, 35, -1.0
26747.48207328368, 75, 1.0
26750.96148095355, 75, 1.0
26765.153144259093, 75, 1.0
26788.849551936026, 101, 1.0
26796.135861427258, 75, 1.0
26797.63004885463, 75, -1.0
26801.004145490846, 152, -1.0
26801.1002943153, 75, -1.0
26812.2098003118, 35, -1.0
26817.459302060674, 35, 1.0
26817.91958500966, 148, 1.0
26818.044980978582, 152, 1.0
26830.96388439676, 44, -1.0
26840.91133876579, 148, -1.0
26846.138197046286, 148, -1.0
26879.463124895123, 101, 1.0
26886.412263876973, 44, -1.0
26886.79728065174, 152, -1.0
26897.09127818804, 103, -1.0
26899.005155261428, 148, -1.0
26905.65805818634, 35, -1.0
26919.224358671763, 152, 1.0
26927.06579258284, 103, 1.0
26933.2678968761, 152, -1.0
26957.580281004983, 75, -1.0
26959.663409779332, 152, -1.0
26967.31170899659, 101, 1.0
26969.915613420602, 75, 1.0
26977.473569701255, 154, -1.0
26980.88663451468, 152, -1.0
26983.780974036683, 75, 1.0
26984.261552238073, 75, 1.0
27000.157845958744, 75, -1.0
27007.80526033275, 148, -1.0
27009.92038283824, 103, 1.0
27033.25161835805, 148, -1.0
27037.9365367439, 75, 1.0
27042.418807003167, 148, -1.0
27049.15108604789, 152, 1.0
27051.314249075775, 44, -1.0
27053.714363781153, 101, -1.0
27055.89548914466, 35, -1.0
27057.68112746582, 101, 1.0
27075.86329017547, 148, -1.0
27084.007691935392, 75, -1.0
27091.81919609053, 35, 1.0
27093.03903138977, 148, -1.0
27106.81133599761, 154, -1.0
27109.789180128595, 148, -1.0
27122.793293577168, 35, -1.0
27128.717432695208, 152, 1.0
27129.297682339315, 75, -1.0
27131.171954800782, 103, 1.0
27151.94435485127, 75, 1.0
27153.491661635413, 154, -1.0
27159.14076850388, 103, 1.0
27160.748741009953, 148, -1.0
27163.38094351812, 75, 1.0
27182.87576288997, 152, -1.0
27197.20322087441, 35, -1.0
27204.782476335502, 75, -1.0
27228.005819892678, 154, 1.0
27231.470013658152, 75, 1.0
27241.3794955972, 44, -1.0
27245.17008303205, 44, -1.0
27247.42168532833, 152, -1.0
27276.328979861973, 103, 1.0
27276.55421215464, 152, 1.0
27279.791446293555, 75, 1.0
27283.755670379713, 103, 1.0
27286.5177306957, 35, -1.0
27295.231784932574, 35, -1.0
27296.40527564825, 154, 1.0
27301.851707159654, 152, -1.0
27302.38422471026, 152, 1.0
27306.422252183314, 75, 1.0
27307.604238991444, 101, 1.0
27310.84688221253, 152, 1.0
27312.125117103973, 75, 1.0
27316.365735338655, 148, -1.0
27318.41275183121, 152, -1.0
27320.51214176107, 75, 1.0
27321.3784603749, 35, 1.0
27337.42327471222, 35, -1.0
27339.652762654263, 44, -1.0
27341.439768151788, 101, 1.0
27348.169245790185, 75, 1.0
27378.06384846382, 75, 1.0
27379.100604085597, 75, -1.0
27381.514707710572, 35, 1.0
27385.198232139206, 35, -1.0
27399.806050215386, 101, -1.0
27410.60780569613, 35, -1.0
27410.975571484756, 35, 1.0
27437.039827677734, 35, 1.0
27437.303757845893, 148, -1.0
27438.91392779377, 44, -1.0
27460.102361244837, 103, -1.0
27466.157614810476, 103, -1.0
27474.097800234475, 154, 1.0
27479.6774009696, 35, -1.0
27490.81839695802, 75, 1.0
27493.610916781967, 75, 1.0
27495.91785273155, 44, -1.0
27498.96699276415, 152, -1.0
27501.295375388556, 154, 1.0
27511.095756731364, 154, 1.0
27520.00943999435, 101, 1.0
27521.20199924739, 44, -1.0
27524.597580730755, 103, -1.0
27534.219211081177, 35, 1.0
27535.057694522762, 103, -1.0
27538.981292843917, 152, -1.0
27543.023265822547, 154, 1.0
27560.133165864143, 75, -1.0
27562.76699504298, 75, 1.0
27573.558559769128, 152, -1.0
27579.427944678053, 35, -1.0
27582.795379534015, 152, 1.0
27583.73812058405, 101, 1.0
27586.453955920544, 75, 1.0
27590.182338030325, 75, 1.0
27600.131765931543, 152, -1.0
27601.60017185414, 148, 1.0
27602.298460363607, 75, 1.0
27605.73911295494, 35, -1.0
27606.67376428796, 75, 1.0
27606.863880919213, 35, -1.0
27607.492117496684, 154, 1.0
27609.685778851563, 154, 1.0
27642.657931370595, 152, -1.0
27648.722847647747, 103, 1.0
27653.350692466865, 75, 1.0
27663.295947237522, 44, -1.0
27663.71113326102, 101, 1.0
27665.512748600828, 75, 1.0
27666.9704735979, 101, 1.0
27668.667905359842, 75, 1.0
27669.821635912398, 152, 1.0
27676.380651755127, 148, -1.0
27682.029137783837, 35, 1.0
27685.391684326307, 152, 1.0
27688.66939671562, 35, -1.0
27713.779631362882, 154, 1.0
27717.258525514873, 101, 1.0
27718.083034839867, 103, -1.0
27718.601555293353, 101, 1.0
27719.130827340832, 103, 1.0
27727.632848475987, 148, -1.0
27731.825453784128, 148, -1.0
27738.635057412328, 101, 1.0
27742.59849616143, 75, 1.0
27755.093184681824, 148, -1.0
27762.052535061717, 101, 1.0
27768.00252978135, 75, 1.0
27779.47090857757, 103, -1.0
27781.141293146666, 154, 1.0
27786.296188859906, 35, -1.0
27786.593994316143, 35, -1.0
27797.00257946235, 148, -1.0
27799.04099893672, 152, -1.0
27802.150882569116, 148, -1.0
27823.972478939457, 154, 1.0
27840.397673407744, 103, 1.0
27845.73535555356, 152, -1.0
27855.746718775, 35, -1.0
27870.87064684192, 152, -1.0
27879.55354076312, 35, -1.0
27881.573604319572, 154, 1.0
27883.88295185052, 44, -1.0
27885.056031540065, 152, 1.0
27888.60742027348, 103, -1.0
27891.873867401246, 75, -1.0
27898.33173065594, 154, -1.0
27905.225029508056, 75, 1.0
27917.830211018205, 103, -1.0
27923.633460122623, 44, -1.0
27929.399074290122, 44, -1.0
27936.482154413206, 75, 1.0
27942.2432256371, 75, 1.0
27942.409939399833, 101, 1.0
27953.902254850313, 154, 1.0
27959.26962370188, 152, -1.0
27961.776709536665, 75, 1.0
27966.125779484326, 152, 1.0
27968.294298950303, 35, -1.0
27971.187173715447, 75, 1.0
27978.89469453845, 152, -1.0
27980.24869295874, 103, -1.0
27983.476175824355, 44, -1.0
27983.964142641955, 152, -1.0
27984.78418607434, 148, -1.0
27985.25608238898, 35, -1.0
27986.859199137874, 103, 1.0
28001.65066762874, 35, -1.0
28016.98387341323, 152, -1.0
28021.518822446607, 75, 1.0
28026.829351028646, 75, 1.0
28031.36542381562, 152, -1.0
28045.09097758365, 101, 1.0
28047.14293780757, 75, 1.0
28051.31341551031, 75, 1.0
28068.009033540937, 154, -1.0
28075.42575431588, 75, 1.0
28076.279064877956, 75, -1.0
28096.56475673022, 103, 1.0
28100.741393317803, 35, -1.0
28108.06491734551, 75, 1.0
28114.924637134616, 148, -1.0
28118.9940921737, 154, 1.0
28119.419734748673, 103, -1.0
28131.081426434626, 75, 1.0
28136.6761307378, 75, 1.0
28141.59973585659, 44, -1.0
28147.20083512609, 148, -1.0
28151.15779359185, 35, -1.0
28152.184436605923, 154, 1.0
28169.7735409378, 103, 1.0
28170.88488808034, 154, 1.0
28180.474318503944, 75, -1.0
28186.443639910616, 103, 1.0
28187.46827318711, 152, -1.0
28193.186357797604, 35, -1.0
28194.921641728448, 152, 1.0
28197.91445025536, 101, 1.0
28199.62090733823, 101, 1.0
28210.955813841203, 75, 1.0
28225.23762131757, 75, 1.0
28231.170780345175, 35, -1.0
28232.804471444895, 148, -1.0
28242.557449787382, 35, -1.0
28265.307097121007, 35, -1.0
28265.628546834836, 35, 1.0
28269.473355419093, 75, 1.0
28270.83177430717, 101, 1.0
28283.28907238509, 75, 1.0
28286.823466213442, 103, -1.0
28291.126020990017, 44, -1.0
28305.137718251204, 148, -1.0
28327.64827936692, 103, 1.0
28328.900107955167, 148, -1.0
28332.075021504814, 154, 1.0
28335.060607205938, 152, 1.0
28337.88926998716, 101, 1.0
28340.852796849682, 35, -1.0
28341.06970483563, 44, -1.0
28342.337964753624, 152, -1.0
28349.522926097034, 154, -1.0
28353.85525220175, 35, 1.0
28354.624614427816, 75, 1.0
28355.4989017575, 35, -1.0
28358.520929647875, 44, -1.0
28368.245812739002, 35, -1.0
28369.77340529798, 75, -1.0
28383.259198928383, 35, -1.0
28394.35079725519, 35, -1.0
28407.637811737965, 101, 1.0
28416.275366001795, 35, -1.0
28416.382317947482, 35, -1.0
28423.11021905244, 103, 1.0
28433.16438867009, 75, 1.0
28437.582921696994, 152, -1.0
28443.808625021098, 154, 1.0
28444.07647348307, 154, 1.0
28448.779333863513, 44, -1.0
28451.6997802686, 44, -1.0
28459.86289133657, 75, -1.0
28462.55453619228, 44, -1.0
28472.92967257823, 101, -1.0
28474.278215039623, 75, -1.0
28483.67985386483, 152, -1.0
28483.75153696386, 103, -1.0
28485.54227280256, 35, -1.0
28509.632599329794, 35, -1.0
28509.747529390057, 103, -1.0
28511.666932831857, 103, 1.0
28512.92354441416, 101, 1.0
28513.447105731837, 35, -1.0
28523.20879833859, 148, -1.0
28524.94645021456, 154, -1.0
28526.15887902661, 152, -1.0
28530.06175454123, 148, -1.0
28532.920670971955, 44, -1.0
28539.24511766596, 152, -1.0
28546.680751314896, 154, -1.0
28546.987937855138, 101, 1.0
28563.998338010828, 103, -1.0
28567.673558044222, 152, -1.0
28571.589623425032, 35, -1.0
28575.803890785104, 103, 1.0
28583.45897176602, 103, 1.0
28585.37828422305, 103, -1.0
28591.714099217694, 35, -1.0
28599.10534197728, 152, -1.0
28601.810383243486, 103, -1.0
28602.83849812495, 44, -1.0
28604.21564917535, 148, 1.0
28613.291743025962, 152, -1.0
28621.428785214666, 154, 1.0
28633.435828636957, 101, 1.0
28637.445966701514, 154, 1.0
28641.702696200206, 103, 1.0
28643.19409578763, 154, -1.0
28649.621552402594, 35, 1.0
28651.880154775856, 103, 1.0
28656.688150640486, 103, -1.0
28664.163864080405, 75, 1.0
28668.134221328393, 148, 1.0
28675.861243627045, 152, 1.0
28679.40317854858, 103, 1.0
28696.46723173152, 152, 1.0
28699.823186797155, 75, 1.0
28717.164220642717, 35, -1.0
28724.590616226367, 152, -1.0
28730.786478235274, 101, 1.0
28736.924323160012, 75, 1.0
28748.97500553289, 101, -1.0
28751.293052817906, 152, -1.0
28764.51455906227, 154, 1.0
28773.222796066548, 152, -1.0
28781.981683245744, 44, -1.0
28792.430169619067, 152, -1.0
28795.37618337514, 35, 1.0
28796.808745211838, 35, 1.0
28798.00011703511, 35, -1.0
28805.60578249189, 154, -1.0
28808.70716304555, 35, -1.0
28811.377349564555, 35, 1.0
28813.48810912302, 154, 1.0
28828.58368241389, 154, -1.0
28831.699447610732, 103, -1.0
28833.267452406904, 154, -1.0
28833.325127162807, 101, -1.0
28849.71656041611, 101, 1.0
28852.17569491442, 35, -1.0
28856.95880080429, 154, -1.0
28858.70356436757, 75, 1.0
28861.774629548283, 103, 1.0
28866.905180273312, 75, 1.0
28869.42907478336, 75, 1.0
28887.228979751748, 154, -1.0
28890.840064837965, 35, -1.0
28892.482164796827, 101, 1.0
28892.95634940384, 101, 1.0
28895.189028068995, 101, -1.0
28898.369835310987, 154, -1.0
28903.458210997982, 101, -1.0
28907.84082158542, 152, -1.0
28912.25097149181, 103, 1.0
28912.324138145144, 101, -1.0
28914.99661553707, 75, -1.0
28927.321450942418, 35, -1.0
28930.841398491728, 101, -1.0
28935.701077975365, 152, -1.0
28936.261947157152, 154, -1.0
28939.327971888775, 75, -1.0
28944.804529997178, 148, -1.0
28947.989829413167, 75, 1.0
28962.93600787135, 148, -1.0
28973.279172841867, 148, 1.0
28992.630054684854, 44, 1.0
28996.74799355708, 152, -1.0
29028.39479385774, 75, 1.0
29031.899258433783, 75, 1.0
29038.5989091637, 101, 1.0
29045.529902793678, 44, 1.0
29055.874436526105, 75, -1.0
29057.366947912997, 35, -1.0
29058.248868332452, 101, -1.0
29061.257545706667, 101, 1.0
29061.434782078293, 35, -1.0
29065.473006039323, 148, -1.0
29067.615272350406, 35, -1.0
29068.917295991785, 101, 1.0
29078.078609370245, 103, 1.0
29087.33126154731, 103, -1.0
29096.6077442806, 154, 1.0
29102.74324576346, 148, -1.0
29103.243421342813, 101, -1.0
29107.28774049305, 75, 1.0
29108.81519260028, 35, 1.0
29113.03224069655, 103, 1.0
29115.80259825427, 154, 1.0
29118.590723945676, 148, -1.0
29127.885029113968, 154, 1.0
29143.39868513728, 35, 1.0
29144.62247733307, 154, -1.0
29150.813418513593, 103, 1.0
29156.633420416903, 35, -1.0
29157.24554089825, 75, 1.0
29169.483290914275, 148, 1.0
29170.74673906403, 35, 1.0
29171.771191046144, 101, -1.0
29194.637708245245, 101, 1.0
29198.128250690654, 154, 1.0
29200.34584004368, 152, -1.0
29204.603362457296, 44, 1.0
29210.666591134075, 75, -1.0
29210.760667583585, 101, -1.0
29214.29786000149, 148, -1.0
29218.57380824075, 148, -1.0
29223.54317900359, 148, -1.0
29223.596750676195, 154, -1.0
29225.451751479457, 152, -1.0
29231.319191954295, 152, -1.0
29243.591776276273, 103, -1.0
29260.817054760388, 103, -1.0
29267.766333247604, 35, 1.0
29282.63005261399, 152, -1.0
29284.92899771481, 148, -1.0
29300.145337389305, 154, 1.0
29303.127069250415, 148, -1.0
29308.146389900914, 103, 1.0
29310.059678559774, 148, -1.0
29319.921623868406, 35, -1.0
29321.476418257447, 35, -1.0
29323.98537226474, 152, -1.0
29328.238856472322, 154, -1.0
29332.743056209183, 154, 1.0
29334.617653951715, 75, -1.0
29350.056441461038, 75, -1.0
29360.102258516705, 75, 1.0
29365.150150152433, 152, 1.0
29366.124997368857, 75, 1.0
29368.717664979347, 35, 1.0
29369.054299214855, 154, -1.0
29373.550615516193, 101, -1.0
29374.147677189492, 148, -1.0
29374.683159907843, 75, -1.0
29378.396566115844, 154, 1.0
29387.48010938222, 101, -1.0
29392.09563432657, 154, -1.0
29400.62357097419, 152, 1.0
29412.194426057595, 35, -1.0
29422.322731305678, 103, 1.0
29423.000612319243, 152, -1.0
29423.267416293023, 152, -1.0
29425.81811977867, 152, 1.0
29432.25222447664, 35, -1.0
29436.62209492514, 103, 1.0
29449.87158117428, 35, 1.0
29464.695416987754, 75, 1.0
29467.2851399718, 101, 1.0
29467.293504846413, 152, -1.0
29472.2003878469, 101, 1.0
29472.67972888288, 35, 1.0
29474.941511276604, 101, 1.0
29486.07120574008, 35, 1.0
29489.663385338274, 75, -1.0
29495.88831332557, 148, -1.0
29498.721023880724, 148, -1.0
29509.79611209564, 103, 1.0
29516.847045956023, 75, 1.0
29518.474940205197, 75, -1.0
29524.634786138315, 148, -1.0
29527.735885576243, 75, 1.0
29533.690706671412, 101, -1.0
29544.469023858444, 101, -1.0
29544.519432529225, 101, -1.0
29545.14622365252, 152, 1.0
29546.324828482742, 35, -1.0
29556.810464088798, 154, 1.0
29566.062877632583, 101, -1.0
29568.117663662295, 35, -1.0
29571.149490553325, 101, 1.0
29573.943011643918, 75, -1.0
29576.586048308574, 75, 1.0
29586.802484866363, 103, 1.0
29592.72920422842, 103, -1.0
29613.58520141841, 103, 1.0
29616.115508473744, 152, 1.0
29632.232092625498, 152, -1.0
29634.421216174393, 152, -1.0
29639.604257417595, 152, -1.0
29640.62353117851, 103, -1.0
29647.736927227863, 75, 1.0
29648.225654320835, 75, 1.0
29650.844535354765, 101, 1.0
29654.908865822737, 75, 1.0
29654.98418988401, 152, -1.0
29659.277562304, 44, 1.0
29669.51301857963, 152, -1.0
29676.381686389475, 35, -1.0
29689.580437159926, 35, -1.0
29693.95607249266, 152, -1.0
29697.66400513531, 101, -1.0
29703.96471247405, 148, -1.0
29715.37145712174, 103, -1.0
29718.41070411269, 75, 1.0
29723.672839123632, 35, -1.0
29725.44520076749, 148, 1.0
29727.68506169483, 101, 1.0
29729.6882229716, 75, 1.0
29730.10101974393, 152, -1.0
29736.353551344033, 101, -1.0
29740.90063448557, 152, 1.0
29749.274609452055, 101, -1.0
29749.565608213146, 75, 1.0
29753.950316079394, 154, 1.0
29759.586035035114, 75, -1.0
29759.947191272993, 75, 1.0
29763.67475018918, 35, 1.0
29765.58022640445, 35, -1.0
29768.571521491533, 101, -1.0
29771.979289216648, 75, -1.0
29776.768183551158, 35, -1.0
29779.948688101293, 101, 1.0
29785.334463901403, 154, -1.0
29787.688150287, 75, -1.0
29788.52857135344, 152, -1.0
29790.092271972062, 148, 1.0
29795.107170216805, 44, 1.0
29795.312641135413, 101, -1.0
29804.54940558167, 103, -1.0
29809.991394818524, 101, 1.0
29812.59738030759, 154, -1.0
29813.92806199816, 152, 1.0
29820.959007109148, 103, -1.0
29821.62557553839, 152, -1.0
29825.648269688296, 75, -1.0
29828.882599581582, 148, -1.0
29829.33352764953, 152, -1.0
29832.374828385182, 101, -1.0
29834.981148378418, 75, 1.0
29841.429393415103, 75, 1.0
29850.236473172037, 35, -1.0
29853.029234152422, 101, -1.0
29854.942791676833, 35, 1.0
29877.341052879314, 152, -1.0
29880.336456918954, 75, 1.0
29881.534943729173, 154, 1.0
29896.14772859113, 148, -1.0
29903.414914780595, 101, 1.0
29908.14408975669, 152, -1.0
29909.70210544557, 75, 1.0
29913.78088902778, 148, -1.0
29922.582375270023, 75, -1.0
29923.113400883667, 154, -1.0
29930.255473371024, 148, -1.0
29936.363529167083, 152, -1.0
29937.205900369456, 75, 1.0
29942.17313168478, 75, -1.0
29942.88110879312, 103, 1.0
29945.816659495442, 152, -1.0
29956.864012895814, 103, 1.0
29964.39193850534, 152, -1.0
29968.502539871737, 35, -1.0
29978.320085674146, 101, 1.0
29983.874042182913, 75, -1.0
29986.992205364084, 154, 1.0
30000.39663876325, 75, 1.0
30007.17973364382, 35, 1.0
30007.46076831971, 75, 1.0
30011.946018869723, 154, -1.0
30021.597311076588, 148, -1.0
30032.111435999806, 75, 1.0
30042.574093397514, 35, 1.0
30044.533158518017, 154, 1.0
30053.46757619235, 75, 1.0
30054.887761049893, 35, -1.0
30059.18962334479, 101, 1.0
30059.882448296827, 75, 1.0
30060.21001443231, 101, -1.0
30067.56967295814, 152, -1.0
30068.42774167981, 101, -1.0
30068.488105025594, 152, -1.0
30073.97483655682, 75, 1.0
30080.67949682614, 35, -1.0
30090.64053307702, 103, 1.0
30091.97779604852, 35, -1.0
30094.83660917721, 35, -1.0
30095.62527228197, 35, -1.0
30104.10377553729, 148, 1.0
30123.015512348684, 75, 1.0
30125.508850874932, 35, -1.0
30147.432309615277, 75, 1.0
30149.74961444831, 154, -1.0
30162.11049141411, 152, 1.0
30163.93021320252, 101, 1.0
30165.962957079508, 148, -1.0
30167.3001978631, 35, 1.0
30168.89025379952, 152, -1.0
30169.310744581195, 148, -1.0
30173.628779479113, 152, -1.0
30175.338604999823, 101, -1.0
30177.52739485139, 75, 1.0
30180.965919155784, 75, 1.0
30193.03530564995, 75, 1.0
30193.95580667559, 101, -1.0
30206.734972755195, 75, -1.0
30227.259018325065, 154, -1.0
30231.6759271812, 101, 1.0
30233.932724650535, 101, 1.0
30249.064155984262, 148, -1.0
30250.907498006545, 103, 1.0
30253.00807089551, 103, 1.0
30255.9042994977, 152, -1.0
30256.462350064197, 75, 1.0
30268.93739044627, 148, -1.0
30271.277602247574, 101, -1.0
30271.521158936546, 101, 1.0
30291.83504526691, 101, 1.0
30294.723991205698, 154, 1.0
30297.445633028557, 154, -1.0
30310.098057910367, 44, 1.0
30313.761847125006, 101, -1.0
30316.198073581167, 154, -1.0
30319.034358837067, 35, 1.0
30324.807427507916, 75, 1.0
30330.46084111912, 103, -1.0
30331.796651987177, 35, -1.0
30333.43327342477, 152, 1.0
30340.85227746557, 101, 1.0
30343.869485941446, 35, -1.0
30345.131546253586, 148, -1.0
30350.181633048258, 103, 1.0
30352.792757864718, 101, -1.0
30382.12812323165, 35, -1.0
30386.070447287755, 152, -1.0
30401.291199524272, 75, 1.0
30410.652466071835, 101, -1.0
30428.780092765282, 103, -1.0
30430.194601110245, 154, 1.0
30431.72700177343, 154, 1.0
30436.24138960075, 35, -1.0
30436.699284943123, 148, -1.0
30450.46946043162, 103, 1.0
30453.20838645721, 35, -1.0
30453.31141769925, 148, 1.0
30455.76738126767, 152, -1.0
30455.85998273066, 103, -1.0
30456.52720064099, 75, 1.0
30456.686836061694, 75, 1.0
30461.191378555708, 75, 1.0
30477.341568041324, 35, -1.0
30480.492381527947, 152, 1.0
30483.18559215773, 103, 1.0
30483.35883181042, 101, -1.0
30487.754522556883, 103, -1.0
30488.78585389318, 75, -1.0
30491.482894810764, 75, 1.0
30500.173446658646, 101, 1.0
30500.977828919225, 154, 1.0
30501.476481638485, 148, 1.0
30505.847000203372, 75, -1.0
30507.765616282526, 101, -1.0
30515.175702403674, 148, -1.0
30515.42882623966, 35, 1.0
30515.936328956854, 75, 1.0
30521.049369828434, 154, -1.0
30524.038328943316, 75, 1.0
30528.29629472267, 103, 1.0
30531.257833563734, 35, -1.0
30533.277253280412, 101, -1.0
30534.5664364868, 101, -1.0
30536.128623951583, 35, -1.0
30537.339002305518, 35, -1.0
30542.51956636321, 154, -1.0
30545.904521090208, 75, 1.0
30556.43527771809, 101, 1.0
30557.03278805454, 152, -1.0
30558.933144521754, 148, -1.0
30571.297243870285, 101, 1.0
30571.403197074836, 75, 1.0
30573.288791570372, 75, 1.0
30576.215052921623, 35, -1.0
30582.891973614725, 35, 1.0
30585.299794395767, 75, -1.0
30609.6206550414, 75, -1.0
30613.054204878114, 35, 1.0
30619.328811772695, 103, -1.0
30646.821865205493, 101, 1.0
30647.530780961184, 101, 1.0
30649.025962993866, 101, -1.0
30650.847798926174, 35, 1.0
30658.205216908467, 148, -1.0
30662.61622659974, 154, 1.0
30664.467726378476, 35, -1.0
30669.67139520106, 101, 1.0
30673.85001397291, 103, 1.0
30675.007058130384, 35, -1.0
30687.519378994504, 75, -1.0
30693.48273918294, 152, 1.0
30694.18029978249, 152, -1.0
30695.583891869835, 75, -1.0
30718.710506358093, 103, 1.0
30728.4409493403, 148, -1.0
30732.177812102706, 148, 1.0
30737.69053762436, 103, -1.0
30742.52146591309, 101, 1.0
30745.465217734374, 35, -1.0
30768.03361849896, 35, -1.0
30768.823503409116, 75, 1.0
30768.91563911464, 35, -1.0
30776.88986265603, 152, 1.0
30785.210041555685, 152, -1.0
30785.58866293086, 152, -1.0
30787.204949197672, 44, 1.0
30790.42378506538, 101, -1.0
30795.130170399127, 101, 1.0
30795.202155234212, 154, -1.0
30798.73147785125, 152, 1.0
30802.4357983698, 35, -1.0
30808.91945221262, 103, 1.0
30820.248869146046, 101, -1.0
30820.895425729927, 103, -1.0
30822.83943943091, 75, 1.0
30829.42068862123, 101, 1.0
30831.2465406445, 103, -1.0
30847.22449559728, 152, 1.0
30847.900752510555, 154, -1.0
30859.107246223335, 152, -1.0
30862.623847873696, 103, 1.0
30864.79642646781, 35, -1.0
30872.349495045266, 75, 1.0
30873.50919585096, 103, 1.0
30877.966579099153, 75, 1.0
30879.329550621147, 35, -1.0
30884.162324526904, 35, -1.0
30886.409686796826, 103, 1.0
30889.454999862588, 154, -1.0
30889.664512641124, 148, -1.0
30891.292075918504, 103, 1.0
30893.715084217263, 75, -1.0
30901.109127893535, 148, -1.0
30904.04255134189, 154, 1.0
30907.430845988452, 75, 1.0
30912.07333549657, 35, -1.0
30914.75980500631, 154, -1.0
30915.81092875219, 152, 1.0
30928.542217256745, 75, 1.0
30936.65034447489, 152, 1.0
30938.23924533921, 103, -1.0
30941.65939671152, 35, 1.0
30946.864057092753, 101, 1.0
30952.525353593453, 35, -1.0
30955.41851644172, 152, -1.0
30962.232525025913, 35, -1.0
30968.702229014012, 75, -1.0
30969.174238731153, 75, 1.0
30974.081144608117, 152, -1.0
30978.352964670332, 154, 1.0
30978.717273411818, 35, -1.0
30979.764526131807, 152, 1.0
30983.860200630297, 152, 1.0
30987.79323842144, 35, -1.0
30993.493690337706, 148, -1.0
31014.331808658306, 101, 1.0
31020.936747547643, 35, -1.0
31025.269463010518, 148, -1.0
31027.107747168255, 154, -1.0
31033.44947120761, 35, 1.0
31040.32707026203, 75, -1.0
31042.609246621945, 101, -1.0
31047.832062402515, 75, 1.0
31054.778649870954, 154, 1.0
31056.27538965257, 101, 1.0
31073.24221484692, 103, 1.0
31073.99324339827, 152, -1.0
31075.52928108047, 103, 1.0
31078.35519335041, 152, 1.0
31082.91734899745, 75, 1.0
31084.47571838417, 101, 1.0
31091.482742986005, 101, -1.0
31103.97287130926, 152, 1.0
31107.736793167212, 44, 1.0
31108.083971643337, 75, -1.0
31109.55163716659, 154, 1.0
31114.47406843966, 103, 1.0
31121.585666777442, 75, 1.0
31123.86587001913, 35, 1.0
31130.674432775326, 148, -1.0
31131.588787032895, 152, 1.0
31132.83439690864, 148, 1.0
31134.350440591264, 75, 1.0
31143.441824666075, 75, 1.0
31146.499809475004, 101, 1.0
31147.822778299414, 75, 1.0
31148.117523879846, 35, -1.0
31150.723358309944, 148, 1.0
31151.680724012895, 75, -1.0
31154.099074073634, 75, -1.0
31165.85082097906, 75, 1.0
31166.18368913548, 44, 1.0
31172.152972012296, 75, 1.0
31178.223525541813, 152, -1.0
31183.433998081335, 101, -1.0
31186.71236568645, 148, -1.0
31190.203760987282, 35, -1.0
31206.640653105052, 154, 1.0
31211.170392697986, 101, -1.0
31213.936087527436, 75, -1.0
31224.009502639245, 101, -1.0
31231.14382418116, 75, 1.0
31240.255218525173, 101, -1.0
31245.566393616762, 152, -1.0
31246.195412727535, 75, 1.0
31252.835040419675, 75, 1.0
31258.231522054404, 101, 1.0
31262.273886844458, 35, -1.0
31264.22202031914, 103, 1.0
31283.43335229093, 44, 1.0
31284.596856744065, 152, -1.0
31288.88916573065, 101, -1.0
31289.33159658665, 35, -1.0
31295.30773369217, 75, 1.0
31311.560760111824, 152, -1.0
31315.733288036252, 101, -1.0
31329.517720820757, 35, 1.0
31344.405728456975, 101, 1.0
31352.018919164926, 148, -1.0
31352.570757832174, 103, 1.0
31357.632624837315, 75, -1.0
31364.873520149766, 75, -1.0
31375.559769771313, 75, 1.0
31375.633649166324, 148, -1.0
31386.12105109645, 103, 1.0
31386.219122297105, 154, -1.0
31387.038896847855, 101, -1.0
31411.345502391552, 44, 1.0
31414.488824694887, 103, 1.0
31420.31140749596, 101, 1.0
31420.791621826225, 148, -1.0
31422.806088580604, 103, 1.0
31423.14962808606, 101, -1.0
31425.025074352623, 152, 1.0
31431.21045768614, 75, 1.0
31436.646201934353, 154, 1.0
31438.26543051104, 44, 1.0
31440.014544874753, 148, -1.0
31454.069072179533, 101, -1.0
31456.63814361486, 35, -1.0
31464.88703891974, 35, -1.0
31472.997576608315, 103, 1.0
31488.88063162768, 75, 1.0
31492.705172461185, 152, -1.0
31493.209756455093, 103, 1.0
31495.995683686975, 152, -1.0
31499.173521392906, 35, 1.0
31504.69902282644, 154, -1.0
31512.37705290731, 148, -1.0
31516.619509749493, 35, 1.0
31516.92718840587, 35, -1.0
31518.560150327572, 154, -1.0
31527.552002614557, 154, -1.0
31527.584981149495, 75, 1.0
31535.543127128985, 154, -1.0
31545.61000121302, 75, 1.0
31547.566714549484, 101, -1.0
31548.744293924854, 75, 1.0
31551.239039366876, 148, 1.0
31555.05768336932, 152, -1.0
31558.53232257275, 101, -1.0
31559.116973804077, 35, 1.0
31563.23811763588, 35, 1.0
31563.9053305075, 101, -1.0
31567.305428697506, 75, 1.0
31567.35997056659, 101, -1.0
31572.96124073569, 75, -1.0
31585.33608871418, 75, 1.0
31586.23213417924, 101, 1.0
31591.659033376913, 35, -1.0
31597.802504642626, 75, 1.0
31605.234304462218, 35, 1.0
31611.139095780884, 35, 1.0
31613.813834620152, 75, 1.0
31615.045650525044, 75, 1.0
31628.213072037935, 35, -1.0
31630.410427707517, 35, -1.0
31637.192322973144, 35, -1.0
31637.946679399523, 103, 1.0
31643.490142997653, 101, 1.0
31671.967997813816, 152, 1.0
31683.166778487717, 148, 1.0
31685.967236797784, 101, -1.0
31688.46088425643, 103, 1.0
31691.101696166064, 35, 1.0
31707.197734642174, 103, -1.0
31712.174792160826, 154, 1.0
31727.709449181923, 35, -1.0
31729.25204430829, 103, 1.0
31731.9145418853, 152, 1.0
31732.87154408844, 103, 1.0
31734.12990947919, 103, 1.0
31758.323937982426, 35, 1.0
31759.227479119403, 148, -1.0
31765.97382342486, 75, -1.0
31766.29997026081, 35, -1.0
31766.480861515847, 101, -1.0
31770.49227808981, 75, -1.0
31774.786316391877, 75, -1.0
31782.172872708114, 35, -1.0
31783.421725631102, 152, -1.0
31784.640202869643, 152, -1.0
31811.13042322951, 35, -1.0
31826.57609581873, 101, -1.0
31838.938089538664, 75, 1.0
31839.362959995466, 35, 1.0
31839.70662965322, 152, 1.0
31840.706326856784, 103, 1.0
31841.451545277512, 35, 1.0
31841.57814861563, 35, -1.0
31844.865602832935, 75, 1.0
31846.969100283928, 35, -1.0
31848.19789335016, 35, 1.0
31853.680262155045, 75, 1.0
31865.038006222636, 154, -1.0
31865.36405327373, 35, -1.0
31865.774414752632, 101, -1.0
31875.19248266551, 152, -1.0
31879.058437388478, 101, 1.0
31891.51343281002, 152, 1.0
31897.058406204847, 75, -1.0
31904.90508859337, 152, 1.0
31907.99085041382, 35, -1.0
31918.555388848534, 35, 1.0
31920.50386138966, 75, 1.0
31922.50766269384, 152, 1.0
31930.745516791136, 152, 1.0
31936.837702289093, 35, 1.0
31942.639650394427, 75, 1.0
31945.876438706102, 152, 1.0
31951.332120452935, 75, -1.0
31951.37468144269, 75, 1.0
31961.676016620175, 101, 1.0
31963.127052143147, 101, -1.0
31972.154890235768, 101, 1.0
31979.524056148315, 103, 1.0
31987.394624638444, 152, -1.0
31992.38508649911, 103, 1.0
31995.975167485987, 154, 1.0
31999.442383867186, 75, 1.0
32001.560658884096, 35, -1.0
32005.726664521655, 103, 1.0
32011.954858715322, 103, 1.0
32014.98245507542, 35, -1.0
32015.602217645206, 152, -1.0
32021.11610371025, 35, -1.0
32033.525771566518, 101, 1.0
32038.64630988044, 101, -1.0
32043.54075184088, 35, 1.0
32045.1329962891, 101, 1.0
32061.459653379756, 35, -1.0
32067.076211959444, 152, -1.0
32068.77612985332, 75, -1.0
32074.2812952721, 152, -1.0
32076.598254352535, 101, -1.0
32076.814581396662, 103, 1.0
32078.603863536533, 101, -1.0
32080.91894688807, 35, 1.0
32090.32722938196, 152, -1.0
32095.13472955805, 154, 1.0
32095.4346574915, 101, 1.0
32103.9684253919, 101, -1.0
32106.698602743694, 101, 1.0
32123.73719256892, 75, 1.0
32129.25465420027, 75, -1.0
32132.80079131695, 101, 1.0
32140.45918205708, 101, 1.0
32140.61172970163, 101, -1.0
32150.60366418398, 101, 1.0
32152.685643952384, 75, -1.0
32155.547186583117, 101, -1.0
32161.942468703804, 101, 1.0
32165.319651002068, 75, -1.0
32165.637442028474, 101, 1.0
32178.13302038607, 75, 1.0
32184.330986508365, 75, 1.0
32186.482466757036, 148, -1.0
32192.458440855462, 35, -1.0
32192.974029188357, 101, 1.0
32196.797212888596, 103, -1.0
32197.55304220886, 103, 1.0
32210.406505457166, 101, -1.0
32214.776583046143, 35, 1.0
32217.49758930045, 75, -1.0
32235.965326881378, 154, 1.0
32245.204151560596, 35, -1.0
32250.195575362468, 148, -1.0
32258.02881666879, 75, 1.0
32265.262335819592, 35, 1.0
32268.898591322773, 103, 1.0
32284.80657903143, 35, 1.0
32299.685298283428, 152, 1.0
32306.92374630859, 152, -1.0
32307.684575058694, 75, 1.0
32311.697215885702, 75, -1.0
32321.269861383236, 75, -1.0
32343.879834979343, 35, -1.0
32357.87639881449, 101, -1.0
32364.77184272178, 101, -1.0
32367.691327660108, 35, 1.0
32377.63095066796, 101, 1.0
32379.392636393997, 35, -1.0
32396.69796170746, 44, 1.0
32418.21471667696, 75, -1.0
32418.73494320837, 154, -1.0
32433.27858357469, 103, 1.0
32442.882300889247, 154, -1.0
32458.99372937466, 154, -1.0
32461.28088242071, 35, 1.0
32467.151983682383, 75, -1.0
32467.17055417835, 103, 1.0
32467.38838633376, 154, 1.0
32475.653445849224, 103, -1.0
32480.516749475377, 35, 1.0
32482.64755402045, 103, -1.0
32489.890227620428, 44, -1.0
32493.675586293062, 152, 1.0
32497.50983828238, 75, 1.0
32501.70786437478, 44, -1.0
32504.658232139842, 103, 1.0
32505.91753784665, 148, 1.0
32509.956650706914, 75, 1.0
32512.725079065083, 152, 1.0
32518.760566684417, 103, 1.0
32530.034446026642, 103, 1.0
32533.41147265184, 103, 1.0
32534.313859723563, 152, -1.0
32540.364605205024, 75, 1.0
32552.40190418439, 75, -1.0
32559.040095104512, 154, 1.0
32569.12071370068, 101, 1.0
32570.85582562532, 75, 1.0
32573.943512368845, 44, -1.0
32580.32705897059, 75, 1.0
32582.211875404824, 154, -1.0
32588.58407828999, 44, -1.0
32591.81747634396, 152, 1.0
32592.964359447913, 75, -1.0
32601.30233626738, 75, 1.0
32604.70205639381, 148, 1.0
32607.706237314047, 154, -1.0
32609.588027081074, 101, -1.0
32610.423895475724, 35, 1.0
32613.101825593032, 35, 1.0
32621.127229188172, 75, -1.0
32624.402070607346, 75, 1.0
32631.932917656497, 44, -1.0
32632.909907673304, 44, -1.0
32636.278212341836, 75, -1.0
32645.858277814536, 75, -1.0
32647.949413974762, 75, 1.0
32648.12319465291, 44, 1.0
32649.69067834741, 152, -1.0
32660.580542578802, 75, 1.0
32664.681126681284, 101, -1.0
32667.62538896635, 75, -1.0
32676.120673016114, 75, 1.0
32680.677815714942, 75, 1.0
32686.44670766527, 103, 1.0
32686.58327374757, 35, 1.0
32697.813146522007, 101, -1.0
32701.827590937133, 75, 1.0
32705.79032915298, 44, 1.0
32709.422590403883, 103, 1.0
32716.187233618544, 101, -1.0
32717.680822839204, 35, -1.0
32723.340531874095, 44, -1.0
32729.873149386804, 101, -1.0
32732.922964718287, 44, 1.0
32734.174108571136, 44, -1.0
32739.73788668924, 103, 1.0
32745.998609060618, 152, 1.0
32747.435274200256, 154, -1.0
32748.6415349734, 148, -1.0
32750.945274436748, 152, 1.0
32758.28087230286, 154, -1.0
32762.83832448557, 103, -1.0
32763.111821230752, 103, -1.0
32771.01366219509, 35, -1.0
32772.18077599726, 152, -1.0
32785.149407454686, 75, 1.0
32788.04631576964, 101, 1.0
32788.195550995704, 154, -1.0
32804.810508537936, 101, -1.0
32804.865411246574, 35, 1.0
32820.433700380985, 75, 1.0
32823.1185246083, 44, -1.0
32826.71392318614, 154, 1.0
32855.918667586484, 103, -1.0
32858.48734166356, 35, 1.0
32861.401653928006, 101, -1.0
32863.39817415646, 101, -1.0
32867.281259252624, 44, -1.0
32868.94161601683, 154, -1.0
32869.63889933103, 35, -1.0
32886.4816590892, 154, -1.0
32887.35631616394, 152, 1.0
32888.659677835145, 154, -1.0
32896.88509885457, 103, -1.0
32897.19525437699, 152, 1.0
32901.065902939794, 75, 1.0
32907.15037082914, 44, -1.0
32907.645513403855, 103, -1.0
32916.42180390697, 152, 1.0
32921.46492344467, 75, 1.0
32922.529649092205, 152, -1.0
32931.787285265214, 152, 1.0
32944.77597253063, 44, 1.0
32946.115034979084, 103, -1.0
32949.881851376595, 152, -1.0
32952.95678850656, 35, -1.0
32954.44784761946, 152, 1.0
32955.59981470129, 101, 1.0
32961.42016540909, 154, -1.0
32963.43254501233, 35, -1.0
32968.531066232856, 44, -1.0
32973.298298739355, 154, -1.0
32975.94341563235, 103, 1.0
32976.93146951422, 148, -1.0
32979.74698139389, 103, 1.0
32984.56801428883, 101, -1.0
32991.52995533393, 154, -1.0
32998.3507184229, 101, -1.0
33012.23602604182, 103, 1.0
33013.03852106519, 101, 1.0
33013.745478447854, 75, -1.0
33015.354261597226, 103, -1.0
33018.58477707598, 75, 1.0
33021.423832904344, 75, 1.0
33022.30537507867, 44, -1.0
33025.342478156, 44, 1.0
33025.7870594821, 152, -1.0
33027.933376902445, 103, 1.0
33029.12707207072, 103, 1.0
33032.54371495504, 44, -1.0
33032.99760940612, 148, -1.0
33044.22828125369, 152, -1.0
33049.15120776758, 154, -1.0
33052.12816034011, 152, -1.0
33054.98132369573, 154, -1.0
33058.92614175513, 35, 1.0
33072.599667229464, 152, -1.0
33076.56956421537, 44, 1.0
33079.77330702744, 103, 1.0
33079.95627601174, 103, 1.0
33081.73779308154, 101, -1.0
33083.342540195976, 152, -1.0
33092.21556703467, 103, 1.0
33094.2957933738, 148, -1.0
33097.70469438326, 35, -1.0
33100.92689027124, 103, 1.0
33110.22821809968, 148, 1.0
33113.77402952084, 152, -1.0
33114.69791486733, 75, 1.0
33119.44170586936, 75, 1.0
33120.201955032906, 35, -1.0
33121.55812382736, 75, -1.0
33123.226270931875, 154, 1.0
33125.85695994685, 101, 1.0
33145.54286423152, 44, -1.0
33165.943960680976, 75, -1.0
33168.7436699806, 154, 1.0
33171.21234086295, 75, 1.0
33178.600314126816, 44, -1.0
33183.62219723037, 103, 1.0
33185.924010266805, 75, 1.0
33187.566414360124, 103, 1.0
33190.31518933214, 101, -1.0
33192.064940357224, 103, 1.0
33199.70585136532, 103, 1.0
33200.5657799053, 152, -1.0
33201.13488887243, 152, -1.0
33202.63415601199, 148, -1.0
33212.09892582194, 35, 1.0
33213.65323170545, 75, -1.0
33240.323066462646, 148, -1.0
33248.300597560425, 103, 1.0
33254.21619890613, 44, 1.0
33255.14082321742, 154, -1.0
33255.71198386573, 75, -1.0
33256.05461074526, 154, -1.0
33273.14439246698, 154, -1.0
33276.441956336676, 75, -1.0
33284.48674514458, 44, 1.0
33289.24379254846, 101, -1.0
33294.66694057427, 103, 1.0
33297.66769729838, 35, 1.0
33301.07736688877, 75, 1.0
33301.210124190446, 103, 1.0
33307.68884165076, 44, -1.0
33315.75304663502, 152, -1.0
33321.758621098124, 44, -1.0
33322.138847745584, 148, 1.0
33325.62663558971, 35, 1.0
33327.663219339294, 35, 1.0
33333.55001484081, 75, -1.0
33339.34296613163, 35, -1.0
33342.1123147453, 75, 1.0
33352.219598079326, 101, -1.0
33363.528673646106, 101, 1.0
33371.31404447713, 75, -1.0
33377.12462045342, 148, -1.0
33380.84203016505, 75, 1.0
33381.36520155635, 75, 1.0
33381.852699389776, 154, -1.0
33382.05074406317, 154, 1.0
33382.57409487659, 152, 1.0
33384.407075522526, 101, -1.0
33389.937424559874, 152, -1.0
33395.48667286584, 152, -1.0
33396.959195231015, 44, -1.0
33399.62062164493, 75, -1.0
33415.101052417114, 103, 1.0
33416.50467687781, 152, -1.0
33425.110658666614, 35, 1.0
33444.35375188845, 148, -1.0
33448.90435404318, 103, 1.0
33450.54670576184, 101, -1.0
33463.529217022275, 44, -1.0
33468.74205312131, 75, -1.0
33471.23937384293, 152, -1.0
33478.94698264499, 75, 1.0
33479.570064758576, 75, 1.0
33488.77531288155, 75, 1.0
33493.418776301965, 35, -1.0
33495.59352457126, 154, -1.0
33498.66623389111, 35, -1.0
33498.921971792864, 103, 1.0
33504.438182636964, 154, -1.0
33504.70660254116, 44, -1.0
33506.30948428351, 103, 1.0
33511.94135653705, 103, 1.0
33520.0816499452, 75, 1.0
33525.58703905998, 103, 1.0
33526.47448075119, 152, -1.0
33533.20464939086, 101, 1.0
33537.962062333674, 103, 1.0
33544.48942586673, 101, 1.0
33553.24850787203, 35, -1.0
33554.78307789039, 75, -1.0
33556.92757889438, 44, 1.0
33557.48271883675, 101, -1.0
33561.868744040556, 152, -1.0
33573.34188494341, 75, -1.0
33573.58486107942, 75, 1.0
33577.167808130995, 103, -1.0
33578.53924030086, 75, 1.0
33580.637212926486, 103, 1.0
33581.22137818065, 35, 1.0
33583.72855684462, 44, -1.0
33583.88147546863, 103, 1.0
33591.845399914724, 148, -1.0
33597.83916942295, 154, -1.0
33602.0380250662, 75, 1.0
33604.379683076026, 154, 1.0
33614.83708458024, 35, -1.0
33621.50676979775, 101, 1.0
33621.75415675389, 101, 1.0
33626.36651241775, 75, 1.0
33641.50927553707, 103, 1.0
33641.73353350245, 152, -1.0
33654.244698375056, 103, 1.0
33655.46524671386, 103, 1.0
33665.886834225064, 152, 1.0
33666.45615868186, 103, 1.0
33671.99458100369, 101, -1.0
33673.610320224, 148, -1.0
33678.17708448214, 75, -1.0
33681.710424835335, 103, 1.0
33686.78716621832, 103, 1.0
33687.069030506, 35, 1.0
33689.852682956276, 154, 1.0
33699.78839848857, 44, -1.0
33702.272958472044, 44, -1.0
33710.92168626713, 154, 1.0
33716.79728784617, 35, 1.0
33726.64844130345, 152, -1.0
33732.24170898293, 152, -1.0
33732.81522766744, 101, -1.0
33739.446711842415, 75, 1.0
33742.62419574327, 103, -1.0
33754.99713662773, 148, -1.0
33755.12992167729, 101, -1.0
33760.50073824933, 101, -1.0
33761.49599076122, 75, 1.0
33766.971353657565, 75, -1.0
33767.94865969049, 101, 1.0
33768.50223995614, 75, 1.0
33779.30518709032, 75, -1.0
33787.44091963359, 35, 1.0
33798.66622164185, 152, -1.0
33802.25760534556, 35, -1.0
33810.320818479995, 75, 1.0
33813.29453818336, 103, 1.0
33813.81601671141, 152, 1.0
33826.97773045272, 154, 1.0
33836.10727175101, 75, 1.0
33837.624446881055, 101, 1.0
33838.87629775839, 44, -1.0
33839.69061438263, 35, -1.0
33840.47222705509, 103, -1.0
33852.52293370072, 101, 1.0
33854.42850416001, 152, 1.0
33859.49458909837, 154, 1.0
33861.677825279265, 75, -1.0
33864.71334165493, 44, -1.0
33865.736995472325, 152, 1.0
33868.115772395955, 103, 1.0
33875.57660953078, 148, 1.0
33876.39213768048, 75, -1.0
33880.81328114286, 154, 1.0
33883.136289411115, 75, 1.0
33884.34170356916, 101, -1.0
33892.39035501278, 75, 1.0
33902.82492886972, 44, -1.0
33916.090429660784, 44, -1.0
33921.10046787553, 152, 1.0
33928.11324284925, 152, -1.0
33931.486892170265, 152, -1.0
33935.93469055389, 103, 1.0
33939.01555512708, 75, -1.0
33956.78378576222, 75, 1.0
33959.84522626235, 101, -1.0
33961.38347817347, 101, 1.0
33966.41891829894, 75, 1.0
33968.522539702986, 103, 1.0
33972.07956088112, 35, 1.0
33980.73197962974, 103, 1.0
33985.22975292345, 103, 1.0
33985.33184464519, 101, -1.0
33987.28290280038, 101, -1.0
33989.02797757738, 44, -1.0
33991.79299062316, 152, -1.0
33993.91671516237, 101, -1.0
34005.52416370967, 152, 1.0
34021.598821292566, 44, -1.0
34028.82762838028, 154, -1.0
34031.469676208886, 148, -1.0
34043.12815815518, 103, 1.0
34046.33343922762, 154, -1.0
34053.3529364793, 44, -1.0
34062.86157910922, 75, -1.0
34067.21810160676, 101, 1.0
34069.231285280985, 44, -1.0
34071.53295088491, 75, 1.0
34083.62025431227, 152, -1.0
34095.13803381632, 101, -1.0
34099.16394550495, 101, 1.0
34101.18562525992, 35, 1.0
34102.747615636115, 103, 1.0
34120.15059971646, 101, 1.0
34124.09996294985, 152, 1.0
34131.81357992011, 101, -1.0
34142.4935701527, 44, -1.0
34143.60133045792, 35, 1.0
34148.8173987028, 35, 1.0
34149.711094495135, 101, -1.0
34152.348564633154, 35, -1.0
34164.143182793436, 103, 1.0
34166.769995170565, 103, 1.0
34169.14503747277, 103, 1.0
34173.537443649475, 103, 1.0
34176.764278827264, 103, 1.0
34181.80546623289, 101, 1.0
34183.07613730118, 101, -1.0
34189.006815023844, 152, -1.0
34191.6145600189, 75, 1.0
34192.441006697394, 44, -1.0
34195.39301165405, 35, 1.0
34208.151651717766, 75, 1.0
34214.30272870264, 103, -1.0
34214.70416710614, 75, -1.0
34228.34072800787, 101, -1.0
34229.652904607225, 44, -1.0
34235.594822462896, 75, -1.0
34242.46100623898, 103, 1.0
34247.77973019372, 44, -1.0
34247.895411882644, 152, 1.0
34257.70927751667, 154, -1.0
34274.126473647324, 35, 1.0
34274.24839634658, 103, 1.0
34277.66934777749, 101, 1.0
34284.65392146648, 75, 1.0
34288.34682054345, 35, -1.0
34291.31828450219, 154, 1.0
34293.82341877751, 101, -1.0
34305.33854631384, 75, 1.0
34309.605913856896, 103, 1.0
34314.21158564276, 44, -1.0
34315.90526754722, 103, -1.0
34324.333519654334, 101, 1.0
34349.48316594344, 75, -1.0
34352.212846688926, 154, -1.0
34353.102477550485, 152, -1.0
34358.92856613213, 44, -1.0
34362.721232998934, 154, -1.0
34364.79786219035, 101, 1.0
34367.72754587638, 44, -1.0
34372.58357891687, 101, -1.0
34379.00745259033, 75, -1.0
34379.12188246415, 101, 1.0
34391.119250253156, 75, 1.0
34392.55146002614, 44, -1.0
34394.537442989444, 154, 1.0
34401.519654807176, 75, 1.0
34402.254430349734, 35, -1.0
34403.26935360685, 101, -1.0
34406.20497903418, 154, -1.0
34410.0093358186, 75, 1.0
34418.4501790687, 152, 1.0
34424.727707440936, 103, 1.0
34429.02198566882, 101, -1.0
34433.4688823827, 103, 1.0
34433.76596531824, 75, -1.0
34437.48171715498, 103, 1.0
34439.40527591673, 101, 1.0
34443.019890780466, 101, 1.0
34443.31485614295, 103, -1.0
34445.02851269179, 101, -1.0
34449.035519752535, 44, -1.0
34452.975821992426, 35, 1.0
34454.81027931483, 35, 1.0
34462.12223452307, 75, 1.0
34462.29198206315, 101, 1.0
34465.12853378721, 101, 1.0
34467.38423396827, 75, 1.0
34468.324235162494, 148, -1.0
34471.22557938775, 75, -1.0
34477.74649950719, 35, 1.0
34478.91908176119, 75, -1.0
34487.07811741676, 35, 1.0
34488.4487768048, 35, 1.0
34492.585955588904, 154, -1.0
34505.713195138625, 44, 1.0
34519.739604474504, 44, -1.0
34533.429872951514, 44, -1.0
34557.587394054244, 101, 1.0
34565.144463991644, 75, -1.0
34569.82346734025, 148, 1.0
34575.78505089196, 35, -1.0
34599.887603485826, 44, 1.0
34607.023827446326, 35, 1.0
34607.855008453094, 101, 1.0
34620.38479292229, 152, -1.0
34623.10583321635, 154, 1.0
34624.37539175469, 103, 1.0
34630.075652782034, 75, 1.0
34632.635151358285, 152, 1.0
34641.26844235257, 154, 1.0
34649.3181216092, 101, 1.0
34655.60857329204, 103, 1.0
34662.60904991494, 75, -1.0
34665.69170038093, 152, -1.0
34665.8256129011, 44, 1.0
34667.13893939152, 103, 1.0
34669.00261038388, 44, 1.0
34675.00720568286, 103, 1.0
34675.52854066616, 35, 1.0
34682.35240565723, 152, 1.0
34690.0241763646, 75, -1.0
34690.51512862181, 75, 1.0
34704.97262457284, 75, 1.0
34706.24036699996, 44, 1.0
34706.52114323061, 44, -1.0
34707.34354885805, 35, -1.0
34711.996559313164, 75, 1.0
34720.004070760224, 152, -1.0
34722.1354966571, 44, 1.0
34733.37363910294, 75, 1.0
34741.72885039451, 152, 1.0
34748.263711310334, 75, -1.0
34756.13942124035, 35, -1.0
34756.96061656831, 103, 1.0
34784.73633247262, 152, -1.0
34790.1598409675, 75, 1.0
34793.21710071913, 152, 1.0
34799.22690778393, 152, 1.0
34800.45563735074, 101, -1.0
34805.87542906868, 75, 1.0
34815.93781379678, 101, -1.0
34819.12015199083, 44, -1.0
34819.44471514329, 103, 1.0
34825.8467645128, 152, 1.0
34826.06443741798, 152, 1.0
34835.98962986345, 75, 1.0
34844.79843970336, 44, -1.0
34848.92362972366, 152, -1.0
34861.394186802434, 103, 1.0
34865.97212031807, 75, 1.0
34867.91125599835, 75, 1.0
34868.50965035778, 44, -1.0
34871.90303692086, 152, -1.0
34878.092120636924, 103, 1.0
34878.719109516154, 75, 1.0
34893.32257991337, 103, 1.0
34899.81038709133, 44, 1.0
34905.64634240581, 101, 1.0
34917.21244309418, 101, 1.0
34929.51904375552, 44, -1.0
34932.59900563077, 154, 1.0
34933.89093298641, 154, -1.0
34938.43041972824, 44, -1.0
34938.5793837397, 148, 1.0
34942.20256369138, 75, 1.0
34942.79820465124, 152, -1.0
34944.78166949607, 154, -1.0
34947.54434389786, 35, -1.0
34948.33950114215, 44, -1.0
34949.74432036152, 154, -1.0
34959.55997286432, 101, 1.0
34966.84333884818, 101, -1.0
34981.088573077104, 101, -1.0
34990.88747643445, 154, 1.0
34993.62525294127, 103, -1.0
34993.954110729705, 75, 1.0
34995.48032804842, 152, 1.0
34997.74381259766, 152, -1.0
35006.40481141305, 35, -1.0
35011.59102785254, 75, 1.0
35017.905351177455, 103, 1.0
35027.537502475054, 103, 1.0
35044.087141206124, 44, -1.0
35046.97126978091, 35, -1.0
35053.47797651527, 152, -1.0
35053.90731147821, 101, 1.0
35059.60796486205, 152, -1.0
35059.68775509215, 101, 1.0
35062.44428983693, 152, 1.0
35095.09731106868, 44, -1.0
35118.56744738743, 103, 1.0
35120.975826642294, 154, 1.0
35122.136529308635, 103, 1.0
35126.37328962073, 103, 1.0
35127.3873211344, 148, -1.0
35130.32250268565, 35, 1.0
35133.576404012114, 101, -1.0
35133.988293175484, 35, 1.0
35134.73943917612, 154, -1.0
35151.17846896869, 103, -1.0
35151.21437625128, 44, -1.0
35155.224559953014, 154, -1.0
35157.047379056756, 154, -1.0
35162.715000316035, 44, -1.0
35164.831068934895, 148, 1.0
35168.33676105058, 101, -1.0
35171.98065247803, 75, 1.0
35179.426119586176, 44, -1.0
35180.59809271311, 35, -1.0
35208.346936427246, 154, 1.0
35208.71373622882, 103, 1.0
35215.56572180086, 44, -1.0
35215.779980381325, 101, 1.0
35218.52075091722, 103, 1.0
35227.61870512733, 75, -1.0
35239.055972599475, 75, 1.0
35264.39745747728, 101, -1.0
35265.90759483997, 154, 1.0
35266.08846248663, 75, 1.0
35281.939925934836, 103, 1.0
35284.61337153837, 35, 1.0
35290.50914299957, 152, 1.0
35295.71581092081, 103, 1.0
35299.07176215232, 152, 1.0
35302.77155024173, 152, -1.0
35305.98120027495, 152, -1.0
35316.841777791116, 44, -1.0
35317.090278512354, 148, 1.0
35337.31718040304, 152, -1.0
35340.76961233118, 44, -1.0
35342.6119551414, 103, -1.0
35347.33722029461, 75, 1.0
35351.1267720338, 75, 1.0
35354.18433423618, 35, -1.0
35370.64591548414, 44, -1.0
35375.83910841057, 154, -1.0
35388.16789081605, 152, -1.0
35388.77082778409, 152, -1.0
35391.838739165265, 75, -1.0
35400.97538015719, 103, -1.0
35403.65670010191, 101, -1.0
35403.96953542451, 75, 1.0
35405.13862401307, 44, -1.0
35405.483532218364, 44, -1.0
35408.090249395165, 35, 1.0
35417.944254288755, 103, 1.0
35421.78102818403, 44, -1.0
35423.87157895127, 154, 1.0
35425.64100255505, 103, 1.0
35426.5806864148, 35, -1.0
35438.47080266428, 103, 1.0
35446.86414380292, 154, 1.0
35455.85928147011, 103, -1.0
35458.06795722601, 44, 1.0
35462.98375566824, 101, -1.0
35471.428882774766, 75, -1.0
35473.13306246239, 103, 1.0
35474.74949632776, 35, -1.0
35479.99423603696, 35, -1.0
35496.588825882805, 35, 1.0
35505.29740960618, 35, 1.0
35534.81717985578, 75, -1.0
35535.954217865496, 101, -1.0
35538.18268765967, 75, 1.0
35545.90943412273, 103, 1.0
35553.96817803969, 154, 1.0
35561.30410674603, 103, -1.0
35563.5799640538, 148, -1.0
35583.2002076922, 35, 1.0
35584.114892794045, 152, -1.0
35584.96643896563, 148, -1.0
35596.88615442381, 35, 1.0
35613.37690717246, 75, -1.0
35615.883073995676, 152, 1.0
35616.3637702483, 148, -1.0
35617.20432460064, 154, 1.0
35620.35219631059, 35, 1.0
35622.281765931526, 35, 1.0
35625.1668893764, 103, 1.0
35626.19771757669, 152, 1.0
35629.689786937175, 75, 1.0
35631.4566502411, 101, -1.0
35634.29592319573, 154, 1.0
35650.25823043669, 44, -1.0
35653.34482062286, 75, 1.0
35654.93758033379, 44, -1.0
35656.888828100986, 101, 1.0
35659.877150424756, 35, 1.0
35663.687843219486, 101, -1.0
35673.19495786312, 75, -1.0
35674.131463143975, 75, -1.0
35674.966805614335, 44, -1.0
35678.74201582757, 75, -1.0
35681.12545479229, 75, -1.0
35686.90690773983, 101, -1.0
35690.91919830082, 35, -1.0
35696.11990844047, 152, 1.0
35698.41268444938, 35, -1.0
35731.0749720133, 148, 1.0
35748.04225189816, 152, 1.0
35765.903121090916, 101, -1.0
35768.45774671942, 103, 1.0
35773.08818175132, 75, 1.0
35774.5087272307, 75, -1.0
35781.39610439283, 101, -1.0
35787.2491599268, 103, 1.0
35787.600090031876, 35, -1.0
35788.108965900436, 35, 1.0
35788.68437602876, 75, -1.0
35799.0780895038, 101, 1.0
35808.94545177155, 154, -1.0
35810.526387620324, 154, 1.0
35818.024960542665, 35, 1.0
35818.689292480725, 75, -1.0
35831.84476971889, 103, 1.0
35840.858810163285, 154, -1.0
35850.33189293857, 101, 1.0
35855.03826056142, 44, -1.0
35855.09763399705, 152, -1.0
35861.162178333514, 35, -1.0
35884.65410939893, 75, 1.0
35894.05673184997, 75, 1.0
35895.12484407296, 75, 1.0
35898.45799237045, 152, 1.0
35902.078182601086, 154, 1.0
35905.021916701946, 75, -1.0
35913.20051711363, 75, -1.0
35915.575734105376, 35, 1.0
35918.56003254629, 152, 1.0
35926.684830443584, 35, -1.0
35929.22805350753, 154, -1.0
35931.9378883508, 75, 1.0
35933.086323488555, 75, 1.0
35934.36444335769, 103, 1.0
35947.22357392235, 148, -1.0
35957.68076802597, 75, -1.0
35962.69556312382, 35, -1.0
35963.71155360892, 154, -1.0
35974.18265872134, 35, 1.0
35979.86690075425, 75, 1.0
35989.062345335195, 152, 1.0
35990.23946196429, 75, -1.0
35991.813726703156, 44, 1.0
35994.49963592223, 152, -1.0
36000.76797069835, 101, 1.0
36006.828196734576, 75, -1.0
36015.63338258421, 103, -1.0
36015.82753810362, 35, 1.0
36017.70078455788, 154, 1.0
36020.617043558355, 75, -1.0
36024.858765223544, 152, -1.0
36026.4505886162, 103, 1.0
36030.293511996955, 148, 1.0
36039.17848781996, 148, -1.0
36040.38283466558, 101, 1.0
36045.24082696739, 152, -1.0
36045.81133468652, 103, -1.0
36045.89584333954, 154, 1.0
36049.56981424589, 101, 1.0
36053.78621536604, 44, -1.0
36056.298601974566, 103, 1.0
36061.69611498264, 75, -1.0
36063.814023100866, 35, -1.0
36064.16375725927, 75, -1.0
36066.783331241386, 75, 1.0
36071.70779104639, 44, -1.0
36072.59636487883, 152, -1.0
36073.12901270824, 152, -1.0
36073.75298141495, 148, 1.0
36078.46641942203, 148, -1.0
36079.92627000014, 152, 1.0
36084.5613050345, 101, 1.0
36086.08593499891, 35, 1.0
36088.92120239174, 75, 1.0
36089.605587486905, 148, -1.0
36090.071022787786, 154, 1.0
36093.65272515806, 152, 1.0
36095.7305893727, 44, -1.0
36103.88477649988, 44, -1.0
36104.60857768168, 152, -1.0
36109.30454019914, 75, 1.0
36111.77040055599, 101, -1.0
36112.41171565796, 75, 1.0
36114.17856428139, 44, -1.0
36114.56054550037, 44, -1.0
36120.026428854, 75, -1.0
36124.84417839011, 75, -1.0
36125.06539100379, 75, -1.0
36128.29814926599, 101, 1.0
36128.841902176784, 103, 1.0
36130.38423312758, 152, -1.0
36130.562534629295, 101, -1.0
36135.90579217117, 148, -1.0
36141.37730232938, 152, -1.0
36148.35012812546, 101, -1.0
36148.90257611282, 75, 1.0
36158.05662830471, 154, -1.0
36166.037451677934, 103, 1.0
36168.17249342849, 75, -1.0
36175.50456065808, 75, -1.0
36176.15718887967, 148, -1.0
36177.072947842265, 154, -1.0
36190.85474672775, 101, 1.0
36192.65596692047, 148, -1.0
36193.79390069013, 75, 1.0
36200.804624901095, 35, -1.0
36201.03553956216, 101, 1.0
36209.11953922287, 35, -1.0
36210.15835175625, 101, 1.0
36214.4346033255, 75, 1.0
36214.87601308668, 75, 1.0
36216.214803671675, 35, -1.0
36218.55392377007, 101, 1.0
36220.51245945119, 148, 1.0
36224.17020653514, 44, 1.0
36226.055244748, 75, 1.0
36226.280281708496, 154, 1.0
36227.74881526928, 103, 1.0
36234.02581684329, 152, 1.0
36239.02327948622, 44, 1.0
36245.028517773375, 101, 1.0
36252.13794797215, 75, -1.0
36259.539675292915, 103, 1.0
36259.617668122235, 152, 1.0
36263.86833418498, 103, 1.0
36266.551482507915, 103, 1.0
36268.644505288335, 75, 1.0
36273.02613163028, 148, 1.0
36274.74426521801, 154, 1.0
36275.104838891704, 103, 1.0
36276.56955603419, 75, 1.0
36280.221438047556, 101, -1.0
36281.666178834246, 44, 1.0
36283.262835348745, 101, 1.0
36285.86129544384, 35, 1.0
36299.75513868172, 152, 1.0
36306.67232355396, 75, -1.0
36310.9586212423, 75, 1.0
36315.159927033106, 103, -1.0
36316.975191626465, 44, -1.0
36319.62425006536, 101, 1.0
36320.383123426, 103, -1.0
36321.48917309779, 101, 1.0
36326.63823790035, 44, 1.0
36329.29587098816, 103, 1.0
36331.29706196053, 35, 1.0
36331.654221664154, 152, -1.0
36335.01989978989, 103, 1.0
36338.98507220933, 44, -1.0
36340.9890215257, 152, 1.0
36342.77770326049, 101, 1.0
36344.11418132067, 75, -1.0
36345.38587796526, 148, -1.0
36346.112835977445, 75, -1.0
36347.424876146964, 35, -1.0
36357.52063856731, 35, 1.0
36360.021765339356, 148, -1.0
36360.36945763046, 101, 1.0
36362.37985958799, 152, 1.0
36378.99598518014, 35, -1.0
36382.243877520305, 103, 1.0
36393.38977990527, 154, -1.0
36393.39634937444, 75, -1.0
36395.425643501694, 101, -1.0
36395.644012251796, 75, 1.0
36406.36971452995, 35, 1.0
36408.18613739512, 35, 1.0
36417.90245646851, 101, 1.0
36419.31790530279, 75, 1.0
36421.94996104028, 101, -1.0
36423.900830926104, 154, -1.0
36427.38504197337, 44, -1.0
36429.121058564866, 35, -1.0
36435.37418600081, 75, -1.0
36443.793347591025, 103, 1.0
36444.275373841505, 35, 1.0
36444.27699568361, 103, 1.0
36445.33116389334, 154, 1.0
36446.74660541178, 148, -1.0
36451.01059586375, 75, -1.0
36460.44718327709, 148, -1.0
36462.55976842594, 154, -1.0
36470.595538783695, 152, 1.0
36474.530082143276, 154, -1.0
36484.171161678605, 101, -1.0
36485.30215520667, 152, -1.0
36486.7503294253, 154, -1.0
36488.80911062076, 103, 1.0
36494.80682172075, 103, 1.0
36498.40153202799, 154, -1.0
36498.91984575227, 101, 1.0
36505.134367910076, 148, -1.0
36505.37891664185, 152, -1.0
36508.55958774114, 154, -1.0
36511.51117849392, 152, 1.0
36515.233181303476, 154, -1.0
36516.8695467268, 148, -1.0
36520.06923333755, 44, -1.0
36527.96762499318, 152, -1.0
36534.044604265895, 75, 1.0
36534.48442144057, 101, -1.0
36535.588183303786, 152, 1.0
36538.764380429435, 101, -1.0
36542.07776310402, 148, -1.0
36549.344010867295, 101, 1.0
36552.20364959367, 35, 1.0
36561.0989161999, 35, -1.0
36566.267381454614, 154, 1.0
36582.43684980147, 152, -1.0
36584.87791269262, 75, 1.0
36586.57694418827, 152, -1.0
36586.840265536564, 152, 1.0
36590.54115730933, 148, -1.0
36591.81011577473, 44, 1.0
36601.53110623541, 101, 1.0
36604.59494921064, 154, -1.0
36611.75194816335, 75, 1.0
36611.954475012666, 152, -1.0
36614.47782617392, 148, -1.0
36614.72764521499, 148, -1.0
36615.31758500798, 35, -1.0
36617.47815229138, 35, 1.0
36618.844482376066, 103, 1.0
36620.11990451924, 101, 1.0
36620.68828204897, 44, 1.0
36626.12765589231, 103, -1.0
36628.309399784914, 35, -1.0
36628.95202640448, 103, 1.0
36632.82764547962, 148, -1.0
36633.14197421015, 75, 1.0
36641.88288509465, 103, 1.0
36644.80645961543, 75, 1.0
36645.24825546096, 101, -1.0
36649.84862676227, 101, -1.0
36652.02658431354, 152, -1.0
36652.57788898572, 103, 1.0
36656.83360984293, 103, 1.0
36657.002394767216, 103, 1.0
36658.46426893345, 35, -1.0
36659.96547440017, 154, 1.0
36660.992737425935, 154, -1.0
36666.25075676445, 101, -1.0
36669.029856689056, 75, -1.0
36679.00288498616, 103, -1.0
36683.23017633369, 101, 1.0
36684.03798725534, 44, -1.0
36684.39901511446, 103, 1.0
36687.646122740865, 148, -1.0
36690.19873618293, 148, -1.0
36692.40007195881, 154, -1.0
36697.4771792867, 101, 1.0
36700.83076205507, 148, -1.0
36711.37487894367, 154, -1.0
36713.71075590922, 152, -1.0
36718.812545685214, 154, 1.0
36725.33070903289, 75, 1.0
36728.91630893318, 101, 1.0
36734.96347000521, 152, 1.0
36736.731710828455, 75, 1.0
36746.18065693016, 101, 1.0
36752.36109059888, 75, -1.0
36755.24539184626, 44, -1.0
36758.82178807111, 148, -1.0
36760.56229268912, 75, 1.0
36766.74272366121, 44, 1.0
36766.965059074864, 75, -1.0
36767.166594925184, 103, 1.0
36773.57231209203, 148, -1.0
36778.4586054411, 75, -1.0
36783.99175056561, 148, -1.0
36786.336092395635, 44, -1.0
36786.52592286219, 75, -1.0
36787.173069271514, 75, -1.0
36792.986357917696, 101, 1.0
36795.02191991394, 103, 1.0
36795.31680237917, 75, -1.0
36797.83899458651, 154, 1.0
36802.284462801814, 103, 1.0
36810.46188875171, 152, -1.0
36812.36401179401, 75, 1.0
36817.86040019468, 152, -1.0
36823.88650227604, 101, -1.0
36824.01829741462, 152, -1.0
36828.241882630085, 75, -1.0
36831.74464008462, 148, -1.0
36833.224436663164, 103, 1.0
36846.36639101512, 154, -1.0
36849.176316222045, 152, -1.0
36849.2406676827, 101, -1.0
36856.97803462204, 75, -1.0
36860.6909646919, 75, -1.0
36862.38603027404, 101, 1.0
36862.48857567408, 35, 1.0
36870.19610838996, 152, 1.0
36871.424021866536, 152, -1.0
36877.27960653078, 75, 1.0
36879.784375663425, 103, 1.0
36880.89350097801, 152, 1.0
36881.35524481435, 35, -1.0
36882.05631927119, 75, -1.0
36883.823210802126, 152, 1.0
36884.880933486194, 44, 1.0
36887.97232400962, 103, 1.0
36888.54899328358, 148, -1.0
36896.72357723271, 75, -1.0
36898.318848353105, 35, -1.0
36899.23180842703, 101, 1.0
36901.73430939128, 101, 1.0
36908.10050093641, 101, 1.0
36912.70058314489, 154, -1.0
36916.357952099606, 75, 1.0
36920.17224512716, 101, -1.0
36920.711946974974, 75, -1.0
36932.06058430622, 152, -1.0
36932.77559484182, 154, -1.0
36939.40471379406, 35, -1.0
36952.53552261717, 101, 1.0
36956.38332530467, 75, -1.0
36964.29539022904, 152, -1.0
36969.21593482701, 75, -1.0
36972.74118435291, 44, -1.0
36977.01465066419, 148, -1.0
36977.74224571324, 75, -1.0
36979.27393651829, 148, -1.0
36980.52636517367, 101, 1.0
36989.45107242512, 154, 1.0
36993.13439818495, 103, -1.0
36997.64273630759, 35, -1.0
37007.133743429375, 35, -1.0
37016.927201882405, 148, 1.0
37019.39081487306, 75, -1.0
37025.30152780406, 148, -1.0
37027.90276721714, 35, 1.0
37030.11478856975, 148, -1.0
37036.2930106713, 75, -1.0
37040.98323219186, 35, 1.0
37041.37621657228, 75, -1.0
37044.889946255265, 103, 1.0
37063.30650553719, 152, 1.0
37069.32547709681, 154, 1.0
37070.85086680534, 101, 1.0
37073.15436557498, 148, -1.0
37075.80437460105, 101, -1.0
37079.75681427557, 152, -1.0
37079.770734380145, 75, -1.0
37081.13386527455, 44, -1.0
37085.03846322808, 154, 1.0
37092.231926851535, 75, 1.0
37095.45160470739, 75, -1.0
37095.72585425236, 103, 1.0
37107.50907656493, 103, -1.0
37120.43032821473, 35, 1.0
37130.94149638073, 101, 1.0
37132.73329766629, 44, -1.0
37132.85543227864, 35, 1.0
37136.843237354384, 44, -1.0
37141.74266227314, 75, -1.0
37141.8077414865, 101, 1.0
37144.72949728, 154, 1.0
37146.95034499736, 35, 1.0
37148.3614819304, 44, -1.0
37155.51379929208, 75, -1.0
37159.1886730998, 75, 1.0
37166.76067725548, 154, 1.0
37169.54202524583, 44, -1.0
37171.58543618004, 75, 1.0
37176.489857682114, 75, -1.0
37192.98960838449, 101, -1.0
37194.86594674851, 44, -1.0
37195.921323621005, 103, 1.0
37200.61825653385, 103, -1.0
37218.51063308991, 75, -1.0
37225.202640173666, 154, -1.0
37233.899408230885, 101, 1.0
37234.66211434036, 148, -1.0
37236.70101450681, 75, -1.0
37243.104948240376, 152, -1.0
37244.74122012023, 148, -1.0
37252.32114734936, 152, -1.0
37252.418567485925, 44, -1.0
37255.610866724106, 75, 1.0
37257.98507942923, 44, 1.0
37268.60602341184, 44, -1.0
37270.53748629947, 75, 1.0
37273.73226162851, 35, 1.0
37274.85219513929, 103, 1.0
37275.08269491629, 148, -1.0
37288.723673383545, 35, 1.0
37295.58196010112, 154, -1.0
37297.881412179064, 101, 1.0
37299.4427493164, 44, -1.0
37300.143194724355, 152, -1.0
37303.06237079063, 148, -1.0
37305.95145424626, 148, -1.0
37307.99186613565, 154, -1.0
37308.32952185321, 103, 1.0
37313.60072211858, 35, 1.0
37319.0469455782, 152, -1.0
37321.118621521324, 75, -1.0
37325.1823534671, 154, -1.0
37325.901736991385, 101, 1.0
37331.18729264974, 103, 1.0
37333.83298376341, 148, 1.0
37333.88328507433, 75, -1.0
37345.87939095718, 101, -1.0
37347.29950644943, 35, -1.0
37347.31401445966, 152, -1.0
37351.130482806424, 154, -1.0
37354.28722763781, 75, 1.0
37359.616366186885, 101, 1.0
37361.07392852898, 35, -1.0
37362.707070488665, 75, 1.0
37375.09940985306, 75, -1.0
37377.70422700862, 35, -1.0
37380.19945522027, 75, 1.0
37388.222793315486, 75, -1.0
37388.551799652545, 44, -1.0
37389.52255853794, 101, -1.0
37390.01285785539, 35, -1.0
37410.39637991963, 75, 1.0
37411.088909733684, 154, -1.0
37416.07000924945, 101, -1.0
37422.85677886965, 35, 1.0
37426.431051319916, 75, 1.0
37430.3911978111, 75, -1.0
37431.621716093345, 101, -1.0
37433.837312463496, 154, 1.0
37441.6614954447, 103, 1.0
37444.17846996765, 35, -1.0
37444.45064695395, 101, 1.0
37451.59485156562, 44, -1.0
37460.65375581306, 44, -1.0
37461.44613807749, 75, 1.0
37463.455690968454, 75, -1.0
37463.71694501714, 44, -1.0
37465.25716648732, 103, 1.0
37468.52349323063, 152, 1.0
37471.76433690442, 44, 1.0
37474.0549676714, 75, 1.0
37475.88705377776, 44, -1.0
37479.76844559345, 75, -1.0
37480.75941783944, 152, -1.0
37483.1684768392, 154, 1.0
37486.49847788163, 101, 1.0
37487.16594816886, 75, -1.0
37488.14742735368, 154, -1.0
37494.52613305541, 101, -1.0
37500.05510932914, 154, -1.0
37502.88834013788, 152, 1.0
37505.10645794612, 75, 1.0
37505.31291942592, 44, -1.0
37506.851719006474, 75, 1.0
37510.20928168436, 103, -1.0
37511.4448891937, 35, -1.0
37516.43826816331, 35, -1.0
37518.86678868267, 75, -1.0
37520.28112576487, 44, -1.0
37527.009343910715, 103, 1.0
37527.72839313706, 101, 1.0
37527.92677790715, 75, 1.0
37528.786110035595, 154, -1.0
37529.93240956095, 101, -1.0
37539.28453269552, 44, -1.0
37542.58300771816, 101, -1.0
37545.27608777867, 148, -1.0
37550.732710026765, 44, -1.0
37558.31222767493, 75, -1.0
37561.288572394005, 75, -1.0
37562.00781279039, 154, -1.0
37563.02196451854, 101, 1.0
37572.28377466389, 152, -1.0
37574.9945308413, 44, -1.0
37581.80081290152, 101, -1.0
37583.191222216745, 75, -1.0
37585.35402302974, 101, 1.0
37587.907289810784, 152, 1.0
37588.192915894244, 75, 1.0
37588.57797042101, 103, -1.0
37592.76831212982, 152, -1.0
37594.833889202964, 75, -1.0
37603.22485019596, 75, -1.0
37603.89811846348, 152, -1.0
37604.89178801124, 101, 1.0
37606.74408627938, 101, 1.0
37607.872078163055, 148, -1.0
37608.58543123338, 35, 1.0
37620.432743740435, 35, 1.0
37620.464159002404, 101, -1.0
37633.85516591262, 75, 1.0
37636.02538061557, 75, 1.0
37645.42215607814, 152, -1.0
37645.59003644049, 152, -1.0
37645.61885251535, 103, 1.0
37647.63681646086, 103, 1.0
37651.33479355393, 101, 1.0
37655.08203581336, 75, 1.0
37657.081529863855, 154, -1.0
37665.949439105694, 101, 1.0
37670.224264573364, 75, -1.0
37672.124617174086, 75, 1.0
37673.24978073428, 152, 1.0
37673.50625970769, 148, 1.0
37680.577011247675, 154, -1.0
37683.25175160543, 103, -1.0
37684.39303209595, 103, -1.0
37684.65383282976, 154, -1.0
37697.61342786545, 148, -1.0
37698.261038400095, 75, -1.0
37703.09166313508, 103, -1.0
37703.425076502346, 101, -1.0
37718.970531516476, 44, 1.0
37719.95393903466, 44, -1.0
37721.88109092245, 35, 1.0
37722.27273056978, 154, 1.0
37723.13056762323, 75, -1.0
37726.54809950002, 103, 1.0
37730.55217084459, 148, -1.0
37734.28463345208, 154, -1.0
37734.46951417551, 35, 1.0
37734.59190820458, 152, 1.0
37735.2263868059, 35, 1.0
37735.71580745892, 103, 1.0
37740.60473756038, 75, -1.0
37741.61723359431, 103, -1.0
37742.69138736684, 75, -1.0
37743.59788368704, 44, -1.0
37744.78129350036, 35, 1.0
37749.357104521325, 148, -1.0
37750.56031848281, 152, -1.0
37752.406884994714, 154, 1.0
37755.71328100777, 103, -1.0
37756.82550349244, 101, 1.0
37757.57671122444, 154, -1.0
37759.43578804332, 148, -1.0
37759.45246216129, 101, 1.0
37772.60132654543, 75, -1.0
37772.71680696527, 75, 1.0
37773.43806307495, 75, -1.0
37773.56501656756, 154, -1.0
37776.054194596276, 103, 1.0
37779.45984246674, 148, -1.0
37780.900232083266, 75, 1.0
37781.73439140882, 44, -1.0
37783.68136057325, 148, 1.0
37785.960696935916, 152, -1.0
37786.365361410935, 103, 1.0
37789.317839096, 75, -1.0
37792.92658879217, 148, 1.0
37793.95581695389, 44, -1.0
37799.15835962914, 44, -1.0
37804.88627178146, 148, -1.0
37808.17037354741, 152, -1.0
37811.42100512024, 154, 1.0
37813.4455327081, 101, -1.0
37813.86597987491, 154, 1.0
37823.27450152905, 103, -1.0
37830.108489934646, 103, -1.0
37830.21399137405, 103, -1.0
37838.28984638658, 152, 1.0
37843.023575467974, 103, -1.0
37845.05270325244, 152, -1.0
37853.45551739413, 101, 1.0
37855.06509959991, 75, -1.0
37861.25509744001, 75, -1.0
37861.504466850114, 75, -1.0
37864.27163599258, 101, -1.0
37868.431122312984, 154, -1.0
37868.47871518588, 75, 1.0
37872.16528719697, 152, 1.0
37878.08237841023, 103, -1.0
37878.21307065348, 101, 1.0
37884.75675639548, 75, 1.0
37894.30406242724, 75, 1.0
37900.127274537896, 75, -1.0
37901.45973946977, 148, 1.0
37908.60674727446, 152, 1.0
37924.0360968645, 35, -1.0
37932.94441183872, 101, 1.0
37933.785440563166, 152, -1.0
37942.73851211505, 148, -1.0
37943.76177444505, 75, -1.0
37950.327371834006, 103, 1.0
37950.700809427224, 101, 1.0
37952.98637193834, 103, 1.0
37955.195509726385, 154, -1.0
37956.447716479655, 101, 1.0
37960.88359934346, 101, 1.0
37978.632018645396, 154, -1.0
37978.92240155884, 35, 1.0
37979.95368853751, 103, -1.0
37983.20288712817, 101, -1.0
37985.7200856416, 154, 1.0
37992.62031343018, 101, -1.0
37993.21404833082, 44, -1.0
37993.46899166371, 103, 1.0
37996.26718843508, 152, -1.0
37997.43148852782, 101, -1.0
37998.238358009934, 152, -1.0
37998.86169641044, 101, -1.0
37999.24389277853, 148, -1.0
38001.67933191079, 35, 1.0
38006.19195832626, 35, 1.0
38007.39467056594, 148, -1.0
38007.445320477964, 152, 1.0
38009.61125098298, 101, 1.0
38018.283714437144, 75, 1.0
38023.061494727306, 101, -1.0
38029.90163281884, 101, 1.0
38034.59501913957, 148, -1.0
38037.038575319086, 152, -1.0
38040.807175828646, 35, -1.0
38042.20860209083, 148, -1.0
38043.577219823565, 148, -1.0
38046.206218641804, 103, 1.0
38047.5350414362, 75, -1.0
38048.86444984948, 35, 1.0
38050.82277086492, 152, -1.0
38058.22163450156, 35, 1.0
38059.86802972407, 148, 1.0
38060.3118749025, 44, -1.0
38069.179807594795, 154, 1.0
38069.56951723896, 152, -1.0
38069.73311242028, 148, -1.0
38076.402106181835, 103, 1.0
38077.27852223595, 154, 1.0
38077.2902011166, 154, 1.0
38077.51589257156, 152, -1.0
38077.64747215, 75, 1.0
38078.58786080834, 148, -1.0
38088.30697652331, 154, -1.0
38093.6651088468, 148, -1.0
38093.97560031006, 103, 1.0
38095.6320347899, 148, -1.0
38095.759651911954, 101, 1.0
38096.65218458401, 103, 1.0
38103.161936458244, 75, 1.0
38108.507809072835, 103, -1.0
38109.15855624103, 35, 1.0
38114.16495399758, 44, -1.0
38115.03451778789, 75, 1.0
38123.139341430244, 101, 1.0
38124.67265937658, 75, 1.0
38125.736041085, 75, -1.0
38131.617192756414, 44, -1.0
38140.01655405582, 75, -1.0
38141.773372092495, 148, 1.0
38144.68764582637, 101, 1.0
38147.30208461467, 101, 1.0
38147.48390028725, 152, -1.0
38148.226923473936, 75, -1.0
38148.39223976124, 103, -1.0
38150.82876881163, 35, -1.0
38151.58223033146, 101, 1.0
38159.73901120046, 75, 1.0
38165.363495315534, 148, -1.0
38165.44206328222, 101, -1.0
38166.86933766171, 75, 1.0
38174.19687293227, 152, 1.0
38184.17978904758, 152, -1.0
38185.178032725926, 44, -1.0
38186.26127738757, 103, 1.0
38189.238974631066, 101, 1.0
38189.74894137443, 152, 1.0
38189.82738219381, 101, 1.0
38193.199695511554, 35, 1.0
38193.50146085651, 103, 1.0
38194.80334018494, 152, 1.0
38195.80882074424, 35, 1.0
38201.08636889104, 152, -1.0
38204.93294854161, 101, -1.0
38210.57315878416, 35, 1.0
38217.809255569475, 148, -1.0
38218.93912087824, 152, 1.0
38223.5377212056, 44, -1.0
38224.785521005935, 148, -1.0
38229.35578205331, 101, -1.0
38235.63876071799, 75, -1.0
38236.487582635964, 152, 1.0
38238.622279167066, 154, 1.0
38239.4111065715, 44, -1.0
38239.81582268928, 75, 1.0
38243.55587679794, 101, 1.0
38245.518540125966, 103, 1.0
38251.3811101849, 103, 1.0
38253.89372164291, 152, -1.0
38255.93865498778, 44, -1.0
38258.42166114212, 148, -1.0
38258.78929634644, 101, 1.0
38259.912433537844, 101, 1.0
38267.50785882512, 75, 1.0
38268.91429944588, 152, -1.0
38271.48806498231, 103, -1.0
38272.72108516601, 44, -1.0
38282.92893878393, 75, -1.0
38284.32839775858, 75, 1.0
38291.76406140796, 101, 1.0
38295.732530035275, 101, 1.0
38297.31326970178, 75, 1.0
38298.452246420646, 44, 1.0
38302.522702161994, 75, -1.0
38302.73739505625, 101, -1.0
38303.076460670076, 154, -1.0
38303.729880606195, 154, 1.0
38304.242916113304, 44, -1.0
38304.57991645164, 154, 1.0
38309.468885778, 101, -1.0
38313.053332571995, 101, -1.0
38315.22853665657, 75, 1.0
38316.03082109552, 44, -1.0
38317.28664708342, 75, -1.0
38317.71297287162, 148, -1.0
38319.76375025479, 101, -1.0
38321.74296380386, 35, 1.0
38326.261820321466, 152, -1.0
38335.4311319547, 75, -1.0
38338.19623106428, 101, 1.0
38347.94351912358, 152, 1.0
38349.46567215037, 154, 1.0
38349.81102147309, 75, 1.0
38353.93714883099, 75, -1.0
38362.20284657482, 101, 1.0
38362.411372678966, 101, 1.0
38363.9106107836, 152, -1.0
38367.79772819595, 101, 1.0
38368.20939172684, 152, -1.0
38372.75596056996, 148, -1.0
38375.89682469738, 44, -1.0
38387.33755576609, 35, 1.0
38393.68283725984, 152, -1.0
38395.051505480966, 75, 1.0
38396.51843525329, 101, 1.0
38397.133059572574, 101, 1.0
38401.96919682557, 152, 1.0
38402.93594538912, 154, -1.0
38404.94097547255, 35, -1.0
38405.10103972489, 101, 1.0
38407.015029394715, 44, -1.0
38408.979531583806, 35, -1.0
38409.92618644807, 154, -1.0
38412.9165497978, 103, 1.0
38421.405891242626, 148, -1.0
38421.40983756361, 75, -1.0
38421.59087578426, 101, 1.0
38422.62518913631, 154, 1.0
38423.86015464521, 154, 1.0
38426.28986742194, 152, -1.0
38438.601860858245, 148, 1.0
38439.175753446376, 101, 1.0
38442.16582904467, 75, 1.0
38448.61963966245, 103, -1.0
38450.513819846594, 75, -1.0
38458.07157635319, 152, 1.0
38461.364961209096, 148, -1.0
38461.63763279076, 152, 1.0
38462.95681925982, 103, 1.0
38465.20381896163, 103, 1.0
38469.16058995538, 101, -1.0
38475.45373631043, 152, -1.0
38477.50981000447, 35, -1.0
38484.567457214594, 101, 1.0
38485.8330089837, 35, 1.0
38496.69865612128, 148, 1.0
38500.27624704802, 35, -1.0
38504.696820905214, 35, -1.0
38505.15615891774, 75, 1.0
38506.26539866917, 154, 1.0
38509.719107772136, 75, 1.0
38509.771986097825, 148, -1.0
38516.99162198485, 101, 1.0
38525.36494008844, 103, -1.0
38525.666933596454, 101, -1.0
38526.73496790862, 148, 1.0
38529.5814418146, 154, -1.0
38529.6324250092, 152, -1.0
38531.394795218905, 154, 1.0
38540.92703015382, 154, -1.0
38543.690205407365, 152, -1.0
38546.58599535757, 75, 1.0
38546.73852862606, 44, -1.0
38548.25057137814, 154, 1.0
38548.87892862278, 101, 1.0
38549.58941587306, 154, 1.0
38553.15910987646, 103, 1.0
38564.842928293016, 154, -1.0
38578.45443442372, 101, -1.0
38581.86820724087, 75, 1.0
38584.87180584795, 101, -1.0
38585.53947742126, 152, 1.0
38590.00992640904, 154, -1.0
38598.286188992635, 101, 1.0
38600.4721824197, 103, -1.0
38603.829697119276, 35, 1.0
38610.293727824814, 35, 1.0
38613.91043756113, 101, 1.0
38614.01903569986, 103, 1.0
38635.44194069787, 152, -1.0
38638.93811144168, 103, 1.0
38639.68580700544, 103, 1.0
38640.308330674416, 103, 1.0
38643.69909137598, 148, -1.0
38644.24752099144, 75, 1.0
38657.2567932546, 75, 1.0
38661.03025019849, 148, -1.0
38662.376575482675, 75, 1.0
38663.11209083623, 101, 1.0
38663.23112861267, 35, -1.0
38675.00071849445, 75, 1.0
38679.281073367056, 152, 1.0
38683.191015703764, 101, 1.0
38685.9093465037, 101, 1.0
38710.04197191894, 148, -1.0
38716.38282791578, 35, 1.0
38718.41181853361, 35, -1.0
38722.73096583125, 103, 1.0
38723.43250147264, 154, 1.0
38723.99431246072, 148, 1.0
38724.81936094733, 101, -1.0
38725.38994167042, 103, -1.0
38728.56013902842, 154, -1.0
38729.12479433865, 44, -1.0
38735.0898938666, 103, 1.0
38738.222063847395, 75, -1.0
38740.20361490479, 75, -1.0
38743.26694966154, 103, 1.0
38744.58090909516, 152, -1.0
38745.15661976858, 75, 1.0
38745.53029605845, 154, -1.0
38746.19330066814, 101, 1.0
38749.598316336334, 101, 1.0
38756.093601197594, 103, 1.0
38759.175496483964, 75, -1.0
38763.602746005534, 152, 1.0
38775.88971795461, 154, 1.0
38779.289982383445, 152, -1.0
38784.85714192448, 75, -1.0
38784.94441832829, 101, -1.0
38785.94814693765, 154, 1.0
38786.841916308236, 35, -1.0
38786.902565961245, 148, -1.0
38787.41280162704, 35, -1.0
38787.84640327976, 154, -1.0
38793.699768566985, 101, 1.0
38797.5584205309, 103, 1.0
38798.251003006786, 154, 1.0
38800.69719184435, 148, 1.0
38805.11161549291, 154, -1.0
38812.09705804717, 44, -1.0
38814.300150684314, 75, 1.0
38818.124569661166, 75, -1.0
38818.68938142785, 35, -1.0
38818.97015666851, 148, 1.0
38820.2503052471, 75, -1.0
38829.2961222842, 103, 1.0
38842.47101414498, 75, 1.0
38842.63235461415, 103, 1.0
38849.09057527772, 75, 1.0
38852.15598965687, 35, -1.0
38863.73966167882, 148, -1.0
38868.12519727492, 75, -1.0
38870.7060766489, 75, -1.0
38875.16320626115, 148, -1.0
38875.43876394108, 154, 1.0
38889.805721306126, 35, -1.0
38894.92004216651, 103, 1.0
38897.21063283392, 152, -1.0
38905.2307047668, 35, -1.0
38907.07855546787, 35, -1.0
38915.16993883128, 148, -1.0
38916.82276787013, 103, 1.0
38918.599267956175, 75, -1.0
38926.6949537121, 152, -1.0
38928.24055515108, 148, -1.0
38930.08306427303, 152, -1.0
38934.91312071596, 75, -1.0
38942.740128458405, 75, 1.0
38946.53707929498, 152, -1.0
38950.23650187851, 152, -1.0
38951.57207457461, 75, -1.0
38952.03155226614, 152, 1.0
38953.25724430752, 154, 1.0
38954.20043811613, 75, 1.0
38955.688705098575, 154, -1.0
38956.092152228426, 75, -1.0
38958.3601089305, 103, 1.0
38962.09714464842, 148, -1.0
38966.9671735911, 75, -1.0
38968.218891087796, 103, 1.0
38969.479939964716, 75, -1.0
38972.99923509323, 152, 1.0
38975.0164605958, 75, -1.0
38992.244483553426, 103, 1.0
38992.76169633189, 75, 1.0
39001.10452011676, 101, 1.0
39002.32952522509, 101, 1.0
39002.57814861209, 44, -1.0
39006.07131462551, 148, -1.0
39010.6903704724, 75, -1.0
39018.11526270878, 148, -1.0
39022.76654317254, 103, -1.0
39024.25458647721, 154, -1.0
39024.3818634819, 101, 1.0
39026.104361674435, 75, 1.0
39029.31058780516, 148, -1.0
39032.44468436586, 75, 1.0
39033.46468272521, 101, 1.0
39036.46041733853, 152, -1.0
39037.76162535194, 101, -1.0
39041.72233694219, 103, 1.0
39045.16723620825, 103, 1.0
39045.20366698758, 152, -1.0
39045.52222466195, 103, -1.0
39050.30696749603, 103, 1.0
39052.52652560033, 103, 1.0
39054.502333583834, 154, 1.0
39056.4443260689, 152, -1.0
39056.76161219504, 154, 1.0
39063.95727095225, 44, -1.0
39064.806569440516, 44, -1.0
39066.13324270066, 103, 1.0
39066.19901142416, 148, -1.0
39071.09932471417, 101, 1.0
39082.10948197239, 152, -1.0
39086.509746707874, 75, 1.0
39087.29827888428, 101, 1.0
39089.030746882556, 103, -1.0
39095.307837912806, 101, -1.0
39097.133506801794, 101, -1.0
39097.19672987248, 154, -1.0
39100.00185593305, 44, -1.0
39102.21880662474, 44, -1.0
39105.299599004065, 101, 1.0
39110.266746843066, 148, 1.0
39120.892205126234, 148, -1.0
39121.64667234942, 35, -1.0
39126.689482989146, 152, 1.0
39127.359497396166, 152, 1.0
39127.45850342003, 101, 1.0
39127.582666723385, 103, 1.0
39128.70889977063, 152, -1.0
39129.489948904324, 103, 1.0
39130.858879996136, 75, 1.0
39134.48933348525, 44, -1.0
39137.005514216005, 44, 1.0
39143.71376711553, 103, 1.0
39143.76921510325, 152, -1.0
39150.434372324, 148, 1.0
39152.05337907945, 35, -1.0
39152.57672959032, 75, 1.0
39157.06093993793, 148, -1.0
39163.87798298673, 101, 1.0
39167.9707545274, 154, -1.0
39176.87151237349, 75, 1.0
39182.869621688566, 152, 1.0
39188.24247245559, 154, -1.0
39190.69470774457, 148, -1.0
39193.47928518666, 35, -1.0
39197.229800530535, 152, 1.0
39203.72159584662, 44, -1.0
39206.663715489565, 154, -1.0
39209.624816066826, 154, 1.0
39212.14280191501, 154, 1.0
39213.179266574094, 152, -1.0
39213.57591272098, 75, -1.0
39216.6363430084, 154, 1.0
39218.79292114952, 154, -1.0
39222.03354851314, 103, 1.0
39230.92931785144, 154, -1.0
39234.36410992509, 152, 1.0
39238.247956838124, 101, -1.0
39242.56563457108, 44, 1.0
39251.241796222166, 152, -1.0
39251.828982424166, 154, -1.0
39251.94867830604, 75, 1.0
39254.24874093141, 75, 1.0
39254.3264599824, 75, -1.0
39256.131752952664, 154, -1.0
39260.87211088756, 103, 1.0
39266.958285239176, 152, -1.0
39273.039850315065, 101, 1.0
39279.567853446446, 44, -1.0
39284.73888270525, 44, -1.0
39293.77164599901, 154, 1.0
39293.96752491603, 101, 1.0
39297.844487812974, 75, 1.0
39307.70883199532, 44, -1.0
39310.790271019934, 101, 1.0
39314.931229663496, 154, 1.0
39317.51683071266, 148, -1.0
39320.779212093425, 75, -1.0
39327.92596630492, 44, -1.0
39334.63918359447, 44, -1.0
39335.9744737929, 103, -1.0
39347.635356707586, 35, -1.0
39355.24478558137, 44, -1.0
39359.02605581849, 35, -1.0
39360.912370221056, 103, -1.0
39362.77909596893, 75, -1.0
39364.6020703878, 75, -1.0
39366.53591501926, 75, 1.0
39370.30065685795, 152, -1.0
39370.77488420914, 101, 1.0
39372.94208129846, 103, 1.0
39379.744138825015, 35, 1.0
39386.477800997876, 103, -1.0
39388.910166038884, 101, 1.0
39392.41985331631, 103, 1.0
39397.945018119164, 75, -1.0
39405.5302542481, 75, -1.0
39409.95392307884, 154, 1.0
39424.63054666499, 75, -1.0
39430.24867950078, 103, 1.0
39435.319975844475, 101, 1.0
39436.751464341905, 75, -1.0
39437.26023310901, 75, 1.0
39439.35102843272, 44, 1.0
39444.350232795376, 148, -1.0
39445.34013959102, 35, 1.0
39451.043193032645, 44, -1.0
39451.98202618414, 152, -1.0
39455.22384470887, 148, -1.0
39455.56242702753, 152, 1.0
39456.2081152292, 75, -1.0
39468.38156042471, 103, 1.0
39473.23451437486, 103, 1.0
39474.743200668796, 152, -1.0
39481.944456992125, 75, -1.0
39487.87537486287, 75, -1.0
39492.555125542094, 101, 1.0
39493.72934358687, 75, 1.0
39494.773370797455, 44, 1.0
39498.700517034755, 101, -1.0
39499.1524380047, 103, 1.0
39501.90875511101, 152, -1.0
39506.01039507695, 154, 1.0
39512.18443671909, 75, 1.0
39514.225420898096, 152, -1.0
39518.346074300585, 75, 1.0
39518.35699546288, 101, -1.0
39519.41410050499, 148, -1.0
39527.74831472764, 103, -1.0
39532.11439286277, 152, -1.0
39535.07556400998, 101, 1.0
39545.87350966685, 101, 1.0
39547.711907614415, 75, 1.0
39549.32963928199, 148, -1.0
39550.79580348412, 103, 1.0
39551.03797157426, 75, -1.0
39552.50803837447, 154, 1.0
39552.718713071314, 75, 1.0
39559.10490656305, 75, -1.0
39561.11575526999, 103, 1.0
39561.311047229276, 101, 1.0
39565.71355085286, 75, -1.0
39582.206039744146, 75, -1.0
39584.43859933167, 75, 1.0
39584.85718314707, 75, -1.0
39586.10754223741, 103, 1.0
39588.50287145567, 75, 1.0
39589.34870356968, 35, 1.0
39590.86130841882, 152, -1.0
39591.4535969143, 75, 1.0
39593.74433624698, 154, -1.0
39598.55034171566, 148, -1.0
39599.78736786544, 44, -1.0