61201.37800653321, 114, 1.0
61201.58508068125, 177, 1.0
61201.629475748035, 45, -1.0
61203.537595181326, 164, 1.0
61204.65971841292, 52, -1.0
61205.04123566054, 35, -1.0
61207.61546272494, 84, -1.0
61208.56537807523, 45, 1.0
61211.938562659845, 148, -1.0
61212.603156351805, 33, -1.0
61213.215564576996, 80, 1.0
61214.966199317016, 152, 1.0
61217.4737713201, 153, -1.0
61221.2174171186, 139, -1.0
61221.39863903242, 60, 1.0
61222.123373024166, 167, 1.0
61224.14178198201, 35, -1.0
61229.862203338766, 115, -1.0
61234.166832097144, 99, 1.0
61234.9621422057, 75, -1.0
61236.16451969137, 66, 1.0
61236.83737709049, 222, -1.0
61236.839684666484, 34, 1.0
61237.04034591986, 84, 1.0
61238.5373042301, 42, -1.0
61242.5283207797, 45, 1.0
61242.97572473732, 193, -1.0
61243.257930367065, 84, 1.0
61245.48347422938, 123, 1.0
61245.7652922357, 26, -1.0
61245.81660014183, 126, -1.0
61247.19677018037, 42, 1.0
61247.21658407986, 101, -1.0
61247.32149199569, 87, -1.0
61248.26672854202, 109, -1.0
61248.62066362356, 157, 1.0
61248.87663669218, 146, -1.0
61249.72284489175, 75, -1.0
61250.00670806937, 40, 1.0
61250.973010411675, 142, -1.0
61251.51053123188, 113, -1.0
61251.63796650137, 83, 1.0
61252.21984282605, 44, -1.0
61253.55534267356, 165, -1.0
61254.01234560621, 45, 1.0
61254.88570297449, 116, 1.0
61255.19347259882, 130, -1.0
61257.006674096636, 133, 1.0
61262.29614136925, 114, -1.0
61264.780201356356, 34, 1.0
61266.47078517455, 58, 1.0
61267.696348018195, 60, 1.0
61268.811348575124, 150, -1.0
61269.62011690443, 98, 1.0
61273.062257258476, 34, -1.0
61276.221301918165, 41, -1.0
61278.73760092185, 39, 1.0
61278.83740571596, 87, -1.0
61279.84237871081, 114, 1.0
61280.052834922826, 29, 1.0
61283.71895606992, 142, -1.0
61285.23543818488, 41, -1.0
61285.78013587977, 152, 1.0
61286.09419505289, 80, 1.0
61288.58403783728, 70, -1.0
61290.89044438297, 36, -1.0
61293.61133165564, 103, 1.0
61293.61595784, 101, -1.0
61293.632159939974, 116, -1.0
61296.607633927495, 198, -1.0
61297.4993182998, 41, 1.0
61302.43464621196, 34, 1.0
61302.5816472698, 105, -1.0
61304.75060291164, 142, 1.0
61304.83161520303, 95, -1.0
61304.84139620801, 36, -1.0
61307.910864124504, 147, 1.0
61310.020192249125, 53, 1.0
61310.18132354659, 64, 1.0
61311.42201443078, 34, 1.0
61314.2259800834, 120, -1.0
61314.69803107879, 27, -1.0
61316.02324659099, 152, -1.0
61319.79250706382, 97, -1.0
61320.43262511923, 177, -1.0
61321.97307773916, 109, -1.0
61322.0555316353, 119, 1.0
61322.64393331843, 54, 1.0
61323.63467678481, 130, -1.0
61324.932844289055, 165, -1.0
61325.956932448535, 114, -1.0
61327.448602658296, 159, 1.0
61328.3472011042, 168, -1.0
61330.67702672977, 162, -1.0
61332.97999727539, 198, -1.0
61333.826680604725, 114, 1.0
61336.063953412006, 35, 1.0
61337.0768191141, 84, 1.0
61339.689430322695, 55, -1.0
61342.12335529653, 163, 1.0
61342.73796539527, 83, -1.0
61343.35212446382, 162, 1.0
61345.87747893437, 198, -1.0
61348.114838721216, 105, -1.0
61348.4018636893, 160, -1.0
61352.403959931566, 152, -1.0
61354.67385599116, 113, -1.0
61355.03204017201, 58, 1.0
61364.62288669375, 130, 1.0
61365.42917265353, 169, -1.0
61366.48499264416, 146, -1.0
61366.853178720194, 173, -1.0
61369.7015873224, 75, -1.0
61370.68832467272, 83, -1.0
61371.38460168686, 58, 1.0
61371.90900395596, 146, 1.0
61373.85014680175, 152, 1.0
61374.46830628597, 110, -1.0
61375.62287267547, 75, -1.0
61377.228710668445, 165, -1.0
61379.25020673043, 34, 1.0
61379.36862782296, 113, -1.0
61381.17412671923, 165, 1.0
61381.19438041702, 198, -1.0
61381.23974710247, 83, 1.0
61382.17194249982, 158, -1.0
61385.40524876988, 54, 1.0
61386.7248279945, 148, -1.0
61387.99373497179, 71, 1.0
61388.46846105195, 182, 1.0
61388.50835324336, 26, 1.0
61391.309458688236, 108, -1.0
61394.054307921324, 69, -1.0
61397.30688187694, 142, -1.0
61397.57435635424, 86, -1.0
61398.03186686442, 159, -1.0
61401.94892389568, 60, -1.0
61402.78928906279, 142, 1.0
61403.310391671, 116, -1.0
61404.5762628766, 97, -1.0
61405.862393213116, 29, 1.0
61406.14254629284, 114, 1.0
61407.97800856212, 164, 1.0
61409.431207135276, 43, 1.0
61411.17031761254, 163, 1.0
61411.247649725934, 159, 1.0
61414.82872687054, 26, -1.0
61415.35311025982, 158, -1.0
61416.859623207456, 87, -1.0
61417.32950520866, 44, 1.0
61420.21923001894, 64, -1.0
61421.070905504464, 177, -1.0
61422.82021696399, 113, -1.0
61425.82409935158, 142, 1.0
61428.51474566289, 95, -1.0
61429.38573610042, 40, 1.0
61429.99329915179, 182, 1.0
61430.09520141043, 164, -1.0
61431.934013996884, 85, -1.0
61434.41655679334, 166, 1.0
61434.64766224239, 62, 1.0
61434.71602607984, 110, -1.0
61436.596159924506, 34, 1.0
61439.651438825415, 114, 1.0
61441.08566018515, 142, 1.0
61442.39759784826, 222, -1.0
61443.402502786696, 163, 1.0
61444.61107672029, 114, 1.0
61445.431080483555, 165, -1.0
61446.0362653098, 139, -1.0
61447.38896578438, 116, 1.0
61447.624116081475, 81, 1.0
61448.13305695432, 27, -1.0
61449.16821137979, 43, -1.0
61449.30802530738, 27, 1.0
61451.709700097315, 105, -1.0
61453.70766442936, 169, -1.0
61455.058113939915, 116, 1.0
61456.589847784715, 158, 1.0
61459.52239247029, 123, 1.0
61459.968629817384, 118, -1.0
61461.34510105384, 164, 1.0
61463.60390699465, 157, -1.0
61465.0305350285, 137, -1.0
61468.48902770296, 105, 1.0
61469.25868935059, 50, -1.0
61469.710774852756, 72, -1.0
61470.08061508365, 75, 1.0
61473.50635314965, 33, -1.0
61475.40827842171, 165, 1.0
61476.974999112615, 157, -1.0
61477.37041895171, 152, -1.0
61478.450218554186, 146, 1.0
61478.601476913434, 146, 1.0
61478.77889436669, 142, 1.0
61479.11659865829, 161, 1.0
61479.62741248743, 58, -1.0
61481.60986864505, 169, 1.0
61483.01676356333, 104, 1.0
61483.27887316604, 68, 1.0
61483.43662605438, 87, 1.0
61485.71301710843, 80, 1.0
61488.0336599827, 114, -1.0
61489.23570300043, 153, -1.0
61491.38263377345, 142, -1.0
61491.872695262675, 84, 1.0
61492.95958920127, 71, -1.0
61496.734369555445, 112, -1.0
61498.11101418619, 106, 1.0
61498.159104921644, 58, -1.0
61500.41130481221, 58, 1.0
61500.52127465736, 101, 1.0
61502.310905187405, 59, -1.0
61502.41749899836, 159, 1.0
61504.043890795176, 166, -1.0
61504.95263138429, 95, 1.0
61505.32702601077, 88, 1.0
61505.44167231616, 114, 1.0
61505.497861450924, 71, -1.0
61508.77288576322, 157, 1.0
61515.50733971293, 58, -1.0
61515.662863292, 222, 1.0
61518.70831484586, 167, -1.0
61520.30097874316, 41, 1.0
61521.68153401035, 95, 1.0
61523.781310714316, 82, 1.0
61524.04671773093, 146, -1.0
61524.067964947666, 26, 1.0
61525.78661077298, 99, 1.0
61530.848593419636, 99, -1.0
61534.101014346175, 120, -1.0
61534.25983601685, 41, 1.0
61534.78186820538, 58, 1.0
61534.83635654141, 126, -1.0
61540.50512997626, 39, -1.0
61543.31221748654, 58, -1.0
61545.35727045216, 82, 1.0
61546.31041975622, 61, -1.0
61547.531481674545, 103, 1.0
61549.85168772157, 114, 1.0
61550.180222223236, 71, 1.0
61550.848051306864, 81, -1.0
61552.93166394353, 164, 1.0
61553.50307745172, 48, -1.0
61554.276774143305, 40, -1.0
61555.37680807438, 64, 1.0
61555.932844194074, 165, 1.0
61556.176882462234, 163, 1.0
61559.18165286293, 43, 1.0
61561.11891410085, 86, 1.0
61562.26644956319, 84, -1.0
61562.51532862741, 152, -1.0
61563.34756366148, 68, 1.0
61564.294243941054, 126, -1.0
61566.125211711, 34, -1.0
61571.19545798092, 61, 1.0
61571.275267784105, 33, 1.0
61572.21629346079, 57, 1.0
61573.03881537054, 80, 1.0
61574.22119838299, 66, 1.0
61574.73699471202, 177, -1.0
61575.94201314407, 109, -1.0
61576.06314568641, 198, 1.0
61576.44660194903, 198, -1.0
61581.00406079207, 63, -1.0
61581.18428140761, 142, 1.0
61581.35127596402, 182, 1.0
61581.46154895731, 59, -1.0
61584.88430041893, 169, -1.0
61585.10182753662, 162, 1.0
61585.81873367517, 166, -1.0
61586.93488623522, 35, 1.0
61587.32467024939, 34, 1.0
61587.33252652451, 116, 1.0
61587.72508645501, 116, 1.0
61592.51897671663, 99, 1.0
61594.4049736251, 169, -1.0
61595.74997336373, 193, -1.0
61598.093310371725, 71, 1.0
61599.57009108261, 55, -1.0
61600.60071004975, 142, 1.0
61604.67569300561, 33, -1.0
61605.02038462512, 99, 1.0
61606.27889113911, 75, 1.0
61606.98239291397, 58, -1.0
61609.018913415704, 44, -1.0
61609.647890665045, 33, -1.0
61610.59262776729, 169, -1.0
61612.05072497823, 41, -1.0
61612.54190427851, 75, -1.0
61613.624923134674, 159, -1.0
61614.78971776412, 158, -1.0
61614.85679250899, 124, 1.0
61614.9611695775, 48, -1.0
61615.61165146899, 165, 1.0
61616.55053314898, 119, -1.0
61623.716890285854, 137, -1.0
61624.52380331292, 114, 1.0
61625.59274940374, 114, 1.0
61625.70194434363, 105, 1.0
61625.80350071754, 116, 1.0
61633.350723955446, 171, -1.0
61633.4314398774, 99, 1.0
61637.37675309534, 170, 1.0
61642.12660173749, 69, -1.0
61642.84879724578, 86, 1.0
61644.3224092686, 28, -1.0
61644.37299684825, 105, 1.0
61645.2533033961, 44, 1.0
61647.43576437254, 56, -1.0
61648.28190266389, 45, -1.0
61651.71817494253, 142, 1.0
61655.597946757356, 58, 1.0
61658.64834620119, 53, 1.0
61659.67644744579, 58, 1.0
61660.0064574732, 100, -1.0
61660.77763092373, 163, 1.0
61663.361997053755, 28, 1.0
61664.25517409053, 44, 1.0
61665.63306171679, 177, -1.0
61666.7165204207, 124, 1.0
61667.60142654795, 152, 1.0
61670.087989524676, 126, -1.0
61671.92974231445, 58, 1.0
61672.46358840091, 43, -1.0
61674.41589066985, 67, -1.0
61675.74079279641, 116, 1.0
61678.987610680466, 97, 1.0
61679.45949134955, 222, 1.0
61682.43048997373, 69, 1.0
61684.75615409149, 157, -1.0
61685.011255213845, 39, 1.0
61685.13803033123, 161, 1.0
61685.67733502934, 150, -1.0
61686.301054461386, 27, 1.0
61690.09770442741, 97, 1.0
61690.50089151215, 53, 1.0
61690.67159925769, 45, 1.0
61690.81396748391, 198, -1.0
61691.29389729709, 98, 1.0
61693.66406345379, 58, 1.0
61694.06418365589, 53, 1.0
61694.54795559995, 59, 1.0
61694.72754912948, 52, -1.0
61695.52508130269, 86, 1.0
61696.4404981489, 28, 1.0
61699.59810719963, 100, -1.0
61699.66920325732, 40, 1.0
61702.71071815833, 101, 1.0
61708.0497180403, 84, -1.0
61711.19108855484, 235, 1.0
61713.30533562033, 68, 1.0
61716.02400872942, 108, -1.0
61717.37950353449, 75, 1.0
61718.83689035028, 68, 1.0
61719.97271813438, 40, 1.0
61721.356140891054, 26, -1.0
61724.52867914206, 157, -1.0
61727.33853608094, 165, -1.0
61727.53035898744, 177, -1.0
61729.187246394366, 37, 1.0
61729.49436147677, 75, 1.0
61733.770188321476, 113, 1.0
61734.10538356226, 99, -1.0
61735.36743851725, 99, -1.0
61735.383841538445, 64, -1.0
61736.822648829126, 99, 1.0
61738.01423109649, 34, 1.0
61738.43212562128, 114, 1.0
61738.77445232433, 158, 1.0
61739.12817357117, 142, 1.0
61739.39701842354, 163, 1.0
61742.354878737846, 168, 1.0
61742.77158079038, 60, -1.0
61746.38997017549, 163, 1.0
61748.56390245739, 161, 1.0
61748.940200387726, 86, -1.0
61749.982190629074, 60, -1.0
61750.33909061582, 95, 1.0
61750.58409390759, 40, 1.0
61751.121453488355, 35, -1.0
61752.330258451075, 146, 1.0
61753.22090182983, 58, -1.0
61756.02231223696, 103, -1.0
61756.63730600139, 60, -1.0
61756.921499336146, 106, -1.0
61757.239003919014, 148, -1.0
61761.50335930503, 122, -1.0
61764.32135299979, 116, 1.0
61768.85695655009, 170, 1.0
61773.83763631508, 234, 1.0
61774.27425730047, 58, 1.0
61774.34196376977, 152, 1.0
61775.0074274894, 146, 1.0
61775.077695129134, 75, 1.0
61776.56640958608, 87, -1.0
61777.390140005344, 99, 1.0
61779.203767824794, 163, 1.0
61780.38077342095, 84, 1.0
61781.445124697915, 88, 1.0
61788.690120227584, 26, 1.0
61789.73694929243, 241, 1.0
61789.94180470952, 80, 1.0
61790.218187684666, 61, -1.0
61791.97675683357, 130, -1.0
61793.63782044896, 146, 1.0
61794.51370521735, 91, 1.0
61797.08823734808, 58, 1.0
61798.19709091905, 70, -1.0
61798.57381873212, 29, 1.0
61799.25906135065, 126, 1.0
61803.29171452311, 39, -1.0
61806.810281729224, 133, -1.0
61807.48210808307, 177, 1.0
61811.10179307788, 107, -1.0
61813.98598423462, 108, -1.0
61817.02256967337, 34, 1.0
61817.07399244644, 234, -1.0
61826.75755474797, 198, 1.0
61829.56864853116, 90, 1.0
61830.24615579016, 235, 1.0
61832.368420250066, 73, 1.0
61833.16684150525, 41, -1.0
61833.36986589666, 75, -1.0
61833.72252850193, 164, -1.0
61833.98780519008, 82, 1.0
61834.125080642174, 110, -1.0
61839.80905316698, 103, 1.0
61843.30812081369, 179, -1.0
61845.67294009267, 171, -1.0
61847.462263984045, 84, 1.0
61848.20863752921, 34, 1.0
61851.504631943266, 165, -1.0
61851.55869718334, 113, 1.0
61853.05774768235, 34, -1.0
61853.08387853794, 74, -1.0
61858.85647216158, 94, 1.0
61858.886288642774, 33, -1.0
61859.393865921884, 67, -1.0
61860.27265106222, 55, -1.0
61861.47927971612, 114, 1.0
61861.77668090162, 114, 1.0
61862.80962579351, 101, -1.0
61869.978969006836, 41, -1.0
61871.93161668664, 71, -1.0
61871.97533681755, 71, -1.0
61872.50123700391, 142, -1.0
61874.071915771885, 165, -1.0
61874.70037467471, 146, 1.0
61874.77906155624, 62, -1.0
61877.98807765897, 56, -1.0
61881.12971071825, 146, -1.0
61881.59278559126, 58, -1.0
61883.624488860194, 75, 1.0
61884.66126164064, 113, -1.0
61885.609048752456, 64, 1.0
61886.633050153076, 98, 1.0
61890.017371926435, 116, 1.0
61890.88041696832, 89, 1.0
61894.499164727815, 58, -1.0
61897.68423543276, 105, -1.0
61898.807767783816, 119, 1.0
61898.993843683136, 113, 1.0
61900.71813205614, 120, -1.0
61901.46500830294, 101, 1.0
61902.721364252626, 141, -1.0
61904.08848368018, 62, -1.0
61905.799583139786, 82, 1.0
61907.06429020235, 116, 1.0
61910.65077878754, 177, -1.0
61910.83149776191, 116, 1.0
61911.44004312758, 59, 1.0
61915.87163482559, 58, 1.0
61916.08320206321, 29, 1.0
61917.4392122392, 34, -1.0
61917.69102453262, 114, 1.0
61923.464897975675, 137, -1.0
61923.777097031794, 74, -1.0
61925.58711157534, 44, 1.0
61928.746938024626, 98, 1.0
61931.19896251299, 107, -1.0
61932.259663982775, 36, -1.0
61932.83227339036, 58, -1.0
61933.6928851183, 71, 1.0
61934.13499644287, 162, -1.0
61935.168937768714, 40, -1.0
61935.59440614151, 142, 1.0
61936.396955854514, 64, -1.0
61937.01095448182, 146, -1.0
61937.76276212674, 64, 1.0
61937.985159394746, 163, 1.0
61940.4749280892, 33, -1.0
61942.385313343686, 107, -1.0
61942.410388633485, 43, 1.0
61942.88943585741, 91, 1.0
61944.394106128326, 241, -1.0
61946.59588249351, 41, 1.0
61946.73367645644, 161, -1.0
61947.36673673001, 105, 1.0
61949.63136118188, 34, -1.0
61953.05911338938, 36, -1.0
61953.88565352324, 142, 1.0
61954.66931169853, 165, 1.0
61956.94241394509, 26, 1.0
61961.14824019365, 109, 1.0
61961.19996376575, 228, -1.0
61963.50930850705, 34, -1.0
61963.6190795085, 84, 1.0
61963.75139297822, 148, 1.0
61965.10553277653, 101, 1.0
61967.937908640655, 159, -1.0
61968.82649562403, 222, -1.0
61969.96942904664, 116, 1.0
61970.77956277714, 169, -1.0
61970.95300955309, 92, 1.0
61973.31196398979, 88, -1.0
61973.65231301429, 149, 1.0
61975.64760409182, 165, 1.0
61977.67864850316, 133, 1.0
61980.865977537724, 75, -1.0
61984.58083670624, 116, 1.0
61986.10773031084, 148, -1.0
61986.94556413452, 152, -1.0
61986.9517733443, 101, 1.0
61989.089725943944, 149, 1.0
61989.20100057109, 83, 1.0
61989.64268583765, 153, 1.0
61991.87325096483, 147, -1.0
61992.68140716397, 83, -1.0
61993.25510437858, 235, 1.0
61994.38728978818, 36, 1.0
61994.46432161727, 101, 1.0
61996.26397279053, 37, 1.0
61997.56375133633, 163, 1.0
61998.1122732053, 166, -1.0
61999.65434912988, 103, 1.0
62000.218366317196, 50, -1.0
62001.463589084095, 34, 1.0
62002.85360101664, 84, 1.0
62003.496210442994, 88, -1.0
62003.56990556827, 40, 1.0
62003.79286291232, 103, -1.0
62006.36442727115, 119, 1.0
62007.28095809188, 67, -1.0
62009.4927577974, 108, -1.0
62011.39398360599, 90, -1.0
62011.869682818935, 60, -1.0
62013.22437896555, 105, -1.0
62015.300420700165, 166, -1.0
62015.98048954135, 95, 1.0
62024.50526055843, 159, 1.0
62026.47806415614, 114, 1.0
62031.83427482134, 97, 1.0
62033.30873894671, 39, 1.0
62033.98141816592, 58, -1.0
62034.69701373927, 126, 1.0
62035.10554094422, 171, -1.0
62035.95703947184, 148, 1.0
62037.24131553382, 130, 1.0
62038.24689030992, 159, 1.0
62040.190809595144, 97, -1.0
62040.541838896446, 142, 1.0
62040.922539167565, 34, -1.0
62042.59679697161, 112, 1.0
62045.10665089661, 177, -1.0
62049.16615092357, 105, -1.0
62054.07988282759, 35, -1.0
62054.95716025922, 75, 1.0
62055.150952270735, 59, -1.0
62057.02562144202, 35, -1.0
62062.66521475528, 58, 1.0
62062.73254248453, 117, 1.0
62062.90334168874, 119, -1.0
62065.06016258198, 67, 1.0
62071.26061420058, 126, -1.0
62074.65094759426, 177, -1.0
62075.51424858394, 67, -1.0
62075.971447566386, 64, 1.0
62076.20872630249, 116, -1.0
62077.206050807465, 106, -1.0
62079.272080467716, 116, 1.0
62079.60898608964, 120, -1.0
62082.04198359266, 126, -1.0
62082.16018094962, 114, 1.0
62082.54545740944, 45, 1.0
62083.80705094953, 63, 1.0
62083.80843220841, 142, 1.0
62084.48103994508, 152, -1.0
62085.75985688096, 101, -1.0
62085.87075321474, 94, -1.0
62087.7050971658, 80, 1.0
62087.999603831966, 74, -1.0
62091.94236852832, 103, 1.0
62093.59076699792, 80, -1.0
62093.70884000632, 148, 1.0
62093.7583537758, 26, 1.0
62094.66984465222, 27, -1.0
62094.76541595525, 114, 1.0
62096.501531420865, 75, 1.0
62096.75139269847, 149, -1.0
62097.236344951336, 198, -1.0
62097.243891400634, 72, 1.0
62098.67001127687, 56, -1.0
62100.31187766465, 114, 1.0
62100.346179142456, 61, -1.0
62102.6599165513, 31, 1.0
62113.25930108575, 58, -1.0
62113.998330499606, 56, -1.0
62114.326042200344, 68, 1.0
62114.54475067866, 161, -1.0
62115.77665712414, 60, -1.0
62115.91514417345, 35, -1.0
62116.429441494656, 109, -1.0
62116.95227839034, 27, -1.0
62117.023539057554, 170, -1.0
62117.5199280108, 126, -1.0
62118.43380730082, 68, -1.0
62118.92866713914, 72, 1.0
62119.17194888896, 82, -1.0
62119.690737466895, 71, -1.0
62121.217712445134, 146, 1.0
62121.62535359615, 165, -1.0
62126.9396686579, 71, -1.0
62127.16173272939, 35, -1.0
62129.766945878735, 163, 1.0
62133.89295886425, 146, -1.0
62135.78911706162, 142, 1.0
62138.78050856589, 165, -1.0
62139.299150677914, 75, 1.0
62139.83654497651, 126, 1.0
62140.78017207624, 116, 1.0
62141.823322002994, 58, 1.0
62143.33959264071, 39, 1.0
62146.527644913906, 45, -1.0
62146.941729563005, 163, 1.0
62149.35563515904, 26, 1.0
62149.79410367032, 71, -1.0
62152.58928405814, 101, 1.0
62153.8947607082, 97, 1.0
62154.514539381395, 163, 1.0
62154.602928288965, 67, 1.0
62156.02821929377, 241, 1.0
62156.72284807145, 108, -1.0
62157.390676034716, 91, -1.0
62159.39055962329, 234, -1.0
62160.25053415097, 81, 1.0
62161.19436147307, 72, -1.0
62161.7762850744, 50, -1.0
62164.01772447962, 161, 1.0
62165.013636600066, 163, 1.0
62165.65848517094, 101, 1.0
62168.024235632445, 36, 1.0
62169.32259397639, 133, -1.0
62169.570392384565, 43, 1.0
62170.77188369597, 228, -1.0
62171.00511285315, 37, 1.0
62173.168198963205, 55, -1.0
62173.40927752651, 162, 1.0
62174.59298769637, 43, 1.0
62174.61833753033, 80, 1.0
62177.031082711444, 50, 1.0
62177.10343057824, 112, -1.0
62180.18675673256, 162, 1.0
62181.14240650956, 133, -1.0
62181.78156781978, 44, -1.0
62182.88085917031, 99, 1.0
62188.00874923091, 46, 1.0
62189.82157858803, 102, 1.0
62190.17224392225, 202, 1.0
62196.4855552224, 116, -1.0
62199.38284731736, 69, 1.0
62199.81830731506, 87, 1.0
62201.524571711314, 137, -1.0
62202.03346665038, 80, 1.0
62207.32932816653, 29, 1.0
62209.86277732033, 161, 1.0
62211.04275502008, 56, -1.0
62216.47011446318, 173, -1.0
62217.68737970657, 60, 1.0
62219.84298804768, 117, -1.0
62224.83028415754, 50, -1.0
62224.93415682321, 158, 1.0
62227.693426698475, 99, -1.0
62229.58231685952, 161, 1.0
62229.777464636, 117, 1.0
62229.81883719529, 35, -1.0
62230.55974701115, 114, -1.0
62231.02102668345, 70, -1.0
62233.377699654186, 40, -1.0
62234.87550779398, 100, -1.0
62235.60255737123, 75, -1.0
62235.91396182107, 106, 1.0
62236.79402309946, 87, 1.0
62238.49061685079, 95, -1.0
62239.02862745403, 63, -1.0
62239.58051505697, 81, -1.0
62242.56072657484, 163, 1.0
62244.731932123745, 116, 1.0
62250.48131753937, 45, 1.0
62251.07349196588, 28, 1.0
62254.05991433578, 60, -1.0
62255.00690983535, 169, -1.0
62256.129771805965, 161, 1.0
62256.37804982723, 126, 1.0
62261.9456690539, 97, -1.0
62263.75473052456, 88, -1.0
62263.973749731624, 148, -1.0
62268.55733024127, 159, -1.0
62268.929988288575, 116, 1.0
62269.45875388499, 52, 1.0
62270.934295406, 149, -1.0
62273.63957455072, 116, -1.0
62273.87377969606, 109, -1.0
62274.56426364805, 153, -1.0
62274.63095336513, 149, 1.0
62276.18233362247, 86, -1.0
62276.484279009135, 103, -1.0
62276.81924423511, 148, -1.0
62278.020522599894, 103, -1.0
62282.28081155607, 103, -1.0
62283.31404294673, 149, -1.0
62286.59540733202, 59, -1.0
62287.59926722331, 198, 1.0
62293.66790292553, 71, 1.0
62294.81941394805, 126, -1.0
62295.99240195821, 114, 1.0
62297.49938527915, 75, 1.0
62298.079031589616, 123, 1.0
62299.89300338822, 41, 1.0
62302.4349060929, 65, -1.0
62304.32842404105, 142, 1.0
62304.94301821104, 114, 1.0
62306.060338653435, 66, -1.0
62306.36026625595, 58, -1.0
62306.47748560623, 165, -1.0
62309.643249677916, 64, -1.0
62312.0837452546, 120, -1.0
62312.30747494662, 148, -1.0
62313.82627885172, 95, 1.0
62314.111006191124, 198, -1.0
62314.74094018752, 114, 1.0
62316.79976968287, 100, -1.0
62317.838616519504, 104, 1.0
62317.907104342914, 93, -1.0
62318.22224536036, 108, -1.0
62318.632198869134, 198, 1.0
62318.7922467771, 141, -1.0
62319.55141793361, 94, -1.0
62319.931774990386, 198, -1.0
62320.263921305996, 84, 1.0
62321.05056386297, 35, -1.0
62323.035858090945, 120, -1.0
62323.544338383836, 163, 1.0
62324.442388392774, 72, -1.0
62328.19832130655, 88, -1.0
62329.48016252727, 114, 1.0
62330.41439664387, 146, 1.0
62331.546182707614, 120, 1.0
62333.959803816455, 26, -1.0
62334.554027192906, 161, -1.0
62336.11161023897, 173, 1.0
62336.97744636092, 165, 1.0
62337.14235905013, 84, -1.0
62337.776196257466, 128, -1.0
62338.82452637958, 151, -1.0
62339.58186929465, 164, 1.0
62341.38777233751, 75, -1.0
62343.73542054435, 142, 1.0
62343.787609320694, 165, -1.0
62344.942495131894, 162, -1.0
62347.51808405387, 141, 1.0
62347.62174147975, 87, 1.0
62348.6228576936, 37, 1.0
62348.78928132478, 130, 1.0
62349.63547600829, 29, 1.0
62350.8568157044, 105, -1.0
62351.112612653924, 148, -1.0
62352.79134432493, 58, -1.0
62353.35909373959, 182, 1.0
62353.48775876795, 109, -1.0
62356.32758368613, 157, 1.0
62357.69362515569, 118, -1.0
62357.762330652506, 114, 1.0
62357.878266072046, 40, 1.0
62358.72262357228, 43, 1.0
62359.32183086813, 26, 1.0
62360.76498565771, 177, 1.0
62362.79031596299, 59, 1.0
62365.507227754846, 48, -1.0
62365.86605040446, 35, 1.0
62371.6605362098, 46, 1.0
62372.38331578736, 122, -1.0
62372.82851084154, 68, -1.0
62373.287651091974, 116, -1.0
62374.896985517786, 114, 1.0
62376.13934557955, 67, 1.0
62376.35305401499, 58, -1.0
62380.70420140112, 95, 1.0
62388.66859660031, 30, -1.0
62390.40823337684, 34, -1.0
62395.30425627444, 103, -1.0
62398.50343924454, 94, -1.0
62399.026101650416, 75, 1.0
62402.7800209588, 198, -1.0
62406.40345573165, 169, -1.0
62408.66007515437, 103, -1.0
62410.01230470852, 40, -1.0
62411.84373648786, 43, 1.0
62413.42024752526, 75, 1.0
62425.78263477268, 35, 1.0
62430.80635605568, 173, -1.0
62433.340719971835, 103, 1.0
62433.741529773615, 101, -1.0
62435.16281913943, 76, -1.0
62436.81252289582, 141, 1.0
62437.84033648872, 118, -1.0
62439.06953342887, 123, -1.0
62440.52644403462, 114, -1.0
62443.82465571403, 27, 1.0
62447.48912650462, 29, 1.0
62448.32851324858, 59, 1.0
62448.66961012715, 146, -1.0
62450.194975060396, 152, 1.0
62450.197742917466, 116, 1.0
62450.59385576098, 155, 1.0
62451.80900806765, 45, -1.0
62455.18918705228, 53, 1.0
62455.69162810031, 58, -1.0
62455.99016454724, 152, -1.0
62456.310003686805, 59, -1.0
62456.58854003009, 105, 1.0
62464.10341884064, 170, -1.0
62465.42704757368, 75, -1.0
62467.897432609454, 169, -1.0
62468.537575290546, 86, 1.0
62469.053747757396, 146, 1.0
62470.914616313734, 58, 1.0
62471.493394173754, 43, 1.0
62471.53780803289, 114, -1.0
62471.88660175921, 146, 1.0
62472.65474984288, 169, -1.0
62473.71952156412, 71, -1.0
62474.48073444771, 177, 1.0
62474.82176782015, 60, -1.0
62476.73174309687, 161, -1.0
62477.4101127072, 147, -1.0
62479.09930798439, 67, -1.0
62480.675724775705, 67, -1.0
62481.7662613516, 83, 1.0
62482.02881382173, 142, -1.0
62483.6013058334, 58, 1.0
62485.456250705, 124, -1.0
62492.7230667158, 89, 1.0
62493.76456673037, 153, -1.0
62497.3760193248, 34, 1.0
62497.73703883905, 64, 1.0
62499.15648222731, 87, -1.0
62502.61993232553, 105, -1.0
62510.088168480106, 71, 1.0
62510.253114280385, 64, -1.0
62511.82287296218, 116, 1.0
62512.47302667362, 36, -1.0
62515.23056161594, 27, 1.0
62515.54939200454, 70, -1.0
62519.73675134571, 170, -1.0
62520.92438718207, 141, -1.0
62521.52071482694, 116, 1.0
62522.45110048358, 142, 1.0
62522.870914404855, 95, 1.0
62524.02391846193, 65, -1.0
62524.57652597504, 158, 1.0
62529.85277641488, 64, -1.0
62533.97458803718, 27, 1.0
62537.028844057575, 159, -1.0
62542.18079652876, 222, 1.0
62543.015404859136, 39, 1.0
62546.67493527228, 141, -1.0
62548.446326483674, 35, -1.0
62550.43790632809, 142, 1.0
62550.69133994141, 100, -1.0
62552.82739588335, 90, 1.0
62554.281463401014, 162, -1.0
62555.00669915936, 133, 1.0
62559.01918265575, 166, 1.0
62561.94250318092, 68, -1.0
62563.62351737957, 141, -1.0
62564.6508662443, 148, -1.0
62566.31945074853, 87, 1.0
62567.91547937432, 71, -1.0
62569.29226553583, 123, 1.0
62573.53490812873, 71, -1.0
62574.94952281788, 114, -1.0
62575.01328158762, 31, 1.0
62576.41777135981, 114, 1.0
62577.03387606012, 58, 1.0
62580.274810615854, 169, -1.0
62581.46269983797, 58, -1.0
62584.607849533284, 42, -1.0
62585.56627626631, 58, -1.0
62586.63292920556, 45, 1.0
62587.725998413414, 130, 1.0
62589.36204832139, 89, -1.0
62591.1534433504, 60, -1.0
62592.11107687951, 59, 1.0
62593.180291135446, 163, 1.0
62593.61570178827, 126, 1.0
62600.664340611154, 130, 1.0
62602.75380066765, 147, -1.0
62603.266974659215, 130, -1.0
62604.930398435965, 87, 1.0
62606.2429347914, 170, 1.0
62606.437890913134, 72, 1.0
62608.48156857628, 152, 1.0
62608.90614121882, 165, 1.0
62610.27442683778, 162, -1.0
62612.582775200615, 103, 1.0
62612.79753367399, 110, 1.0
62614.58415967457, 101, -1.0
62614.63329397571, 114, -1.0
62615.54253640918, 60, 1.0
62616.41239369347, 110, 1.0
62617.45927219267, 114, 1.0
62620.41871520654, 101, 1.0
62620.84570796558, 113, 1.0
62622.552540139484, 159, -1.0
62623.49491172613, 116, 1.0
62626.97470406198, 81, 1.0
62628.473919440265, 72, -1.0
62631.52484500587, 83, -1.0
62632.52584017045, 165, -1.0
62632.67184620269, 142, 1.0
62635.37426588461, 116, -1.0
62637.13880422537, 36, 1.0
62640.48409560007, 198, -1.0
62640.48411200373, 58, 1.0
62645.65914007378, 34, 1.0
62646.07270170134, 162, 1.0
62646.43206641617, 57, 1.0
62649.24246048997, 110, 1.0
62652.998325846806, 70, -1.0
62653.100431956685, 34, 1.0
62654.36197416804, 58, -1.0
62654.83987316805, 30, -1.0
62654.96641232259, 67, 1.0
62657.28438516942, 138, 1.0
62657.57357223193, 142, 1.0
62657.58730184313, 117, 1.0
62657.71982343428, 142, 1.0
62662.59608029209, 54, 1.0
62662.91768384553, 35, -1.0
62663.70205086152, 93, -1.0
62663.76276014008, 62, 1.0
62663.83113953362, 98, 1.0
62663.850471920465, 116, 1.0
62664.3800240835, 126, -1.0
62665.48973924064, 105, 1.0
62666.07410621785, 70, 1.0
62670.66211088935, 116, 1.0
62672.621989457504, 58, 1.0
62674.512601770046, 148, -1.0
62676.89950434321, 126, 1.0
62678.11785467, 118, 1.0
62678.38921114644, 126, -1.0
62678.97123243396, 142, 1.0
62679.45957325045, 235, 1.0
62680.16941858246, 58, 1.0
62682.17229187655, 130, -1.0
62687.28636254452, 26, -1.0
62688.220790236584, 159, -1.0
62689.031771811526, 101, -1.0
62689.06907567969, 116, -1.0
62690.547716777626, 40, 1.0
62691.19657172056, 81, -1.0
62692.754172697736, 90, 1.0
62693.96012872041, 27, -1.0
62696.87134257633, 126, 1.0
62697.26802717718, 126, 1.0
62697.879925753085, 159, -1.0
62698.768719831365, 45, 1.0
62700.718964878324, 75, 1.0
62701.910675385894, 146, -1.0
62702.59230003061, 198, 1.0
62703.45367882858, 26, -1.0
62704.15370770545, 45, 1.0
62704.92070501769, 39, -1.0
62707.85171775003, 113, 1.0
62710.87639746435, 28, 1.0
62711.218424289604, 103, -1.0
62711.88593328299, 142, 1.0
62711.99648163545, 142, 1.0
62713.034750236075, 152, -1.0
62714.126739082465, 141, -1.0
62715.579642281664, 234, 1.0
62717.87998431873, 75, -1.0
62719.419453518196, 152, -1.0
62721.10840571996, 241, 1.0
62727.27592620312, 107, -1.0
62728.73094768478, 154, 1.0
62729.74214168837, 101, 1.0
62729.816154998756, 107, -1.0
62730.13257060796, 50, -1.0
62730.946328444166, 159, -1.0
62733.90833167892, 50, 1.0
62734.416393985506, 222, 1.0
62736.832398911436, 193, 1.0
62738.6067355272, 170, -1.0
62740.624673087616, 122, 1.0
62742.41656678215, 70, -1.0
62743.15577388087, 112, -1.0
62743.668983948744, 42, 1.0
62744.14425165404, 58, -1.0
62747.236637902344, 103, -1.0
62750.9019413128, 142, 1.0
62752.27758913664, 165, -1.0
62752.35419735785, 67, -1.0
62753.08645608277, 133, -1.0
62753.1763192448, 153, 1.0
62754.94347377814, 170, 1.0
62754.994059131, 120, -1.0
62755.39365511059, 92, 1.0
62758.5530038048, 26, -1.0
62763.156050779246, 161, 1.0
62765.97508527089, 165, -1.0
62769.45667860705, 44, 1.0
62770.9260660892, 68, -1.0
62772.599482128346, 87, 1.0
62776.11034014109, 32, 1.0
62779.66721731069, 50, 1.0
62780.90145205038, 42, -1.0
62783.17207083839, 114, 1.0
62783.87261767977, 177, -1.0
62784.525430966794, 168, -1.0
62786.557821583745, 177, 1.0
62786.80985174946, 86, 1.0
62788.202523552056, 126, 1.0
62791.409278597945, 98, 1.0
62794.11559228299, 87, 1.0
62799.33330649587, 116, 1.0
62799.35214878802, 75, -1.0
62799.787225486616, 67, -1.0
62801.326243939686, 151, -1.0
62802.04887666553, 88, -1.0
62802.56446888611, 166, -1.0
62803.38402741394, 163, 1.0
62803.62801105399, 97, 1.0
62805.82048528101, 27, -1.0
62806.16212462134, 94, 1.0
62806.6808371382, 95, 1.0
62808.67373012919, 56, -1.0
62808.89766501831, 171, -1.0
62809.847815261586, 64, 1.0
62809.98856027668, 29, 1.0
62810.154567351194, 163, 1.0
62813.14318877486, 92, 1.0
62816.30881263824, 114, 1.0
62817.98097152104, 146, 1.0
62818.18342224349, 27, -1.0
62820.49136728687, 37, -1.0
62820.515237747444, 28, -1.0
62828.55136555093, 64, 1.0
62829.9576005617, 101, 1.0
62832.90499706633, 71, -1.0
62832.94567088101, 159, 1.0
62835.59339820102, 33, -1.0
62836.70807410229, 235, -1.0
62836.79709836954, 87, 1.0
62837.11346623182, 97, 1.0
62837.71919164599, 40, 1.0
62837.76329552801, 45, 1.0
62842.13739409732, 43, 1.0
62843.184682509636, 67, 1.0
62845.2178706032, 45, 1.0
62845.62527855037, 45, -1.0
62846.77506403895, 159, -1.0
62847.11900679139, 118, -1.0
62847.90010694963, 163, 1.0
62849.61040004214, 110, 1.0
62852.959486742024, 113, 1.0
62853.67600666787, 116, 1.0
62853.83063305398, 177, -1.0
62854.770851476824, 198, -1.0
62854.805887708644, 58, -1.0
62854.989124805295, 114, 1.0
62855.928536355415, 97, 1.0
62856.293462910566, 80, 1.0
62858.67288278843, 133, -1.0
62859.323004442005, 99, 1.0
62862.02799358965, 142, 1.0
62864.53713501907, 137, -1.0
62866.33131488732, 31, -1.0
62867.26336764899, 116, -1.0
62869.67766984051, 103, -1.0
62869.72447662441, 48, -1.0
62870.91162313135, 75, 1.0
62873.94419483814, 111, -1.0
62875.391291552456, 167, -1.0
62877.278771600635, 106, 1.0
62878.54284682152, 161, -1.0
62881.255655874906, 68, 1.0
62883.92754117889, 59, -1.0
62885.4350434081, 50, -1.0
62888.52483793139, 58, -1.0
62890.511390004845, 64, 1.0
62891.77709814343, 58, 1.0
62893.17478229216, 31, 1.0
62894.41253183546, 101, 1.0
62896.690576544344, 98, 1.0
62899.328577113614, 71, -1.0
62899.867542596956, 87, 1.0
62900.32221238751, 64, -1.0
62903.11608337311, 105, 1.0
62903.465124681185, 26, 1.0
62903.62312028442, 126, 1.0
62904.749163436274, 70, 1.0
62906.200219836435, 98, 1.0
62906.40695518428, 159, 1.0
62906.743731951734, 152, 1.0
62910.796279891685, 235, 1.0
62912.90267592064, 108, -1.0
62913.43427291894, 165, -1.0
62915.35315865036, 34, 1.0
62916.0484615281, 48, 1.0
62916.63304112571, 157, 1.0
62922.876829427, 100, -1.0
62923.784148760395, 146, -1.0
62924.524457146734, 82, 1.0
62930.15328092553, 75, -1.0
62932.33554511918, 91, -1.0
62933.15668518982, 148, 1.0
62935.47181524345, 90, -1.0
62935.77594150495, 68, 1.0
62936.69630947964, 70, -1.0
62939.63227231248, 101, -1.0
62942.801680059296, 99, 1.0
62943.9392545487, 148, -1.0
62944.065548044804, 50, -1.0
62947.24190225013, 114, -1.0
62951.619851905896, 155, -1.0
62951.72320414768, 56, -1.0
62952.57620205517, 50, -1.0
62953.1578336417, 94, 1.0
62957.63727288256, 62, 1.0
62957.65132968855, 155, 1.0
62957.92458315446, 82, -1.0
62959.181889132306, 113, 1.0
62961.18763939864, 167, -1.0
62961.199885109876, 146, 1.0
62961.29822061553, 71, 1.0
62962.78632419761, 123, 1.0
62963.29045257533, 58, 1.0
62963.29866912036, 160, 1.0
62963.85257792003, 105, 1.0
62964.28159728205, 84, 1.0
62965.24993905535, 68, -1.0
62967.52536650435, 114, -1.0
62967.86593992471, 75, 1.0
62969.399236518904, 101, 1.0
62971.82716293013, 165, -1.0
62972.34753291939, 117, 1.0
62973.30544096693, 165, 1.0
62976.15700037412, 152, -1.0
62980.051388969856, 162, 1.0
62981.41466199133, 146, 1.0
62985.240418635905, 70, 1.0
62986.46160653091, 54, 1.0
62986.501939209156, 91, -1.0
62987.61875978124, 26, 1.0
62989.02217814005, 101, -1.0
62991.24815775453, 60, -1.0
62993.07619449291, 116, 1.0
62993.461426384594, 61, -1.0
62994.65787198461, 94, 1.0
62998.461364260074, 95, 1.0
63001.082698231614, 148, 1.0
63009.760717784084, 116, -1.0
63013.91386739827, 147, 1.0
63014.86064280476, 170, 1.0
63016.678176507485, 148, 1.0
63017.06593612555, 111, -1.0
63018.07104260986, 137, -1.0
63020.99469670598, 29, -1.0
63023.32009343169, 101, 1.0
63023.38803383354, 123, 1.0
63023.55901122542, 65, -1.0
63024.57882469165, 45, 1.0
63024.868324766205, 161, 1.0
63026.61912830202, 34, -1.0
63028.18886530657, 95, -1.0
63028.60255912719, 57, 1.0
63032.96995648322, 146, 1.0
63034.47654549143, 198, -1.0
63041.017677164586, 62, -1.0
63041.14057571269, 67, 1.0
63042.681409389654, 35, -1.0
63042.86465287272, 116, 1.0
63042.92448378085, 80, 1.0
63046.85541769081, 64, 1.0
63047.76291916221, 165, -1.0
63047.873241997404, 177, -1.0
63048.5019545267, 165, 1.0
63050.252598184314, 34, 1.0
63050.328905457245, 71, 1.0
63051.09381402025, 75, -1.0
63055.22974824828, 75, 1.0
63056.908427915776, 137, 1.0
63057.27740456306, 146, 1.0
63057.98604168353, 105, -1.0
63060.44574912722, 97, 1.0
63061.011915289884, 45, 1.0
63061.35621440214, 146, 1.0
63063.33698193192, 141, -1.0
63063.526802024855, 116, 1.0
63064.697993087735, 112, 1.0
63064.96798309844, 198, 1.0
63067.363597040734, 228, -1.0
63068.506415539654, 95, -1.0
63069.361441562556, 222, 1.0
63070.74742242256, 103, -1.0
63071.35728649467, 50, 1.0
63072.103432585616, 114, 1.0
63075.525004063515, 114, -1.0
63077.29655733671, 177, -1.0
63080.81403755593, 124, -1.0
63081.48070043707, 85, -1.0
63083.49630996977, 113, -1.0
63084.04408907636, 106, -1.0
63090.15545315854, 35, -1.0
63092.03685212947, 34, -1.0
63093.124278189236, 95, 1.0
63093.31488917951, 52, -1.0
63093.42904271517, 165, 1.0
63094.22234167278, 71, -1.0
63095.87845495276, 137, -1.0
63096.004349668976, 48, 1.0
63096.60880240206, 164, 1.0
63097.05346150962, 37, 1.0
63097.13250920864, 109, -1.0
63098.65135144822, 86, 1.0
63102.8906659356, 99, -1.0
63104.4527202776, 101, -1.0
63106.08103685245, 58, -1.0
63106.30770726581, 50, -1.0
63106.40957555169, 66, -1.0
63108.021804526565, 116, -1.0
63108.55685205043, 120, -1.0
63109.792398077036, 112, 1.0
63113.9070070734, 126, -1.0
63114.024221676314, 164, -1.0
63121.1190411028, 165, 1.0
63121.20665152678, 124, -1.0
63121.917343718946, 153, 1.0
63121.9205973138, 182, -1.0
63122.74852554123, 98, 1.0
63126.52771769901, 146, 1.0
63127.69815220886, 48, 1.0
63128.01269797973, 75, -1.0
63130.48827542514, 58, -1.0
63130.959892354585, 167, -1.0
63136.84221183956, 101, 1.0
63137.0685154869, 114, 1.0
63138.505253141935, 84, 1.0
63139.87900433809, 75, -1.0
63146.8706590849, 169, 1.0
63147.76737930538, 52, -1.0
63151.018979587156, 29, 1.0
63151.93435667747, 48, 1.0
63152.55383334328, 39, -1.0
63153.340230454625, 146, 1.0
63154.51254410411, 71, -1.0
63154.73568319771, 105, 1.0
63157.304061708885, 60, -1.0
63157.318941189595, 27, 1.0
63157.40993163002, 142, -1.0
63158.21970609434, 163, 1.0
63158.4285566947, 35, -1.0
63161.04027817902, 137, -1.0
63162.66503915768, 112, -1.0
63164.06716702894, 75, -1.0
63167.16790093489, 41, 1.0
63167.561555472326, 110, -1.0
63168.418235713965, 60, -1.0
63168.65979457162, 142, -1.0
63171.87261223409, 112, -1.0
63172.404255124355, 41, 1.0
63174.115891239635, 80, 1.0
63176.787367808996, 133, -1.0
63178.40858703499, 65, -1.0
63180.51178896855, 59, 1.0
63181.19695550992, 162, 1.0
63181.48873814636, 59, -1.0
63187.97464807631, 155, 1.0
63189.076372502816, 193, -1.0
63189.55320713329, 114, 1.0
63191.74390366219, 100, -1.0
63194.611675289285, 59, 1.0
63196.857007114624, 45, 1.0
63201.88840575837, 62, -1.0
63202.41329916283, 72, 1.0
63202.482169305666, 81, 1.0
63204.69641126659, 33, -1.0
63207.546364007736, 114, 1.0
63207.571378505665, 97, 1.0
63212.18253035343, 87, -1.0
63216.423452121104, 60, 1.0
63216.496160219955, 165, 1.0
63217.0755152668, 152, 1.0
63217.64944035986, 97, -1.0
63219.1950365339, 58, -1.0
63220.02595907723, 58, 1.0
63223.787716220235, 50, -1.0
63224.62765011225, 61, -1.0
63227.68513135392, 163, 1.0
63228.29021511182, 141, -1.0
63228.405433423846, 116, 1.0
63228.67760631512, 27, -1.0
63229.17530308872, 228, 1.0
63231.02614679551, 67, -1.0
63231.25260257873, 146, 1.0
63233.17102206069, 71, 1.0
63234.893825874475, 75, 1.0
63236.39361293355, 235, 1.0
63237.199969746296, 31, -1.0
63237.863984064825, 146, 1.0
63238.49355882945, 64, -1.0
63239.646657987716, 99, 1.0
63240.244748700454, 149, 1.0
63246.59242349445, 169, -1.0
63248.82487659052, 35, 1.0
63250.01475876358, 114, 1.0
63250.894716213574, 103, 1.0
63251.82394929454, 67, -1.0
63252.02997826833, 119, -1.0
63252.38864670595, 71, -1.0
63252.58903568771, 128, -1.0
63253.946782612475, 95, -1.0
63253.993371847915, 142, 1.0
63256.95059313149, 28, 1.0
63257.37299261964, 141, -1.0
63261.23837159654, 35, -1.0
63264.230273166846, 110, -1.0
63264.94341410119, 67, 1.0
63265.742669512074, 162, -1.0
63265.9264438134, 198, 1.0
63266.14161543973, 162, 1.0
63266.869562497566, 116, -1.0
63268.55645905572, 35, -1.0
63269.833868483314, 90, 1.0
63269.90785535647, 165, 1.0
63270.990984504606, 126, 1.0
63271.70763661149, 31, 1.0
63271.810835940356, 75, 1.0
63272.624166867885, 43, -1.0
63276.85663411924, 168, 1.0
63278.4108123219, 103, -1.0
63282.79821481266, 58, -1.0
63287.412850211535, 109, -1.0
63291.04478195782, 157, 1.0
63292.38187332183, 155, 1.0
63293.21343082877, 159, 1.0
63295.804490764014, 28, -1.0
63296.12968731673, 58, 1.0
63296.138400346965, 152, -1.0
63296.37139778556, 158, -1.0
63298.06385011856, 72, 1.0
63298.816388023195, 59, -1.0
63301.88449961221, 101, -1.0
63301.96779194352, 141, -1.0
63302.37680938322, 68, -1.0
63304.90598177187, 90, -1.0
63306.10052138108, 58, -1.0
63306.96652434969, 159, -1.0
63309.0318158686, 161, 1.0
63311.21811918939, 163, 1.0
63311.62447638847, 153, 1.0
63315.17043824496, 69, 1.0
63315.300866539386, 118, -1.0
63316.27256545808, 123, -1.0
63316.677742707405, 123, 1.0
63317.35155423672, 105, -1.0
63317.552296657224, 130, -1.0
63320.03003172291, 45, 1.0
63323.419026553456, 84, 1.0
63327.69437680641, 235, -1.0
63328.058186917566, 71, -1.0
63328.675383394526, 142, 1.0
63328.787768375056, 34, -1.0
63328.97461746316, 235, -1.0
63329.47266464059, 70, 1.0
63330.767517540626, 142, 1.0
63332.046630581164, 61, -1.0
63334.84062387829, 28, 1.0
63336.298210178764, 159, 1.0
63336.88035208275, 39, -1.0
63337.71772906241, 52, -1.0
63337.835183136005, 43, 1.0
63338.081060664386, 173, 1.0
63339.4570760084, 101, 1.0
63339.619666629755, 182, -1.0
63340.1198888322, 87, -1.0
63341.43238140375, 71, 1.0
63343.07084626321, 27, -1.0
63343.25280461081, 39, -1.0
63343.40449894949, 34, 1.0
63345.484913967884, 31, -1.0
63349.05521333357, 68, -1.0
63350.19258127439, 198, -1.0
63350.32875662494, 80, -1.0
63350.79904026242, 108, 1.0
63352.785212267976, 119, -1.0
63353.09580974227, 93, -1.0
63356.145573720845, 39, 1.0
63358.538517019304, 87, -1.0
63361.143896910246, 193, -1.0
63366.08616323711, 159, -1.0
63366.68800574843, 133, -1.0
63371.11745504269, 128, -1.0
63371.56978032419, 100, -1.0
63373.77860790454, 68, 1.0
63376.03161903152, 118, 1.0
63377.27720209079, 35, 1.0
63380.0032648879, 142, -1.0
63380.15828187109, 42, -1.0
63383.19555566066, 67, -1.0
63383.63237064659, 27, 1.0
63385.24884394269, 39, -1.0
63386.26120676875, 81, 1.0
63386.34439369512, 164, -1.0
63387.90790118365, 107, -1.0
63388.84076850304, 182, 1.0
63389.15470284685, 64, 1.0
63389.52091116156, 123, -1.0
63393.12993050227, 100, -1.0
63393.94135227392, 114, 1.0
63397.04222697042, 59, 1.0
63398.53796354509, 161, -1.0
63400.39630489603, 58, 1.0
63400.55939708668, 116, 1.0
63400.697341569256, 137, -1.0
63401.49900949781, 162, -1.0
63401.68250837443, 44, -1.0
63401.88314840491, 84, -1.0
63403.22405787368, 114, -1.0
63403.75004397039, 133, -1.0
63405.28213632927, 230, 1.0
63407.53409185555, 58, -1.0
63412.58303871588, 130, 1.0
63412.804605138685, 228, -1.0
63413.40086334139, 116, -1.0
63413.8872324697, 124, -1.0
63414.44844183142, 45, 1.0
63415.52686916489, 152, 1.0
63415.84592989172, 165, -1.0
63418.47293596992, 44, -1.0
63420.733724322716, 114, 1.0
63420.880537765515, 152, 1.0
63420.889168433314, 142, 1.0
63422.81808927987, 29, 1.0
63423.031000222756, 44, 1.0
63424.379663246335, 37, -1.0
63425.115980302515, 141, 1.0
63425.330344305534, 45, 1.0
63428.43058944277, 173, 1.0
63429.48215877648, 119, -1.0
63434.6637086666, 58, 1.0
63434.667784707235, 105, -1.0
63434.70066721569, 164, 1.0
63435.33677332515, 202, 1.0
63437.01493388714, 142, 1.0
63437.188406816655, 114, 1.0
63441.81086700822, 34, 1.0
63443.94493961426, 95, 1.0
63444.49924191522, 110, -1.0
63446.61006906666, 116, 1.0
63446.90771756429, 52, 1.0
63447.89775843592, 146, 1.0
63454.24408415063, 39, 1.0
63454.836603584656, 98, 1.0
63455.06174125984, 89, -1.0
63455.577618235766, 55, -1.0
63455.61467898761, 142, -1.0
63455.72859720774, 114, 1.0
63457.62187434749, 70, -1.0
63457.66551458676, 84, 1.0
63459.19306921255, 27, 1.0
63460.68524742161, 95, 1.0
63461.39813182924, 45, 1.0
63462.02340440876, 67, 1.0
63464.6337572608, 36, 1.0
63465.13649357175, 40, -1.0
63466.31901391667, 29, 1.0
63466.399717357504, 116, 1.0
63466.73041772067, 169, -1.0
63474.60358603907, 71, -1.0
63475.24046873589, 158, -1.0
63475.41026661281, 50, -1.0
63476.844861238016, 241, -1.0
63479.28318859645, 235, -1.0
63480.17475608293, 235, 1.0
63484.46485822732, 116, -1.0
63485.5927394567, 97, -1.0
63487.267904632165, 71, 1.0
63487.27050906382, 116, -1.0
63487.679326560065, 165, -1.0
63487.908772071416, 35, -1.0
63492.46686947373, 61, 1.0
63494.092923975084, 113, 1.0
63494.53355953092, 64, 1.0
63494.8932733635, 133, 1.0
63497.11791181902, 173, 1.0
63499.89846408715, 59, -1.0
63502.50960120699, 103, -1.0
63503.84219758082, 119, 1.0
63504.40737503723, 198, -1.0
63505.24918865207, 228, -1.0
63508.02696211199, 33, -1.0
63509.66683189751, 35, -1.0
63510.382875034615, 169, 1.0
63511.855007405306, 66, -1.0
63511.98545286631, 142, 1.0
63512.51030578776, 142, 1.0
63513.56902934421, 158, -1.0
63513.63228243719, 89, -1.0
63513.69937957478, 88, 1.0
63515.348683723336, 64, 1.0
63518.73196547539, 102, -1.0
63522.1691156056, 110, -1.0
63522.59169099613, 71, 1.0
63523.687894878516, 114, 1.0
63523.96977443102, 166, 1.0
63524.368661517285, 133, -1.0
63527.84420521679, 114, 1.0
63528.39895343872, 93, -1.0
63528.98176863068, 114, 1.0
63531.983607535905, 40, -1.0
63532.94609214613, 130, -1.0
63534.38425260212, 120, -1.0
63539.25902726206, 71, 1.0
63540.70880876217, 99, 1.0
63540.72580310541, 163, 1.0
63542.100656766255, 58, 1.0
63543.872229333036, 44, -1.0
63546.932280808425, 58, -1.0
63547.61571682546, 36, 1.0
63549.08031963132, 40, 1.0
63549.93016202959, 80, -1.0
63550.4318229237, 69, 1.0
63550.79652588681, 89, -1.0
63551.0377836115, 109, 1.0
63551.88591504005, 164, -1.0
63552.73048978841, 193, -1.0
63556.30277244505, 103, 1.0
63556.546221611665, 105, 1.0
63557.07164376412, 50, -1.0
63557.89264345621, 86, -1.0
63559.46129162651, 100, -1.0
63559.781761979, 128, -1.0
63561.92149895443, 34, -1.0
63562.14093675178, 59, -1.0
63564.00245332145, 36, -1.0
63565.880627105216, 164, -1.0
63565.96008719038, 167, -1.0
63566.826517290836, 80, 1.0
63567.295186693176, 103, -1.0
63569.767046143745, 167, 1.0
63571.28803156768, 108, 1.0
63572.0935630182, 31, 1.0
63572.93982469696, 116, 1.0
63573.73021533536, 37, -1.0
63576.59872242677, 64, -1.0
63579.47192343213, 92, 1.0
63583.08949354458, 75, 1.0
63584.15209579282, 114, 1.0
63584.55665839375, 146, -1.0
63585.22178030504, 40, -1.0
63586.044106980175, 129, -1.0
63587.373579237516, 165, -1.0
63588.296564004144, 123, 1.0
63588.52682943477, 148, 1.0
63588.61280550063, 234, -1.0
63592.80897811069, 95, 1.0
63593.79052988014, 142, 1.0
63597.73625623155, 58, 1.0
63600.350392370754, 162, -1.0
63601.22542361503, 149, -1.0
63602.52972806301, 32, -1.0
63604.85284916208, 45, -1.0
63608.55427411395, 80, 1.0
63609.412981567046, 234, -1.0
63609.429756274345, 130, 1.0
63610.34234209488, 130, -1.0
63610.426618249156, 193, -1.0
63613.29835653492, 230, -1.0
63613.429421599, 106, -1.0
63614.08705609922, 146, 1.0
63622.62799039495, 159, 1.0
63623.15474367934, 34, -1.0
63624.803817841974, 68, 1.0
63624.824596976934, 39, -1.0
63627.845179288866, 114, 1.0
63631.24731914399, 142, -1.0
63632.91685805015, 157, 1.0
63634.34560300898, 83, -1.0
63636.244018446196, 106, -1.0
63637.331245245376, 109, 1.0
63637.51874521022, 152, 1.0
63639.57193946301, 58, -1.0
63640.92819303, 162, 1.0
63641.37131210583, 198, -1.0
63643.65514586275, 153, -1.0
63646.40238496835, 58, 1.0
63647.3915756765, 64, -1.0
63647.57994766781, 80, 1.0
63648.12275224937, 93, -1.0
63648.684036112, 142, 1.0
63652.3758262287, 70, -1.0
63652.70533565371, 45, 1.0
63654.37070061389, 27, -1.0
63654.454199992135, 124, 1.0
63654.50674466335, 177, -1.0
63654.92301942018, 165, 1.0
63654.966324677654, 100, -1.0
63655.6596861556, 45, -1.0
63659.80216273692, 114, -1.0
63662.47737249416, 58, -1.0
63663.10419207381, 114, 1.0
63664.043575590185, 171, -1.0
63667.40524693926, 163, 1.0
63672.23229175609, 105, 1.0
63674.05127791868, 69, -1.0
63676.780543078945, 146, -1.0
63682.07831850691, 167, -1.0
63684.655596418714, 81, -1.0
63685.91957747477, 173, -1.0
63689.72149818429, 139, -1.0
63690.7130093651, 94, -1.0
63691.40682591648, 114, -1.0
63691.81635727795, 167, 1.0
63691.924472123836, 31, 1.0
63692.73077263656, 113, -1.0
63696.06781829094, 146, -1.0
63697.57929729394, 114, -1.0
63699.16036704254, 84, 1.0
63699.639427317976, 75, 1.0
63699.78065449219, 105, -1.0
63701.01277712948, 105, -1.0
63702.78383545972, 159, -1.0
63702.83367935874, 234, 1.0
63702.90404680672, 198, 1.0
63705.573469486655, 93, -1.0
63707.078003090806, 119, 1.0
63707.48980434582, 173, -1.0
63709.30171276954, 75, -1.0
63709.58637239201, 59, -1.0
63710.03977619824, 97, -1.0
63714.803841849156, 93, -1.0
63714.965238439676, 108, 1.0
63717.36905428185, 84, 1.0
63718.92825320216, 102, 1.0
63719.945804425966, 130, -1.0
63720.08569413162, 75, -1.0
63720.17218955178, 128, -1.0
63720.903883690095, 158, 1.0
63728.21430465784, 159, -1.0
63731.968037169965, 235, -1.0
63732.908572129, 119, 1.0
63733.08890146614, 64, -1.0
63736.64362624279, 83, 1.0
63738.31620781651, 41, -1.0
63738.80717019028, 81, -1.0
63743.89107056307, 84, 1.0
63745.90221268594, 34, -1.0
63746.373162501506, 58, 1.0
63749.13201986943, 113, -1.0
63750.98033472446, 99, -1.0
63754.02005923827, 34, 1.0
63755.59631211613, 59, -1.0
63760.11050368192, 64, 1.0
63760.42573138912, 198, 1.0
63760.485552228645, 40, -1.0
63760.52366343742, 146, -1.0
63761.087926357955, 126, 1.0
63761.56940010637, 161, 1.0
63761.616966565445, 35, -1.0
63766.08871665715, 114, 1.0
63766.64353475931, 114, 1.0
63766.992984124496, 72, -1.0
63767.41530687518, 157, 1.0
63769.768493375974, 198, -1.0
63770.14906436977, 147, -1.0
63771.91795445083, 102, 1.0
63774.34367832464, 165, 1.0
63774.735014243866, 70, -1.0
63776.6651418852, 31, -1.0
63777.0267368194, 106, -1.0
63778.16672057056, 198, -1.0
63779.011270614654, 241, -1.0
63784.7976563858, 62, -1.0
63785.77882345964, 169, -1.0
63786.31454515562, 113, -1.0
63786.86825741151, 101, 1.0
63787.55039066012, 29, 1.0
63787.68752431506, 35, -1.0
63788.28286919679, 182, -1.0
63789.62396437915, 36, 1.0
63790.457550889616, 71, 1.0
63791.207931224955, 50, 1.0
63792.568564898625, 141, -1.0
63792.62276181821, 153, -1.0
63795.13425534055, 58, 1.0
63796.17963155565, 31, 1.0
63796.186886977106, 59, -1.0
63796.479651467685, 65, -1.0
63802.6466772876, 173, 1.0
63803.09526565217, 138, -1.0
63804.46988653882, 103, 1.0
63806.52949358485, 146, -1.0
63808.532950660585, 228, -1.0
63809.24126300784, 114, 1.0
63812.07461715764, 34, -1.0
63813.907724827135, 60, 1.0
63816.53312895141, 126, -1.0
63821.48457121853, 171, -1.0
63825.6658728204, 152, 1.0
63828.79308553476, 114, 1.0
63829.77190964612, 198, 1.0
63830.217077638656, 114, 1.0
63832.25749643, 75, -1.0
63832.37246020337, 142, 1.0
63833.26501262779, 109, -1.0
63833.73455900868, 114, 1.0
63834.993006032826, 84, 1.0
63835.93053492383, 116, -1.0
63840.90709012122, 43, 1.0
63842.84461282693, 71, 1.0
63842.972549835846, 45, 1.0
63843.08170330721, 65, -1.0
63850.47703324268, 34, 1.0
63857.71167109115, 71, 1.0
63858.57437242668, 56, -1.0
63863.43831251391, 112, -1.0
63863.65812066697, 44, 1.0
63865.23362750271, 67, -1.0
63869.29543744208, 86, 1.0
63869.38588197161, 173, -1.0
63871.66298767155, 86, -1.0
63875.32974505576, 165, -1.0
63875.635349067146, 71, -1.0
63876.71423119044, 89, 1.0
63881.298255795904, 71, -1.0
63882.81262920929, 110, -1.0
63882.825257096876, 27, -1.0
63882.89478135648, 71, 1.0
63885.08205415596, 58, 1.0
63887.627315863494, 27, -1.0
63887.75567141075, 48, -1.0
63889.280296264085, 29, -1.0
63890.69095356842, 58, -1.0
63891.539763398825, 61, 1.0
63892.18465785594, 80, 1.0
63893.72926556911, 228, -1.0
63896.27504711016, 32, -1.0
63897.88051541574, 177, -1.0
63898.77051223929, 126, 1.0
63898.83737835142, 118, -1.0
63900.1705809412, 114, 1.0
63902.390692503584, 161, -1.0
63904.896803475625, 128, 1.0
63905.07016417732, 167, -1.0
63905.436547427686, 126, 1.0
63906.4764814597, 87, -1.0
63907.397676604276, 29, -1.0
63909.69796598652, 94, -1.0
63910.75164012741, 56, 1.0
63911.01292346385, 120, -1.0
63913.763222385845, 152, 1.0
63918.43093663614, 97, -1.0
63919.6990591163, 61, -1.0
63921.587315977915, 99, 1.0
63922.656770810514, 116, 1.0
63922.80235762656, 153, -1.0
63926.06330503265, 75, -1.0
63930.867810938114, 48, -1.0
63931.382062498466, 26, 1.0
63931.95062383829, 62, -1.0
63935.110398691475, 114, 1.0
63937.43212676104, 75, -1.0
63938.35585966088, 42, -1.0
63939.261853235046, 142, 1.0
63940.029943846515, 117, -1.0
63941.15933475999, 99, 1.0
63941.36748083025, 85, -1.0
63943.92253109056, 53, 1.0
63944.3500965854, 35, -1.0
63945.323344441174, 142, 1.0
63949.81330212612, 58, 1.0
63950.60150160751, 67, 1.0
63950.97602791737, 28, 1.0
63951.604203514595, 133, -1.0
63952.40563416465, 103, 1.0
63955.00787451707, 44, 1.0
63955.01692090095, 59, 1.0
63955.7833116703, 169, 1.0
63959.5620468461, 71, 1.0
63960.94482632062, 146, -1.0
63962.544529818275, 133, -1.0
63964.72591939278, 177, -1.0
63965.69166419623, 85, -1.0
63967.57294150927, 27, -1.0
63968.38031576599, 64, -1.0
63968.45596737833, 152, 1.0
63969.23693487517, 35, -1.0
63970.57483305369, 159, 1.0
63971.14761209253, 114, 1.0
63971.82284018161, 120, -1.0
63973.452635126494, 62, 1.0
63974.12996736232, 74, -1.0
63976.42148539708, 105, -1.0
63976.5260103008, 58, 1.0
63978.052301372234, 58, 1.0
63981.279916616746, 163, 1.0
63981.302642537965, 142, 1.0
63983.09985946839, 137, -1.0
63984.53412172987, 164, 1.0
63984.570131822846, 159, 1.0
63986.54706401631, 182, -1.0
63986.73121036042, 60, -1.0
63989.79542621703, 75, -1.0
63991.50963471686, 44, -1.0
63992.672690814135, 133, -1.0
63993.97227620766, 112, 1.0
63994.39371186783, 43, -1.0
63994.87673077287, 103, -1.0
63995.537087473254, 82, 1.0
63996.22391912248, 165, 1.0
63996.27871893393, 45, -1.0
63996.89176888091, 68, -1.0
63997.71029551266, 137, -1.0
63999.543319043354, 230, -1.0
64000.084132797, 100, -1.0
64001.14292582142, 119, -1.0
64002.32748788018, 103, -1.0
64006.82522710633, 114, 1.0
64009.23658942623, 75, -1.0
64009.439377394505, 100, -1.0
64010.63471683394, 58, 1.0
64014.94509908586, 142, -1.0
64018.513940852456, 146, 1.0
64019.46439926038, 84, -1.0
64021.121863743996, 103, 1.0
64022.17384085906, 165, 1.0
64023.62489212322, 164, 1.0
64026.622631718754, 126, -1.0
64030.52652962421, 116, 1.0
64031.169809689745, 27, 1.0
64032.07114998832, 71, -1.0
64032.58975453644, 58, 1.0
64033.53805543772, 68, -1.0
64035.23228917066, 108, -1.0
64038.38116996641, 169, 1.0
64038.68030620859, 162, 1.0
64040.26971774306, 43, -1.0
64040.996190447906, 59, -1.0
64041.95234462365, 105, 1.0
64042.08766881955, 228, 1.0
64042.29538725964, 35, -1.0
64042.352883837986, 71, 1.0
64045.737292819525, 80, 1.0
64046.407094653885, 60, -1.0
64046.71613844186, 71, 1.0
64047.5601993757, 58, 1.0
64050.37904494821, 137, 1.0
64054.17194143678, 87, -1.0
64054.26527632503, 114, -1.0
64054.27156859236, 162, 1.0
64055.46555808071, 70, -1.0
64058.35686168176, 95, 1.0
64064.53170176158, 114, 1.0
64065.36915815842, 32, -1.0
64072.58637598569, 52, -1.0
64076.28468046629, 58, 1.0
64080.43332211374, 153, -1.0
64081.47919590593, 153, -1.0
64085.03509816393, 146, 1.0
64086.767710984685, 29, 1.0
64086.90539697579, 114, -1.0
64089.445435855625, 33, 1.0
64089.453380798506, 126, -1.0
64090.92254311219, 75, -1.0
64092.37372249813, 58, -1.0
64093.293904644685, 59, 1.0
64094.624938259374, 165, 1.0
64097.773929624054, 160, -1.0
64098.687658907365, 100, -1.0
64099.23793365699, 128, -1.0
64099.82088708692, 67, 1.0
64101.62453142823, 182, 1.0
64108.58072670033, 53, 1.0
64113.67427808407, 164, -1.0
64113.838750702846, 103, 1.0
64115.70705755407, 198, -1.0
64115.838306670244, 56, -1.0
64117.214160069314, 198, -1.0
64122.93429214596, 141, -1.0
64125.58693674458, 182, -1.0
64128.2141816931, 71, 1.0
64128.718261659385, 152, -1.0
64130.43116847029, 198, 1.0
64130.59882994937, 45, 1.0
64130.810108668695, 133, -1.0
64132.38680567147, 105, -1.0
64133.36764836474, 177, -1.0
64133.41145445775, 202, 1.0
64133.87776861478, 36, -1.0
64135.66489709153, 44, 1.0
64138.56187152803, 56, 1.0
64138.98614034288, 177, 1.0
64139.99686418574, 97, 1.0
64140.59605439556, 105, 1.0
64140.706101501564, 26, 1.0
64141.66939828542, 28, 1.0
64148.525711300965, 165, 1.0
64152.84168083274, 58, 1.0
64153.72098560263, 202, -1.0
64153.97253190031, 114, 1.0
64159.1895470644, 118, 1.0
64159.45721007691, 177, 1.0
64159.79377701435, 28, 1.0
64161.40083372313, 71, -1.0
64164.96485787349, 162, 1.0
64165.097506943035, 34, -1.0
64165.31017789504, 114, 1.0
64166.65454691549, 163, 1.0
64168.58084316037, 165, 1.0
64168.61362703733, 94, 1.0
64171.013726319514, 92, 1.0
64173.59353584147, 149, -1.0
64173.936636263374, 159, -1.0
64175.08296828141, 109, -1.0
64175.173148053094, 75, -1.0
64180.119058224205, 169, -1.0
64186.43150314303, 42, 1.0
64187.97292624775, 64, 1.0
64189.08213087131, 40, -1.0
64192.2767100224, 50, -1.0
64197.35158957362, 64, 1.0
64198.333483015005, 105, -1.0
64199.40911759333, 169, 1.0
64199.45353230594, 99, 1.0
64200.85587117932, 59, 1.0
64201.64837131853, 116, 1.0
64201.70728777252, 148, -1.0
64203.14570848079, 164, 1.0
64203.203831515115, 149, -1.0
64204.200013328365, 64, 1.0
64205.55782274174, 159, 1.0
64206.19888597194, 168, 1.0
64206.305224329306, 110, -1.0
64207.300786310065, 97, -1.0
64207.69313006396, 94, -1.0
64207.732099293346, 52, -1.0
64208.72231974127, 81, -1.0
64210.32449509426, 58, 1.0
64212.367375701586, 128, -1.0
64213.11637004387, 73, 1.0
64213.91801311064, 152, 1.0
64216.59256443962, 133, -1.0
64218.57056952262, 90, 1.0
64218.74910730937, 169, -1.0
64220.174301780076, 94, -1.0
64220.371522179594, 34, 1.0
64220.910674268074, 75, 1.0
64221.13431283771, 75, 1.0
64223.397426629446, 103, -1.0
64225.68491884785, 76, -1.0
64226.49621205695, 103, -1.0
64226.61663291241, 177, -1.0
64228.71632748168, 67, -1.0
64231.01728508294, 84, 1.0
64232.956155475724, 45, -1.0
64233.74769969215, 72, -1.0
64235.302441436375, 182, 1.0
64237.427554609814, 129, -1.0
64238.5217793606, 152, -1.0
64239.76456865774, 97, 1.0
64243.56878214451, 64, -1.0
64243.710505064, 45, 1.0
64245.221642430275, 114, 1.0
64245.833845683796, 177, 1.0
64247.04663561911, 34, -1.0
64248.82108748664, 188, 1.0
64249.34148890844, 71, 1.0
64249.5664895405, 202, 1.0
64249.822375914504, 66, -1.0
64251.50343727204, 64, 1.0
64252.05896133092, 59, 1.0
64255.20778649124, 116, -1.0
64256.17193707089, 153, -1.0
64257.84426364763, 74, -1.0
64260.091947732, 41, 1.0
64260.29102848494, 84, 1.0
64261.418855346965, 35, 1.0
64261.54440779064, 112, -1.0
64262.1687287878, 100, -1.0
64267.516999105464, 64, -1.0
64270.040502973396, 97, -1.0
64270.68280431229, 152, -1.0
64271.63666875609, 146, -1.0
64272.375660360995, 126, 1.0
64273.549877686295, 70, 1.0
64276.98841114224, 198, -1.0
64279.01736532797, 72, -1.0
64281.81554905405, 141, -1.0
64283.724644955015, 101, -1.0
64284.07918614107, 29, -1.0
64284.31085988572, 105, -1.0
64284.44446490822, 84, 1.0
64284.72427324034, 241, -1.0
64285.72965234814, 101, -1.0
64289.74283942144, 105, 1.0
64290.61515406335, 128, -1.0
64291.47237663015, 157, 1.0
64296.3730587706, 114, -1.0
64297.675009596605, 66, 1.0
64297.939000607956, 97, -1.0
64301.13644539213, 138, 1.0
64305.00095978644, 29, 1.0
64307.75423004984, 129, -1.0
64307.79147568793, 43, 1.0
64308.88826147781, 59, 1.0
64310.93283310846, 34, -1.0
64310.94697229584, 71, -1.0
64312.815577533795, 126, -1.0
64315.08007261537, 146, 1.0
64320.09480484695, 28, 1.0
64321.062434224266, 70, -1.0
64322.27626174678, 106, -1.0
64322.55590497983, 161, 1.0
64324.770479849525, 81, 1.0
64326.271456465314, 103, 1.0
64326.63316600359, 126, -1.0
64327.58118115087, 64, -1.0
64333.800447570015, 68, 1.0
64335.419805325255, 99, 1.0
64340.10587095948, 72, 1.0
64340.245606672346, 58, 1.0
64341.95653911765, 150, 1.0
64343.91090512501, 114, 1.0
64344.79153405243, 35, -1.0
64345.97775572122, 126, 1.0
64347.14261280947, 82, 1.0
64347.827210029565, 166, 1.0
64348.32737143765, 123, -1.0
64350.82559675356, 123, -1.0
64353.37249837851, 109, -1.0
64354.60937109185, 59, 1.0
64358.73286451067, 64, 1.0
64358.91709158466, 34, 1.0
64366.07654355586, 146, 1.0
64366.35957268705, 142, -1.0
64367.730489718364, 83, 1.0
64368.66902055536, 116, 1.0
64372.68838595742, 182, 1.0
64373.35943552119, 150, -1.0
64374.79236157501, 159, 1.0
64375.028287092835, 148, -1.0
64375.552038674614, 34, 1.0
64377.172784531394, 40, 1.0
64379.0072340858, 52, -1.0
64380.078802734315, 86, -1.0
64380.61913978684, 114, -1.0
64382.065347315285, 114, 1.0
64382.59401191102, 70, 1.0
64384.68934912051, 113, 1.0
64387.829798774335, 44, -1.0
64388.985006028604, 28, 1.0
64397.72419268219, 26, 1.0
64403.87489720887, 92, 1.0
64405.93226664179, 116, 1.0
64406.4176695451, 161, 1.0
64407.48017265141, 31, -1.0
64407.617974338944, 31, -1.0
64408.77728121536, 67, -1.0
64409.55946830475, 133, -1.0
64413.903778100255, 95, 1.0
64414.99445184473, 198, 1.0
64416.35894269239, 69, -1.0
64419.43681761547, 59, -1.0
64423.65484356516, 177, -1.0
64429.939255965015, 50, -1.0
64438.005440792476, 137, -1.0
64439.0022682254, 45, -1.0
64441.084186241445, 100, -1.0
64441.99970623166, 27, -1.0
64445.45685656425, 235, -1.0
64449.38392727413, 118, -1.0
64452.967426569056, 160, -1.0
64453.83818449509, 37, -1.0
64453.99376114343, 58, 1.0
64454.7417356059, 117, 1.0
64455.44709498218, 58, -1.0
64456.67145680911, 147, -1.0
64457.28108596704, 95, -1.0
64460.99187284043, 93, 1.0
64462.80725449388, 27, -1.0
64464.09326042744, 89, 1.0
64464.91199843006, 86, -1.0
64465.87126975446, 146, 1.0
64466.25611884904, 198, 1.0
64470.96921111713, 141, 1.0
64473.280234239675, 133, -1.0
64477.83693563204, 100, -1.0
64477.962462320356, 58, -1.0
64479.105356782486, 87, -1.0
64479.80247586486, 148, 1.0
64485.484072904204, 40, 1.0
64489.19664211021, 107, -1.0
64492.315339000445, 182, -1.0
64494.926432479726, 105, -1.0
64495.34066823339, 36, 1.0
64497.27668606182, 152, 1.0
64498.69573654433, 46, 1.0
64500.39413070522, 75, 1.0
64506.38088950199, 114, 1.0
64509.07072464103, 234, 1.0
64509.23241541995, 165, -1.0
64514.32302483985, 235, 1.0
64515.260718773694, 67, -1.0
64516.94850719403, 158, 1.0
64517.239620687, 67, -1.0
64517.33733367041, 177, -1.0
64517.89904114682, 108, 1.0
64520.911084489475, 118, 1.0
64521.81621411376, 64, -1.0
64524.00604239177, 58, 1.0
64524.494995674766, 61, -1.0
64525.05664862961, 101, 1.0
64530.428514804335, 230, 1.0
64532.486422821734, 50, -1.0
64534.52824267585, 159, -1.0
64538.159123505364, 44, 1.0
64542.48987522736, 43, -1.0
64544.38539305791, 126, -1.0
64548.84256926293, 114, 1.0
64549.064864084066, 67, -1.0
64549.63602024876, 84, 1.0
64554.67132997367, 67, -1.0
64558.98875225603, 198, 1.0
64559.003852615584, 141, -1.0
64560.730070970574, 65, -1.0
64561.44601509268, 72, 1.0
64564.65621632061, 222, -1.0
64565.16391692578, 72, 1.0
64567.5599065047, 114, 1.0
64574.06936356257, 74, -1.0
64574.77756781696, 39, 1.0
64574.92537907724, 142, 1.0
64575.95371111568, 148, 1.0
64576.73456114247, 50, -1.0
64578.399349959516, 70, -1.0
64578.83286904337, 73, 1.0
64579.828448521745, 164, -1.0
64584.41306350357, 80, -1.0
64584.81627610378, 72, -1.0
64588.05972102391, 158, -1.0
64588.56158372956, 193, 1.0
64589.79621352307, 84, 1.0
64590.22821829821, 171, -1.0
64595.59528670302, 98, 1.0
64596.84504205824, 68, 1.0
64599.81268112045, 108, 1.0
64603.18282622786, 162, -1.0
64603.6208123642, 31, 1.0
64603.85261301048, 42, -1.0
64605.45884398517, 72, -1.0
64607.92974181818, 162, 1.0
64608.43376170868, 56, -1.0
64608.54173764365, 84, -1.0
64613.736994771614, 110, 1.0
64618.093696719465, 36, 1.0
64621.155546894275, 159, -1.0
64623.11464163306, 147, -1.0
64624.385190965884, 171, -1.0
64626.09280283236, 86, -1.0
64626.26063425262, 149, -1.0
64626.323615786365, 169, 1.0
64633.51535941673, 82, -1.0
64633.93738607475, 119, 1.0
64634.107514068295, 80, 1.0
64637.45354175655, 80, 1.0
64637.749886303274, 114, -1.0
64641.83350856406, 105, -1.0
64645.194547475374, 69, -1.0
64645.20304828913, 113, -1.0
64646.61597576906, 116, 1.0
64649.22672093325, 50, -1.0
64651.27971027142, 58, -1.0
64651.70092305765, 68, 1.0
64653.457923127076, 81, -1.0
64655.69665296305, 36, -1.0
64655.77678325891, 87, -1.0
64658.88473588786, 130, -1.0
64662.75729737551, 32, -1.0
64663.1963625914, 101, 1.0
64664.3735169873, 114, 1.0
64667.022931242835, 33, 1.0
64668.38299850221, 64, -1.0
64671.240176222615, 71, -1.0
64671.50547790836, 81, -1.0
64672.78943208622, 147, -1.0
64673.344243442254, 141, -1.0
64674.910584839425, 167, -1.0
64675.37033986339, 101, 1.0
64676.55446351475, 60, 1.0
64677.11026029266, 142, 1.0
64678.4460911536, 43, 1.0
64680.36223465478, 198, 1.0
64684.856303202265, 67, -1.0
64687.55305502315, 114, -1.0
64688.41189425712, 149, 1.0
64690.262503824764, 104, 1.0
64692.28967438618, 128, 1.0
64695.644334763405, 32, 1.0
64695.75180505352, 34, 1.0
64696.1659423351, 157, 1.0
64697.424400417134, 26, -1.0
64698.49101394895, 64, 1.0
64699.51764334917, 88, -1.0
64700.809747445004, 165, -1.0
64702.27306076464, 165, -1.0
64703.465760567924, 101, -1.0
64704.38445508727, 153, 1.0
64705.43540039867, 142, 1.0
64705.74762621717, 165, -1.0
64707.224243917335, 159, -1.0
64707.87421624241, 34, 1.0
64709.11002656493, 163, 1.0
64711.4035301718, 158, 1.0
64712.21041302985, 108, -1.0
64713.173607736855, 114, 1.0
64713.340809628884, 58, 1.0
64715.25318795878, 118, 1.0
64717.02180146566, 163, 1.0
64720.92456002979, 119, -1.0
64721.401676777044, 41, 1.0
64721.97921649591, 150, -1.0
64723.08263292554, 159, -1.0
64723.56873655174, 94, -1.0
64724.86175861754, 188, 1.0
64725.12639921849, 72, -1.0
64727.24384374072, 99, -1.0
64730.09629931735, 119, 1.0
64730.68678056473, 95, 1.0
64734.66693165179, 114, 1.0
64736.27823238568, 153, -1.0
64739.1728643879, 159, -1.0
64739.465650064325, 46, 1.0
64740.48961067569, 29, -1.0
64741.19762981879, 110, -1.0
64741.290231879786, 141, -1.0
64741.41937138088, 80, 1.0
64747.69045803442, 106, -1.0
64748.765247757095, 146, -1.0
64749.02835563953, 35, -1.0
64749.579520731386, 56, -1.0
64751.863328089195, 142, 1.0
64752.38583240342, 169, -1.0
64752.56924746929, 167, 1.0
64755.145700334135, 123, 1.0
64755.40127722622, 31, -1.0
64756.3919114721, 34, 1.0
64756.52963213765, 64, 1.0
64757.96335131478, 69, 1.0
64760.425102397814, 67, -1.0
64764.90034670879, 81, 1.0
64769.694882009164, 126, 1.0
64770.795423357675, 40, 1.0
64771.33540302019, 103, -1.0
64771.72380297163, 118, -1.0
64771.832535868045, 83, 1.0
64776.380314133545, 29, 1.0
64776.74304484481, 43, 1.0
64781.55473056705, 152, -1.0
64783.839948570225, 95, 1.0
64784.622956644685, 151, -1.0
64788.96291918367, 85, -1.0
64790.163748077415, 130, -1.0
64793.031533976886, 35, -1.0
64793.103045808115, 34, -1.0
64794.49767344404, 165, 1.0
64794.6280008633, 234, -1.0
64795.187345726925, 112, -1.0
64795.71694738808, 114, 1.0
64796.9978359814, 69, -1.0
64798.903044007486, 235, -1.0
64799.22758136378, 164, 1.0
