25211.850938641717, 101, 1.0
25218.169713224244, 148, -1.0
25226.800778372497, 103, 1.0
25227.129326096438, 35, -1.0
25244.95993977566, 101, 1.0
25286.960692030854, 35, 1.0
25297.906819395575, 35, -1.0
25348.604108523377, 75, 1.0
25350.90704194708, 44, -1.0
25351.81888615815, 44, -1.0
25362.787888416606, 152, 1.0
25396.47572185536, 101, -1.0
25402.229009937342, 75, -1.0
25414.799809985656, 75, -1.0
25433.885946922084, 103, 1.0
25435.427431919707, 101, 1.0
25438.707285200864, 101, 1.0
25480.456364624126, 75, 1.0
25482.20752582557, 152, -1.0
25483.47104104967, 35, -1.0
25488.51797873312, 75, 1.0
25493.456515542246, 75, 1.0
25515.511760533052, 101, 1.0
25528.145587487303, 44, 1.0
25537.105154629284, 75, 1.0
25544.315542398304, 35, 1.0
25545.214822843038, 152, -1.0
25550.730134870904, 75, 1.0
25555.373059845184, 75, -1.0
25558.172832238826, 154, 1.0
25571.304425876515, 35, -1.0
25598.624117829237, 103, 1.0
25647.705926680264, 101, 1.0
25660.469680856924, 103, -1.0
25676.30435275551, 75, 1.0
25682.270214616226, 101, 1.0
25693.16743531551, 75, 1.0
25708.35073729468, 35, -1.0
25719.760551041345, 35, -1.0
25724.89543320519, 75, -1.0
25729.25636297044, 35, -1.0
25739.412295092952, 75, 1.0
25759.737348148377, 44, -1.0
25763.261409958675, 101, -1.0
25770.4587165323, 101, 1.0
25773.175387777657, 101, 1.0
25799.251985293897, 44, -1.0
25813.774184622962, 148, -1.0
25816.51427775111, 101, 1.0
25879.390096981304, 103, -1.0
25908.181916465917, 103, 1.0
25916.81040372069, 101, -1.0
25940.76710287406, 35, 1.0
25949.25985440263, 152, -1.0
25949.50177858944, 35, -1.0
25952.251445460563, 75, 1.0
25983.453442179012, 152, -1.0
26023.927813144808, 75, 1.0
26038.683782521053, 101, 1.0
26049.832185537172, 75, 1.0
26092.215518874003, 101, 1.0
26094.159721410208, 103, 1.0
26097.112201364645, 148, -1.0
26110.325866775278, 101, 1.0
26137.356655729815, 75, 1.0
26141.0802364051, 148, -1.0
26171.917798183116, 152, -1.0
26193.26882214903, 35, -1.0
26202.12510066431, 154, -1.0
26211.011653709793, 35, 1.0
26225.884929352862, 101, 1.0
26232.697446047467, 35, -1.0
26248.30638526247, 148, -1.0
26260.627430178436, 154, 1.0
26278.24974946387, 35, -1.0
26280.43907132, 154, 1.0
26290.18641212069, 35, 1.0
26310.140888330472, 148, -1.0
26325.331801270888, 35, -1.0
26331.901956251593, 148, -1.0
26357.891908056234, 35, -1.0
26363.305466056052, 101, -1.0
26367.65992318284, 154, -1.0
26372.877501855994, 152, -1.0
26396.59434289514, 75, 1.0
26448.359489086142, 75, 1.0
26453.166300373156, 35, 1.0
26485.699663880023, 154, -1.0
26491.807568580894, 152, 1.0
26502.99807678301, 103, -1.0
26524.705611678495, 35, 1.0
26527.66662179624, 154, -1.0
26529.32201225622, 101, -1.0
26529.557122803675, 75, 1.0
26538.047839216968, 154, 1.0
26552.281209546778, 75, -1.0
26633.472626141367, 75, 1.0
26634.848663390938, 154, -1.0
26716.636733938638, 75, 1.0
26750.585153280397, 101, -1.0
26759.399987289107, 103, 1.0
26782.55584098496, 103, -1.0
26785.450174576985, 103, 1.0
26785.7086527784, 103, 1.0
26790.952861210226, 101, 1.0
26850.26686837195, 154, 1.0
26871.260438291512, 103, 1.0
26891.354308237926, 101, -1.0
26919.082773603594, 154, -1.0
26925.0660891343, 101, -1.0
26933.01775362557, 152, -1.0
26937.45227953333, 154, 1.0
26955.918797710165, 103, -1.0
26964.04990561006, 152, -1.0
26980.291744011633, 154, 1.0
26980.406712954864, 75, 1.0
26983.858020981184, 101, 1.0
26999.166386772664, 35, -1.0
27012.667077638765, 148, -1.0
27018.336465434655, 103, -1.0
27032.137337615313, 152, -1.0
27039.50476212726, 75, 1.0
27047.193566623802, 75, 1.0
27048.333216831583, 75, 1.0
27080.71988637618, 101, 1.0
27086.053747653004, 35, 1.0
27112.93919451862, 75, 1.0
27122.049995161284, 101, 1.0
27147.665737949086, 152, -1.0
27180.65895966963, 101, 1.0
27183.569860962816, 103, 1.0
27201.775530295894, 103, 1.0
27204.96243333002, 44, -1.0
27215.917985183973, 148, -1.0
27231.96063229484, 35, 1.0
27276.887796761876, 44, -1.0
27276.934061061937, 44, -1.0
27283.585813859907, 101, 1.0
27287.556303835147, 103, 1.0
27311.115738839235, 152, -1.0
27338.24069951291, 154, 1.0
27338.29933848731, 101, -1.0
27349.58436523694, 154, 1.0
27359.028827354774, 44, -1.0
27373.60816095634, 35, -1.0
27405.14459024636, 148, -1.0
27405.388703553566, 148, -1.0
27445.661063219275, 75, 1.0
27465.097600093053, 75, 1.0
27508.479237152515, 101, 1.0
27515.29069745168, 103, 1.0
27527.937161572583, 35, -1.0
27530.75501326185, 103, 1.0
27539.90307842449, 152, -1.0
27540.895209511065, 148, -1.0
27544.84714339022, 103, 1.0
27545.217400412555, 35, -1.0
27571.33127091264, 103, -1.0
27580.695380942605, 148, -1.0
27625.045666455408, 148, -1.0
27655.493977547325, 35, 1.0
27667.79789395251, 75, 1.0
27706.5998999287, 101, 1.0
27714.790522180745, 101, 1.0
27729.82033922894, 35, -1.0
27747.96110881449, 44, 1.0
27751.55761547746, 148, -1.0
27838.461067787655, 35, -1.0
27856.295059831536, 148, -1.0
27857.463430829845, 101, -1.0
27910.589856313054, 103, 1.0
27940.540521812378, 101, 1.0
27941.36116481633, 35, -1.0
27960.59598323957, 152, -1.0
27965.09124261394, 148, 1.0
27988.86066148411, 103, 1.0
28001.393408321062, 148, -1.0
28018.130798196442, 103, 1.0
28027.51525041342, 101, -1.0
28029.905605680244, 35, 1.0
28036.64371801536, 152, 1.0
28047.96498472498, 35, 1.0
28052.057640794657, 35, -1.0
28098.022163786165, 152, 1.0
28100.570466164496, 75, 1.0
28110.46884125844, 152, -1.0
28124.13076973085, 75, 1.0
28133.384993275973, 148, -1.0
28138.061927831433, 75, 1.0
28140.33160368777, 75, 1.0
28155.33202002335, 75, 1.0
28161.027758082724, 75, 1.0
28178.285369912843, 35, -1.0
28183.829885870673, 35, -1.0
28201.65852274641, 148, -1.0
28208.472073984685, 103, 1.0
28245.471436079562, 148, -1.0
28258.11758301896, 101, 1.0
28280.890166282963, 154, -1.0
28287.96578132846, 101, 1.0
28310.134031247562, 101, 1.0
28312.50668672929, 154, 1.0
28354.443082185553, 101, 1.0
28355.16403267588, 75, 1.0
28367.204426794935, 35, -1.0
28376.310267992943, 75, 1.0
28384.587253009402, 103, -1.0
28404.785993008605, 154, 1.0
28406.124460231542, 152, -1.0
28408.152629290595, 152, 1.0
28431.24769996322, 35, -1.0
28451.34534835603, 101, 1.0
28453.362275915304, 152, 1.0
28456.919007549415, 101, 1.0
28495.828959043512, 75, 1.0
28497.746852629, 75, 1.0
28524.999238745666, 35, -1.0
28541.82372992004, 35, -1.0
28549.36395152799, 101, -1.0
28565.158537204006, 152, 1.0
28594.78939082539, 75, 1.0
28626.305239555066, 101, 1.0
28636.621633304858, 44, -1.0
28687.130705805423, 154, 1.0
28696.13922728074, 75, 1.0
28703.175245912633, 101, 1.0
28711.536366633634, 154, 1.0
28717.079857900324, 75, 1.0
28754.235812927578, 154, 1.0
28774.717610640433, 154, 1.0
28778.54914550085, 75, 1.0
28785.883664500245, 75, 1.0
28789.287858884505, 152, -1.0
28789.784283031084, 148, -1.0
28804.609424792914, 75, -1.0
28818.396635161742, 35, 1.0
28831.229539805365, 75, 1.0
28860.656969304302, 152, 1.0
28865.88474426474, 154, 1.0
28924.80059401876, 154, 1.0
28927.01059586055, 35, 1.0
28932.26988350349, 152, 1.0
28939.914183274406, 103, 1.0
28946.22738678387, 101, -1.0
28980.682211016025, 101, -1.0
28996.647541199316, 44, -1.0
29001.454820577714, 75, -1.0
29043.43387903654, 35, 1.0
29044.14641388607, 75, 1.0
29066.447396485793, 103, 1.0
29068.335758699297, 44, 1.0
29080.301942734997, 44, -1.0
29085.303551812078, 75, -1.0
29092.23023046487, 103, 1.0
29102.669013518225, 35, 1.0
29112.25093293734, 35, -1.0
29113.019049355673, 75, 1.0
29157.609336641082, 101, -1.0
29199.137734277003, 44, -1.0
29213.720987561624, 75, 1.0
29267.408587621438, 75, -1.0
29288.048018439727, 75, 1.0
29314.070600949097, 101, 1.0
29315.689557096, 75, -1.0
29332.534689683056, 35, 1.0
29366.19347744532, 44, -1.0
29368.741428318786, 44, -1.0
29378.73926285607, 44, -1.0
29429.198997580308, 103, 1.0
29434.338188358586, 154, -1.0
29450.000332938103, 152, -1.0
29536.874188611982, 103, 1.0
29549.43793607047, 101, 1.0
29585.838334967815, 44, -1.0
29601.619222255013, 154, 1.0
29619.999479180842, 75, 1.0
29639.7753263279, 152, -1.0
29657.575140312296, 152, 1.0
29668.422062218604, 152, -1.0
29670.449193776552, 101, 1.0
29699.40055683648, 75, -1.0
29701.702830221988, 75, -1.0
29708.792380300645, 103, -1.0
29709.959212110567, 44, -1.0
29725.704137594174, 35, -1.0
29732.683504188586, 103, 1.0
29782.977069652698, 154, -1.0
29790.232668391185, 154, 1.0
29813.09103028645, 152, -1.0
29851.92873414408, 35, -1.0
29859.912787741345, 75, 1.0
29864.84958025868, 103, 1.0
29867.33191125368, 103, 1.0
29885.833088927975, 152, -1.0
29898.242709981456, 75, 1.0
29960.431648587513, 75, 1.0
29972.566766559663, 75, 1.0
29983.42523814797, 35, 1.0
30004.576348210972, 101, -1.0
30039.94681015938, 103, -1.0
30051.486679342066, 44, -1.0
30051.874278724732, 75, 1.0
30086.862831301227, 44, -1.0
30087.087837101644, 75, 1.0
30140.302402331585, 35, -1.0
30200.019081655562, 103, -1.0
30202.866561423536, 103, 1.0
30205.869947387866, 75, 1.0
30219.34168245496, 152, -1.0
30239.02613241088, 152, -1.0
30259.170243105393, 35, 1.0
30265.36983903935, 35, -1.0
30269.391295182337, 103, 1.0
30272.821074234056, 44, -1.0
30366.01825269198, 148, 1.0
30402.478961812383, 152, -1.0
30476.74789276821, 154, 1.0
30495.12333391201, 103, 1.0
30510.884472083297, 101, 1.0
30524.296154340183, 103, 1.0
30541.536262043126, 103, 1.0
30572.738844988642, 154, -1.0
30578.18852812251, 154, -1.0
30593.615410707433, 35, 1.0
30612.391849846863, 75, 1.0
30618.268707408268, 152, -1.0
30619.29990493232, 75, -1.0
30647.748766843437, 75, 1.0
30649.1135907103, 44, -1.0
30659.109118271383, 101, 1.0
30725.312049118715, 152, -1.0
30739.47312204443, 75, 1.0
30748.29195578813, 75, -1.0
30770.696712492947, 152, 1.0
30883.788499092883, 44, -1.0
30888.965997432373, 44, -1.0
30892.675964632093, 103, 1.0
30897.23077683751, 44, -1.0
30911.77834557614, 35, 1.0
30953.11648816903, 101, -1.0
30961.48716306728, 35, 1.0
30964.543540279843, 75, -1.0
31018.347211598164, 44, -1.0
31018.87760380206, 101, -1.0
31076.85555200185, 44, -1.0
31081.3754231341, 101, 1.0
31100.427630866292, 154, -1.0
31147.424217996282, 75, -1.0
31148.39364023925, 35, -1.0
31157.95976986283, 103, 1.0
31194.457668729978, 101, -1.0
31195.41374161405, 35, -1.0
31199.678464104123, 152, 1.0
31231.796959805903, 101, 1.0
31291.487948019407, 44, -1.0
31304.44598967011, 35, 1.0
31305.678667289525, 154, 1.0
31327.0060719231, 103, 1.0
31378.432297200645, 103, -1.0
31430.75901650686, 103, -1.0
31460.428275551076, 44, -1.0
31534.754271554484, 154, 1.0
31571.660176745827, 44, -1.0
31578.807056249672, 152, -1.0
31586.500105959116, 101, -1.0
31586.574085048676, 154, -1.0
31613.560293894516, 35, 1.0
31663.924065775795, 44, -1.0
31673.422858922593, 101, 1.0
31692.00482386422, 148, 1.0
31693.399501190434, 101, 1.0
31708.584031915856, 75, 1.0
31769.83804225555, 35, -1.0
31808.671721888153, 154, 1.0
31810.82037589224, 103, 1.0
31822.9266359426, 35, -1.0
31839.95380874873, 103, -1.0
31852.830502729157, 101, -1.0
31901.13784321385, 35, -1.0
31906.46323888326, 101, 1.0
31909.37127549768, 152, 1.0
31915.00330822383, 154, 1.0
31927.55575208796, 75, 1.0
31965.325402377366, 75, -1.0
31971.614043593094, 75, -1.0
31980.258210238066, 35, -1.0
32001.66452744163, 101, -1.0
32017.009137006975, 44, -1.0
32019.206472388385, 75, 1.0
32030.997998242583, 103, 1.0
32039.70329062571, 35, 1.0
32051.807940239283, 103, 1.0
32054.409119595126, 35, -1.0
32057.499867060993, 154, -1.0
32065.84119147913, 35, -1.0
32086.887274076485, 35, -1.0
32106.35411756394, 75, 1.0
32109.962231593498, 103, 1.0
32149.568207146316, 154, -1.0
32150.42728649779, 152, 1.0
32160.63940003314, 152, -1.0
32242.83194001003, 101, -1.0
32244.778115287478, 44, -1.0
32298.809202832945, 103, 1.0
32316.017702432368, 35, -1.0
32363.0292101599, 152, 1.0
32366.614151688158, 75, 1.0
32414.6533918443, 75, 1.0
32419.73072738659, 75, -1.0
32421.752476352845, 35, 1.0
32451.466978223412, 35, 1.0
32456.065007186025, 103, -1.0
32477.98551437458, 101, -1.0
32497.057760056156, 75, -1.0
32499.152490380173, 154, 1.0
32514.2214101722, 148, 1.0
32522.650970256294, 35, -1.0
32538.141364239887, 35, -1.0
32539.486836657117, 35, -1.0
32543.73940891284, 154, 1.0
32544.40966441685, 35, -1.0
32557.296335497624, 35, -1.0
32570.439233388908, 148, -1.0
32589.052981549874, 75, 1.0
32596.93533950515, 152, -1.0
32602.669353907277, 148, -1.0
32621.62465694976, 75, 1.0
32628.964751812156, 101, -1.0
32649.909782663493, 154, 1.0
32679.622043736894, 75, 1.0
32688.11730641679, 103, -1.0
32694.097960776093, 35, -1.0
32743.217130031, 35, -1.0
32811.546290215905, 101, -1.0
32813.80978128993, 35, 1.0
32826.28821633466, 148, -1.0
32844.02805564494, 75, -1.0
32881.042796761416, 103, -1.0
32884.48759127839, 35, -1.0
32891.079648094004, 154, -1.0
32923.83158844875, 101, -1.0
32943.61916638823, 103, 1.0
32956.51258981444, 152, -1.0
32988.08546815998, 148, 1.0
32990.448869810236, 75, -1.0
33006.535137494946, 154, -1.0
33010.51393979816, 152, -1.0
33030.047723376396, 44, -1.0
33033.07815251165, 148, -1.0
33037.58490449429, 75, 1.0
33051.99500431277, 101, 1.0
33054.688695839825, 101, 1.0
33073.2600476605, 152, -1.0
33090.11146031194, 148, -1.0
33110.43125923164, 101, 1.0
33124.10699307596, 154, -1.0
33132.36997180129, 148, -1.0
33197.255720613066, 154, 1.0
33217.33534330146, 35, -1.0
33236.037176034406, 35, -1.0
33261.91937141475, 152, -1.0
33266.65034078941, 152, 1.0
33281.668658354676, 101, -1.0
33282.7087427611, 35, 1.0
33292.45674572706, 148, -1.0
33318.00960021919, 148, -1.0
33324.98231496052, 103, 1.0
33344.39051607431, 75, 1.0
33349.24631423432, 75, 1.0
33349.30038499102, 103, -1.0
33353.23933510618, 152, -1.0
33368.796576122266, 35, 1.0
33376.20601690816, 152, -1.0
33400.7034447491, 75, 1.0
33406.33172169846, 75, 1.0
33433.464734380934, 101, -1.0
33478.06295536974, 35, -1.0
33494.77855396212, 152, -1.0
33504.64706403392, 148, -1.0
33517.37943491031, 75, 1.0
33521.11084868438, 75, -1.0
33550.04747743714, 103, -1.0
33559.75569029635, 35, -1.0
33563.39252164412, 75, 1.0
33613.115669502906, 75, -1.0
33636.56374661832, 152, 1.0
33653.22709561785, 148, -1.0
33662.0834241983, 44, -1.0
33696.73127231148, 101, 1.0
33703.06680918867, 154, 1.0
33758.0548849672, 35, -1.0
33771.28894324191, 35, -1.0
33771.78949963439, 44, 1.0
33777.73066352389, 75, 1.0
33839.25631614786, 148, -1.0
33841.39879585651, 75, 1.0
33848.786796526656, 152, -1.0
33859.96470526528, 103, -1.0
33871.85104900435, 152, -1.0
33884.79893494028, 154, -1.0
33887.10767615111, 154, 1.0
33893.571077472916, 148, -1.0
33894.48066857467, 35, -1.0
33907.14634098059, 148, -1.0
33915.84108307113, 101, -1.0
33935.207416028075, 101, -1.0
33942.442759613325, 75, 1.0
34012.234452987934, 75, -1.0
34050.05523803174, 35, -1.0
34082.16495468482, 75, 1.0
34082.86283966987, 148, -1.0
34141.15606260368, 75, -1.0
34188.37093239811, 35, -1.0
34191.34252230167, 75, 1.0
34196.15268560901, 154, 1.0
34219.308599785596, 101, 1.0
34226.682415732015, 152, -1.0
34254.53743154254, 75, -1.0
34275.79038159022, 75, -1.0
34278.24653957517, 101, -1.0
34282.13792625005, 148, -1.0
34286.21269283449, 152, -1.0
34314.771221593015, 75, 1.0
34323.89973486942, 75, 1.0
34350.035849625616, 35, 1.0
34367.62189564851, 35, 1.0
34395.264362434966, 35, -1.0
34409.284353273, 148, -1.0
34420.49682728836, 44, 1.0
34443.186124558524, 148, -1.0
34452.16003021908, 75, -1.0
34487.63997976451, 152, -1.0
34493.35465320458, 154, 1.0
34502.68316761979, 152, -1.0
34523.38417450621, 154, 1.0
34532.3030357527, 35, 1.0
34550.36325476483, 75, 1.0
34558.06409355055, 152, 1.0
34571.3657093946, 152, 1.0
34572.88074991443, 35, -1.0
34579.83606561122, 154, 1.0
34581.66904897768, 35, -1.0
34585.75225082845, 35, 1.0
34625.11179554604, 35, -1.0
34632.57904746266, 35, 1.0
34660.44727273363, 101, 1.0
34680.95164689795, 154, -1.0
34707.00719797716, 35, 1.0
34715.848651053915, 101, -1.0
34727.0821290092, 148, 1.0
34742.128620403746, 148, -1.0
34742.191314861906, 154, 1.0
34746.901308908295, 75, -1.0
34768.94010607062, 35, -1.0
34861.45369605923, 35, -1.0
34873.192314567765, 75, 1.0
34879.58441883993, 101, 1.0
34881.635779032134, 75, -1.0
34882.56218782506, 44, -1.0
34882.65236026018, 101, 1.0
34890.72609726803, 103, 1.0
34904.6193020831, 148, -1.0
34913.09195548981, 148, -1.0
34915.24762814953, 152, -1.0
34917.88420939096, 35, 1.0
34981.44511698211, 35, -1.0
34999.85151656566, 75, -1.0
35008.53911063485, 35, 1.0
35022.117674399015, 101, 1.0
35022.43079700088, 75, -1.0
35045.06384677338, 154, -1.0
35046.98458451173, 35, -1.0
35055.65562999404, 103, 1.0
35062.851632286154, 35, 1.0
35091.947741529526, 152, 1.0
35108.05893236954, 101, -1.0
35111.21623455103, 154, -1.0
35114.350390127016, 35, 1.0
35186.29018709537, 75, 1.0
35190.04999800065, 101, 1.0
35198.45698352945, 75, -1.0
35216.89234556228, 35, -1.0
35223.62204397391, 148, -1.0
35232.67400860711, 101, 1.0
35260.67321648691, 35, -1.0
35269.009718774985, 75, 1.0
35270.30811181137, 35, -1.0
35302.66172026333, 154, 1.0
35315.2906302136, 75, 1.0
35315.83843624115, 103, -1.0
35320.91899349502, 152, 1.0
35367.93245104958, 103, -1.0
35376.02964298427, 101, -1.0
35384.29275621792, 103, -1.0
35394.593267209806, 148, -1.0
35397.23287647935, 148, -1.0
35397.97238755792, 148, -1.0
35410.776588044435, 148, -1.0
35412.09214071532, 154, 1.0
35422.505680581016, 35, 1.0
35424.93251174739, 75, 1.0
35427.68639894354, 101, -1.0
35451.010973590855, 75, 1.0
35500.1884513742, 152, -1.0
35530.97305977202, 148, 1.0
35545.42875408733, 35, 1.0
35548.481980955876, 152, 1.0
35549.32127628936, 44, -1.0
35552.311312964244, 75, -1.0
35553.57202301148, 75, -1.0
35557.47208852366, 75, 1.0
35596.61308043438, 101, -1.0
35603.89823860763, 75, 1.0
35640.267294820274, 152, -1.0
35643.900987462264, 152, -1.0
35657.087279345535, 152, -1.0
35660.94987717604, 75, 1.0
35670.78072927064, 35, -1.0
35683.07048039502, 35, -1.0
35683.69054340086, 75, 1.0
35706.70539718107, 75, 1.0
35714.26437865307, 75, -1.0
35719.996706805934, 101, 1.0
35759.6400651632, 35, 1.0
35761.08237691113, 44, -1.0
35770.94331959876, 75, -1.0
35772.49707124947, 44, 1.0
35779.24193122226, 101, 1.0
35781.23465656646, 152, -1.0
35797.10045666683, 152, -1.0
35812.37647831946, 35, -1.0
35821.85674653809, 35, -1.0
35842.354986912396, 44, 1.0
35847.08599502806, 101, -1.0
35879.36328566036, 75, 1.0
35919.419060839144, 154, -1.0
35922.72101520615, 35, -1.0
35932.63661921468, 152, -1.0
35935.141590989915, 101, 1.0
35960.15595500581, 148, -1.0
35978.87869444335, 44, -1.0
36001.96983008291, 154, -1.0
36003.81666631244, 103, 1.0
36027.538691145186, 75, 1.0
36032.48866764715, 152, -1.0
36041.46718638814, 35, 1.0
36080.95212552437, 44, -1.0
36106.70817001629, 103, 1.0
36112.7466677574, 101, -1.0
36115.51697668656, 75, 1.0
36126.176622984145, 103, 1.0
36146.555444293226, 154, -1.0
36149.24303917694, 44, 1.0
36203.65430071095, 103, 1.0
36218.07507127348, 35, -1.0
36219.22654121149, 35, 1.0
36223.00021605457, 103, 1.0
36236.09796788349, 75, -1.0
36243.960918212804, 101, -1.0
36249.07261166694, 35, 1.0
36265.194021613905, 44, -1.0
36299.51248257565, 44, -1.0
36317.92630042906, 44, -1.0
36318.789248605244, 44, 1.0
36352.07640004794, 101, -1.0
36378.13815947475, 101, -1.0
36419.74359188846, 154, -1.0
36439.557110270674, 75, -1.0
36454.042787807135, 101, -1.0
36466.92873864532, 75, -1.0
36469.57767604204, 44, -1.0
36474.976299714115, 75, -1.0
36481.8927609163, 103, 1.0
36485.22164642508, 103, -1.0
36486.446134042795, 75, 1.0
36499.825478616425, 103, -1.0
36501.44818237918, 75, 1.0
36502.62473812354, 103, 1.0
36518.23989113129, 152, -1.0
36529.35847877396, 44, -1.0
36542.828008848745, 103, 1.0
36542.85793689135, 152, -1.0
36546.106487653204, 152, -1.0
36553.01831932772, 35, -1.0
36567.12105546586, 154, 1.0
36581.09662622684, 35, -1.0
36588.87594384856, 103, 1.0
36590.07566003212, 75, 1.0
36613.99151351048, 154, -1.0
36651.04053308977, 75, 1.0
36664.969153392136, 75, -1.0
36687.560628576895, 75, -1.0
36689.2732169906, 75, 1.0
36697.306343620236, 35, -1.0
36706.79595109175, 101, -1.0
36717.1755947, 101, -1.0
36723.10684416064, 75, 1.0
36728.7552146135, 75, 1.0
36742.41898413315, 75, 1.0
36742.78147967736, 148, 1.0
36766.62900230774, 44, -1.0
36804.59049509452, 101, -1.0
36808.79636931682, 35, -1.0
36825.216779192255, 75, 1.0
36838.168133529136, 75, -1.0
36845.131459643, 75, -1.0
36852.46456247556, 103, 1.0
36872.83204612338, 154, -1.0
36894.193990807755, 75, -1.0
36900.50710488754, 152, -1.0
36903.952163198526, 75, 1.0
36921.89433978552, 75, 1.0
36981.016583973505, 103, 1.0
36985.084741932944, 148, -1.0
36988.131620655724, 154, -1.0
36997.58010290171, 154, -1.0
37083.21403120972, 35, 1.0
37093.72495796564, 35, -1.0
37107.367707366095, 35, 1.0
37108.97329469569, 35, 1.0
37118.04918571563, 35, -1.0
37127.337816155756, 75, 1.0
37137.87534425389, 103, 1.0
37162.81822925906, 44, -1.0
37177.15933156513, 75, 1.0
37186.75367611948, 152, -1.0
37220.857897789436, 152, 1.0
37224.16288696976, 75, 1.0
37228.39808542309, 152, -1.0
37230.01963801176, 75, 1.0
37252.346670535175, 75, -1.0
37260.16145818142, 75, -1.0
37274.59528910027, 148, 1.0
37274.87876886749, 152, -1.0
37295.444688407675, 103, 1.0
37305.497668527736, 35, 1.0
37307.20557945102, 103, -1.0
37307.424462137074, 103, 1.0
37313.35016955933, 103, 1.0
37324.23778616933, 75, -1.0
37333.24052922241, 103, 1.0
37358.6477307876, 35, -1.0
37362.41973099886, 152, -1.0
37382.408613576736, 103, 1.0
37386.81379538135, 154, -1.0
37409.79523315167, 35, -1.0
37427.37728583079, 152, 1.0
37428.63717070294, 103, 1.0
37428.777014493775, 35, -1.0
37444.70426632573, 75, 1.0
37455.913668747715, 35, 1.0
37462.70486302462, 152, 1.0
37471.33647445397, 75, 1.0
37486.90875463769, 103, -1.0
37490.96566057082, 75, 1.0
37496.57121771197, 101, 1.0
37502.669121295025, 103, 1.0
37510.131233890075, 75, 1.0
37543.521667227236, 35, -1.0
37570.5703468899, 154, 1.0
37583.41663901069, 44, -1.0
37589.720504781624, 152, -1.0
37590.68200165601, 103, 1.0
37619.98539057362, 152, -1.0
37628.35756344192, 101, -1.0
37647.02851406281, 75, 1.0
37650.746111736386, 44, -1.0
37666.37168185604, 154, -1.0
37676.556755998, 75, -1.0
37683.389909679456, 154, -1.0
37702.82597961873, 75, -1.0
37728.74716677316, 44, -1.0
37734.32074864908, 44, -1.0
37744.25213352619, 35, -1.0
37784.137139547456, 154, -1.0
37791.90118741979, 75, -1.0
37798.25654989215, 75, -1.0
37820.436690938695, 101, 1.0
37828.378828712404, 103, 1.0
37839.685328452084, 75, -1.0
37852.11089957218, 152, -1.0
37861.369518302374, 44, -1.0
37871.459282909236, 101, -1.0
37890.09852469263, 44, -1.0
37903.1022959801, 148, 1.0
37910.156240711796, 103, 1.0
37948.77347295935, 103, 1.0
37952.94968590917, 154, -1.0
38015.6815060624, 75, 1.0
38016.967639038565, 44, -1.0
38081.772708852186, 75, 1.0
38095.978901453695, 152, -1.0
38109.703728827575, 154, -1.0
38123.717171060634, 75, 1.0
38131.398831907776, 152, -1.0
38134.117715798544, 35, -1.0
38166.140361001744, 75, 1.0
38166.268507388166, 35, 1.0
38178.79111757154, 75, -1.0
38198.8835136783, 101, -1.0
38211.431562131955, 154, -1.0
38219.370080499306, 44, 1.0
38224.900548589954, 75, 1.0
38251.41088939818, 148, -1.0
38263.453739971315, 35, -1.0
38284.779410442105, 152, -1.0
38302.946524384904, 75, 1.0
38306.73837661837, 154, -1.0
38311.05555456652, 44, -1.0
38333.63711886252, 152, -1.0
38343.5185885485, 75, -1.0
38352.692978252206, 75, 1.0
38356.06768278995, 103, 1.0
38379.9657651982, 148, -1.0
38386.690975213794, 75, 1.0
38393.27789790856, 44, 1.0
38422.151124166085, 44, -1.0
38426.28396041852, 75, 1.0
38434.36787303225, 103, 1.0
38441.17554676603, 154, 1.0
38444.19487287603, 44, -1.0
38459.93102645265, 35, 1.0
38466.32103156233, 152, -1.0
38467.91296332143, 103, 1.0
38495.99495298288, 75, -1.0
38497.16005309751, 101, -1.0
38501.52771938157, 154, -1.0
38512.558135024505, 103, 1.0
38529.431271668735, 101, -1.0
38545.22539255397, 152, -1.0
38549.87227971724, 101, 1.0
38554.87954112797, 75, 1.0
38582.8533061536, 75, 1.0
38594.7461675278, 103, -1.0
38602.70060004045, 148, 1.0
38624.845802462, 152, 1.0
38658.348616525516, 44, -1.0
38682.749976923784, 148, -1.0
38696.610694732575, 44, -1.0
38709.834098255764, 152, -1.0
38709.89586231498, 75, 1.0
38721.57419134655, 75, -1.0
38728.39466489573, 103, 1.0
38754.00605262787, 75, 1.0
38754.95047824852, 101, -1.0
38770.22201167434, 103, -1.0
38773.97479622481, 103, 1.0
38774.42237674871, 35, 1.0
38778.33364904045, 154, -1.0
38787.769129547145, 44, -1.0
38788.03222928045, 75, 1.0
38806.10875737638, 152, -1.0
38807.728217883276, 35, 1.0
38812.1071971288, 75, 1.0
38839.01258047784, 154, -1.0
38862.1653272206, 35, -1.0
38886.838333651955, 103, 1.0
38903.35856416498, 148, 1.0
38955.18468669212, 103, -1.0
38958.56329615317, 103, 1.0
38970.033369804456, 35, -1.0
38988.68801715518, 44, -1.0
38990.886060538964, 148, -1.0
39006.72432419097, 75, -1.0
39034.24749283063, 75, 1.0
39053.177216067044, 154, 1.0
39054.42078256791, 75, 1.0
39068.829695174856, 35, 1.0
39070.96468871976, 152, 1.0
39074.19713998038, 154, -1.0
39078.002483376804, 75, 1.0
39078.95020443492, 152, -1.0
39088.66504456541, 103, -1.0
39097.79360800237, 101, -1.0
39106.04155508015, 44, -1.0
39112.5977998922, 103, 1.0
39137.73593282422, 75, -1.0
39141.965534812516, 101, -1.0
39153.7596880563, 44, -1.0
39155.40689423383, 75, 1.0
39159.657328770816, 101, 1.0
39162.23445638865, 75, 1.0
39177.60375011951, 35, -1.0
39188.39722701867, 103, -1.0
39198.90514881783, 152, -1.0
39209.110500202674, 75, -1.0
39211.74790087904, 154, -1.0
39216.4546475926, 35, 1.0
39240.849893477236, 152, -1.0
39254.9740377004, 35, -1.0
39268.79464838045, 75, 1.0
39270.50340026027, 44, -1.0
39273.35365124001, 75, -1.0
39276.69091734253, 75, 1.0
39280.91487388079, 152, 1.0
39284.96865205645, 35, -1.0
39331.939831866715, 35, 1.0
39333.86707535597, 103, -1.0
39343.23510066016, 35, -1.0
39354.890185326294, 35, -1.0
39355.96779744121, 152, -1.0
39360.57255147032, 101, -1.0
39362.28916136775, 44, -1.0
39366.69687583363, 103, 1.0
39387.15500724001, 44, -1.0
39393.79995312003, 154, 1.0
39413.90046582333, 103, 1.0
39430.74095441173, 152, 1.0
39458.348423866715, 75, -1.0
39484.419253261716, 75, 1.0
39491.3119492578, 148, 1.0
39502.350772711216, 152, -1.0
39505.57508664877, 75, 1.0
39524.23466965717, 75, -1.0
39526.2382453917, 75, 1.0
39532.35992900778, 148, -1.0
39536.54729517271, 75, -1.0
39554.537061375995, 44, 1.0
39572.13309698531, 75, 1.0
39583.27786172575, 75, -1.0
39595.52443797235, 103, 1.0
