61202.29128316164, 70, -1.0
61202.323279370794, 35, -1.0
61202.39178817193, 26, -1.0
61202.72361879221, 142, 1.0
61203.18671706817, 114, 1.0
61207.15184570961, 114, 1.0
61208.194415852275, 193, -1.0
61212.77979585385, 101, 1.0
61212.89109843182, 103, -1.0
61214.050922453054, 32, -1.0
61214.378340416144, 146, 1.0
61214.48722003416, 126, 1.0
61216.759421590934, 153, 1.0
61217.62441709763, 151, -1.0
61218.523624379006, 100, -1.0
61220.88552070158, 142, -1.0
61222.18344888416, 169, -1.0
61223.4022212421, 46, -1.0
61227.66058715282, 105, -1.0
61231.349121151914, 100, 1.0
61231.709844481724, 155, -1.0
61234.290418965655, 76, -1.0
61234.61253270164, 56, 1.0
61234.78662257859, 82, 1.0
61236.59232987422, 141, -1.0
61237.17141351955, 40, -1.0
61237.23833266646, 107, -1.0
61238.64492527441, 149, 1.0
61239.050585173274, 164, -1.0
61243.5753420534, 60, -1.0
61244.94716161435, 101, 1.0
61245.64181242249, 122, -1.0
61246.24962308943, 97, 1.0
61248.14456375358, 101, 1.0
61248.73959960247, 87, -1.0
61248.86977010812, 82, 1.0
61254.71592426606, 87, -1.0
61256.60602224811, 133, 1.0
61257.608232972736, 26, -1.0
61258.92516519461, 164, -1.0
61260.95203034694, 163, 1.0
61260.955426091816, 163, 1.0
61261.0672565907, 100, -1.0
61263.131907130206, 31, -1.0
61265.15707270252, 142, -1.0
61265.16342481292, 126, -1.0
61266.51206226761, 59, -1.0
61266.958073293135, 53, 1.0
61267.99116001847, 126, -1.0
61269.82047236173, 71, 1.0
61270.67371592005, 53, 1.0
61277.55616133187, 94, -1.0
61277.7545386882, 58, 1.0
61280.1031583977, 87, -1.0
61283.04905252183, 234, 1.0
61285.51755830436, 152, -1.0
61286.92251155043, 42, 1.0
61287.1551260491, 53, 1.0
61287.47231914332, 43, 1.0
61287.6209030784, 42, -1.0
61288.75951655773, 95, 1.0
61289.265651872855, 153, -1.0
61289.38611095392, 147, -1.0
61296.16973933395, 111, 1.0
61297.52457021094, 98, -1.0
61301.50252305756, 92, 1.0
61301.81403152978, 234, -1.0
61305.45520926293, 162, 1.0
61306.04274247247, 182, 1.0
61306.74196347168, 34, -1.0
61306.872230514666, 45, 1.0
61307.50899734251, 182, 1.0
61309.8550191495, 235, -1.0
61310.076137179334, 87, 1.0
61312.440765766376, 34, 1.0
61314.949529731464, 43, -1.0
61315.49307918483, 165, 1.0
61315.502772831576, 158, 1.0
61315.95996347272, 116, 1.0
61316.765506030686, 114, 1.0
61317.795370833985, 90, -1.0
61318.732705978975, 119, -1.0
61320.40430690826, 177, -1.0
61322.1729243673, 45, 1.0
61322.422793451624, 100, -1.0
61322.74398346572, 87, 1.0
61323.74592590266, 102, 1.0
61324.43019931455, 114, 1.0
61324.66188381948, 99, 1.0
61327.29172432206, 188, -1.0
61329.06680126455, 35, 1.0
61329.553468112244, 44, -1.0
61330.38625988804, 235, 1.0
61330.97809458888, 46, -1.0
61332.741084995556, 42, -1.0
61332.793198947584, 84, 1.0
61336.46657021892, 34, -1.0
61337.92847061369, 53, -1.0
61339.356762554504, 169, -1.0
61343.57026452511, 71, -1.0
61344.121724906734, 142, 1.0
61344.49243493442, 89, 1.0
61346.551769965736, 80, 1.0
61347.11413263832, 88, -1.0
61349.915318534375, 161, 1.0
61352.534864556765, 40, -1.0
61354.007425794945, 40, -1.0
61354.43174944334, 141, 1.0
61356.661331930314, 34, 1.0
61358.480094308914, 106, -1.0
61358.749286479615, 73, 1.0
61359.017898622835, 58, 1.0
61360.97175362756, 148, 1.0
61362.393008231506, 146, 1.0
61366.29005503797, 142, -1.0
61369.86037572273, 59, -1.0
61370.74240131153, 118, -1.0
61371.497628106605, 34, 1.0
61373.628990740406, 98, 1.0
61376.761942521174, 116, 1.0
61379.76321414004, 169, -1.0
61383.39624850306, 133, 1.0
61385.95524760947, 108, -1.0
61387.8057081199, 34, -1.0
61388.846946152495, 67, 1.0
61389.682602151865, 107, 1.0
61389.89130633469, 165, -1.0
61391.23735587332, 160, -1.0
61395.95892284391, 83, 1.0
61396.01019961671, 50, 1.0
61396.25761477469, 28, 1.0
61401.44446450576, 105, -1.0
61402.37521240109, 97, 1.0
61403.47196310328, 158, -1.0
61406.470955609446, 41, -1.0
61406.756570889316, 142, 1.0
61407.2755023254, 89, -1.0
61409.13311185532, 67, 1.0
61411.526370087, 45, -1.0
61413.54427724196, 43, -1.0
61413.55940569339, 152, -1.0
61413.59668411374, 142, -1.0
61415.52737855019, 142, 1.0
61416.635798721814, 82, 1.0
61419.010583571355, 177, -1.0
61420.810561083905, 100, 1.0
61425.15729285873, 58, 1.0
61429.54194895941, 116, -1.0
61429.80141268009, 101, -1.0
61431.47417817548, 119, -1.0
61432.301071718015, 155, -1.0
61436.319174507276, 123, 1.0
61436.39683129733, 50, 1.0
61438.72049624669, 48, 1.0
61439.580152720446, 133, -1.0
61440.21426821332, 33, 1.0
61447.05560564064, 105, 1.0
61447.53749033983, 29, 1.0
61447.62450225958, 153, 1.0
61455.408533204914, 117, -1.0
61458.645247569504, 113, 1.0
61461.36782931487, 116, 1.0
61461.51823497145, 68, -1.0
61462.382405811644, 65, -1.0
61462.55272801203, 142, -1.0
61463.22504025392, 162, 1.0
61465.216358365535, 39, 1.0
61466.37400583938, 80, 1.0
61466.86971362857, 101, -1.0
61466.97787379071, 155, -1.0
61468.40893835579, 34, 1.0
61472.180933749805, 80, 1.0
61472.268598484276, 104, -1.0
61480.28619304857, 44, 1.0
61481.461480738624, 58, -1.0
61483.81311316275, 152, -1.0
61485.32755815439, 35, -1.0
61486.77654418509, 130, -1.0
61486.98152780894, 158, 1.0
61492.7650919578, 169, 1.0
61492.97362721723, 59, -1.0
61494.35044120107, 116, 1.0
61495.11176955352, 148, 1.0
61496.38047875728, 34, 1.0
61497.72013396205, 40, -1.0
61498.43109424284, 58, 1.0
61499.3449705868, 81, -1.0
61499.81239765936, 112, 1.0
61500.25108533133, 163, -1.0
61509.379591566096, 62, 1.0
61509.4323735539, 150, -1.0
61510.01666293298, 28, 1.0
61510.84467256788, 173, -1.0
61513.3483859041, 116, 1.0
61514.27696624091, 31, 1.0
61514.59766158046, 133, 1.0
61516.47942723327, 81, 1.0
61518.85626782224, 141, -1.0
61519.14982225412, 33, 1.0
61520.3390815266, 160, -1.0
61521.504943308326, 177, -1.0
61529.027337473104, 44, -1.0
61530.219899679454, 142, -1.0
61537.78831896991, 53, -1.0
61540.2761776138, 110, -1.0
61540.32956366266, 100, -1.0
61540.98137617344, 94, -1.0
61543.41707311599, 114, 1.0
61547.08020974299, 50, -1.0
61549.26460732632, 68, 1.0
61550.111088556, 182, 1.0
61550.34714258296, 148, -1.0
61552.41570374862, 114, 1.0
61553.749367972574, 94, 1.0
61558.43298735907, 68, -1.0
61558.52572382266, 75, 1.0
61558.62623815317, 103, -1.0
61558.64367500518, 33, 1.0
61559.332311965496, 26, 1.0
61561.79878846312, 193, -1.0
61563.47981604312, 28, 1.0
61563.82463245845, 146, -1.0
61564.228037614805, 26, -1.0
61564.789324271325, 98, -1.0
61564.90381868024, 62, -1.0
61566.17333567183, 122, -1.0
61570.83343998745, 202, -1.0
61571.272774795, 56, -1.0
61571.3876526161, 61, 1.0
61572.24965556828, 193, 1.0
61572.44442617463, 39, 1.0
61572.509416808076, 99, 1.0
61575.30311792904, 59, 1.0
61575.740618650045, 83, -1.0
61578.33899837226, 141, 1.0
61578.90323919747, 188, -1.0
61578.99481194166, 157, 1.0
61581.89487935516, 59, -1.0
61582.33321994471, 58, 1.0
61585.25346141488, 155, -1.0
61586.22626705868, 60, -1.0
61586.75926066994, 173, -1.0
61589.43873140383, 76, 1.0
61592.53691610147, 40, -1.0
61593.674135843656, 163, -1.0
61599.31847917843, 104, -1.0
61602.5419359044, 233, 1.0
61604.07974015358, 62, 1.0
61604.22553525999, 70, -1.0
61605.90254265433, 169, 1.0
61605.9379244024, 142, 1.0
61606.10610159856, 40, 1.0
61606.97197990665, 114, 1.0
61608.86597625194, 34, -1.0
61608.95878930577, 92, -1.0
61610.47756992796, 148, -1.0
61613.44144899825, 104, -1.0
61616.82847586738, 100, -1.0
61617.26982792002, 92, -1.0
61618.940633715494, 142, -1.0
61619.700538957906, 45, -1.0
61621.9511270195, 34, 1.0
61623.081180938694, 109, 1.0
61625.842950163016, 32, 1.0
61626.49604455404, 34, 1.0
61626.99883325884, 35, -1.0
61627.95954377777, 92, -1.0
61631.95041737868, 163, 1.0
61632.949903949506, 112, 1.0
61633.53886489944, 149, 1.0
61638.52140052023, 41, -1.0
61639.97787155489, 142, -1.0
61640.4294864207, 71, 1.0
61640.94672418396, 165, 1.0
61641.05716672967, 114, -1.0
61643.72546967152, 188, -1.0
61644.4973698188, 97, -1.0
61646.61924074745, 96, -1.0
61647.46986112563, 116, 1.0
61648.82197252376, 81, -1.0
61655.61269496196, 106, 1.0
61656.80665539397, 59, 1.0
61658.37578683223, 96, -1.0
61659.16402404066, 114, 1.0
61660.51877107761, 64, 1.0
61660.70832012408, 141, 1.0
61663.665431877875, 163, -1.0
61664.32775434204, 58, 1.0
61665.21604240756, 101, 1.0
61665.38713397234, 90, -1.0
61667.2817544324, 101, -1.0
61667.69428942333, 101, -1.0
61669.358952153525, 98, 1.0
61674.028072567846, 58, 1.0
61674.08458939453, 119, 1.0
61676.20597802996, 35, -1.0
61676.627295315884, 169, 1.0
61677.315137219, 142, 1.0
61679.78581287878, 53, 1.0
61682.551267140254, 152, -1.0
61682.57509049482, 97, 1.0
61682.989410189606, 159, 1.0
61685.94665820455, 28, 1.0
61686.66453685935, 71, 1.0
61690.65599330175, 91, -1.0
61693.06167989454, 40, -1.0
61694.20169443504, 114, 1.0
61694.76727763157, 198, -1.0
61696.83433416125, 89, -1.0
61697.54576606379, 92, -1.0
61698.330107872345, 171, 1.0
61700.19788046881, 169, -1.0
61700.798785969004, 187, -1.0
61704.62940942601, 58, 1.0
61716.24160940127, 182, 1.0
61716.91473357344, 31, -1.0
61722.70960608089, 73, 1.0
61724.27172649574, 56, -1.0
61733.368939708584, 169, -1.0
61733.447596280865, 101, 1.0
61734.75253731392, 102, 1.0
61737.59334312579, 101, 1.0
61739.308720740526, 177, 1.0
61742.23236997461, 111, -1.0
61743.948182289074, 162, 1.0
61745.16223420246, 42, -1.0
61746.65906821624, 71, -1.0
61747.3349142245, 80, 1.0
61749.05536381681, 64, -1.0
61750.18785155852, 163, -1.0
61750.641980786415, 42, -1.0
61755.243766723775, 40, -1.0
61756.91935561776, 72, -1.0
61758.947163339224, 114, 1.0
61759.6518143964, 141, 1.0
61759.88504533732, 163, 1.0
61760.40485404576, 119, 1.0
61760.926618220015, 94, -1.0
61761.80749101182, 58, 1.0
61764.235423430444, 116, -1.0
61766.61173042175, 142, 1.0
61767.91591447082, 58, 1.0
61769.10166769608, 146, -1.0
61769.87678185711, 142, -1.0
61773.30868773392, 114, 1.0
61778.98396502037, 107, -1.0
61779.00652821985, 113, 1.0
61782.273730649824, 114, -1.0
61784.04499741287, 58, 1.0
61784.167957539794, 169, -1.0
61784.990438557965, 163, 1.0
61786.51564327877, 74, 1.0
61794.577824353975, 142, -1.0
61795.50113719599, 142, 1.0
61797.99395205036, 114, 1.0
61801.72419714957, 235, 1.0
61802.174786317235, 29, 1.0
61802.377704876286, 94, -1.0
61803.43757785161, 130, -1.0
61804.507329182314, 130, 1.0
61807.729407535466, 101, -1.0
61811.27870249996, 76, 1.0
61812.18998274137, 169, -1.0
61814.47306134333, 161, 1.0
61815.99261125823, 169, 1.0
61816.338799494646, 34, 1.0
61816.86131140616, 169, -1.0
61819.59876619751, 41, -1.0
61820.75598899864, 146, 1.0
61824.49520733561, 76, 1.0
61830.239816404996, 105, -1.0
61831.50471590279, 84, 1.0
61831.997989746975, 169, -1.0
61834.281860200215, 241, 1.0
61837.66486909681, 26, 1.0
61838.59837249059, 58, 1.0
61839.67763600812, 72, -1.0
61839.78165573709, 159, -1.0
61840.892464595214, 166, -1.0
61841.82311477907, 165, -1.0
61841.96953567368, 155, -1.0
61843.42335245336, 177, -1.0
61845.59786204118, 141, -1.0
61845.78802527927, 100, 1.0
61846.33568835245, 163, 1.0
61848.21632030335, 83, -1.0
61848.5449689957, 142, 1.0
61853.00559477647, 34, 1.0
61854.606042841995, 162, 1.0
61858.555284473354, 60, -1.0
61860.12145811278, 100, -1.0
61860.22665506905, 153, -1.0
61860.33784359453, 159, 1.0
61861.53502609106, 153, 1.0
61862.482820105986, 146, 1.0
61864.544175507915, 126, -1.0
61865.04050207173, 128, -1.0
61866.33150856855, 163, 1.0
61868.703149878434, 163, -1.0
61869.03262388893, 86, -1.0
61871.05228552739, 100, -1.0
61872.69212454256, 118, 1.0
61873.50167674813, 123, -1.0
61877.09675413407, 59, -1.0
61877.815937393076, 116, 1.0
61878.58499194881, 82, 1.0
61880.38261069074, 89, -1.0
61882.33192399379, 83, -1.0
61883.76310622914, 59, -1.0
61886.00736735201, 177, 1.0
61887.85148267839, 105, 1.0
61888.04139997366, 34, -1.0
61890.895833581424, 114, -1.0
61892.06588572228, 152, -1.0
61896.45308572655, 103, -1.0
61900.947666671134, 137, 1.0
61904.69283569382, 114, 1.0
61906.4236410857, 167, 1.0
61908.25084931393, 160, -1.0
61910.08822025425, 105, 1.0
61914.40953614894, 40, 1.0
61915.24919960287, 167, 1.0
61917.37564425496, 90, -1.0
61918.60330654921, 32, -1.0
61919.034628822854, 76, -1.0
61919.16124209769, 167, -1.0
61922.60233747328, 162, 1.0
61922.90769837571, 40, 1.0
61923.968405874286, 36, -1.0
61924.3618704056, 157, -1.0
61925.11215115734, 234, 1.0
61929.93937513211, 41, 1.0
61932.66976744242, 58, 1.0
61933.03894279182, 67, -1.0
61933.82567679956, 198, 1.0
61935.59328778056, 57, 1.0
61935.84631447596, 69, 1.0
61936.51609347462, 36, 1.0
61936.74103209131, 82, -1.0
61937.61614726998, 133, -1.0
61938.344985270385, 137, 1.0
61940.41030981759, 141, -1.0
61943.17725696125, 165, 1.0
61945.799182768416, 98, -1.0
61946.055771630694, 27, 1.0
61947.552415940285, 35, -1.0
61949.515889386596, 165, -1.0
61952.43512726803, 96, -1.0
61952.901050357395, 141, -1.0
61953.14047745779, 27, -1.0
61955.798226051484, 48, -1.0
61956.02531771338, 146, 1.0
61958.408367755124, 119, -1.0
61958.500774383625, 27, 1.0
61959.954922095785, 40, -1.0
61960.15684788015, 84, 1.0
61960.661311744494, 165, 1.0
61962.17291656615, 48, 1.0
61964.539608915475, 182, 1.0
61968.80523742709, 44, 1.0
61969.27895437275, 76, -1.0
61970.285570954984, 105, 1.0
61976.087220582864, 40, -1.0
61976.2703566732, 122, -1.0
61976.95263147035, 71, 1.0
61978.66199178076, 166, -1.0
61980.6520115923, 142, 1.0
61982.037708726486, 169, -1.0
61982.83582725865, 163, 1.0
61983.063619751345, 234, 1.0
61985.743492429334, 44, -1.0
61986.95759927104, 33, -1.0
61988.02644778249, 48, -1.0
61989.98625819956, 126, 1.0
61991.61245451432, 130, -1.0
61991.81332341593, 92, 1.0
61991.86071692981, 142, -1.0
61992.72725105651, 100, 1.0
61996.543727436896, 111, -1.0
61998.07246149904, 114, -1.0
62000.24531221422, 73, 1.0
62000.43140794468, 114, 1.0
62011.894276357125, 152, 1.0
62012.822956683725, 87, 1.0
62018.12910801945, 116, 1.0
62018.50452550259, 59, 1.0
62018.5899808291, 58, 1.0
62019.99203633769, 100, 1.0
62020.06927272354, 84, 1.0
62020.08631479374, 114, 1.0
62022.0523207043, 198, 1.0
62027.62831998837, 142, -1.0
62029.22433068008, 163, -1.0
62030.93596055971, 97, 1.0
62035.668695548346, 97, -1.0
62036.00079286135, 137, -1.0
62039.28905238173, 193, 1.0
62042.28279705128, 89, 1.0
62042.89682206367, 27, -1.0
62043.17517972625, 42, 1.0
62044.93060330637, 104, 1.0
62048.203571133236, 142, 1.0
62048.80699921889, 147, -1.0
62049.12822629137, 73, 1.0
62049.942384289796, 80, 1.0
62051.21219995003, 34, 1.0
62052.69882427275, 84, -1.0
62053.75976319944, 101, -1.0
62057.106146096194, 35, 1.0
62057.79232279136, 71, 1.0
62063.60219882502, 155, -1.0
62066.17099081958, 171, -1.0
62067.08179943904, 84, 1.0
62068.58036064918, 26, 1.0
62070.92520880798, 72, -1.0
62071.47642472975, 29, 1.0
62071.94719804471, 182, 1.0
62072.41550546314, 116, 1.0
62073.02629263318, 148, -1.0
62074.368839288225, 75, 1.0
62078.68712065309, 35, -1.0
62078.717097538174, 76, -1.0
62083.198205032764, 161, 1.0
62084.23969910761, 56, -1.0
62084.35136554612, 58, 1.0
62085.3323109868, 188, 1.0
62085.55474355612, 56, -1.0
62087.160001082404, 198, -1.0
62087.76021768099, 130, -1.0
62091.09579959075, 29, -1.0
62097.4848772051, 165, -1.0
62098.48335138055, 85, -1.0
62098.835258020714, 100, -1.0
62099.71176498292, 87, -1.0
62100.15099630711, 84, -1.0
62100.70178650012, 59, 1.0
62101.889957109335, 68, 1.0
62102.12487844101, 84, -1.0
62103.94998907291, 45, -1.0
62104.74407815279, 80, -1.0
62105.523001910304, 45, 1.0
62105.71682050154, 146, 1.0
62105.719105224925, 222, -1.0
62105.742119655246, 39, 1.0
62105.844539531055, 105, -1.0
62109.27968666508, 35, 1.0
62112.35257575475, 98, 1.0
62118.28735543708, 163, -1.0
62118.64413091947, 90, -1.0
62119.11908115352, 114, 1.0
62121.016206572654, 130, -1.0
62124.16600220033, 34, 1.0
62124.344588744534, 40, 1.0
62128.92970696556, 105, 1.0
62128.979996162234, 141, -1.0
62130.06832700962, 177, -1.0
62133.307899352374, 81, 1.0
62134.99214868005, 193, -1.0
62135.64410571617, 235, -1.0
62135.687217610954, 44, -1.0
62136.62124382515, 36, 1.0
62141.48359756373, 75, -1.0
62143.69155099012, 85, 1.0
62143.87743292512, 74, -1.0
62144.56453341043, 114, 1.0
62144.76041591802, 29, 1.0
62145.63096714043, 165, 1.0
62146.35868213625, 148, -1.0
62146.42684961519, 100, 1.0
62151.88661957114, 81, 1.0
62151.99923933999, 105, -1.0
62153.22601803208, 162, 1.0
62154.327133941704, 162, 1.0
62156.59000255696, 86, -1.0
62157.610237233115, 89, 1.0
62158.23074685501, 64, -1.0
62162.36338815833, 61, 1.0
62163.7831342244, 44, 1.0
62165.1250670211, 97, -1.0
62165.26204463429, 103, -1.0
62168.71190109347, 98, -1.0
62170.6955771128, 89, -1.0
62171.346888814725, 80, 1.0
62174.44580511208, 162, 1.0
62177.83257046883, 119, -1.0
62179.29350365929, 41, 1.0
62181.6691865382, 39, 1.0
62184.315204893144, 162, -1.0
62185.74535967664, 109, 1.0
62188.25137130164, 36, -1.0
62188.64595216591, 90, 1.0
62192.89030211307, 76, 1.0
62196.77197539523, 39, 1.0
62199.13524906074, 75, -1.0
62200.98106381271, 119, -1.0
62201.421796068214, 60, 1.0
62202.725500081426, 164, 1.0
62204.20269869354, 142, 1.0
62204.45239541959, 60, -1.0
62205.61664639506, 119, -1.0
62205.783287017795, 105, -1.0
62207.369194411294, 28, 1.0
62212.90573649913, 159, 1.0
62213.430805963944, 142, 1.0
62214.257658924435, 83, 1.0
62214.32835852472, 163, 1.0
62216.951360766136, 123, 1.0
62218.396523182, 148, 1.0
62218.456846192916, 157, -1.0
62219.176922367675, 35, -1.0
62219.44509584976, 162, 1.0
62220.81063352301, 86, -1.0
62220.91809453731, 141, -1.0
62223.0140119827, 234, -1.0
62224.04625539255, 149, -1.0
62224.38298168137, 50, 1.0
62224.84329028518, 116, 1.0
62225.07687781569, 158, 1.0
62225.26376954668, 91, 1.0
62227.142905887886, 69, 1.0
62229.24110508438, 167, -1.0
62231.617908279935, 126, 1.0
62234.69358607437, 28, 1.0
62235.79746588486, 142, -1.0
62237.26386010231, 71, 1.0
62239.18363665537, 173, -1.0
62239.84756880542, 177, 1.0
62240.018384838215, 50, 1.0
62241.67054819828, 65, -1.0
62242.08359913893, 94, -1.0
62243.85637521055, 74, -1.0
62245.815478520664, 165, -1.0
62246.73892873829, 164, -1.0
62247.06108054736, 70, -1.0
62249.871530641685, 80, -1.0
62250.011138670154, 103, -1.0
62251.084147165806, 153, 1.0
62251.108243941744, 92, 1.0
62252.047516749175, 42, -1.0
62252.97255479707, 67, -1.0
62256.075645001576, 29, 1.0
62260.13714727839, 114, -1.0
62260.166443627175, 114, 1.0
62263.541681139155, 29, 1.0
62266.13437352986, 97, -1.0
62266.6721116573, 148, 1.0
62270.700864975835, 177, -1.0
62273.71335848237, 39, 1.0
62275.550066795506, 70, -1.0
62278.13423383214, 158, -1.0
62278.41777070724, 28, 1.0
62279.11115927972, 26, -1.0
62281.639670001, 142, 1.0
62281.917124983745, 163, 1.0
62282.2569728016, 61, -1.0
62283.62379239595, 53, 1.0
62283.817981099564, 52, 1.0
62287.14118336804, 114, 1.0
62288.350966376776, 39, 1.0
62290.61550834466, 42, 1.0
62292.81594164661, 152, -1.0
62293.31302752077, 169, 1.0
62296.36043916981, 173, -1.0
62297.58651615013, 152, -1.0
62297.83944828508, 84, -1.0
62303.558412021564, 108, -1.0
62303.84365480612, 117, 1.0
62304.16728933816, 32, 1.0
62305.896992646165, 119, 1.0
62307.299033002884, 111, 1.0
62313.00271928575, 113, -1.0
62317.015389104214, 99, 1.0
62317.15655764694, 35, -1.0
62321.93811300097, 116, -1.0
62323.18201199554, 34, -1.0
62326.32163570365, 42, 1.0
62327.0783706877, 35, -1.0
62327.71620255969, 32, 1.0
62328.47872268708, 34, 1.0
62330.85334224548, 124, 1.0
62337.24491086427, 141, 1.0
62337.70129219944, 163, -1.0
62338.280256404825, 141, 1.0
62338.68147104352, 105, 1.0
62341.30883720678, 123, 1.0
62342.42206115219, 40, -1.0
62343.58529856134, 29, -1.0
62345.83804934553, 40, -1.0
62346.59913187505, 82, 1.0
62346.856008310104, 122, -1.0
62348.72854135276, 33, 1.0
62349.11614214091, 116, 1.0
62349.767421942925, 71, 1.0
62353.014281377116, 101, 1.0
62357.30953891573, 40, -1.0
62357.459126717375, 146, 1.0
62359.5579706313, 177, 1.0
62362.02150266029, 92, -1.0
62365.007259008766, 128, -1.0
62365.675167110094, 222, 1.0
62369.93335338441, 53, 1.0
62372.17119434331, 152, -1.0
62373.23184649697, 34, 1.0
62378.34260365686, 163, 1.0
62379.476869097045, 116, 1.0
62382.4381808751, 117, 1.0
62382.577942103875, 163, 1.0
62382.94115197876, 152, -1.0
62384.15816479987, 80, 1.0
62384.65712648835, 87, -1.0
62389.34679511729, 75, 1.0
62395.725535503996, 142, 1.0
62396.76138938391, 161, 1.0
62397.61960867295, 164, -1.0
62397.774226629146, 159, 1.0
62399.35781552847, 161, 1.0
62408.74332381876, 51, -1.0
62415.165553121646, 141, 1.0
62421.023161098645, 73, 1.0
62421.752465607344, 37, 1.0
62423.141614273976, 106, -1.0
62423.28280174395, 51, -1.0
62423.366989120535, 84, 1.0
62428.7040098277, 31, 1.0
62429.086435700454, 235, -1.0
62429.118532545326, 198, 1.0
62429.508201613164, 155, -1.0
62429.85938763328, 130, 1.0
62430.0042770659, 30, 1.0
62431.7742473394, 148, -1.0
62433.33307562282, 126, -1.0
62441.29428294512, 50, -1.0
62441.94499967361, 58, 1.0
62443.42608822464, 70, -1.0
62443.55015757021, 113, -1.0
62450.51276653213, 142, 1.0
62451.60176255554, 182, 1.0
62452.32691409712, 165, 1.0
62455.09363337861, 71, 1.0
62455.813875329855, 68, -1.0
62456.15135588163, 58, 1.0
62456.504679949314, 148, 1.0
62456.57569371041, 148, -1.0
62458.72585557531, 71, -1.0
62459.400187063984, 116, -1.0
62460.67862485163, 163, 1.0
62461.97292492861, 34, 1.0
62462.93221011893, 76, -1.0
62465.235299800785, 106, 1.0
62467.48226631226, 193, 1.0
62467.517601436055, 56, -1.0
62467.592623776145, 98, -1.0
62474.29849845495, 129, -1.0
62475.29289869943, 36, 1.0
62476.72951354199, 36, 1.0
62479.85696036277, 159, 1.0
62487.05743848962, 94, -1.0
62488.756511057465, 85, -1.0
62494.757511427015, 114, 1.0
62495.10918547755, 181, -1.0
62496.64586394902, 141, 1.0
62497.47902817096, 119, -1.0
62498.32645860824, 108, -1.0
62499.98372404544, 160, -1.0
62501.27663743938, 50, -1.0
62502.71756577667, 113, 1.0
62505.37779152499, 37, -1.0
62508.0382483476, 87, 1.0
62511.320182701646, 28, -1.0
62513.018892421685, 111, -1.0
62517.211896418696, 84, 1.0
62519.84717721892, 153, 1.0
62524.183149980105, 163, 1.0
62525.81638183889, 56, -1.0
62526.84810823204, 142, -1.0
62530.28114219478, 76, 1.0
62531.86789614388, 92, 1.0
62532.03926712925, 188, -1.0
62533.00730572719, 187, -1.0
62533.0401768574, 35, 1.0
62539.873457368674, 222, 1.0
62539.93124595301, 53, -1.0
62541.146732299545, 98, -1.0
62541.3903821634, 241, 1.0
62542.6110320926, 141, -1.0
62544.89030967487, 42, -1.0
62545.13815956231, 119, -1.0
62545.710675160146, 97, -1.0
62547.38180713353, 29, -1.0
62548.085078834585, 50, -1.0
62548.80861712366, 116, -1.0
62549.28090838056, 169, -1.0
62549.848350406624, 67, -1.0
62551.45599657967, 124, 1.0
62553.40382492971, 37, 1.0
62556.41179002663, 198, 1.0
62556.423479523786, 59, -1.0
62557.47009510045, 98, -1.0
62559.05791972131, 119, -1.0
62562.95854619989, 35, -1.0
62563.28934599196, 71, 1.0
62565.04280034, 46, -1.0
62565.37908461804, 137, 1.0
62565.48304393096, 165, -1.0
62567.6380007298, 157, 1.0
62571.131458856464, 122, -1.0
62571.748996409435, 40, 1.0
62572.0952062451, 124, 1.0
62572.830008304765, 148, -1.0
62579.61795476522, 97, -1.0
62581.009238576284, 67, -1.0
62581.17865593743, 59, -1.0
62590.10670650465, 35, -1.0
62590.27723313347, 113, -1.0
62592.484578145406, 31, -1.0
62595.95932393913, 222, 1.0
62596.31915698367, 60, 1.0
62597.77437676754, 114, 1.0
62598.44593762572, 40, -1.0
62599.90698291748, 148, -1.0
62601.51517946565, 142, 1.0
62602.321816648844, 80, -1.0
62604.63233371101, 86, 1.0
62605.18635032085, 98, 1.0
62606.755954450295, 85, -1.0
62606.89013589906, 123, 1.0
62615.43544878862, 193, -1.0
62616.43612513589, 58, 1.0
62618.54377750181, 141, -1.0
62618.97899324579, 133, 1.0
62619.4058451889, 76, -1.0
62620.56487407161, 28, 1.0
62621.33377534298, 87, 1.0
62622.59021385306, 50, 1.0
62626.00794175704, 126, 1.0
62626.08108383595, 101, 1.0
62626.522062237724, 155, -1.0
62627.416349306484, 65, -1.0
62629.601606681914, 75, 1.0
62630.40631083435, 182, -1.0
62631.17594823417, 96, 1.0
62632.11190425349, 61, 1.0
62634.75103494126, 27, 1.0
62635.10472153698, 75, 1.0
62635.97414236229, 67, -1.0
62637.119991918844, 161, 1.0
62638.455069468924, 84, -1.0
62640.75695067577, 43, -1.0
62641.11872865562, 141, 1.0
62643.95121847819, 130, -1.0
62647.850326286236, 193, -1.0
62648.4660589592, 50, 1.0
62649.10191613481, 71, 1.0
62649.436826337886, 159, 1.0
62649.903526522554, 81, 1.0
62650.120561646734, 58, 1.0
62650.72054747411, 36, -1.0
62652.015148466046, 76, -1.0
62654.892223018185, 84, -1.0
62655.56611752254, 114, 1.0
62661.16528975702, 152, -1.0
62664.29389080964, 157, 1.0
62664.48922693565, 162, 1.0
62666.59858124175, 61, -1.0
62667.83759065238, 42, -1.0
62667.94060611196, 40, -1.0
62669.775426632645, 40, -1.0
62669.807473168716, 169, 1.0
62670.67428312582, 158, -1.0
62671.113701375965, 130, -1.0
62672.22194661681, 116, 1.0
62673.785671993486, 98, 1.0
62674.44654876099, 45, 1.0
62674.487063146255, 32, -1.0
62676.81471145047, 80, 1.0
62679.214803707524, 114, 1.0
62679.62217971686, 119, -1.0
62680.4302965518, 105, -1.0
62682.569220912505, 58, -1.0
62682.644953648756, 188, -1.0
62683.07756683267, 110, 1.0
62689.287633033004, 92, -1.0
62689.59382256381, 87, 1.0
62691.05125880602, 97, 1.0
62692.32050254193, 105, 1.0
62694.3835871295, 120, 1.0
62696.938974868, 90, 1.0
62700.48777466351, 114, 1.0
62701.596373334476, 119, -1.0
62701.72488144796, 91, 1.0
62706.940728497815, 164, -1.0
62707.48639470722, 165, 1.0
62714.10739440559, 235, 1.0
62714.451104934684, 167, -1.0
62723.79616813133, 44, -1.0
62728.55463390118, 148, -1.0
62729.716022799825, 163, 1.0
62731.71988656634, 117, -1.0
62733.014867497994, 65, -1.0
62734.68653465387, 103, -1.0
62735.9865872916, 90, -1.0
62736.07761549839, 142, -1.0
62738.21820473029, 101, 1.0
62738.71485873263, 111, 1.0
62739.58275098732, 119, 1.0
62744.41017655262, 101, 1.0
62746.113882792204, 26, 1.0
62749.628995230356, 139, 1.0
62750.19056411747, 81, -1.0
62750.648740588396, 92, 1.0
62750.851980433916, 126, 1.0
62752.60943697798, 158, -1.0
62753.16560458258, 141, 1.0
62754.931580747, 114, -1.0
62757.41279008578, 163, 1.0
62758.54180538208, 187, -1.0
62761.86434075606, 36, -1.0
62761.95959889905, 142, -1.0
62762.517659369485, 74, 1.0
62764.03858187018, 91, -1.0
62764.10998764595, 113, -1.0
62764.75791782401, 116, 1.0
62765.56431723059, 160, -1.0
62766.424577166435, 74, 1.0
62769.27985172447, 103, -1.0
62769.290061165855, 159, -1.0
62769.382295830386, 202, -1.0
62770.885343254115, 116, 1.0
62770.9399521295, 182, -1.0
62774.02968600682, 66, -1.0
62774.058036114846, 100, 1.0
62774.22816168185, 85, 1.0
62774.722585128024, 142, 1.0
62777.20226280179, 148, 1.0
62778.56608224538, 31, -1.0
62778.78889403787, 32, -1.0
62780.55781576883, 41, 1.0
62780.63939956653, 165, -1.0
62781.12898163302, 101, 1.0
62783.74687566032, 34, 1.0
62783.892063523796, 89, 1.0
62785.303786214376, 69, 1.0
62786.61241767905, 34, 1.0
62791.76203231829, 128, -1.0
62792.51792053032, 110, 1.0
62793.23282311481, 72, -1.0
62793.818921743994, 45, -1.0
62793.955234789864, 50, 1.0
62794.48909439013, 182, 1.0
62795.73155845178, 122, 1.0
62796.35122555952, 52, 1.0
62799.55339985047, 45, 1.0
62800.06318759968, 27, 1.0
62800.71547358681, 188, -1.0
62803.04036050382, 148, -1.0
62809.1728042919, 106, -1.0
62809.53137371317, 133, -1.0
62810.445684020386, 44, 1.0
62812.911085606, 101, -1.0
62812.96271308674, 123, 1.0
62813.646527835495, 162, 1.0
62814.93785783304, 67, -1.0
62819.59659714505, 167, 1.0
62822.29691547762, 97, 1.0
62822.83649488788, 105, -1.0
62822.97671476015, 110, 1.0
62823.9739391833, 84, 1.0
62824.26686873398, 44, -1.0
62824.571598544506, 163, 1.0
62825.11790563199, 193, -1.0
62829.42130480814, 111, -1.0
62829.73590829212, 34, 1.0
62830.70885794782, 56, -1.0
62830.97015971564, 114, 1.0
62832.23515577889, 142, 1.0
62835.542056481674, 56, 1.0
62836.91343072366, 105, -1.0
62838.08648583392, 88, -1.0
62839.860280196146, 198, 1.0
62841.34016209296, 169, -1.0
62844.61505919462, 160, -1.0
62847.26785258253, 26, 1.0
62848.42907569179, 64, -1.0
62848.706517206854, 234, 1.0
62848.85164964565, 35, 1.0
62849.30314686109, 167, 1.0
62849.44147171752, 114, 1.0
62853.93613644765, 153, -1.0
62856.98948071825, 130, -1.0
62863.915247425364, 71, -1.0
62864.976214834736, 148, 1.0
62866.02949897697, 182, 1.0
62867.15361971402, 50, 1.0
62867.94516603674, 119, 1.0
62869.5020384643, 165, 1.0
62870.07577889714, 167, -1.0
62871.69821865495, 159, 1.0
62872.03806967073, 92, 1.0
62876.222562305586, 119, -1.0
62883.32853445408, 167, -1.0
62886.560880229365, 122, -1.0
62887.983809160636, 74, -1.0
62888.84643404857, 114, -1.0
62889.68663827921, 69, -1.0
62890.03431895132, 28, -1.0
62894.2508713847, 163, 1.0
62894.34994567514, 116, 1.0
62895.725323783234, 71, 1.0
62895.91221492206, 165, -1.0
62896.89761378266, 167, 1.0
62901.80684946128, 70, -1.0
62902.14150234115, 193, -1.0
62904.3738846365, 76, -1.0
62908.52312613409, 163, 1.0
62911.6447767644, 114, -1.0
62914.40065333134, 82, -1.0
62914.69026687452, 99, 1.0
62914.73250038696, 162, 1.0
62916.29467369327, 92, -1.0
62918.64280997061, 164, -1.0
62919.588506942644, 222, 1.0
62920.03418006358, 42, 1.0
62920.907942516424, 48, -1.0
62923.09909041876, 96, -1.0
62926.57481456205, 146, 1.0
62930.12500645872, 87, 1.0
62930.511347022024, 59, 1.0
62933.66077569051, 165, -1.0
62933.76414100013, 28, -1.0
62934.07326269135, 87, 1.0
62936.72011153234, 241, 1.0
62938.25148007762, 34, -1.0
62939.06966985643, 59, 1.0
62944.0210816708, 58, 1.0
62946.16810556262, 230, 1.0
62951.71373912006, 167, -1.0
62952.34807225533, 88, 1.0
62952.5842147074, 43, 1.0
62953.57405138371, 76, -1.0
62955.95379731656, 32, 1.0
62958.4357569213, 182, 1.0
62958.73901458514, 76, -1.0
62959.67149722045, 35, -1.0
62960.55528277183, 50, -1.0
62964.838270393855, 151, -1.0
62965.243209998865, 162, -1.0
62972.4695171531, 141, 1.0
62980.25450726143, 95, -1.0
62982.74801746977, 32, -1.0
62985.75452082083, 163, 1.0
62987.48266987331, 87, -1.0
62987.697011622, 76, -1.0
62990.0071780463, 67, -1.0
62991.57773782495, 153, -1.0
62994.093496182424, 40, -1.0
62998.11904016442, 42, -1.0
62998.92333256893, 105, 1.0
62999.07002618851, 193, 1.0
62999.11927520672, 111, -1.0
63004.858580522356, 97, 1.0
63006.11203703849, 157, -1.0
63007.271315000755, 124, 1.0
63007.71222947135, 27, -1.0
63007.73868466377, 41, 1.0
63009.43678030435, 133, -1.0
63015.66603870648, 165, -1.0
63015.670151555314, 100, 1.0
63017.80508338243, 40, 1.0
63018.797435665576, 26, 1.0
63018.865643811754, 83, -1.0
63020.60208794647, 234, -1.0
63025.545328843335, 166, -1.0
63027.45637257842, 69, -1.0
63031.28205833107, 33, 1.0
63035.4814945056, 104, -1.0
63035.561456623545, 75, 1.0
63038.397055327885, 31, -1.0
63039.16785648631, 122, -1.0
63041.41934042536, 164, 1.0
63043.54557331665, 113, -1.0
63048.1356598074, 40, -1.0
63050.39983478821, 146, 1.0
63051.60259589636, 165, 1.0
63053.868001001145, 123, 1.0
63057.45144632904, 122, 1.0
63057.557741475, 116, -1.0
63058.89029831598, 80, 1.0
63060.86537089906, 53, 1.0
63063.24392631107, 62, -1.0
63064.60200310304, 161, 1.0
63066.472931173405, 59, -1.0
63067.20875994018, 101, -1.0
63068.062836820376, 84, -1.0
63070.29072637341, 67, -1.0
63071.23039266894, 193, -1.0
63072.29263331737, 59, 1.0
63073.954260075865, 142, -1.0
63075.335532794816, 148, -1.0
63075.53849967753, 182, -1.0
63077.78419940952, 114, 1.0
63078.26810543204, 161, -1.0
63078.906412646946, 100, -1.0
63080.36111365829, 74, -1.0
63080.36426789306, 163, 1.0
63081.871104475445, 34, -1.0
63084.89988716573, 45, -1.0
63085.174858780716, 126, -1.0
63087.095023325164, 106, -1.0
63087.71407292493, 57, 1.0
63087.97279433458, 40, 1.0
63089.4655853381, 75, 1.0
63091.47616172902, 148, -1.0
63091.92459275912, 92, -1.0
63096.556114120525, 101, 1.0
63097.53425803698, 234, 1.0
63098.506364744804, 152, -1.0
63100.35044504883, 66, -1.0
63105.29229839365, 87, -1.0
63107.81557031198, 64, -1.0
63108.86207308229, 164, -1.0
63112.88726805819, 28, 1.0
63113.69171803244, 56, -1.0
63114.329186717, 162, 1.0
63118.310539389655, 141, 1.0
63119.3338802422, 108, -1.0
63120.2054236995, 149, -1.0
63120.38601948635, 48, -1.0
63122.28983710479, 95, -1.0
63124.638440929004, 163, -1.0
63125.80999915605, 27, -1.0
63126.193461473835, 233, -1.0
63126.878020190634, 117, 1.0
63128.021032316254, 88, 1.0
63128.31052942959, 126, 1.0
63129.29976128093, 40, -1.0
63129.30095136925, 114, -1.0
63133.26102204162, 100, 1.0
63134.4386039272, 163, 1.0
63137.10571293727, 60, -1.0
63137.836683392976, 128, 1.0
63144.52797398788, 130, -1.0
63146.39626578745, 159, 1.0
63146.8343978191, 141, 1.0
63149.061794996815, 26, -1.0
63149.48688873374, 46, -1.0
63150.256214369736, 95, 1.0
63151.02721586384, 64, -1.0
63153.544583720824, 169, -1.0
63154.08489173194, 59, -1.0
63157.94835796306, 81, 1.0
63161.8585663725, 87, 1.0
63166.16277100448, 87, -1.0
63169.21383909124, 101, -1.0
63172.84308728376, 163, 1.0
63173.637672750905, 153, 1.0
63175.564175211315, 82, -1.0
63175.593327596805, 59, 1.0
63176.96274013285, 163, 1.0
63177.185062106124, 177, -1.0
63182.181897120085, 159, -1.0
63182.539341535106, 153, -1.0
63188.07907515701, 89, 1.0
63188.26133058064, 130, 1.0
63188.585634582254, 152, -1.0
63188.873632162, 142, 1.0
63190.97613464841, 163, -1.0
63192.49882620312, 147, 1.0
63194.241328588985, 92, 1.0
63195.580082838234, 142, 1.0
63196.765991183165, 83, 1.0
63198.47264199536, 150, -1.0
63198.494521753106, 160, -1.0
63208.43022738428, 119, -1.0
63208.55889100726, 69, -1.0
63212.436156803225, 96, -1.0
63219.6977082362, 85, -1.0
63221.10084411891, 101, 1.0
63222.77333453348, 35, -1.0
63223.493348609314, 168, -1.0
63224.567587349, 60, 1.0
63225.268483942025, 137, 1.0
63229.90103362621, 114, 1.0
63230.33897734548, 114, 1.0
63233.13148056222, 87, 1.0
63233.633175881594, 166, -1.0
63237.5885810949, 169, -1.0
63240.19806172798, 82, 1.0
63240.264486556014, 159, 1.0
63241.79134314832, 171, 1.0
63243.02559629344, 202, -1.0
63244.28382914736, 84, 1.0
63245.11765053944, 75, 1.0
63245.381265016724, 158, -1.0
63247.412100428, 198, 1.0
63251.12867352164, 81, 1.0
63252.47863268223, 58, 1.0
63252.73553087861, 162, 1.0
63253.85604319838, 114, 1.0
63256.59432215924, 84, 1.0
63258.19783697088, 37, -1.0
63258.8438593272, 141, 1.0
63262.13708040675, 142, 1.0
63262.57264760289, 46, 1.0
63263.86264017065, 162, 1.0
63269.326104182466, 147, -1.0
63270.84228055761, 82, 1.0
63276.53463385458, 202, -1.0
63279.615773508966, 33, 1.0
63279.874918172565, 73, 1.0
63287.16648737358, 34, 1.0
63287.83745787539, 95, -1.0
63289.772168303985, 29, -1.0
63293.61676168198, 50, 1.0
63294.720912659875, 188, -1.0
63294.884213424724, 80, -1.0
63296.49881537259, 123, 1.0
63296.69847083929, 33, 1.0
63298.32160969126, 116, -1.0
63301.06913261869, 228, 1.0
63303.96581473967, 116, -1.0
63305.59405963885, 68, 1.0
63305.69370381853, 28, -1.0
63308.930998733784, 101, 1.0
63313.745460468504, 159, -1.0
63314.67841212712, 99, -1.0
63314.92397843241, 193, -1.0
63316.0478819914, 173, -1.0
63316.14202851736, 173, -1.0
63317.01253199582, 162, -1.0
63318.483643418425, 159, -1.0
63318.63085163611, 165, -1.0
63319.6900178536, 163, 1.0
63320.033827799576, 193, -1.0
63321.28092226533, 72, -1.0
63323.67477647865, 222, -1.0
63323.72752205923, 27, 1.0
63324.35974019228, 167, 1.0
63324.69084187143, 130, -1.0
63327.79586861174, 111, 1.0
63328.784976760355, 80, -1.0
63330.194758845115, 45, 1.0
63331.1835555516, 95, 1.0
63333.40264743515, 158, -1.0
63335.89415772651, 137, 1.0
63337.261985965335, 162, -1.0
63339.26046349255, 97, 1.0
63340.85317328875, 58, 1.0
63344.6552649086, 105, 1.0
63347.18558840402, 80, 1.0
63348.0014015136, 154, 1.0
63349.26389143802, 123, -1.0
63349.94528411028, 163, -1.0
63350.77310578538, 68, -1.0
63352.27901300848, 182, -1.0
63352.89454413614, 41, 1.0
63354.256368126626, 96, -1.0
63357.15141532895, 153, 1.0
63357.29589334081, 165, 1.0
63361.86914631773, 98, -1.0
63362.15726284518, 87, -1.0
63362.313546345395, 105, 1.0
63363.659345013664, 101, 1.0
63363.82116578436, 114, 1.0
63364.26769083776, 177, 1.0
63364.36397663635, 72, -1.0
63366.29673939377, 35, -1.0
63368.478524520295, 76, -1.0
63368.622938091845, 163, -1.0
63369.00681800424, 31, -1.0
63369.371565642934, 101, 1.0
63371.94893471711, 40, -1.0
63371.970400761, 60, -1.0
63372.31685502466, 64, 1.0
63372.53443004102, 181, -1.0
63378.03821871931, 60, -1.0
63384.12075861265, 30, 1.0
63389.329839772974, 80, 1.0
63389.68397675702, 163, 1.0
63393.59182921758, 193, -1.0
63393.7555287852, 162, 1.0
63394.647731495745, 165, 1.0
63397.498191246086, 155, 1.0
63404.22189662786, 56, -1.0
63408.68924074945, 116, 1.0
63409.438213652335, 110, 1.0
63413.30939845224, 35, 1.0
63414.33633739938, 116, 1.0
63414.54695564724, 150, -1.0
63415.4402127315, 133, -1.0
63416.256242427364, 101, -1.0
63419.74828431213, 142, 1.0
63420.340148562085, 94, -1.0
63424.48285662013, 35, -1.0
63428.20124844095, 162, -1.0
63428.88968080104, 163, 1.0
63439.6099196512, 36, 1.0
63440.34188530661, 116, 1.0
63444.08502534265, 71, -1.0
63450.106313718075, 99, 1.0
63451.29191284216, 45, 1.0
63452.24043702107, 82, 1.0
63453.85925673875, 142, 1.0
63454.12688799053, 106, -1.0
63458.34981618628, 114, 1.0
63458.618780912955, 98, -1.0
63467.03804345617, 133, 1.0
63468.62863869887, 101, -1.0
63471.76220586221, 162, 1.0
63471.872889023085, 28, 1.0
63472.07476235781, 34, -1.0
63472.2659460497, 114, 1.0
63472.84012266252, 114, 1.0
63475.205349147676, 87, 1.0
63481.27333956238, 159, -1.0
63482.82078249874, 198, 1.0
63483.10939664347, 159, 1.0
63484.566924121194, 146, -1.0
63487.118174769304, 83, 1.0
63488.133408308684, 163, 1.0
63488.48848348914, 107, 1.0
63494.625161327014, 74, -1.0
63494.81514693185, 163, 1.0
63495.95871204053, 69, -1.0
63496.0302826925, 109, 1.0
63496.43404764054, 34, -1.0
63499.41721647153, 101, 1.0
63502.22907246917, 118, -1.0
63502.311834914304, 97, 1.0
63502.883494770256, 59, 1.0
63503.24230650726, 73, 1.0
63503.52459939424, 40, -1.0
63504.454951495194, 26, 1.0
63505.05324442592, 58, 1.0
63507.29837078309, 67, 1.0
63507.43394755893, 169, -1.0
63509.21577217799, 177, 1.0
63511.52753388178, 59, 1.0
63512.102396753675, 60, -1.0
63512.78626492394, 158, -1.0
63514.628579081575, 90, -1.0
63516.43597027375, 28, 1.0
63519.144679800294, 54, -1.0
63519.612336870836, 61, -1.0
63523.066244106914, 100, 1.0
63525.21811082249, 114, -1.0
63526.26732614901, 50, 1.0
63529.47223132075, 74, -1.0
63536.79085827416, 146, 1.0
63537.09045643039, 28, 1.0
63538.58855371001, 42, 1.0
63539.34589819252, 193, -1.0
63546.980440538835, 43, -1.0
63547.96953808674, 83, 1.0
63550.598872409435, 128, -1.0
63551.24179173213, 80, 1.0
63551.787882139586, 126, -1.0
63551.83235772674, 141, 1.0
63554.67900412558, 53, -1.0
63556.51102997367, 35, 1.0
63558.56528259161, 74, -1.0
63559.03739200951, 90, 1.0
63562.571305311, 44, 1.0
63562.77191063323, 35, -1.0
63564.63334829924, 28, 1.0
63565.648971607414, 116, 1.0
63565.92681014809, 142, 1.0
63567.020977073, 167, -1.0
63567.32029480022, 114, 1.0
63568.98565277495, 74, -1.0
63569.61771366732, 177, 1.0
63570.569690755736, 116, 1.0
63572.46307399866, 29, 1.0
63572.53754058776, 43, -1.0
63572.7086565239, 142, -1.0
63576.10116716553, 100, -1.0
63578.5979629987, 61, -1.0
63579.88584179161, 171, -1.0
63582.21330140988, 34, 1.0
63587.05550793941, 193, -1.0
63587.54804464645, 100, -1.0
63588.68827924956, 53, 1.0
63589.68802921185, 74, -1.0
63591.04799499065, 87, 1.0
63591.548672741716, 101, -1.0
63592.60705766181, 114, 1.0
63592.77934505008, 35, -1.0
63593.94652220665, 142, 1.0
63596.81258523202, 52, 1.0
63598.58268910774, 44, -1.0
63601.57951010067, 59, 1.0
63602.06653908604, 141, -1.0
63602.7229376565, 158, -1.0
63602.84254021396, 162, 1.0
63603.56305697866, 114, 1.0
63604.25850147906, 83, -1.0
63607.619770966514, 29, -1.0
63611.35609376691, 111, 1.0
63615.38294260879, 76, -1.0
63616.17789624845, 44, 1.0
63617.25983739911, 39, 1.0
63618.48121873052, 104, -1.0
63619.10511986789, 80, -1.0
63620.90263766009, 68, -1.0
63622.06200709369, 68, 1.0
63622.85826612916, 26, -1.0
63625.641984330214, 116, 1.0
63626.40122520282, 39, 1.0
63628.290321022, 159, -1.0
63630.06322635557, 100, -1.0
63636.390050150294, 40, 1.0
63636.632771757206, 89, -1.0
63641.69472051843, 54, -1.0
63644.02461709635, 84, 1.0
63645.1784005494, 169, 1.0
63648.266499164114, 137, 1.0
63652.375652287315, 161, 1.0
63653.177368742865, 53, 1.0
63655.69860506877, 171, -1.0
63660.41311694101, 70, -1.0
63661.14419216508, 28, -1.0
63661.16365619239, 59, -1.0
63662.08513301254, 59, -1.0
63662.61768951916, 110, -1.0
63663.426411463464, 57, 1.0
63663.50133102003, 35, 1.0
63663.99875204186, 35, 1.0
63664.03143584424, 33, -1.0
63664.4585011374, 87, 1.0
63664.464944480926, 64, -1.0
63664.83574792537, 167, -1.0
63668.072210281025, 75, 1.0
63669.59312223798, 88, -1.0
63670.03920632314, 241, 1.0
63670.52077394221, 95, 1.0
63671.94268663808, 152, 1.0
63672.35221568949, 169, 1.0
63672.72255847799, 182, -1.0
63672.73304886178, 230, -1.0
63673.71378890814, 128, -1.0
63676.211404929425, 76, -1.0
63680.52203486105, 37, -1.0
63681.59387987934, 148, -1.0
63681.93061930864, 39, -1.0
63682.62098582913, 81, 1.0
63683.309776682145, 162, 1.0
63683.464628082795, 142, 1.0
63686.75094810745, 76, -1.0
63689.40652261223, 39, 1.0
63691.18208060657, 32, 1.0
63692.7867627771, 97, -1.0
63696.03406230647, 91, -1.0
63696.50499999182, 162, 1.0
63698.120789871566, 80, -1.0
63701.739167121734, 76, 1.0
63702.279898272485, 164, -1.0
63704.3364217673, 159, -1.0
63707.2596190882, 146, 1.0
63708.652706690744, 230, 1.0
63708.84449140903, 37, -1.0
63712.61771875089, 40, -1.0
63713.12864902032, 146, 1.0
63715.6353033005, 61, -1.0
63721.67105941521, 29, 1.0
63723.730193212454, 53, -1.0
63724.68430644189, 50, -1.0
63725.83429806441, 153, 1.0
63728.92908761425, 26, -1.0
63729.10958736087, 116, 1.0
63730.20641595387, 44, -1.0
63731.60084731635, 62, -1.0
63732.788106055974, 43, -1.0
63732.835293391996, 58, 1.0
63733.91567892631, 142, 1.0
63734.29899065944, 177, -1.0
63735.971487778705, 75, 1.0
63738.07730589402, 153, 1.0
63740.26221543961, 114, 1.0
63740.40465220754, 32, -1.0
63740.752676966964, 35, -1.0
63741.535827775835, 159, 1.0
63742.99860752487, 177, 1.0
63745.17168752702, 163, 1.0
63746.1655492063, 165, 1.0
63746.71590507325, 41, 1.0
63748.638888929505, 64, -1.0
63749.35780730856, 153, 1.0
63750.75793262681, 165, -1.0
63751.72909902534, 92, -1.0
63752.3439152933, 152, 1.0
63752.9175833854, 40, -1.0
63753.515201257156, 96, -1.0
63758.0725978258, 82, -1.0
63758.361835247284, 152, -1.0
63758.56810323738, 153, 1.0
63759.46679763684, 64, 1.0
63762.09611479408, 90, -1.0
63762.66652380982, 151, -1.0
63764.954346118546, 119, 1.0
63769.844029275206, 137, 1.0
63771.5765192957, 110, 1.0
63773.864511171516, 162, 1.0
63775.668347797764, 167, -1.0
63779.36406704593, 111, -1.0
63783.18062815619, 124, 1.0
63788.809816386165, 59, -1.0
63791.199073497, 81, 1.0
63797.461420581305, 80, 1.0
63798.0474366778, 54, -1.0
63805.52146160435, 149, -1.0
63807.22648183827, 124, 1.0
63811.16163895268, 67, -1.0
63811.3496202183, 230, -1.0
63812.576399781436, 67, -1.0
63812.894189880506, 58, 1.0
63815.170289246904, 169, -1.0
63815.8573760772, 165, -1.0
63816.70183344692, 108, 1.0
63816.942126508104, 137, -1.0
63818.07256187821, 64, -1.0
63822.85430708595, 193, -1.0
63824.12440448896, 97, 1.0
63828.01401483574, 34, 1.0
63829.688923191294, 71, -1.0
63830.93969236199, 26, -1.0
63833.6200041489, 90, 1.0
63835.13445732116, 126, 1.0
63836.857645452816, 162, 1.0
63836.94954712018, 92, -1.0
63838.87282450748, 88, -1.0
63842.9429487906, 114, -1.0
63845.29556785666, 114, -1.0
63845.51126554689, 46, -1.0
63846.68925772216, 35, 1.0
63846.72189921939, 33, -1.0
63850.664737907144, 45, -1.0
63850.77697721731, 87, -1.0
63852.606656252035, 123, -1.0
63854.40074847233, 137, -1.0
63854.6898484067, 146, -1.0
63855.07271601105, 198, 1.0
63855.46110817189, 36, 1.0
63856.713791344264, 233, 1.0
63858.01942154515, 126, 1.0
63862.24074931662, 75, 1.0
63867.302003858575, 59, 1.0
63867.35862154093, 101, 1.0
63868.05729785806, 163, 1.0
63870.867412859676, 76, -1.0
63873.62220144002, 67, -1.0
63875.8703137204, 116, 1.0
63876.12769036397, 95, -1.0
63876.26370458945, 193, -1.0
63877.295340453136, 28, -1.0
63878.003705300696, 69, -1.0
63878.12930140282, 50, -1.0
63878.26733343973, 80, -1.0
63884.90096011144, 97, -1.0
63885.78250459654, 37, 1.0
63886.6538492497, 41, -1.0
63889.86580476464, 83, -1.0
63889.97777363538, 80, -1.0
63890.71564205514, 68, 1.0
63891.98973133312, 241, 1.0
63892.734624615434, 123, -1.0
63893.43800077941, 171, -1.0
63911.883820973664, 43, -1.0
63919.14142172166, 146, -1.0
63923.33489447417, 34, -1.0
63928.700191001604, 98, -1.0
63930.52583390919, 109, 1.0
63930.65466770003, 163, 1.0
63931.46147192761, 27, 1.0
63932.30561215839, 80, 1.0
63932.374697507286, 28, 1.0
63932.418828623915, 141, -1.0
63932.42122513596, 100, 1.0
63932.75181548559, 39, 1.0
63932.8254559293, 164, 1.0
63933.46770744, 100, -1.0
63933.94504209399, 97, -1.0
63938.691939179655, 222, -1.0
63939.791443256785, 26, 1.0
63942.00648968759, 82, -1.0
63945.58612728963, 146, 1.0
63946.13410692785, 83, 1.0
63946.322021217326, 109, -1.0
63947.66876729503, 53, -1.0
63948.03398737437, 120, -1.0
63949.32291057402, 84, 1.0
63952.01776545996, 116, 1.0
63952.91765316898, 75, -1.0
63952.97116947774, 41, 1.0
63953.711311186205, 43, 1.0
63953.95479846869, 40, -1.0
63954.96129090865, 100, -1.0
63958.4311409737, 100, -1.0
63958.83882992902, 44, 1.0
63961.182431601075, 81, 1.0
63962.07708974059, 108, -1.0
63963.17642248773, 165, 1.0
63965.12652924871, 58, 1.0
63977.21571240334, 89, -1.0
63978.04804739513, 67, -1.0
63982.533022289106, 80, -1.0
63984.53144783606, 164, -1.0
63984.7636925208, 35, -1.0
63984.77504054748, 28, -1.0
63986.75193159087, 43, -1.0
63987.990023340164, 46, -1.0
63991.46774269222, 116, 1.0
63999.33222420556, 71, 1.0
64000.28631285419, 50, 1.0
64001.139836764174, 108, -1.0
64005.01420108222, 233, -1.0
64006.999546112056, 97, 1.0
64007.9998721561, 157, 1.0
64008.57130566157, 69, 1.0
64010.19990101441, 164, 1.0
64011.18768673579, 101, -1.0
64011.717698574874, 126, -1.0
64014.507333046226, 31, -1.0
64015.336380098124, 84, 1.0
64015.58795548884, 83, 1.0
64018.0777775216, 94, -1.0
64019.67216288271, 67, 1.0
64020.38988783796, 146, 1.0
64027.24611648045, 87, 1.0
64028.147867030086, 118, 1.0
64029.742823959525, 157, 1.0
64033.57711422322, 31, 1.0
64033.91028451003, 100, 1.0
64038.43264085629, 41, -1.0
64038.70734396021, 100, -1.0
64038.798419740095, 43, -1.0
64040.62322847591, 69, -1.0
64044.22034108625, 158, -1.0
64045.36940064871, 68, -1.0
64046.266888222, 28, -1.0
64047.20748598748, 166, -1.0
64052.017813372884, 116, 1.0
64052.52056229488, 105, 1.0
64054.00934066521, 34, -1.0
64055.9497029615, 110, -1.0
64056.07127559721, 35, 1.0
64056.382424598494, 82, -1.0
64057.41404424079, 87, 1.0
64059.03113687175, 59, -1.0
64060.13189567491, 92, -1.0
64062.49866775043, 56, -1.0
64062.705555776134, 230, -1.0
64063.25433717465, 26, -1.0
64063.52700496192, 46, -1.0
64064.62996419911, 142, -1.0
64067.2238672089, 90, 1.0
64067.81860623333, 114, 1.0
64068.666938916474, 58, 1.0
64068.9021082216, 161, 1.0
64071.54101204232, 142, -1.0
64071.97491657638, 90, -1.0
64073.578204226535, 169, -1.0
64076.60584895891, 149, -1.0
64081.03187482573, 97, 1.0
64084.69659306423, 157, -1.0
64084.887654561615, 28, -1.0
64086.3730572178, 102, 1.0
64087.96645178413, 58, 1.0
64089.213647962846, 163, -1.0
64097.242277632904, 91, -1.0
64098.853373522186, 67, -1.0
64099.040352370605, 168, -1.0
64102.08507110999, 58, 1.0
64102.09007552236, 114, 1.0
64103.74600357283, 114, 1.0
64105.49804155835, 99, -1.0
64106.32598416653, 123, 1.0
64106.9772506328, 114, 1.0
64109.798198057855, 146, 1.0
64110.47650440231, 54, -1.0
64115.8948612245, 130, 1.0
64120.34217170128, 88, -1.0
64121.20196743911, 83, 1.0
64121.32341629878, 35, -1.0
64121.677731686315, 59, 1.0
64122.11775666, 155, -1.0
64123.40698425922, 116, -1.0
64123.50459693983, 35, -1.0
64124.651447972676, 86, -1.0
64128.443116053466, 97, 1.0
64129.307159941105, 146, -1.0
64131.66672582684, 157, -1.0
64131.84935148618, 26, 1.0
64133.19288847449, 137, -1.0
64138.07869830265, 80, -1.0
64139.803827694705, 188, -1.0
64140.978199317295, 177, 1.0
64141.365383159064, 114, 1.0
64142.4820422352, 48, -1.0
64143.77989961056, 35, -1.0
64144.716267517295, 163, -1.0
64145.01410508916, 113, 1.0
64147.1277303081, 89, 1.0
64148.13581427451, 67, -1.0
64148.58004020523, 87, -1.0
64151.30221462955, 159, -1.0
64153.57978690376, 33, -1.0
64156.56501060446, 95, 1.0
64158.449661657025, 116, 1.0
64159.47052518309, 28, 1.0
64159.6296780254, 167, 1.0
64160.28228004538, 157, 1.0
64161.518409196324, 141, 1.0
64162.39377862186, 171, -1.0
64164.019414537186, 100, 1.0
64164.73712882998, 40, -1.0
64164.90167549326, 32, 1.0
64164.95535236446, 31, -1.0
64167.43291080273, 113, 1.0
64170.126023002646, 116, 1.0
64171.79714125252, 68, 1.0
64172.72346942284, 34, -1.0
64172.904913124104, 162, 1.0
64174.23258406877, 59, 1.0
64175.479356198935, 97, -1.0
64175.59783612565, 123, 1.0
64178.38478541102, 84, 1.0
64178.62913513271, 164, -1.0
64181.75747416842, 98, -1.0
64184.15014122577, 188, 1.0
64185.90428254212, 35, 1.0
64188.89236876749, 142, -1.0
64191.91275028475, 149, -1.0
64191.98320733584, 222, -1.0
64194.43116103753, 64, 1.0
64195.0295454661, 95, 1.0
64199.94962761037, 111, -1.0
64200.8191673042, 150, -1.0
64203.830766469575, 110, 1.0
64206.94531445959, 116, 1.0
64207.79917968138, 157, -1.0
64208.47334156119, 177, -1.0
64210.984143537215, 46, -1.0
64211.71840802692, 54, 1.0
64214.62443414356, 34, -1.0
64215.842396244996, 149, -1.0
64216.89155695326, 91, 1.0
64219.14748717737, 107, -1.0
64219.86924124904, 163, 1.0
64220.44858921971, 142, 1.0
64221.20347193455, 33, -1.0
64221.71372429459, 116, -1.0
64221.76844464731, 59, -1.0
64226.35873131508, 29, 1.0
64226.80200656744, 64, 1.0
64227.82571104392, 83, 1.0
64230.69751814356, 56, -1.0
64230.77209619137, 69, -1.0
64238.27416408832, 149, -1.0
64238.52487572291, 153, 1.0
64239.1181564494, 56, 1.0
64239.78103772975, 88, -1.0
64240.114776293034, 80, 1.0
64240.159578526625, 58, 1.0
64240.501960430876, 42, -1.0
64242.33294698607, 148, -1.0
64242.76298754793, 119, -1.0
64243.06699498696, 71, 1.0
64244.17364694631, 126, 1.0
64245.53421019594, 58, 1.0
64245.57675116467, 233, -1.0
64245.662640185066, 28, 1.0
64247.327831692666, 84, -1.0
64248.50401239668, 28, 1.0
64250.23120529776, 60, -1.0
64253.440294606466, 228, 1.0
64254.324622769396, 169, -1.0
64254.557697529955, 126, -1.0
64254.91272857981, 152, 1.0
64255.01559040772, 101, 1.0
64256.75438178893, 69, 1.0
64256.9607190101, 26, -1.0
64258.7548043985, 163, 1.0
64259.47407519894, 35, -1.0
64260.47375863867, 119, 1.0
64260.82284612177, 142, -1.0
64264.1496058636, 34, 1.0
64264.867677168164, 159, -1.0
64265.40493813758, 162, -1.0
64267.70503458003, 157, 1.0
64269.635819705174, 130, -1.0
64270.73175463012, 33, -1.0
64272.758877490116, 52, 1.0
64273.050344186646, 92, 1.0
64274.47806838039, 157, -1.0
64275.23475292511, 45, 1.0
64275.55478399835, 28, 1.0
64280.4853251669, 100, -1.0
64283.981195187414, 58, 1.0
64286.25115727708, 86, -1.0
64289.4273184182, 109, 1.0
64290.60366897202, 41, -1.0
64293.45198593734, 69, -1.0
64294.05975108264, 193, -1.0
64295.28283175495, 126, 1.0
64296.40582278368, 35, 1.0
64297.187573639734, 53, -1.0
64297.584359751905, 222, 1.0
64298.23974106701, 126, 1.0
64298.658750060196, 40, 1.0
64298.6940243345, 233, -1.0
64300.08383504882, 85, -1.0
64305.0161372172, 153, 1.0
64307.44548340404, 67, -1.0
64309.5073260084, 171, -1.0
64309.52358737069, 114, -1.0
64313.6703568194, 101, 1.0
64315.87022436654, 146, 1.0
64319.9829583329, 46, -1.0
64320.67301232598, 120, -1.0
64322.31748364965, 116, 1.0
64324.71486398593, 153, 1.0
64326.60802894368, 111, -1.0
64326.8322598821, 76, -1.0
64328.59226278733, 58, 1.0
64331.834521450524, 146, -1.0
64332.351683941, 198, 1.0
64333.888046349995, 97, -1.0
64334.70439505218, 119, -1.0
64335.11524019649, 75, 1.0
64336.219089786464, 45, -1.0
64337.24330340619, 141, 1.0
64339.212852879966, 100, -1.0
64339.27926568044, 87, 1.0
64339.41090453047, 171, 1.0
64339.668564455365, 101, 1.0
64343.90322356408, 159, 1.0
64344.13329807344, 202, -1.0
64344.57896221096, 108, -1.0
64345.097326102994, 177, -1.0
64345.32549308615, 40, -1.0
64347.02693165534, 34, 1.0
64347.96647157552, 149, 1.0
64348.84235649469, 149, -1.0
64349.15451068747, 59, 1.0
64350.395171770695, 37, 1.0
64350.686303531416, 71, -1.0
64351.10711938277, 34, 1.0
64352.07748816557, 106, 1.0
64352.556975806896, 44, -1.0
64354.379516218985, 158, -1.0
64358.471826737674, 83, 1.0
64359.39453231812, 34, -1.0
64360.18493287059, 105, 1.0
64361.17543342596, 83, 1.0
64361.31268320768, 130, 1.0
64361.89485008809, 95, -1.0
64362.31672034295, 158, -1.0
64362.60817121544, 100, 1.0
64363.21482358861, 193, 1.0
64363.47551741583, 70, -1.0
64364.30279886816, 164, 1.0
64365.54805921847, 83, -1.0
64365.861170172655, 35, -1.0
64366.98136704274, 101, -1.0
64367.75287696809, 58, -1.0
64368.0378849755, 62, 1.0
64368.22074358563, 104, 1.0
64368.83174016123, 148, 1.0
64369.06555768699, 100, -1.0
64370.2191475095, 26, -1.0
64371.12618325546, 202, -1.0
64371.68591877945, 36, -1.0
64372.566581348285, 108, -1.0
64374.57478401418, 81, -1.0
64375.461333589294, 157, -1.0
64377.718420248304, 162, 1.0
64377.99697473639, 137, -1.0
64378.90967520642, 105, 1.0
64379.14401080423, 230, 1.0
64380.44018845391, 163, 1.0
64380.750497135305, 146, 1.0
64382.14659988427, 158, 1.0
64384.202919583106, 114, 1.0
64385.63699116088, 98, 1.0
64387.84671074168, 142, -1.0
64393.17246883559, 87, -1.0
64393.26468828159, 119, -1.0
64393.54822658276, 162, 1.0
64393.55724535496, 110, -1.0
64394.51575476106, 171, -1.0
64396.61417377908, 101, 1.0
64397.43746818227, 106, -1.0
64397.94886234392, 162, -1.0
64398.15189284425, 146, 1.0
64399.144273364276, 162, 1.0
64399.22355140285, 162, 1.0
64399.41466680205, 173, -1.0
64399.965334495224, 67, -1.0
64400.542969681985, 142, 1.0
64400.63410023417, 103, -1.0
64401.98186512156, 162, 1.0
64405.0108104515, 62, -1.0
64406.66486721678, 163, -1.0
64407.32204894014, 87, 1.0
64409.02208491246, 59, -1.0
64409.95227369299, 146, 1.0
64410.580308322285, 60, -1.0
64411.423966919596, 52, 1.0
64413.075255962365, 34, 1.0
64413.330468797714, 40, -1.0
64415.52015810023, 46, 1.0
64416.481711574095, 234, -1.0
64416.49685593814, 84, 1.0
64418.20794442527, 39, 1.0
64418.96235379292, 28, -1.0
64420.4804835633, 83, 1.0
64421.846895715855, 169, -1.0
64421.91331786682, 122, -1.0
64422.32269991749, 105, 1.0
64424.67764007758, 162, 1.0
64425.159277139406, 100, -1.0
64426.89145463401, 126, -1.0
64427.38026455627, 69, -1.0
64428.95800452756, 45, 1.0
64430.17225671694, 85, 1.0
64431.48895832615, 222, -1.0
64431.74057515394, 35, -1.0
64432.877574275444, 141, 1.0
64434.56487964066, 109, 1.0
64435.52664074628, 29, -1.0
64437.12309788508, 114, 1.0
64437.25377261958, 152, -1.0
64437.90340239309, 116, 1.0
64444.57976899584, 108, -1.0
64447.41315694147, 65, -1.0
64449.04470432987, 149, -1.0
64451.30801958204, 83, -1.0
64452.86584548478, 50, -1.0
64452.932346325244, 75, -1.0
64453.15886855653, 35, -1.0
64454.87152523357, 118, -1.0
64458.88996422704, 163, -1.0
64459.82699613575, 41, 1.0
64460.69079015818, 141, 1.0
64461.14954975755, 91, -1.0
64461.79588836922, 122, -1.0
64467.11165677542, 58, 1.0
64468.08759337123, 64, 1.0
64470.30489726148, 114, 1.0
64471.18782266548, 88, 1.0
64478.42085205973, 165, -1.0
64479.86086021448, 235, -1.0
64479.92376550636, 50, -1.0
64480.20583600744, 108, 1.0
64490.192881489726, 89, 1.0
64491.02759951861, 53, 1.0
64491.19808280643, 133, 1.0
64491.36075582929, 34, 1.0
64491.87768869567, 142, 1.0
64493.217419524255, 80, 1.0
64495.001162375054, 158, -1.0
64495.09227080854, 35, -1.0
64496.95369950771, 67, -1.0
64499.33157734914, 164, 1.0
64499.828913556295, 169, -1.0
64502.00043950336, 64, -1.0
64503.76712320944, 234, -1.0
64503.83337046472, 167, -1.0
64505.63245011668, 167, -1.0
64506.64026860407, 101, 1.0
64508.187961532465, 28, 1.0
64512.85632497911, 165, 1.0
64512.96335718457, 230, 1.0
64513.384826666166, 26, 1.0
64516.92992480427, 80, 1.0
64518.20736144384, 114, 1.0
64520.84405225344, 58, 1.0
64522.6040895577, 101, 1.0
64522.65672112992, 36, -1.0
64522.70035281098, 71, 1.0
64523.63926828751, 84, 1.0
64525.7602212168, 40, -1.0
64527.16247372217, 95, -1.0
64529.52132408519, 193, -1.0
64530.28227893713, 141, 1.0
64535.11774240837, 107, -1.0
64540.146982977756, 100, 1.0
64542.38691644317, 116, 1.0
64542.88315845285, 193, -1.0
64544.89322471675, 114, 1.0
64545.297851882504, 26, 1.0
64548.41105031398, 95, 1.0
64555.11340341422, 105, 1.0
64561.431864267586, 98, 1.0
64561.64394836871, 68, -1.0
64566.550432344906, 167, -1.0
64568.927701569155, 67, -1.0
64569.932386718814, 34, 1.0
64572.14299029838, 58, 1.0
64573.44773922725, 58, 1.0
64573.82199402234, 126, 1.0
64573.94303326402, 92, -1.0
64575.40992950942, 89, -1.0
64577.32179999533, 46, -1.0
64581.73964238161, 114, 1.0
64582.332381121894, 59, 1.0
64582.99088852859, 60, -1.0
64587.54813417273, 114, 1.0
64589.057985087966, 86, -1.0
64594.68518359553, 60, -1.0
64595.61045049028, 67, -1.0
64597.2822234816, 53, 1.0
64597.728370698795, 97, 1.0
64597.7347217895, 169, 1.0
64598.85218476635, 167, -1.0
64599.88766004109, 89, -1.0
64600.13572875497, 53, -1.0
64609.62422615401, 155, -1.0
64611.39127919295, 111, -1.0
64614.371424505414, 34, 1.0
64616.42601403926, 164, -1.0
64617.71690755651, 116, -1.0
64618.05696009488, 142, 1.0
64619.70543827633, 177, -1.0
64621.95002299762, 128, 1.0
64623.67561249689, 35, 1.0
64628.2676322306, 119, 1.0
64630.370965560345, 187, -1.0
64636.50427777662, 31, -1.0
64637.25473680271, 114, 1.0
64638.12756253396, 233, -1.0
64641.01076893012, 99, -1.0
64646.87929371061, 222, -1.0
64647.13476968372, 58, 1.0
64647.82232587489, 149, -1.0
64647.99571363421, 35, 1.0
64648.68318202803, 67, -1.0
64652.93329107709, 68, -1.0
64654.743541558695, 80, 1.0
64656.851313542495, 97, 1.0
64660.311268883495, 155, -1.0
64660.99072234951, 130, 1.0
64661.59170617837, 74, -1.0
64663.30983230094, 59, 1.0
64663.31598335185, 104, 1.0
64663.573884361, 188, -1.0
64664.21340913613, 116, 1.0
64667.257104583055, 124, -1.0
64668.74656388825, 54, -1.0
64670.190995596095, 28, 1.0
64671.75732245068, 50, -1.0
64673.64810701589, 97, 1.0
64674.20563439586, 157, 1.0
64675.605598717244, 165, 1.0
64676.71869580495, 141, 1.0
64679.939943836, 101, 1.0
64680.39507034524, 142, 1.0
64680.75865086043, 88, -1.0
64681.722162623, 233, 1.0
64681.988056702634, 31, -1.0
64688.033764091, 86, 1.0
64688.26432382099, 76, -1.0
64689.11105931582, 106, 1.0
64693.95580878106, 87, -1.0
64694.600277701946, 76, -1.0
64696.01843695056, 50, 1.0
64696.3842318121, 67, -1.0
64700.43257266393, 133, 1.0
64701.15744049881, 91, 1.0
64701.62897369103, 80, -1.0
64704.23279748344, 142, 1.0
64706.03202901615, 64, -1.0
64706.0728135348, 105, -1.0
64706.4355703323, 165, 1.0
64709.21673571015, 137, -1.0
64713.476820562166, 59, 1.0
64713.57052751805, 29, 1.0
64715.6141221195, 146, 1.0
64717.66792982636, 142, -1.0
64722.21703564084, 159, -1.0
64723.314090882166, 133, -1.0
64724.94382090848, 198, 1.0
64725.79848119179, 148, -1.0
64726.34371814627, 105, 1.0
64728.11289008262, 84, 1.0
64729.118878381145, 98, 1.0
64729.37910098007, 50, 1.0
64731.1632524769, 171, 1.0
64732.91636841999, 163, -1.0
64733.49031855349, 164, -1.0
64734.81245926396, 101, 1.0
64737.26403395745, 123, 1.0
64746.397130147016, 44, -1.0
64746.77455232819, 142, 1.0
64746.948856092466, 100, -1.0
64749.62256378494, 149, 1.0
64755.18594181713, 59, 1.0
64756.58044699225, 66, 1.0
64757.947914643104, 44, 1.0
64758.43443851653, 100, 1.0
64760.68270815765, 41, 1.0
64765.68505953791, 95, 1.0
64768.46221427499, 92, 1.0
64772.60862078002, 87, -1.0
64772.71635345768, 59, -1.0
64774.569296589936, 74, 1.0
64775.50354998909, 34, 1.0
64775.595907902374, 60, -1.0
64776.36468353479, 169, -1.0
64780.67997057501, 162, 1.0
64780.738797662314, 46, 1.0
64783.33325060801, 80, 1.0
64784.551804675204, 33, -1.0
64786.86340157357, 171, -1.0
64786.89643230288, 64, -1.0
64787.528656965536, 126, -1.0
64789.064923062244, 171, -1.0
64789.384161652175, 34, 1.0
64789.597017542095, 157, -1.0
64790.212699323514, 119, 1.0
64791.65973748799, 222, 1.0
64791.99396084318, 126, -1.0
64792.13308005591, 128, -1.0
64796.71843401352, 171, -1.0
64797.12315230923, 80, 1.0
64798.88956257723, 87, -1.0
