61205.070121380864, 84, 1.0
61206.32830702432, 114, 1.0
61206.45205071555, 57, 1.0
61207.56014677206, 169, -1.0
61209.16915216195, 116, 1.0
61211.68246681191, 164, 1.0
61212.217851183, 34, 1.0
61213.31623480637, 146, 1.0
61213.84868380591, 50, 1.0
61215.73946035329, 165, 1.0
61215.78880255088, 173, 1.0
61217.925423083194, 164, -1.0
61222.59540699593, 40, -1.0
61226.27916831446, 58, 1.0
61229.61313682841, 153, -1.0
61231.11922559679, 75, 1.0
61231.22746697946, 235, -1.0
61236.47503474843, 81, 1.0
61238.88021698098, 73, 1.0
61239.99769025356, 35, 1.0
61240.693428208804, 118, 1.0
61243.37249468252, 90, -1.0
61245.876349506136, 159, -1.0
61247.69239176732, 52, -1.0
61251.17584180351, 165, 1.0
61252.16194840502, 45, 1.0
61253.672543209635, 58, 1.0
61253.8576049369, 34, -1.0
61253.92872198702, 40, -1.0
61254.735798777736, 138, -1.0
61254.8310470704, 48, 1.0
61255.43941411505, 90, -1.0
61257.15304661337, 27, 1.0
61259.20003246873, 126, 1.0
61259.82389724682, 123, -1.0
61263.40231304261, 75, -1.0
61266.46250337097, 81, 1.0
61269.939948400985, 157, -1.0
61270.28081535242, 71, 1.0
61270.846902811885, 101, 1.0
61274.5941964043, 118, -1.0
61276.15980621486, 96, -1.0
61277.76569305811, 166, 1.0
61278.50214008317, 177, -1.0
61278.726652906415, 133, -1.0
61281.70608290613, 84, 1.0
61281.90285216671, 31, 1.0
61282.31928046194, 45, 1.0
61286.415877531355, 46, 1.0
61289.18914817375, 141, -1.0
61290.98546220306, 101, 1.0
61292.25397857213, 32, 1.0
61297.645132759164, 151, -1.0
61299.226163629944, 83, 1.0
61299.30669685663, 105, 1.0
61300.868413557364, 126, -1.0
61304.30740946343, 35, -1.0
61306.49580356196, 103, 1.0
61306.935656920585, 149, -1.0
61308.56639789573, 169, -1.0
61309.312196480845, 64, -1.0
61309.895747955656, 58, -1.0
61311.50445495644, 75, -1.0
61312.91530156463, 126, 1.0
61313.23618245532, 114, 1.0
61315.7960301672, 222, 1.0
61320.43714221216, 153, 1.0
61321.08086887844, 101, -1.0
61322.0687427603, 109, -1.0
61326.34326436787, 133, -1.0
61326.907395430884, 158, 1.0
61330.68776554217, 67, -1.0
61331.58991876338, 82, -1.0
61332.69165996802, 141, -1.0
61336.29573948505, 55, -1.0
61340.09702590591, 165, -1.0
61343.30092503206, 50, -1.0
61343.763885943015, 50, -1.0
61345.905622353595, 126, 1.0
61347.43143009207, 44, 1.0
61347.49585828088, 148, -1.0
61349.595693575015, 162, 1.0
61352.517399114746, 75, -1.0
61355.23527207075, 109, -1.0
61355.48920849641, 146, -1.0
61357.04131661477, 149, -1.0
61357.844485019144, 97, 1.0
61358.660572673005, 27, 1.0
61360.3382201573, 95, 1.0
61360.752269051554, 74, 1.0
61361.67369050336, 72, 1.0
61364.927167449634, 88, -1.0
61365.62057459892, 80, 1.0
61369.02062985283, 26, 1.0
61373.334641927584, 87, 1.0
61373.78394844705, 35, 1.0
61379.71477896591, 41, -1.0
61389.52136418896, 234, 1.0
61392.12439968031, 81, 1.0
61394.928957915516, 91, 1.0
61397.71140130694, 74, 1.0
61397.92775591349, 82, 1.0
61401.052825177314, 81, 1.0
61401.961512141, 86, -1.0
61402.28965886579, 99, 1.0
61402.69064404131, 126, 1.0
61402.99908836968, 233, -1.0
61404.912663067895, 68, 1.0
61406.901941854194, 34, 1.0
61406.905845087465, 50, -1.0
61409.04074570675, 101, 1.0
61409.71506686591, 73, 1.0
61412.59378560388, 76, -1.0
61413.10433220245, 154, -1.0
61413.90966733549, 100, 1.0
61417.7040450166, 146, 1.0
61418.46767287938, 70, -1.0
61425.3590324429, 120, 1.0
61426.373079413395, 162, -1.0
61426.778189939, 116, 1.0
61428.19404150089, 58, -1.0
61428.20110295513, 58, 1.0
61428.2597264991, 56, -1.0
61430.48446309799, 169, -1.0
61430.549305601584, 165, -1.0
61432.19737287312, 116, 1.0
61433.14422667998, 46, 1.0
61436.3754421285, 112, 1.0
61436.41830405807, 114, -1.0
61437.526332352616, 34, 1.0
61439.445108438835, 44, 1.0
61439.51503903692, 41, 1.0
61441.10138640965, 169, 1.0
61443.586484930034, 59, 1.0
61443.978230654175, 94, 1.0
61444.6690214716, 165, 1.0
61446.04269526102, 97, 1.0
61447.05365492393, 31, -1.0
61447.82701628946, 193, 1.0
61448.85130168049, 149, -1.0
61452.717013234054, 50, -1.0
61454.78618254531, 75, -1.0
61455.499226314845, 75, 1.0
61458.64923021366, 177, 1.0
61460.317750496346, 44, -1.0
61461.55125298111, 153, 1.0
61462.8607351384, 126, -1.0
61463.6521652496, 105, 1.0
61464.44114249399, 198, -1.0
61466.678595025216, 29, 1.0
61468.94254316414, 40, -1.0
61469.65393644792, 103, -1.0
61469.83017000151, 100, 1.0
61473.23987380235, 154, -1.0
61476.34694121371, 44, -1.0
61477.04078065565, 105, 1.0
61478.19798722846, 126, 1.0
61478.76007756245, 67, -1.0
61479.09859117977, 169, -1.0
61479.461499015066, 165, 1.0
61479.94013377274, 91, -1.0
61480.26401840111, 87, -1.0
61481.600183716764, 40, -1.0
61482.15362600215, 43, 1.0
61482.824667964844, 46, 1.0
61482.980137957355, 193, -1.0
61483.680453461304, 109, -1.0
61485.47545554948, 71, 1.0
61486.764690419375, 169, -1.0
61488.533741904066, 116, -1.0
61489.014875110326, 241, -1.0
61489.161756004025, 123, 1.0
61491.014346606156, 91, -1.0
61492.96722105598, 83, 1.0
61493.188209029366, 171, 1.0
61493.362899035055, 85, -1.0
61494.10738710942, 173, 1.0
61496.33491038042, 152, 1.0
61496.88466445258, 154, -1.0
61500.423166923836, 44, -1.0
61504.13670430271, 59, -1.0
61510.46820083469, 157, 1.0
61518.675149886054, 173, -1.0
61518.81162519184, 111, 1.0
61519.38903832049, 74, 1.0
61519.894179598734, 84, -1.0
61521.01261988703, 43, 1.0
61522.14091170992, 165, -1.0
61522.45495133596, 198, 1.0
61522.7544814165, 161, -1.0
61522.99487094384, 105, 1.0
61523.623537324376, 81, -1.0
61523.916242555635, 50, -1.0
61524.917767235675, 58, 1.0
61526.41867833858, 87, 1.0
61528.17581711622, 158, 1.0
61531.110341616, 70, -1.0
61531.39050042912, 84, -1.0
61532.15567475313, 158, 1.0
61536.01119734965, 80, 1.0
61536.044325579605, 48, 1.0
61536.6712658858, 159, 1.0
61538.93547161959, 116, 1.0
61541.297801074994, 235, -1.0
61541.69495159963, 33, 1.0
61545.99949030306, 105, 1.0
61546.9935106264, 165, -1.0
61547.9595385676, 44, 1.0
61549.15504058038, 198, 1.0
61551.05050377619, 71, 1.0
61552.215782833795, 152, 1.0
61553.33478119682, 119, -1.0
61554.890050386326, 81, 1.0
61555.05540625307, 36, -1.0
61556.77094749267, 162, 1.0
61558.75269483317, 90, -1.0
61562.96901940531, 45, 1.0
61564.36179421868, 54, 1.0
61565.12536718621, 116, -1.0
61565.32419433356, 128, -1.0
61565.608588817035, 45, -1.0
61567.197246348514, 165, 1.0
61569.56378094415, 48, 1.0
61569.741628908305, 142, 1.0
61569.83733287564, 198, 1.0
61569.956187126285, 83, -1.0
61572.324406747124, 40, -1.0
61577.421361861794, 32, -1.0
61581.05619319876, 50, 1.0
61581.07147165851, 133, -1.0
61583.02544802522, 50, -1.0
61584.52279366177, 114, 1.0
61591.5778073868, 88, -1.0
61591.81531933572, 37, -1.0
61592.43490034044, 146, 1.0
61595.16259534085, 161, 1.0
61595.334471716895, 155, 1.0
61597.163597249804, 165, -1.0
61597.31585668082, 111, 1.0
61601.42210396874, 83, 1.0
61603.611014772694, 106, -1.0
61603.992369431544, 83, 1.0
61608.4618788195, 59, 1.0
61609.07800654649, 68, -1.0
61609.24134385381, 71, 1.0
61609.53890039782, 234, 1.0
61610.86093157131, 169, -1.0
61613.305297503975, 118, 1.0
61614.76562735505, 111, 1.0
61622.94317213592, 40, -1.0
61623.19202086371, 71, 1.0
61623.820917083656, 75, -1.0
61626.08381016254, 26, 1.0
61629.49981897238, 126, -1.0
61636.548427250935, 155, 1.0
61640.40194170286, 142, 1.0
61640.56388724151, 95, 1.0
61641.11364380218, 114, -1.0
61642.28083823828, 164, -1.0
61642.96206140886, 71, -1.0
61645.47488643532, 56, -1.0
61646.75025489023, 90, -1.0
61651.0347591687, 75, -1.0
61653.1332356245, 32, 1.0
61654.777202379264, 87, -1.0
61657.72084849943, 164, 1.0
61658.147938047, 40, 1.0
61661.04822447198, 68, 1.0
61662.87042227645, 159, 1.0
61663.166562716186, 165, -1.0
61663.352750212056, 139, -1.0
61664.073008804444, 169, -1.0
61664.436787563725, 69, 1.0
61664.45387424717, 234, -1.0
61665.58719130092, 41, 1.0
61666.23602890398, 101, -1.0
61668.459682338784, 56, -1.0
61668.4967975563, 87, -1.0
61670.63511672167, 84, 1.0
61670.832790713546, 128, -1.0
61672.299659100114, 142, 1.0
61672.545635249364, 161, -1.0
61673.258210947, 173, -1.0
61673.33442775881, 55, -1.0
61674.48559060292, 36, -1.0
61674.817528013984, 65, -1.0
61677.79236928871, 103, -1.0
61677.82808250355, 158, 1.0
61678.630685354845, 155, -1.0
61679.06523121409, 187, -1.0
61684.535340046044, 87, 1.0
61686.11589171573, 62, -1.0
61686.494890824746, 84, 1.0
61686.711932835766, 233, 1.0
61687.38413583171, 233, -1.0
61689.19237353818, 126, -1.0
61689.32176109674, 75, 1.0
61691.66590959699, 52, -1.0
61692.629587252384, 70, 1.0
61692.649164356364, 87, 1.0
61693.304086033466, 202, 1.0
61693.72813037402, 165, 1.0
61697.28382143678, 90, -1.0
61698.116103822686, 56, -1.0
61699.86034642757, 89, -1.0
61705.29255940008, 42, 1.0
61705.87424595262, 75, 1.0
61708.20458902795, 37, -1.0
61709.397006861924, 97, -1.0
61710.51530145641, 53, -1.0
61711.09762690211, 91, -1.0
61716.64965699077, 159, 1.0
61718.11341475659, 228, -1.0
61719.5607191287, 187, -1.0
61728.0010382214, 29, 1.0
61729.95425026876, 71, -1.0
61730.41905208427, 169, -1.0
61730.69651650122, 234, 1.0
61731.52507348354, 75, -1.0
61731.77675365313, 37, -1.0
61733.25383541711, 76, 1.0
61734.936681681495, 159, 1.0
61737.979036716286, 48, 1.0
61739.91268304851, 64, 1.0
61740.20665117602, 81, -1.0
61741.8286408294, 107, 1.0
61744.09656548237, 105, 1.0
61747.24534383867, 36, -1.0
61749.56295681352, 128, -1.0
61751.294570910264, 85, -1.0
61752.90562312058, 53, -1.0
61755.208835849124, 35, 1.0
61756.660266792125, 146, -1.0
61759.5387372435, 42, 1.0
61761.36132640866, 154, -1.0
61764.27952481004, 76, 1.0
61766.26392575188, 54, 1.0
61766.86925880009, 177, 1.0
61772.294305741074, 69, -1.0
61776.49966226891, 113, 1.0
61776.978962591136, 59, -1.0
61778.02263037539, 40, -1.0
61778.32287691872, 59, 1.0
61780.5081120072, 41, 1.0
61782.661972476184, 31, -1.0
61783.183320743614, 58, -1.0
61785.90301880599, 103, 1.0
61785.93677231872, 149, -1.0
61786.22947575989, 162, 1.0
61788.17790755934, 105, -1.0
61788.37466137636, 101, -1.0
61790.39098196198, 43, 1.0
61793.629328180556, 60, 1.0
61798.12218459294, 149, -1.0
61798.57625946093, 60, -1.0
61798.71809004227, 159, -1.0
61801.06010554925, 27, 1.0
61802.11254071431, 177, -1.0
61807.0173860833, 142, -1.0
61813.29286422569, 58, -1.0
61813.511049902794, 103, -1.0
61815.88945691, 58, 1.0
61816.16840492349, 234, 1.0
61816.35204475512, 27, -1.0
61818.425909267644, 105, -1.0
61821.620434211174, 119, 1.0
61825.52028959938, 70, -1.0
61829.28074862686, 133, -1.0
61832.03119443466, 73, 1.0
61833.33833029235, 234, -1.0
61835.82461192277, 128, -1.0
61837.109389192534, 198, 1.0
61837.55067660889, 105, -1.0
61840.01876166921, 94, -1.0
61840.33436127294, 113, 1.0
61844.76966057309, 45, 1.0
61845.73912092688, 160, 1.0
61846.017769444086, 45, 1.0
61846.96564429406, 101, 1.0
61847.41330719832, 128, -1.0
61847.86553257074, 162, 1.0
61848.20013026484, 94, -1.0
61851.59743502472, 27, 1.0
61851.74417338883, 163, -1.0
61857.690927102645, 84, 1.0
61857.900952995944, 163, -1.0
61858.86972455908, 55, -1.0
61860.97511032721, 111, -1.0
61864.983637795944, 126, 1.0
61865.641231993985, 165, -1.0
61866.56685777064, 103, -1.0
61869.55390577669, 35, 1.0
61870.38138808875, 35, 1.0
61870.75035063906, 28, 1.0
61871.36426953861, 164, 1.0
61872.25680849149, 133, -1.0
61875.0272147192, 87, -1.0
61877.03507653217, 58, 1.0
61877.23794452047, 163, -1.0
61877.38924495941, 103, -1.0
61877.51052261471, 85, -1.0
61887.307228518446, 233, -1.0
61890.915055028636, 142, 1.0
61891.85067456765, 157, 1.0
61892.03768184828, 128, -1.0
61892.08944749796, 44, -1.0
61894.165567307755, 34, -1.0
61898.83780447506, 105, -1.0
61898.92478632895, 28, -1.0
61898.96058314299, 152, 1.0
61902.59216145692, 187, -1.0
61902.59616366297, 40, 1.0
61902.78153079753, 234, 1.0
61905.802513724615, 83, -1.0
61906.03357625339, 60, 1.0
61906.18427066191, 159, -1.0
61906.443958778975, 99, 1.0
61907.24815854889, 105, -1.0
61907.57692123426, 64, 1.0
61908.60470378821, 73, 1.0
61912.63105722935, 137, -1.0
61913.1439905906, 138, -1.0
61913.30713297245, 163, -1.0
61916.9194205664, 87, 1.0
61919.12541566168, 83, -1.0
61919.33235413559, 165, 1.0
61919.83430113664, 68, 1.0
61920.19651051548, 126, 1.0
61923.12874950527, 70, 1.0
61923.74681852684, 64, -1.0
61924.786093966024, 75, 1.0
61928.6184317026, 28, -1.0
61928.8332219026, 108, -1.0
61934.49986086246, 71, 1.0
61936.23676693413, 149, -1.0
61936.89300152279, 27, -1.0
61936.980447604496, 165, 1.0
61938.85419933597, 95, 1.0
61940.791266954875, 202, 1.0
61941.484197095735, 40, -1.0
61944.365563010004, 142, -1.0
61947.16448450942, 75, 1.0
61947.84054181757, 50, -1.0
61948.21016497661, 110, 1.0
61948.66106103468, 39, -1.0
61950.05159965784, 75, 1.0
61950.926053394986, 48, -1.0
61951.61155601839, 90, -1.0
61951.79924770078, 198, -1.0
61952.93943208113, 177, -1.0
61955.44795283561, 97, 1.0
61955.559708214125, 87, -1.0
61955.74277334139, 129, -1.0
61957.47965572268, 54, 1.0
61957.72869026631, 89, -1.0
61957.79156961937, 58, 1.0
61957.82169478872, 142, 1.0
61958.664658408365, 40, -1.0
61958.678703125144, 28, 1.0
61961.11624632154, 70, -1.0
61961.92779643713, 103, -1.0
61964.32282164874, 169, -1.0
61965.91440427964, 120, 1.0
61969.363322160614, 34, 1.0
61971.26302322093, 167, 1.0
61973.23207244969, 26, -1.0
61974.69453260531, 148, 1.0
61975.74972621256, 44, -1.0
61984.503933226304, 111, -1.0
61990.474267447564, 58, 1.0
61991.259167465556, 126, 1.0
61991.343967463436, 162, -1.0
61992.11556352273, 163, -1.0
61992.58030177633, 101, 1.0
61993.2273960005, 44, -1.0
61994.47691282891, 67, 1.0
61994.54540641232, 92, 1.0
61999.39235752225, 67, -1.0
62000.032137841146, 159, -1.0
62000.3118231206, 31, -1.0
62000.76217133996, 59, 1.0
62002.254369774, 162, 1.0
62003.318209699726, 39, 1.0
62007.19131522563, 114, 1.0
62008.40716629088, 193, -1.0
62008.599615007035, 161, 1.0
62013.11242628219, 222, 1.0
62013.78632264461, 54, -1.0
62015.892037511905, 110, 1.0
62016.80493811512, 39, -1.0
62017.42801961103, 60, 1.0
62021.98611924048, 149, -1.0
62022.07631048673, 166, 1.0
62022.07668932631, 34, -1.0
62022.437122450305, 100, -1.0
62026.66266487813, 45, 1.0
62026.8494353298, 71, 1.0
62027.26444281799, 142, 1.0
62030.603902269875, 142, -1.0
62030.88760721341, 75, 1.0
62031.117663684985, 35, 1.0
62033.495218403026, 80, -1.0
62034.021425402236, 58, 1.0
62035.17189563879, 202, -1.0
62040.32455981601, 76, -1.0
62040.64276600916, 50, -1.0
62042.15458706373, 148, -1.0
62042.289841938946, 163, -1.0
62044.783341502225, 142, 1.0
62046.16231370672, 37, 1.0
62046.83308666622, 43, 1.0
62047.589809241166, 182, 1.0
62048.448502309344, 71, 1.0
62051.06579479214, 165, -1.0
62051.770133065234, 58, 1.0
62054.38716928074, 137, -1.0
62054.59710420925, 113, -1.0
62056.12137314964, 161, -1.0
62058.7407031434, 81, -1.0
62058.861873328686, 40, -1.0
62059.86948259188, 69, 1.0
62062.544800113814, 120, 1.0
62065.518314124594, 152, 1.0
62067.38179195108, 75, 1.0
62073.866294589076, 73, 1.0
62075.76822176713, 44, -1.0
62076.34739960929, 153, 1.0
62077.070944625026, 182, 1.0
62079.58577751909, 83, 1.0
62080.34518830748, 61, -1.0
62082.2850202236, 56, -1.0
62085.46093678892, 75, 1.0
62085.6288417733, 234, 1.0
62086.18164630447, 114, -1.0
62087.5713867298, 26, -1.0
62087.686385597655, 118, -1.0
62088.004939748644, 110, 1.0
62089.48378885764, 75, -1.0
62091.12731221457, 50, -1.0
62091.48103720775, 50, -1.0
62093.34487060903, 71, -1.0
62093.47033458895, 114, 1.0
62093.89636773211, 159, -1.0
62094.552251571644, 163, 1.0
62097.760522618686, 148, 1.0
62100.50502830226, 75, -1.0
62101.98972851052, 126, 1.0
62104.20229268005, 148, -1.0
62104.9702476746, 162, 1.0
62105.20454176861, 241, -1.0
62108.23745401735, 228, -1.0
62111.47711560617, 75, 1.0
62111.701352975644, 165, 1.0
62114.95552112573, 182, -1.0
62115.521936024335, 56, -1.0
62116.272692812214, 41, -1.0
62116.699143436934, 71, 1.0
62117.67286350644, 113, -1.0
62118.89179544039, 100, 1.0
62119.67221091231, 202, -1.0
62122.30956904182, 152, 1.0
62123.52270632179, 104, 1.0
62123.99158675957, 169, -1.0
62126.54045226749, 48, -1.0
62128.49073263807, 116, 1.0
62131.15921568457, 114, 1.0
62133.47861390283, 182, -1.0
62138.969853323324, 58, 1.0
62141.436468253225, 162, 1.0
62142.736708509234, 32, -1.0
62146.686986948334, 94, -1.0
62150.21014587028, 90, 1.0
62151.32684912363, 146, 1.0
62152.64836622627, 37, -1.0
62154.956935848066, 64, 1.0
62156.08597075648, 130, 1.0
62160.78621030559, 133, 1.0
62162.63448756602, 92, 1.0
62163.47637222433, 28, 1.0
62171.5146039133, 164, -1.0
62177.29617309, 152, -1.0
62182.75320885493, 50, 1.0
62184.55237806636, 129, 1.0
62185.43023223036, 233, -1.0
62188.29682031253, 202, 1.0
62188.42537205899, 137, -1.0
62189.57827675459, 159, -1.0
62191.15282579721, 81, -1.0
62196.544069462754, 67, -1.0
62199.04551056339, 198, 1.0
62201.329078187075, 119, -1.0
62203.810617305055, 165, 1.0
62206.964145873746, 157, 1.0
62207.41634580202, 153, -1.0
62208.84450733594, 100, -1.0
62212.124417115396, 142, 1.0
62213.13056996156, 111, 1.0
62214.21566247469, 116, 1.0
62216.43676446329, 35, 1.0
62216.83454281543, 71, 1.0
62217.3095289542, 26, -1.0
62219.2339882354, 114, 1.0
62219.52692686284, 146, 1.0
62219.666235317236, 162, 1.0
62220.45001125389, 152, -1.0
62223.106387071544, 36, -1.0
62223.99657322191, 26, 1.0
62227.97026131616, 165, 1.0
62228.008988810034, 142, -1.0
62229.19662708599, 97, 1.0
62234.59452509905, 177, -1.0
62236.23291726533, 100, -1.0
62236.79942820053, 87, -1.0
62237.161270604454, 122, 1.0
62240.21876206048, 59, -1.0
62240.8213851982, 198, 1.0
62241.987976788536, 35, 1.0
62242.17732083011, 222, 1.0
62244.10717932012, 52, -1.0
62244.238228720875, 40, -1.0
62244.481464941884, 157, 1.0
62245.60777886474, 28, 1.0
62248.62215027448, 64, -1.0
62252.43150306969, 169, -1.0
62253.00348426393, 161, -1.0
62253.2121752279, 111, 1.0
62257.359717419524, 146, -1.0
62265.82505061611, 27, 1.0
62268.73376463186, 53, 1.0
62269.59720954338, 53, -1.0
62269.70722834813, 235, -1.0
62269.78748015515, 75, 1.0
62270.216474068955, 75, -1.0
62270.491716594915, 106, 1.0
62273.10745705475, 129, -1.0
62273.316021794446, 58, -1.0
62274.455955854166, 34, 1.0
62276.1502674094, 162, 1.0
62276.5476455883, 98, -1.0
62276.79510325846, 146, -1.0
62277.08586445175, 138, -1.0
62278.428771689694, 222, 1.0
62280.174014656375, 84, -1.0
62281.96169035627, 128, 1.0
62282.43066875069, 81, -1.0
62282.799147447266, 44, -1.0
62288.3650106802, 142, -1.0
62293.035844502745, 177, -1.0
62294.20660152852, 234, 1.0
62294.27415068793, 31, -1.0
62295.190977438935, 98, 1.0
62297.09892423208, 108, 1.0
62302.13431048468, 29, 1.0
62304.06009318539, 106, -1.0
62306.04365350065, 59, 1.0
62306.622541207864, 234, 1.0
62306.88420883189, 58, 1.0
62306.90579258522, 146, 1.0
62309.30294405142, 60, -1.0
62309.751437464736, 151, -1.0
62310.496608220245, 162, -1.0
62315.08603397673, 101, 1.0
62316.19662287769, 142, 1.0
62316.55551954231, 43, 1.0
62324.50821680917, 58, -1.0
62325.48994123113, 165, -1.0
62327.76476570634, 69, 1.0
62328.13793778785, 72, -1.0
62329.770971105616, 94, -1.0
62330.4562465655, 164, -1.0
62333.203349892545, 75, -1.0
62336.05612303324, 75, -1.0
62336.2629979905, 153, -1.0
62336.416505936766, 31, -1.0
62336.81672168866, 68, -1.0
62338.89816420719, 74, 1.0
62339.342764594774, 163, -1.0
62342.62369201559, 99, 1.0
62343.31105922898, 105, 1.0
62345.109451931996, 153, -1.0
62345.63787384198, 52, -1.0
62345.73346856877, 162, 1.0
62352.65922139582, 233, 1.0
62352.74904646349, 198, 1.0
62355.22581408789, 68, -1.0
62355.35789755099, 114, 1.0
62355.91357394247, 114, 1.0
62355.979268922485, 45, -1.0
62356.29807721188, 56, 1.0
62356.43226783522, 76, 1.0
62358.13707070279, 26, -1.0
62358.519512041756, 98, 1.0
62359.70179252956, 27, 1.0
62362.92537409111, 27, 1.0
62362.97532424668, 142, 1.0
62369.930617703234, 58, 1.0
62370.26518907826, 114, 1.0
62371.57526591881, 59, 1.0
62371.60966199452, 36, 1.0
62374.077219697545, 138, 1.0
62375.71284774301, 73, 1.0
62380.7871033684, 163, -1.0
62382.53045741252, 81, 1.0
62385.16521878483, 48, 1.0
62387.96876828907, 29, 1.0
62389.80134735775, 113, -1.0
62390.72425129626, 67, -1.0
62392.72646009851, 158, 1.0
62394.62069485687, 111, 1.0
62394.83291522297, 114, 1.0
62395.92092129416, 61, 1.0
62398.784936905686, 123, -1.0
62400.71040064104, 37, -1.0
62404.2655832335, 142, -1.0
62404.43846748842, 32, -1.0
62404.99574636427, 67, -1.0
62405.37881766914, 100, 1.0
62407.23798714381, 53, 1.0
62408.23927794388, 71, -1.0
62409.286291107914, 50, 1.0
62409.6648527014, 137, 1.0
62409.767865768954, 142, 1.0
62413.46500892614, 35, 1.0
62416.22916742533, 153, -1.0
62417.546657958, 138, 1.0
62419.64534009808, 33, -1.0
62420.63268069607, 87, -1.0
62423.730697744686, 177, 1.0
62424.57389001518, 99, 1.0
62425.424829434174, 67, -1.0
62428.06519506839, 42, 1.0
62428.9427868108, 112, -1.0
62430.97147234766, 53, 1.0
62432.24797785601, 162, 1.0
62432.86183904943, 40, 1.0
62435.36782722425, 87, -1.0
62435.42312920422, 43, -1.0
62436.89765709269, 59, 1.0
62437.24952631512, 110, 1.0
62448.88305932736, 37, 1.0
62449.270541583246, 149, -1.0
62450.071058664915, 148, -1.0
62450.248629636066, 101, 1.0
62450.30612552942, 241, -1.0
62450.326500901254, 118, -1.0
62451.099186579806, 142, -1.0
62454.93507648143, 64, -1.0
62457.91498484471, 60, 1.0
62458.44564751873, 126, 1.0
62459.81426250903, 157, 1.0
62462.81668788128, 75, -1.0
62464.769054354205, 157, 1.0
62464.95634469869, 67, 1.0
62465.08860682352, 114, -1.0
62465.396050309435, 152, -1.0
62465.42169179077, 141, 1.0
62465.81153096849, 162, 1.0
62467.1612013636, 164, -1.0
62468.45819428982, 105, 1.0
62469.75909848009, 69, 1.0
62470.14202178258, 164, -1.0
62471.96558225388, 106, -1.0
62472.932561889866, 97, 1.0
62476.91547905827, 198, 1.0
62476.923856775524, 87, 1.0
62477.010272715044, 126, -1.0
62477.60970775597, 152, -1.0
62480.51696690347, 83, -1.0
62484.5868201963, 133, -1.0
62486.09205198553, 139, -1.0
62487.54501834922, 67, -1.0
62489.403910671695, 50, -1.0
62491.534051352406, 92, 1.0
62491.71667050733, 71, 1.0
62492.58687025315, 58, -1.0
62497.83481772644, 71, -1.0
62498.67080717907, 56, -1.0
62502.08894607047, 133, -1.0
62503.06066182068, 137, -1.0
62505.77036402562, 28, -1.0
62507.720455130446, 59, 1.0
62508.56139178939, 95, 1.0
62510.08191144715, 114, -1.0
62511.41158025805, 114, -1.0
62511.88325039378, 97, 1.0
62517.23501121844, 142, 1.0
62521.141563226185, 114, 1.0
62521.56136710198, 241, -1.0
62524.20349962398, 159, -1.0
62525.69883391168, 165, -1.0
62526.47670483453, 28, 1.0
62526.52882301859, 92, 1.0
62526.718939583385, 67, 1.0
62527.03533901637, 133, 1.0
62529.29358192804, 133, 1.0
62531.47323806038, 87, -1.0
62535.53585943321, 41, -1.0
62535.676107653606, 50, -1.0
62538.812255707046, 152, -1.0
62539.993690892996, 58, -1.0
62540.122608654645, 90, -1.0
62542.17977082768, 31, 1.0
62542.79042134466, 59, 1.0
62542.83085156255, 142, -1.0
62544.42863536233, 170, 1.0
62545.29257640856, 167, 1.0
62545.699679016805, 180, -1.0
62550.185606611645, 39, -1.0
62551.5872123419, 83, 1.0
62552.74018506185, 33, 1.0
62553.25377871321, 133, -1.0
62553.37563658887, 141, 1.0
62554.67707022713, 152, -1.0
62556.108385047286, 97, 1.0
62556.63571099561, 109, -1.0
62557.48883571201, 169, -1.0
62558.32112057549, 169, -1.0
62562.360873041456, 26, -1.0
62562.62476634733, 182, 1.0
62563.00663489775, 128, 1.0
62566.158385893184, 28, 1.0
62566.40672151342, 114, -1.0
62566.661733670626, 84, 1.0
62567.24529991572, 169, -1.0
62568.330725731874, 32, 1.0
62569.52381870081, 27, -1.0
62573.27244744086, 41, 1.0
62575.59220218524, 148, -1.0
62578.668487389805, 41, -1.0
62579.63435295759, 151, 1.0
62580.167941737105, 93, 1.0
62580.2801488449, 113, -1.0
62580.91207722962, 173, -1.0
62582.331208296004, 153, -1.0
62582.402830023195, 40, 1.0
62582.735807008445, 154, -1.0
62586.274043634556, 105, -1.0
62586.515797541295, 40, -1.0
62587.5014691274, 163, 1.0
62588.41650074021, 72, 1.0
62589.893006652645, 72, 1.0
62591.91341559474, 58, -1.0
62594.249809042274, 100, -1.0
62599.46416431769, 59, -1.0
62599.82587513748, 198, -1.0
62599.841581772336, 99, 1.0
62600.23372550725, 64, -1.0
62600.86136188581, 161, -1.0
62605.44416979328, 71, 1.0
62606.613848839166, 41, -1.0
62607.4653235673, 75, -1.0
62607.57048293973, 45, 1.0
62609.135760133344, 167, -1.0
62609.27680945331, 128, 1.0
62609.82981818531, 68, -1.0
62611.441816004066, 222, -1.0
62613.08248087563, 56, -1.0
62620.58664127514, 62, -1.0
62625.69158070068, 71, 1.0
62628.05745764624, 116, 1.0
62629.70550320452, 163, -1.0
62631.307528171004, 67, -1.0
62632.173975427875, 116, 1.0
62633.11249857223, 40, -1.0
62634.91422937579, 119, -1.0
62635.8727900555, 50, 1.0
62636.146227314806, 40, -1.0
62640.90107403243, 71, -1.0
62641.32027677119, 69, -1.0
62643.66987615562, 155, -1.0
62643.85720983796, 113, 1.0
62643.92208225426, 198, 1.0
62646.43812928228, 58, -1.0
62647.60582101404, 32, -1.0
62648.43194027287, 105, -1.0
62650.74079313954, 48, 1.0
62651.524588394794, 66, 1.0
62653.20292516889, 165, -1.0
62653.79879442511, 81, 1.0
62654.33529930154, 58, -1.0
62654.97115858151, 111, -1.0
62656.37514482549, 40, -1.0
62657.36928864554, 81, 1.0
62658.38020359313, 133, -1.0
62659.08411444474, 161, 1.0
62659.46410895002, 114, -1.0
62662.42840492355, 173, 1.0
62662.43259926367, 58, 1.0
62664.22678237396, 58, -1.0
62667.223356750634, 72, -1.0
62668.05938522455, 105, -1.0
62672.9990116108, 198, -1.0
62673.658179082544, 41, -1.0
62673.6971225794, 27, 1.0
62674.7894722745, 44, -1.0
62675.13532214321, 124, 1.0
62677.88516462962, 34, -1.0
62680.99454649054, 148, -1.0
62682.40490672481, 142, -1.0
62682.675366886455, 87, -1.0
62682.891771848364, 137, 1.0
62684.143891898486, 86, -1.0
62685.35122236886, 71, -1.0
62685.80354532298, 101, 1.0
62686.24111000275, 118, -1.0
62686.28437253198, 117, 1.0
62688.250861139946, 111, -1.0
62688.715363985335, 54, -1.0
62693.01332435028, 171, -1.0
62694.71633900846, 164, -1.0
62696.09473634729, 85, -1.0
62696.25415850557, 114, -1.0
62699.90055530242, 162, 1.0
62701.18395363322, 95, -1.0
62701.823821804835, 198, -1.0
62709.19636437705, 68, -1.0
62711.88809163435, 233, -1.0
62713.70951981212, 50, -1.0
62714.55380945717, 40, 1.0
62714.754115626885, 28, 1.0
62716.834266761114, 152, 1.0
62717.65847394706, 28, 1.0
62718.0137539021, 95, -1.0
62720.82158122023, 42, 1.0
62720.91510418167, 100, -1.0
62723.46745736159, 88, -1.0
62728.639993542725, 110, -1.0
62729.117341150995, 75, -1.0
62731.78558932285, 106, -1.0
62734.144626969086, 113, 1.0
62734.56202854328, 177, 1.0
62735.17393255149, 155, 1.0
62737.46413283727, 95, 1.0
62738.54801217006, 105, -1.0
62740.99517585651, 95, 1.0
62743.51420857714, 100, -1.0
62746.75696809479, 52, -1.0
62748.20992842477, 90, -1.0
62750.4130146412, 98, 1.0
62752.0174650569, 59, 1.0
62752.80382627189, 153, 1.0
62752.88359747682, 88, -1.0
62756.45410066047, 182, -1.0
62761.8399297548, 141, -1.0
62762.12036542528, 155, 1.0
62767.43085323492, 108, -1.0
62771.13068053687, 147, -1.0
62772.303822105234, 152, 1.0
62773.18736595596, 167, -1.0
62774.17100261729, 76, 1.0
62774.54155646248, 81, -1.0
62776.07983568735, 126, 1.0
62777.07517083068, 44, 1.0
62777.597883319926, 34, 1.0
62777.62599150229, 97, 1.0
62778.24894248999, 160, 1.0
62778.54215867815, 39, 1.0
62779.72699309559, 57, 1.0
62779.86974384939, 142, -1.0
62780.250711163906, 165, 1.0
62780.46274718709, 137, 1.0
62784.66195418294, 103, 1.0
62787.58331326352, 118, -1.0
62787.875052626936, 149, 1.0
62791.01661644771, 105, 1.0
62792.79558585238, 92, 1.0
62794.15946080465, 113, -1.0
62795.70584363294, 101, -1.0
62796.46835459033, 116, -1.0
62796.6926548551, 188, -1.0
62798.963020253446, 198, 1.0
62799.85383141285, 169, -1.0
62800.90505364744, 165, -1.0
62801.957406391106, 103, -1.0
62802.28144230351, 87, -1.0
62805.85890663348, 146, 1.0
62806.39383981355, 179, -1.0
62807.46683561877, 169, -1.0
62808.88425282404, 71, 1.0
62811.07079252464, 87, -1.0
62814.456506202994, 32, 1.0
62814.84208946386, 122, -1.0
62815.21983510066, 103, 1.0
62815.41577342464, 152, -1.0
62818.2557901394, 130, -1.0
62818.618507102714, 149, 1.0
62818.992771007244, 152, -1.0
62824.532678661475, 165, 1.0
62828.53931198026, 50, -1.0
62832.84493942024, 123, -1.0
62833.312328420354, 158, 1.0
62834.65137303073, 87, -1.0
62839.4043430464, 228, -1.0
62843.18994486791, 44, 1.0
62844.72591739471, 111, 1.0
62845.66493918298, 198, -1.0
62846.65175481204, 60, -1.0
62847.241054797356, 163, -1.0
62847.714824023045, 167, -1.0
62849.21979028386, 152, 1.0
62852.18312271664, 177, -1.0
62853.31710516077, 88, -1.0
62855.27613795144, 31, -1.0
62856.7303200561, 58, 1.0
62860.93656138662, 72, -1.0
62861.271121211066, 126, -1.0
62862.17256114616, 167, 1.0
62863.31946097192, 34, 1.0
62863.415115532, 142, -1.0
62863.76668197567, 105, -1.0
62864.305626384055, 58, -1.0
62870.40153502275, 149, -1.0
62870.73105586182, 133, -1.0
62871.47762427646, 33, 1.0
62872.65087999596, 76, -1.0
62878.73447833474, 105, 1.0
62879.56039595882, 147, 1.0
62879.94310304517, 124, 1.0
62881.5881010559, 116, 1.0
62888.53344905609, 80, -1.0
62893.220138529185, 26, 1.0
62893.28574061288, 98, 1.0
62893.95636064503, 26, -1.0
62894.742343936196, 53, 1.0
62894.98431126292, 81, 1.0
62895.30390943894, 146, 1.0
62895.78721580483, 138, -1.0
62898.24358327203, 101, 1.0
62899.68389143673, 155, -1.0
62900.586113212696, 168, -1.0
62902.07032582811, 28, 1.0
62902.72494175428, 142, -1.0
62903.68263298567, 180, -1.0
62904.68688850052, 153, 1.0
62905.3689885655, 165, 1.0
62909.36472014503, 106, -1.0
62911.16670499117, 104, -1.0
62914.007808847426, 97, -1.0
62914.18172417859, 28, 1.0
62915.650420185506, 64, -1.0
62916.42707420097, 29, 1.0
62916.84396584049, 116, 1.0
62920.91592031697, 142, -1.0
62921.116520246964, 54, 1.0
62921.698047754406, 28, 1.0
62922.42810350983, 88, -1.0
62925.609081807816, 159, -1.0
62925.83027805135, 158, 1.0
62925.83771149972, 108, 1.0
62927.347662458254, 158, 1.0
62928.73281453712, 114, -1.0
62929.85699571608, 182, 1.0
62931.32482490906, 106, -1.0
62934.27985835747, 118, -1.0
62935.19663732731, 95, -1.0
62935.45384582165, 59, -1.0
62936.18355186608, 163, -1.0
62938.585098993724, 142, 1.0
62938.72380810846, 116, 1.0
62941.43771299384, 92, 1.0
62942.80433944986, 34, -1.0
62942.94370184171, 92, -1.0
62948.02688999159, 139, -1.0
62948.37920165164, 157, 1.0
62948.94373557279, 233, -1.0
62949.7797497869, 45, -1.0
62950.28071825335, 159, -1.0
62951.2232131469, 105, -1.0
62951.40908871874, 167, 1.0
62954.17102883833, 40, -1.0
62955.39199217699, 147, 1.0
62956.946365149844, 92, -1.0
62958.15876845243, 69, -1.0
62958.40422324484, 50, -1.0
62958.63676128387, 40, -1.0
62960.570823194874, 106, -1.0
62960.862387897, 39, -1.0
62962.18274820738, 83, 1.0
62963.655221174784, 67, -1.0
62969.310027379215, 70, -1.0
62970.28966199736, 53, -1.0
62971.89486228652, 59, 1.0
62973.34340074348, 53, 1.0
62973.51146954365, 119, -1.0
62975.20127204398, 152, -1.0
62977.52753913078, 152, 1.0
62980.67000939304, 165, 1.0
62981.59471531845, 129, -1.0
62985.81726830832, 198, 1.0
62986.86173958002, 90, -1.0
62987.70978076065, 119, -1.0
62990.48805319559, 87, 1.0
62993.667734490366, 34, -1.0
62994.0587618311, 148, 1.0
63001.80436716851, 157, 1.0
63001.920485436676, 163, -1.0
63001.99544363183, 161, -1.0
63002.60168280032, 70, 1.0
63002.98251828414, 67, -1.0
63003.195998006115, 71, -1.0
63004.74446608852, 58, -1.0
63005.361837825774, 126, 1.0
63007.38326116165, 39, 1.0
63009.874815441006, 152, -1.0
63010.041499705636, 167, 1.0
63010.31393423243, 137, -1.0
63011.89607281692, 118, 1.0
63013.35090646911, 122, -1.0
63013.70616273695, 233, -1.0
63014.19963367855, 113, -1.0
63014.89773002782, 84, 1.0
63017.69378767191, 114, 1.0
63017.96030242866, 40, -1.0
63018.85315786507, 165, 1.0
63020.070413132475, 164, 1.0
63022.03089434818, 177, -1.0
63024.37983669989, 137, -1.0
63025.04131981624, 76, -1.0
63025.66761669799, 34, 1.0
63027.909784309224, 76, -1.0
63029.61444992204, 103, 1.0
63034.111341771655, 75, 1.0
63036.803462296666, 27, 1.0
63046.21026095245, 141, 1.0
63048.29047108865, 71, -1.0
63048.70082699515, 96, -1.0
63052.06415853369, 151, -1.0
63052.13964371508, 157, 1.0
63052.39599506277, 44, -1.0
63053.38492408205, 126, -1.0
63055.113600227385, 165, -1.0
63059.4339300185, 90, -1.0
63061.075412260034, 181, -1.0
63062.69258045047, 130, 1.0
63063.81097273434, 142, 1.0
63064.84817508363, 34, -1.0
63068.58241313736, 40, 1.0
63070.087878422215, 97, -1.0
63070.48465245408, 142, 1.0
63079.964695478244, 32, 1.0
63079.96868274007, 104, -1.0
63080.7550237856, 54, 1.0
63084.33157432457, 177, -1.0
63084.95050264218, 163, -1.0
63085.93557084084, 81, 1.0
63087.39470687696, 60, -1.0
63088.402381167696, 66, 1.0
63089.114478377545, 103, -1.0
63089.86603236024, 159, -1.0
63092.412905834346, 26, -1.0
63092.674905821514, 198, -1.0
63092.916671427825, 50, 1.0
63094.736935355206, 163, -1.0
63096.177680827685, 64, -1.0
63098.763449141145, 83, 1.0
63100.83738613901, 60, -1.0
63101.09379286328, 34, 1.0
63102.7230563287, 64, 1.0
63102.99105020758, 92, 1.0
63104.21254438929, 76, -1.0
63104.43657055045, 44, -1.0
63109.25054735251, 67, -1.0
63110.70198335862, 39, -1.0
63111.4965165602, 34, 1.0
63113.27324185876, 57, 1.0
63113.65359716525, 88, -1.0
63114.800524431375, 84, -1.0
63117.86309919976, 166, -1.0
63120.620760084916, 142, 1.0
63124.09957497411, 126, 1.0
63125.13735711845, 114, 1.0
63131.13114749435, 114, 1.0
63131.1496012017, 105, -1.0
63131.52385266121, 177, -1.0
63132.27664704098, 113, -1.0
63133.6780853964, 133, -1.0
63134.10834072468, 83, -1.0
63134.47341604969, 161, 1.0
63135.30575090167, 146, 1.0
63137.31370330453, 233, -1.0
63138.28037614567, 33, 1.0
63139.032354765346, 75, -1.0
63139.711487452216, 148, -1.0
63141.127781629606, 202, -1.0
63144.06461669873, 149, 1.0
63144.62039080956, 173, 1.0
63144.75763866411, 161, 1.0
63150.934270284946, 83, -1.0
63151.10243271196, 75, 1.0
63152.08819639459, 71, -1.0
63152.25501230224, 234, 1.0
63155.345330901466, 27, 1.0
63155.76477463156, 97, -1.0
63158.60207487614, 91, -1.0
63158.76794566143, 71, 1.0
63158.86642606812, 165, 1.0
63158.89654101961, 39, -1.0
63160.54423213367, 27, -1.0
63162.73435644164, 162, 1.0
63164.11183871952, 164, 1.0
63166.4316147653, 45, -1.0
63167.765521215784, 101, -1.0
63167.951677910074, 152, 1.0
63172.64963957353, 101, 1.0
63177.44500261289, 164, 1.0
63179.14604899207, 64, 1.0
63179.71419606026, 130, 1.0
63179.74351763129, 152, -1.0
63180.58875833932, 96, -1.0
63182.191139278, 165, -1.0
63182.58040557647, 76, -1.0
63182.85589655164, 126, 1.0
63182.95658456005, 160, -1.0
63183.48990714968, 81, 1.0
63184.12107474571, 142, 1.0
63187.225402587625, 159, -1.0
63187.881217765316, 29, 1.0
63188.554833936745, 87, 1.0
63188.65612914432, 96, -1.0
63189.5127724466, 98, 1.0
63190.58730567304, 182, -1.0
63191.84664668796, 81, 1.0
63193.09502656943, 110, 1.0
63194.672207388416, 106, -1.0
63195.32743195457, 76, -1.0
63196.771510214225, 198, -1.0
63198.1133466097, 164, -1.0
63199.55442379558, 84, 1.0
63200.52314347798, 104, -1.0
63203.09584375983, 162, 1.0
63205.96521536438, 234, -1.0
63211.257244928864, 169, 1.0
63212.560968750564, 68, -1.0
63220.24166043776, 114, 1.0
63227.41087472191, 45, 1.0
63230.361641387186, 95, 1.0
63230.848733995794, 46, 1.0
63233.720926311464, 103, 1.0
63233.73659709191, 146, -1.0
63234.18279760372, 44, -1.0
63237.62161301596, 110, 1.0
63238.54860850693, 161, -1.0
63239.80329496953, 55, 1.0
63241.364974245844, 60, -1.0
63242.10268427507, 103, 1.0
63242.288771745625, 83, 1.0
63249.098544152024, 149, -1.0
63250.02574951829, 50, -1.0
63250.88714006405, 75, -1.0
63252.098145769865, 98, 1.0
63253.594525670036, 56, -1.0
63256.6073531546, 28, 1.0
63256.655824354144, 43, 1.0
63257.52722051728, 34, -1.0
63259.557690558024, 153, 1.0
63261.237868229015, 142, 1.0
63261.86762616968, 56, -1.0
63265.949182071316, 101, -1.0
63269.57347068316, 81, 1.0
63269.904498710755, 163, 1.0
63270.525257034824, 163, 1.0
63271.15789845363, 141, 1.0
63271.22120853021, 110, -1.0
63276.79147999387, 58, -1.0
63276.93897656327, 159, -1.0
63277.49920513667, 101, 1.0
63277.69477726605, 165, 1.0
63278.126622002834, 101, -1.0
63280.66287684481, 198, -1.0
63281.731919373335, 90, -1.0
63281.870572120526, 70, -1.0
63282.570884850036, 90, -1.0
63285.52512040355, 90, -1.0
63286.322658379155, 101, 1.0
63287.88674357838, 64, -1.0
63289.131578713546, 109, -1.0
63293.664698784545, 177, -1.0
63293.98962902296, 58, -1.0
63295.22043010287, 58, -1.0
63298.510367596464, 44, -1.0
63303.46381235021, 167, 1.0
63303.78032178539, 163, -1.0
63305.45219110988, 64, -1.0
63308.08529838637, 70, -1.0
63312.17696502582, 44, 1.0
63312.63658718165, 76, 1.0
63314.280340491656, 35, -1.0
63315.32987387478, 44, -1.0
63315.60683290832, 117, 1.0
63316.49206055453, 28, 1.0
63316.52633367836, 86, -1.0
63318.74042956245, 56, -1.0
63319.86734503705, 96, -1.0
63323.86722922145, 162, 1.0
63324.185298441065, 105, -1.0
63325.425233140326, 126, -1.0
63325.8019144954, 126, 1.0
63326.95770528383, 87, -1.0
63327.722089216964, 31, -1.0
63328.68969571145, 234, -1.0
63330.14216095467, 50, -1.0
63331.32139918288, 64, -1.0
63331.34007332456, 116, 1.0
63332.32837449606, 128, 1.0
63333.24167988723, 97, 1.0
63333.29744488691, 164, -1.0
63334.807314106394, 122, -1.0
63338.07514139739, 32, -1.0
63340.40641583456, 165, -1.0
63343.65553256771, 126, -1.0
63343.754823805946, 177, -1.0
63348.14532306133, 40, -1.0
63350.26655781224, 97, -1.0
63351.13966577477, 71, -1.0
63351.50617375261, 173, 1.0
63352.88131745474, 54, -1.0
63353.6997701174, 106, -1.0
63356.13468727016, 188, -1.0
63357.935373927496, 58, -1.0
63361.65669236945, 146, -1.0
63364.92151200921, 59, 1.0
63367.669637845735, 165, -1.0
63370.91850466618, 164, 1.0
63371.4939867753, 152, -1.0
63371.9020989184, 101, 1.0
63372.15828482505, 45, 1.0
63373.105538774165, 162, 1.0
63374.89695409841, 68, -1.0
63376.008050113174, 64, -1.0
63376.145423357055, 202, -1.0
63376.59116791187, 114, 1.0
63378.50683416256, 35, 1.0
63378.8335948929, 83, -1.0
63379.54192576025, 163, 1.0
63381.15447960829, 113, -1.0
63382.479241443434, 126, 1.0
63383.26804664185, 58, 1.0
63387.63552032658, 142, -1.0
63391.19646973447, 101, 1.0
63391.51655340831, 101, 1.0
63391.85208469668, 164, -1.0
63392.223472621285, 103, -1.0
63396.7496364507, 29, 1.0
63396.89486761728, 103, 1.0
63399.56523118858, 163, 1.0
63400.707102119646, 76, -1.0
63401.44901109099, 41, -1.0
63402.243214186834, 26, -1.0
63404.28945481551, 66, 1.0
63405.28053634156, 60, 1.0
63406.731643538005, 116, 1.0
63410.8015768182, 45, 1.0
63416.561795641384, 37, 1.0
63416.589405167804, 117, 1.0
63418.45011610114, 87, 1.0
63418.82213189411, 59, -1.0
63421.37404111797, 40, -1.0
63423.078064523565, 76, 1.0
63425.03988311567, 142, -1.0
63426.5568224913, 222, -1.0
63426.764139399005, 198, 1.0
63426.862003518014, 35, 1.0
63431.59995781061, 163, -1.0
63434.5300090457, 98, -1.0
63436.21083964207, 110, 1.0
63438.879821721406, 41, -1.0
63441.89870636944, 34, -1.0
63442.020921429656, 34, 1.0
63443.426387355925, 161, 1.0
63444.529476887226, 117, 1.0
63445.569208956236, 161, 1.0
63447.95683000431, 114, -1.0
63449.24570466613, 58, -1.0
63449.680793910054, 40, 1.0
63455.91926209322, 163, 1.0
63456.54344859321, 90, -1.0
63456.796208894535, 105, -1.0
63457.07932071699, 149, -1.0
63458.40990299607, 86, -1.0
63459.38388957709, 234, -1.0
63459.603216282034, 35, -1.0
63461.940422376494, 138, -1.0
63462.506158325115, 81, -1.0
63462.67160363628, 99, 1.0
63463.21426226597, 81, -1.0
63463.61114067951, 112, -1.0
63465.47315367417, 41, -1.0
63466.53261613919, 44, 1.0
63467.75268373896, 161, -1.0
63478.39641949991, 34, -1.0
63481.83776396428, 161, -1.0
63483.05405831814, 26, 1.0
63483.95464056073, 142, -1.0
63486.57669203199, 67, 1.0
63487.64720927541, 58, 1.0
63491.26449215428, 58, 1.0
63492.32995453998, 44, -1.0
63494.0372734651, 114, -1.0
63496.665362827705, 81, 1.0
63498.60834621745, 39, -1.0
63500.53200544862, 152, -1.0
63501.596056243136, 165, 1.0
63501.733325031135, 234, -1.0
63502.032217039225, 58, -1.0
63504.77838099834, 101, 1.0
63505.43717458584, 81, 1.0
63505.730159710045, 96, -1.0
63508.054926904006, 29, 1.0
63509.802696007384, 87, 1.0
63511.13107247695, 81, -1.0
63514.02742215518, 45, 1.0
63515.47256141178, 26, -1.0
63517.0911316877, 222, -1.0
63517.961843343, 58, -1.0
63519.43754501293, 173, 1.0
63520.38848780785, 164, 1.0
63524.146431196954, 28, -1.0
63527.094205774614, 147, -1.0
63527.50676761134, 45, -1.0
63528.53182638989, 35, 1.0
63530.11874428206, 193, 1.0
63533.70970225906, 58, 1.0
63534.311042632246, 164, 1.0
63535.13761324675, 59, -1.0
63539.25240602747, 74, 1.0
63540.92443928785, 100, 1.0
63541.62871715819, 39, -1.0
63547.49533005882, 152, -1.0
63550.612671513554, 110, 1.0
63551.50044628484, 142, 1.0
63551.75081958033, 43, -1.0
63551.99321644323, 94, 1.0
63552.59301454018, 37, -1.0
63553.08932355884, 85, -1.0
63556.56785956698, 64, 1.0
63556.88713918408, 50, -1.0
63560.5635156669, 58, -1.0
63560.919633605925, 40, 1.0
63562.57977708285, 44, -1.0
63562.761178926456, 68, -1.0
63563.53184486946, 165, 1.0
63566.18238669825, 84, 1.0
63570.69872723969, 130, -1.0
63571.321013058056, 34, 1.0
63571.86635732801, 65, -1.0
63576.150728029614, 105, 1.0
63576.193089496184, 97, 1.0
63577.90856097436, 105, 1.0
63580.02421969938, 56, -1.0
63580.53250521326, 80, -1.0
63581.444507505796, 152, -1.0
63583.4844452, 48, 1.0
63586.41210056394, 59, 1.0
63586.65429268342, 26, -1.0
63586.80786710073, 80, -1.0
63592.862905375856, 114, -1.0
63594.60348095078, 105, -1.0
63595.541352694934, 152, 1.0
63598.00249215242, 142, 1.0
63600.32669935721, 44, -1.0
63601.21652614739, 70, -1.0
63606.572019992214, 98, 1.0
63607.356945251435, 241, 1.0
63608.25745311432, 86, -1.0
63609.86743568557, 100, -1.0
63609.955998221594, 36, -1.0
63611.12649194354, 33, 1.0
63611.44954648169, 71, -1.0
63615.52211050542, 222, 1.0
63615.56829648157, 59, 1.0
63615.72319433436, 67, -1.0
63616.0700504088, 177, 1.0
63618.73648654332, 84, -1.0
63619.933167309224, 52, -1.0
63620.601032999955, 75, 1.0
63621.75536647687, 233, -1.0
63624.30097029271, 42, 1.0
63624.655383676625, 44, -1.0
63624.994029016605, 163, -1.0
63626.25834737829, 94, 1.0
63628.88982360315, 64, 1.0
63630.199600689746, 34, 1.0
63631.823719816995, 94, -1.0
63631.960613877236, 67, -1.0
63635.248117993826, 89, -1.0
63636.36652059063, 113, -1.0
63637.26753658175, 163, -1.0
63638.59290385954, 58, -1.0
63644.35382150125, 59, -1.0
63646.484764093344, 97, -1.0
63648.55911357093, 103, 1.0
63649.93771649131, 100, 1.0
63651.035865709906, 37, -1.0
63657.585019920385, 149, -1.0
63657.78906527027, 106, -1.0
63658.4936791519, 165, 1.0
63660.19846562642, 157, 1.0
63661.613863352555, 89, -1.0
63663.13253500343, 103, -1.0
63663.24837182918, 142, -1.0
63663.33577162177, 116, 1.0
63663.51828321201, 58, -1.0
63663.97791166093, 159, -1.0
63664.19004795261, 82, 1.0
63664.31622455268, 109, 1.0
63669.20136855484, 37, -1.0
63670.668653810324, 119, -1.0
63672.271467783474, 59, -1.0
63673.59461694966, 173, 1.0
63674.33720768679, 68, -1.0
63674.97095406501, 59, 1.0
63675.66261958894, 81, 1.0
63675.90623361688, 54, 1.0
63678.40642200542, 101, 1.0
63680.096068814455, 34, 1.0
63681.039144762646, 87, -1.0
63683.70204239899, 45, 1.0
63684.70217916032, 59, 1.0
63684.83419845325, 33, 1.0
63689.47671027367, 161, -1.0
63689.51734778859, 169, 1.0
63692.86728086799, 33, 1.0
63694.216286721996, 83, -1.0
63699.35090892574, 58, -1.0
63701.827199656924, 182, -1.0
63704.7974115133, 71, -1.0
63704.823986892996, 146, -1.0
63706.16778391017, 146, 1.0
63709.45915738169, 39, -1.0
63709.661990345616, 59, 1.0
63711.02263833428, 27, -1.0
63712.02311913408, 89, -1.0
63713.23931073456, 58, -1.0
63715.31428068889, 102, -1.0
63715.68327501166, 33, 1.0
63715.7170373533, 67, 1.0
63716.17054770645, 45, 1.0
63718.52705036069, 35, 1.0
63721.760185621504, 76, -1.0
63722.32950224176, 114, -1.0
63722.35626300541, 104, -1.0
63723.15832034059, 59, 1.0
63724.68209894166, 163, 1.0
63726.42019961086, 64, -1.0
63728.230204644395, 163, -1.0
63730.072543669696, 164, -1.0
63730.517910846254, 119, 1.0
63730.55828779878, 154, -1.0
63731.15517980901, 133, -1.0
63732.310773944555, 76, 1.0
63734.30626370623, 42, 1.0
63737.54524524608, 116, 1.0
63741.31947857407, 50, -1.0
63742.12586975317, 90, -1.0
63742.13653701209, 146, -1.0
63744.69318018238, 233, -1.0
63745.54652336915, 241, -1.0
63750.635879146124, 40, -1.0
63750.64318898511, 124, 1.0
63751.264918007684, 53, 1.0
63751.31721720259, 31, -1.0
63752.67098906913, 105, -1.0
63754.46704239583, 82, 1.0
63754.83775223161, 62, -1.0
63755.2174305887, 58, 1.0
63755.44966436553, 43, -1.0
63756.10149499887, 40, 1.0
63758.30125904132, 112, -1.0
63764.92689132889, 142, 1.0
63765.86314382416, 116, 1.0
63773.09585116665, 70, 1.0
63773.54834243848, 40, 1.0
63778.762139353836, 60, 1.0
63779.495789428795, 222, 1.0
63782.135386278154, 101, 1.0
63788.81067120254, 44, -1.0
63791.52957903489, 58, -1.0
63792.19915880572, 105, 1.0
63792.534097699696, 83, -1.0
63794.63496475232, 91, -1.0
63794.99621633808, 75, -1.0
63798.75751425946, 163, -1.0
63802.788748488165, 50, 1.0
63808.44969490583, 122, -1.0
63810.28545303251, 60, -1.0
63811.38279985842, 59, 1.0
63811.563945011105, 68, 1.0
63817.16936010681, 89, -1.0
63820.51501034881, 81, 1.0
63820.6147384043, 26, -1.0
63821.29941094447, 133, 1.0
63822.062470856545, 67, -1.0
63823.04240317517, 202, -1.0
63824.496634661096, 154, -1.0
63826.04872595856, 241, 1.0
63830.621440595634, 169, -1.0
63831.09860230507, 160, -1.0
63831.28612814616, 99, -1.0
63831.61633121601, 142, 1.0
63834.34153919905, 165, -1.0
63837.688123282926, 59, 1.0
63838.0711897682, 157, -1.0
63839.49260839069, 50, -1.0
63839.663983913735, 45, -1.0
63839.719688138095, 64, 1.0
63840.15276498505, 50, -1.0
63840.35452421967, 162, -1.0
63843.171783204896, 162, -1.0
63845.5935075504, 42, 1.0
63848.67462184616, 153, 1.0
63849.786879857216, 83, -1.0
63851.137564321536, 64, -1.0
63851.80522822417, 87, -1.0
63852.27552185671, 52, -1.0
63856.23436765386, 106, 1.0
63856.50280081171, 83, 1.0
63856.88431343097, 58, 1.0
63859.695053900294, 241, 1.0
63859.95558711337, 103, -1.0
63862.151725474614, 165, -1.0
63862.80394608103, 222, 1.0
63867.465177978724, 87, -1.0
63868.620088977725, 169, 1.0
63871.294219192125, 34, -1.0
63871.566600946186, 81, -1.0
63874.51060613095, 142, 1.0
63876.53242390901, 116, 1.0
63876.625434666974, 152, -1.0
63877.961645454765, 105, -1.0
63878.85453033047, 35, -1.0
63879.41492934284, 87, -1.0
63881.51765253016, 34, -1.0
63881.52629835234, 75, -1.0
63890.216761452706, 33, 1.0
63891.98322792366, 58, 1.0
63892.084071478326, 28, -1.0
63892.964096137184, 92, -1.0
63894.92422157813, 34, -1.0
63897.38239555756, 58, 1.0
63897.653138812326, 110, -1.0
63899.340126276686, 162, -1.0
63900.776307657994, 64, -1.0
63902.18926475864, 34, 1.0
63906.29322222685, 163, -1.0
63907.332542905555, 43, 1.0
63911.63627999264, 31, -1.0
63912.89477599337, 167, -1.0
63917.13212781157, 37, -1.0
63917.476915130144, 75, -1.0
63920.009651011846, 106, -1.0
63921.252045492845, 222, -1.0
63924.67097149659, 64, -1.0
63926.209385765396, 74, 1.0
63927.046193340284, 177, 1.0
63929.09574371225, 84, -1.0
63930.42078753954, 65, -1.0
63931.81333965609, 50, -1.0
63933.836155946294, 30, -1.0
63935.74984307693, 59, 1.0
63936.83547377327, 99, 1.0
63937.39429867119, 75, 1.0
63937.69358035365, 76, -1.0
63938.96447292261, 103, 1.0
63939.70374654718, 119, 1.0
63940.05846445073, 148, -1.0
63941.48291747326, 173, -1.0
63942.389880353665, 34, -1.0
63942.469376629626, 88, -1.0
63944.05953558375, 40, 1.0
63944.787073087966, 101, 1.0
63945.86374954561, 142, 1.0
63945.88288405523, 141, 1.0
63945.973374598536, 234, 1.0
63947.41873247601, 177, -1.0
63948.100934449, 89, 1.0
63948.17125094556, 59, -1.0
63950.805165219725, 137, -1.0
63951.31789178799, 116, 1.0
63952.74453921323, 162, -1.0
63955.27749036033, 67, 1.0
63956.33746078275, 48, -1.0
63960.66113458661, 71, -1.0
63960.74275243876, 165, 1.0
63961.2687366597, 163, -1.0
63961.680415148134, 202, 1.0
63963.047861786916, 64, -1.0
63964.67462166622, 126, 1.0
63967.75429610875, 101, 1.0
63968.05541185379, 89, -1.0
63969.852599737584, 109, -1.0
63971.7970257693, 162, 1.0
63971.80174917734, 128, 1.0
63971.804093153056, 34, -1.0
63972.77778935642, 163, -1.0
63973.88221326282, 114, 1.0
63982.5520571266, 162, 1.0
63986.58733858056, 111, 1.0
63988.415585767805, 109, 1.0
63990.40490537762, 114, -1.0
63990.483016404854, 35, 1.0
63990.8548035845, 75, 1.0
63991.06972683094, 87, -1.0
63991.95305943757, 169, 1.0
63992.93515254535, 26, 1.0
63995.62951366591, 86, -1.0
63999.063956686085, 52, -1.0
63999.1739207639, 162, 1.0
64000.182173799236, 152, -1.0
64000.294918533655, 164, 1.0
64001.3476926527, 137, 1.0
64002.21356197246, 71, 1.0
64007.07694913887, 70, -1.0
64007.15663325689, 113, -1.0
64013.598219392414, 58, -1.0
64015.22327304933, 103, -1.0
64015.71285210191, 113, -1.0
64017.11937109215, 75, 1.0
64018.14819107758, 60, 1.0
64018.49927608944, 85, -1.0
64019.9508191698, 81, 1.0
64019.98700613725, 177, -1.0
64020.29625177463, 202, -1.0
64021.507397814756, 36, 1.0
64022.789989751895, 48, -1.0
64023.93141800297, 233, -1.0
64024.878475494836, 45, 1.0
64027.148173044596, 37, -1.0
64030.91556573121, 149, 1.0
64034.8330367201, 103, -1.0
64035.437072930035, 32, -1.0
64035.84270671025, 101, -1.0
64036.46203828198, 159, -1.0
64039.3436251763, 133, -1.0
64040.6351601842, 169, -1.0
64041.077249181384, 106, -1.0
64043.99978800266, 177, -1.0
64044.263843106455, 101, -1.0
64047.99908482885, 153, -1.0
64051.23956118795, 137, -1.0
64051.67959072765, 34, 1.0
64053.50159851202, 164, 1.0
64054.29052393434, 142, 1.0
64054.8923518397, 111, -1.0
64055.19985990268, 40, -1.0
64056.06947630436, 98, 1.0
64058.860062625274, 164, -1.0
64060.40054584486, 108, 1.0
64060.58395363827, 181, -1.0
64063.68287647391, 50, -1.0
64064.49194180293, 75, 1.0
64064.69065085358, 55, -1.0
64064.8474915312, 165, -1.0
64065.252569644115, 75, -1.0
64067.190708967806, 75, -1.0
64067.975543961824, 173, 1.0
64068.15864428398, 80, -1.0
64068.22412080634, 53, -1.0
64069.55138635959, 76, -1.0
64070.73358655629, 146, 1.0
64075.07640844953, 109, -1.0
64075.57308127849, 34, 1.0
64075.7935274174, 87, -1.0
64079.29385869643, 163, -1.0
64079.92471306746, 116, 1.0
64080.638109471925, 118, 1.0
64087.06132069649, 171, 1.0
64088.334901083195, 193, -1.0
64089.10644275252, 94, -1.0
64089.47016231424, 167, -1.0
64089.65827779602, 177, 1.0
64090.24862983318, 152, -1.0
64090.91339747437, 45, -1.0
64091.78625690395, 155, -1.0
64094.405173206986, 182, 1.0
64096.810458502245, 86, -1.0
64098.15884033916, 146, -1.0
64099.55596534829, 45, 1.0
64105.245957463696, 71, 1.0
64106.10872543974, 41, -1.0
64107.1257344362, 155, -1.0
64108.90565290695, 71, 1.0
64110.12509751029, 80, -1.0
64110.7028295062, 89, -1.0
64113.06179920734, 50, -1.0
64113.14787388243, 40, 1.0
64113.94408047067, 37, 1.0
64114.48991227889, 71, 1.0
64116.458878372876, 75, -1.0
64116.67599205547, 75, 1.0
64121.581142601164, 66, -1.0
64121.73095574119, 96, 1.0
64122.54890736283, 75, 1.0
64126.11302563148, 85, -1.0
64126.723944076235, 43, 1.0
64127.71979859878, 198, 1.0
64129.14888014194, 44, 1.0
64130.9290445816, 137, -1.0
64131.19965199748, 103, 1.0
64133.57251951716, 114, -1.0
64136.280751268256, 152, -1.0
64138.67246719679, 166, -1.0
64139.41764185801, 75, -1.0
64145.74057123405, 72, 1.0
64147.072659092504, 100, 1.0
64148.992055326096, 90, -1.0
64150.91986732933, 149, -1.0
64153.863351166554, 26, 1.0
64154.483562387046, 87, -1.0
64157.551803368246, 157, 1.0
64157.62340390499, 69, -1.0
64157.71729274217, 146, 1.0
64157.95600646301, 106, -1.0
64159.779975514124, 53, -1.0
64162.95696321068, 108, 1.0
64168.84153023272, 59, 1.0
64170.90374653163, 198, 1.0
64171.80441401681, 87, 1.0
64173.27403193082, 163, 1.0
64175.21001746997, 52, -1.0
64176.60112367399, 100, 1.0
64179.249779463986, 75, -1.0
64180.79307141868, 50, -1.0
64182.31809812995, 142, 1.0
64183.82139398455, 64, -1.0
64193.65181261011, 159, -1.0
64197.07234352777, 105, 1.0
64201.758678698476, 153, -1.0
64201.763892577226, 169, -1.0
64202.551862498214, 173, 1.0
64208.7579759048, 162, -1.0
64210.16305326258, 112, -1.0
64211.607687985015, 75, 1.0
64213.60002224303, 177, 1.0
64214.00882265791, 98, 1.0
64214.041050002095, 97, 1.0
64215.16535733484, 182, -1.0
64218.28548001809, 114, 1.0
64220.99073136649, 42, -1.0
64221.00496540622, 230, -1.0
64222.80753781838, 128, 1.0
64224.361343912795, 119, -1.0
64227.14999201957, 97, -1.0
64232.12024673044, 113, 1.0
64232.338340803835, 64, -1.0
64236.58815259491, 80, -1.0
64243.58369360053, 58, 1.0
64245.978956151295, 75, 1.0
64247.42185082755, 163, -1.0
64248.08824161991, 110, 1.0
64252.338090734105, 133, -1.0
64253.423282138545, 50, -1.0
64253.45608309892, 202, 1.0
64254.5844279313, 148, -1.0
64255.66747616161, 155, -1.0
64257.355618690424, 105, -1.0
64257.60997182186, 45, 1.0
64259.718881489425, 80, 1.0
64262.47349207323, 162, -1.0
64262.972917280764, 165, 1.0
64262.97797916075, 110, 1.0
64264.332014261585, 133, -1.0
64264.92614994689, 83, -1.0
64265.62507677377, 126, 1.0
64266.39028531271, 202, -1.0
64272.01002452796, 142, 1.0
64272.78791395204, 72, 1.0
64277.1430981643, 142, 1.0
64279.73333379333, 36, -1.0
64283.88118103542, 165, 1.0
64286.11343411569, 67, -1.0
64286.53851721095, 48, 1.0
64291.87031134582, 141, -1.0
64294.132060845484, 112, 1.0
64294.24573190539, 126, -1.0
64294.339469185405, 142, -1.0
64301.11566405801, 165, 1.0
64302.590604559075, 123, -1.0
64303.15091904916, 40, -1.0
64303.9799353908, 31, 1.0
64310.16214523726, 61, 1.0
64310.259976556175, 58, 1.0
64316.867078181844, 32, -1.0
64317.006013617836, 198, 1.0
64324.16198920159, 169, -1.0
64325.27969011003, 113, 1.0
64325.93807468728, 165, 1.0
64328.645107663266, 31, 1.0
64333.6269549045, 233, -1.0
64334.29002142101, 116, 1.0
64336.08239796496, 75, -1.0
64336.69651268094, 163, -1.0
64345.62564937059, 34, -1.0
64351.84168075045, 33, 1.0
64353.52662210113, 75, -1.0
64353.58302653524, 123, 1.0
64354.07879289148, 58, 1.0
64359.347786749706, 58, -1.0
64359.71679696982, 59, -1.0
64362.44914461802, 228, -1.0
64362.8975878723, 165, 1.0
64364.8400773772, 234, 1.0
64366.577765695176, 87, -1.0
64371.19094841961, 101, 1.0
64373.051364985775, 98, -1.0
64376.02150681144, 58, -1.0
64378.86464598177, 104, 1.0
64378.938949108975, 34, 1.0
64380.72177913122, 108, 1.0
64380.95388478092, 99, 1.0
64381.20947440894, 234, 1.0
64381.530910429305, 62, -1.0
64383.33612773588, 167, -1.0
64384.8249724255, 95, 1.0
64385.72280629448, 159, 1.0
64388.6379468386, 66, -1.0
64389.183270250614, 114, 1.0
64389.83334982688, 40, 1.0
64390.4245469479, 59, -1.0
64390.95941890595, 58, -1.0
64396.469825548666, 133, -1.0
64398.33379013009, 90, -1.0
64399.64234609207, 59, 1.0
64400.48253447828, 114, 1.0
64400.90455591774, 163, 1.0
64401.323886326885, 71, 1.0
64401.37426375146, 70, -1.0
64402.2758804397, 142, -1.0
64404.69955593531, 116, -1.0
64404.94104214547, 55, -1.0
64407.543201628476, 142, 1.0
64411.037592384484, 161, -1.0
64412.51619374417, 67, -1.0
64416.880740662804, 99, 1.0
64417.73790883958, 198, 1.0
64420.9389623733, 137, 1.0
64423.63402009385, 92, -1.0
64424.14008046697, 35, 1.0
64424.405825595706, 35, 1.0
64424.40734720353, 152, -1.0
64424.95178367187, 165, -1.0
64426.2415895179, 222, 1.0
64426.286008883384, 43, 1.0
64426.55037815812, 128, -1.0
64427.28709855512, 101, 1.0
64428.694801806, 27, 1.0
64431.29966908968, 58, 1.0
64431.305880957465, 40, -1.0
64431.35266783857, 71, 1.0
64438.21079412431, 88, -1.0
64439.83880769345, 152, -1.0
64440.60879483803, 34, -1.0
64441.96688108974, 165, 1.0
64442.505710178986, 72, 1.0
64444.792635378246, 111, 1.0
64445.24612324343, 87, -1.0
64445.45808919704, 163, -1.0
64446.31043475445, 235, -1.0
64446.90111392792, 167, -1.0
64447.983688108594, 87, 1.0
64448.49658713882, 114, 1.0
64448.83626850473, 100, -1.0
64449.062223032415, 133, -1.0
64449.81429614413, 53, -1.0
64452.11956005064, 117, -1.0
64453.292872693324, 152, -1.0
64453.3393394813, 157, 1.0
64455.70913641708, 152, 1.0
64456.77296762799, 41, 1.0
64458.444415571685, 198, -1.0
64458.90986017723, 103, 1.0
64460.59988229685, 112, 1.0
64461.30288819078, 45, 1.0
64461.356758655995, 142, 1.0
64461.58634090071, 152, 1.0
64465.30698572383, 56, -1.0
64466.66807218825, 164, -1.0
64466.826689696, 40, -1.0
64468.33837894598, 158, 1.0
64470.99904546697, 114, 1.0
64471.54496524188, 165, 1.0
64475.73978680303, 149, -1.0
64476.11149914398, 46, -1.0
64476.38396315317, 108, -1.0
64476.61706236086, 75, -1.0
64476.734992648286, 114, 1.0
64478.11547526151, 149, -1.0
64479.52052113313, 48, -1.0
64483.235743704296, 235, -1.0
64483.98748846293, 101, 1.0
64484.06406529107, 167, -1.0
64486.852075688315, 198, 1.0
64488.01749218051, 59, 1.0
64489.0954704641, 110, 1.0
64490.72259357673, 162, 1.0
64491.453585478375, 152, -1.0
64491.75730154268, 40, 1.0
64508.12973008948, 112, -1.0
64508.424300814775, 73, 1.0
64509.524935161055, 52, -1.0
64515.61343746208, 98, 1.0
64517.49846907879, 29, 1.0
64517.57493593008, 114, -1.0
64518.5819749289, 97, -1.0
64520.33553823036, 148, -1.0
64520.72749586735, 58, -1.0
64523.11911232655, 34, 1.0
64530.93665658108, 106, -1.0
64542.20924116811, 54, -1.0
64545.92639175159, 155, -1.0
64546.705987602494, 70, -1.0
64547.72778364509, 148, -1.0
64550.205825644836, 161, -1.0
64554.91593281828, 130, 1.0
64556.20096887497, 81, 1.0
64556.90088427603, 116, -1.0
64558.966266666066, 114, 1.0
64560.115818878156, 126, -1.0
64561.31519056213, 58, 1.0
64562.20939938915, 103, -1.0
64562.35633212328, 153, 1.0
64562.356345191314, 109, -1.0
64563.4081381631, 164, 1.0
64564.859004367645, 34, -1.0
64565.177557379684, 159, -1.0
64568.96450540807, 70, 1.0
64572.313251720836, 234, -1.0
64577.988633405745, 168, 1.0
64579.1416723105, 59, 1.0
64582.45388641744, 114, 1.0
64582.740538079706, 160, -1.0
64583.548506999905, 58, 1.0
64588.7826156718, 157, 1.0
64589.908418193736, 116, 1.0
64590.5133606674, 117, -1.0
64592.193964509104, 154, -1.0
64593.23053390407, 36, -1.0
64593.67283570832, 39, -1.0
64594.086708556744, 142, 1.0
64595.925812630485, 71, 1.0
64595.986893305126, 198, -1.0
64597.8359163327, 67, -1.0
64597.85445236067, 94, -1.0
64598.28886043865, 117, -1.0
64599.5382816948, 113, 1.0
64600.007802197055, 40, -1.0
64600.228961992216, 177, -1.0
64601.24668384838, 163, -1.0
64602.421767188906, 71, 1.0
64604.917375558885, 164, 1.0
64605.02140351701, 35, 1.0
64605.93723221723, 198, 1.0
64610.12997360809, 59, -1.0
64617.72153361946, 228, -1.0
64619.98098391801, 70, -1.0
64621.48216245994, 122, 1.0
64622.28016243788, 126, 1.0
64623.621868938055, 59, 1.0
64625.07258068738, 113, -1.0
64625.08035723312, 64, -1.0
64626.847803120276, 76, -1.0
64634.32879389364, 68, -1.0
64638.1573146849, 84, -1.0
64640.162074121916, 112, -1.0
64642.8972547459, 241, 1.0
64643.12821094629, 105, 1.0
64643.724992734584, 150, 1.0
64644.720620872526, 167, -1.0
64645.0291472504, 87, -1.0
64647.15855461678, 75, 1.0
64648.660158464256, 113, 1.0
64651.03451750982, 68, -1.0
64653.32851858497, 94, -1.0
64656.046287159785, 70, -1.0
64656.718458838215, 84, 1.0
64657.07712911943, 97, 1.0
64658.68101106319, 114, 1.0
64660.53259992515, 198, 1.0
64660.89713646968, 101, 1.0
64663.535203233216, 87, -1.0
64666.25256037717, 107, 1.0
64667.31078227071, 28, -1.0
64667.93058853881, 72, -1.0
64668.22412343662, 31, -1.0
64669.45244807086, 103, 1.0
64669.967703561735, 44, 1.0
64673.86155739853, 148, 1.0
64674.153905954896, 43, 1.0
64675.909663666855, 45, 1.0
64676.85699614563, 64, 1.0
64676.88888105237, 81, 1.0
64677.05430272058, 159, 1.0
64678.44148904389, 233, -1.0
64682.485222970114, 115, -1.0
64683.67966908184, 114, 1.0
64684.26353007677, 114, 1.0
64684.3403344293, 58, 1.0
64684.77470444474, 35, 1.0
64684.9222601438, 43, 1.0
64692.043282112856, 33, 1.0
64694.08930018998, 26, 1.0
64695.78661240427, 110, -1.0
64695.80097386794, 105, -1.0
64697.32546680795, 52, -1.0
64697.89814161334, 164, 1.0
64700.35997045538, 182, -1.0
64704.50002813465, 44, -1.0
64705.90575197221, 198, 1.0
64706.428499046866, 113, -1.0
64708.859500681, 95, -1.0
64712.78700657757, 152, -1.0
64715.683312992805, 159, -1.0
64715.8813685275, 103, 1.0
64718.55655891381, 116, -1.0
64719.187552290896, 94, -1.0
64721.314348515756, 100, -1.0
64722.721087323946, 60, -1.0
64726.072104985804, 164, -1.0
64727.129578183274, 100, 1.0
64727.378782435255, 169, -1.0
64728.04538751588, 235, -1.0
64728.42487656907, 146, 1.0
64729.34933814056, 94, -1.0
64730.1989959342, 112, 1.0
64730.82970730704, 69, -1.0
64737.5782399677, 198, -1.0
64738.40905150099, 146, 1.0
64743.270717668056, 90, -1.0
64744.67620837156, 50, -1.0
64745.264104216614, 163, -1.0
64745.84369799848, 155, -1.0
64745.87102871429, 148, 1.0
64745.969220136816, 119, 1.0
64748.797540125815, 31, -1.0
64750.531578486436, 193, 1.0
64751.846547359215, 67, 1.0
64755.064421135714, 108, -1.0
64756.19251834233, 123, 1.0
64762.83847330972, 93, 1.0
64764.72159522512, 72, -1.0
64766.97735042661, 146, 1.0
64769.76673074781, 58, -1.0
64770.1685403048, 26, 1.0
64770.99378152639, 98, 1.0
64773.65798973486, 34, -1.0
64774.03605927951, 27, 1.0
64775.06374127662, 142, -1.0
64777.32296590425, 105, 1.0
64777.72392286205, 56, -1.0
64779.711967644515, 123, -1.0
64782.91883934361, 64, 1.0
64786.05686867505, 32, -1.0
64791.05851025858, 85, -1.0
64794.426926393, 35, -1.0
64794.74287376633, 60, -1.0
64796.73579077512, 111, -1.0
