61203.398760163305, 114, 1.0
61203.415553263694, 158, 1.0
61204.25964421228, 34, 1.0
61209.192000222676, 126, 1.0
61209.38621201981, 114, -1.0
61212.08013004609, 105, -1.0
61212.21997414206, 80, -1.0
61213.4138620611, 126, -1.0
61213.50462912826, 116, 1.0
61214.36722233275, 58, -1.0
61214.49358318344, 169, -1.0
61216.81075721485, 129, -1.0
61217.6958345616, 114, -1.0
61217.81622863999, 28, 1.0
61219.57533160413, 148, 1.0
61220.12790069273, 81, 1.0
61223.0073529404, 230, -1.0
61224.991160757796, 88, 1.0
61227.44689999698, 155, -1.0
61229.115103822594, 82, 1.0
61229.430524145144, 87, 1.0
61231.34790892808, 233, -1.0
61232.285195563134, 73, 1.0
61234.439728632846, 75, 1.0
61236.72562895082, 72, 1.0
61239.08393165294, 169, 1.0
61239.45828800159, 100, -1.0
61239.4798248415, 83, -1.0
61240.800582961216, 163, -1.0
61241.552727568436, 97, -1.0
61241.7567627279, 69, 1.0
61241.93801312684, 167, -1.0
61242.75237996154, 235, 1.0
61242.95652650123, 113, 1.0
61248.9875945375, 54, 1.0
61249.06202557057, 70, -1.0
61249.65017615339, 149, 1.0
61253.2886800519, 98, 1.0
61253.85040817235, 130, -1.0
61256.82755021899, 56, -1.0
61257.16447878653, 163, -1.0
61258.27497040869, 111, 1.0
61259.29071893325, 164, -1.0
61259.72849142007, 84, 1.0
61263.3339959856, 153, -1.0
61263.41867825098, 97, 1.0
61264.65036487642, 165, 1.0
61266.20801909327, 116, -1.0
61266.636495063736, 35, -1.0
61267.11061542481, 80, 1.0
61269.83222261991, 90, -1.0
61273.19842496957, 26, 1.0
61274.49896965067, 50, -1.0
61274.58768314985, 42, -1.0
61279.89911834606, 105, -1.0
61282.52875393439, 163, 1.0
61282.99119918254, 198, 1.0
61283.88455905039, 116, -1.0
61286.565223946825, 114, 1.0
61288.186100426385, 58, -1.0
61290.0827113093, 62, 1.0
61292.9590938332, 80, 1.0
61292.99702433139, 110, 1.0
61296.89519313819, 111, 1.0
61298.146765799414, 75, 1.0
61298.565436986304, 35, 1.0
61299.55644854126, 97, -1.0
61299.7382690646, 34, 1.0
61300.0908948049, 130, -1.0
61301.562966227844, 165, -1.0
61306.302411339806, 40, 1.0
61307.67642651978, 28, 1.0
61311.27020451779, 45, 1.0
61313.48826410421, 170, 1.0
61313.67673969955, 50, -1.0
61313.72365818385, 45, -1.0
61315.0143621203, 50, -1.0
61315.98372208916, 50, -1.0
61317.769219427406, 53, 1.0
61318.0400977059, 233, 1.0
61318.09954931129, 84, 1.0
61318.40979671023, 146, 1.0
61322.30507359306, 234, 1.0
61322.611336725226, 39, -1.0
61326.64070366621, 99, 1.0
61327.60444775108, 155, 1.0
61328.83251151233, 167, 1.0
61332.39067814918, 82, 1.0
61334.89873877519, 70, -1.0
61335.64030657704, 162, 1.0
61338.17806409581, 60, -1.0
61339.04349217533, 234, -1.0
61344.638006123765, 162, -1.0
61344.94424442919, 98, 1.0
61347.39774787808, 59, 1.0
61349.09259471412, 86, 1.0
61351.125846716095, 128, 1.0
61351.73309372936, 159, -1.0
61351.76591184649, 234, 1.0
61352.74260542862, 235, -1.0
61354.71601961413, 84, 1.0
61355.357787331384, 222, 1.0
61355.889887849946, 48, -1.0
61358.23776335939, 111, -1.0
61361.57638698315, 71, 1.0
61362.47428102091, 126, 1.0
61363.013086265775, 75, 1.0
61364.540141060075, 126, 1.0
61367.490573989635, 93, -1.0
61367.64028189872, 110, -1.0
61370.7421968138, 58, -1.0
61373.14565421615, 222, -1.0
61376.13785365701, 141, 1.0
61378.00101616196, 67, -1.0
61380.700394420455, 112, -1.0
61384.272744056594, 89, -1.0
61385.94834177521, 26, 1.0
61388.35704095692, 162, 1.0
61389.30843155675, 114, 1.0
61392.356714497844, 100, 1.0
61395.45950822579, 75, -1.0
61396.18044519854, 73, -1.0
61398.8734261653, 235, -1.0
61400.45439558884, 34, 1.0
61400.91479198082, 26, 1.0
61401.04890855503, 50, 1.0
61403.622835289396, 167, -1.0
61405.212091770874, 91, -1.0
61407.634744485964, 241, -1.0
61410.35006517697, 182, 1.0
61411.93665118697, 103, -1.0
61413.10732848715, 69, -1.0
61416.186233402055, 42, -1.0
61418.14661883173, 40, -1.0
61420.76809974075, 58, 1.0
61421.00175504782, 67, 1.0
61423.019355950855, 159, 1.0
61423.08140391846, 100, -1.0
61428.79340539682, 142, -1.0
61430.248862946515, 128, 1.0
61431.12752127855, 95, -1.0
61432.647991234975, 32, -1.0
61433.82044173253, 85, -1.0
61435.566040066704, 141, 1.0
61438.03853695494, 154, -1.0
61438.093309108706, 35, 1.0
61441.7872481724, 146, 1.0
61444.34148131773, 34, -1.0
61444.70813111663, 112, -1.0
61451.05829337104, 148, 1.0
61454.788506973724, 153, 1.0
61455.63698273353, 45, 1.0
61456.29198517713, 198, -1.0
61457.041595677976, 160, 1.0
61457.80174056256, 35, 1.0
61459.02816713166, 182, -1.0
61461.76334847819, 108, 1.0
61464.88653187363, 168, 1.0
61465.78032849656, 130, 1.0
61472.438266302364, 54, -1.0
61473.581002862455, 45, 1.0
61475.50417891859, 29, 1.0
61482.07317634589, 59, 1.0
61484.3487649533, 146, -1.0
61484.49935728523, 57, -1.0
61485.21875054907, 67, 1.0
61486.60243648602, 152, -1.0
61493.696000395146, 34, -1.0
61494.73447882283, 75, 1.0
61499.36233325076, 182, 1.0
61500.1122915452, 126, 1.0
61500.32449782696, 89, -1.0
61503.10533572281, 165, -1.0
61504.408288222956, 72, -1.0
61504.91606394556, 61, 1.0
61505.262921708505, 114, -1.0
61507.061500615295, 35, 1.0
61509.73540683802, 70, 1.0
61510.89357413045, 163, -1.0
61511.33394167549, 56, -1.0
61511.747787900546, 114, 1.0
61511.95779841632, 165, 1.0
61513.53897861385, 122, -1.0
61516.001963349154, 68, 1.0
61516.69487502669, 233, -1.0
61517.20481391017, 83, -1.0
61518.880235622775, 67, 1.0
61518.95148796302, 34, -1.0
61519.3419216259, 55, -1.0
61519.97305241429, 101, -1.0
61520.565671558834, 118, 1.0
61523.40515964308, 116, 1.0
61523.8644498439, 82, 1.0
61526.13560542165, 234, -1.0
61529.45484431417, 141, 1.0
61531.25628037637, 163, 1.0
61533.1514226763, 228, -1.0
61533.48201434511, 114, 1.0
61534.10060414531, 64, -1.0
61537.90703980637, 69, -1.0
61538.07516189587, 58, 1.0
61539.23782774588, 122, 1.0
61539.990329892964, 84, 1.0
61541.28667937515, 152, 1.0
61542.15264697878, 75, 1.0
61545.39724720889, 34, 1.0
61547.706367253704, 105, 1.0
61548.89593065039, 110, -1.0
61554.24301886625, 146, 1.0
61554.719620151634, 116, -1.0
61556.125655543845, 187, -1.0
61558.80340400149, 162, -1.0
61563.63756963722, 65, 1.0
61564.00605894262, 122, -1.0
61564.53817202652, 116, -1.0
61565.53373711432, 141, 1.0
61565.76344962805, 97, 1.0
61566.63651637006, 113, 1.0
61566.74210985865, 99, -1.0
61567.746140234456, 241, 1.0
61568.664246302644, 161, -1.0
61571.62475316644, 116, 1.0
61572.31279685047, 27, -1.0
61573.03480007767, 182, -1.0
61573.41649719233, 65, -1.0
61574.30606422719, 234, -1.0
61574.93736937647, 35, 1.0
61575.08818882928, 130, 1.0
61575.473615876195, 80, -1.0
61575.61050810288, 92, -1.0
61577.45526411133, 83, -1.0
61577.49381324336, 40, -1.0
61581.185495353006, 114, 1.0
61583.40631113682, 155, 1.0
61586.4409994595, 83, 1.0
61586.834344122675, 102, 1.0
61587.26236167121, 68, 1.0
61587.90972896411, 80, 1.0
61588.13022905702, 48, -1.0
61591.24469367516, 44, -1.0
61592.97534533936, 74, -1.0
61595.65800302554, 116, 1.0
61596.59217719933, 71, 1.0
61597.116097890605, 111, -1.0
61600.72954045763, 97, -1.0
61600.7653492815, 68, 1.0
61606.13575341643, 94, 1.0
61608.335366183666, 161, 1.0
61610.08728559568, 97, 1.0
61611.180900995416, 73, -1.0
61612.2709281154, 97, 1.0
61613.142449936786, 89, 1.0
61613.52624941724, 64, -1.0
61615.89903752443, 105, -1.0
61615.93297735918, 155, -1.0
61618.031338530025, 65, -1.0
61619.71823387079, 103, -1.0
61620.503355916415, 61, -1.0
61620.964618404396, 75, 1.0
61621.48965022685, 130, 1.0
61621.972647700815, 50, 1.0
61622.35167334862, 159, -1.0
61625.50893505767, 114, 1.0
61626.016766269924, 40, -1.0
61626.713542340716, 150, -1.0
61628.37868244915, 73, -1.0
61628.4847373743, 113, -1.0
61629.05163149712, 230, -1.0
61632.404493189235, 92, -1.0
61633.051594460274, 165, -1.0
61634.26467536493, 159, 1.0
61635.54922516543, 109, -1.0
61642.72379750984, 55, -1.0
61642.97552500426, 233, -1.0
61643.40377921374, 167, 1.0
61647.101148974216, 83, 1.0
61647.12082510698, 88, -1.0
61647.343851070924, 146, -1.0
61650.44521013375, 32, -1.0
61653.88569753143, 169, -1.0
61655.17482357955, 62, 1.0
61657.311666244976, 99, 1.0
61660.81643206763, 126, 1.0
61661.70226842751, 69, -1.0
61663.0487383706, 114, -1.0
61663.12870918678, 164, 1.0
61666.592174315774, 64, -1.0
61670.79311189432, 35, 1.0
61673.99133910786, 75, -1.0
61675.90620914873, 87, 1.0
61675.94040930428, 40, -1.0
61676.351482346305, 126, -1.0
61677.1838598194, 165, 1.0
61677.958497580956, 27, 1.0
61679.3382010358, 97, -1.0
61680.8877606722, 99, 1.0
61681.22171950898, 198, -1.0
61682.78036926988, 188, -1.0
61683.73088539182, 62, 1.0
61685.800789105575, 161, -1.0
61686.462429578256, 28, 1.0
61692.002381478975, 109, -1.0
61692.50876002595, 58, -1.0
61693.58072348719, 85, -1.0
61695.83225876778, 68, 1.0
61697.12776923014, 165, 1.0
61698.153257070415, 188, 1.0
61700.55560417304, 113, -1.0
61702.751338389106, 152, -1.0
61704.577267958346, 44, 1.0
61709.52943327722, 50, -1.0
61710.15245687647, 35, -1.0
61711.372929246, 106, -1.0
61711.79149370183, 44, -1.0
61713.37405556511, 188, -1.0
61713.88068006722, 41, 1.0
61714.63933271166, 128, 1.0
61714.76568560311, 27, 1.0
61716.404494980074, 94, 1.0
61717.82156178532, 148, 1.0
61718.36325666714, 182, 1.0
61721.789572951966, 41, -1.0
61723.56266020267, 34, 1.0
61727.04426859732, 35, 1.0
61729.40375997964, 114, 1.0
61730.33796844853, 169, 1.0
61731.982994163525, 83, -1.0
61737.39266659831, 142, -1.0
61738.52871058781, 123, -1.0
61738.828472019864, 233, 1.0
61740.93235609333, 28, -1.0
61742.50792739166, 58, -1.0
61743.04278830633, 109, -1.0
61746.691635675714, 169, 1.0
61749.57393561189, 126, -1.0
61750.249472222706, 182, 1.0
61750.568659857585, 161, -1.0
61753.71327244789, 114, 1.0
61754.72197771714, 95, 1.0
61755.82012744339, 163, -1.0
61756.05186599088, 130, -1.0
61757.57243531787, 83, 1.0
61758.303120708435, 45, 1.0
61758.974872603, 147, -1.0
61760.241938962965, 64, 1.0
61764.303914386925, 73, -1.0
61764.35609547219, 83, -1.0
61764.56947392976, 122, -1.0
61765.240843444095, 83, -1.0
61768.462685076505, 153, 1.0
61769.19913395129, 158, -1.0
61772.01386974231, 27, -1.0
61772.296302895695, 97, 1.0
61777.35414153486, 53, 1.0
61777.82486457255, 165, -1.0
61778.113086693, 84, 1.0
61778.1876584877, 126, 1.0
61778.52148550608, 126, -1.0
61778.88758643278, 40, 1.0
61779.19849659584, 71, -1.0
61781.42909162625, 44, -1.0
61781.681061232026, 99, 1.0
61784.58270249739, 153, 1.0
61785.825548899535, 45, 1.0
61786.944754478835, 168, 1.0
61791.43645015382, 44, 1.0
61794.489500606665, 157, 1.0
61795.962711640954, 113, 1.0
61800.53286589594, 235, -1.0
61803.81845365959, 126, 1.0
61804.249134434685, 104, -1.0
61805.79671236004, 65, -1.0
61806.41360931236, 32, -1.0
61807.06507125449, 59, -1.0
61814.981430802014, 31, -1.0
61816.72762619637, 71, -1.0
61818.25747251157, 43, -1.0
61819.62474244518, 148, -1.0
61820.092375918204, 29, 1.0
61821.005641174976, 146, 1.0
61825.21693774861, 163, -1.0
61829.221709283855, 153, 1.0
61830.764521986464, 137, -1.0
61830.949560110006, 126, 1.0
61831.25994189435, 149, -1.0
61831.39039429809, 164, 1.0
61831.95791664622, 94, 1.0
61835.37783887888, 67, -1.0
61835.41180781812, 103, 1.0
61835.769469942796, 228, -1.0
61838.02882956355, 114, 1.0
61839.65221190473, 53, 1.0
61842.68198733592, 58, -1.0
61842.93912723181, 102, -1.0
61844.20429481864, 81, -1.0
61845.631090838004, 68, 1.0
61848.17939949505, 58, -1.0
61854.14679798264, 92, -1.0
61855.244628710505, 169, 1.0
61856.32300868402, 76, -1.0
61856.97078843361, 90, -1.0
61859.850945249564, 152, -1.0
61860.407777373766, 141, 1.0
61861.33103552213, 60, -1.0
61861.460193205625, 142, 1.0
61861.704422315095, 109, 1.0
61863.46798891641, 167, 1.0
61864.63736896925, 159, 1.0
61865.94618643842, 103, -1.0
61867.251360713526, 80, 1.0
61868.959069571996, 59, 1.0
61869.33489287447, 81, 1.0
61871.71251751092, 35, 1.0
61873.78872065397, 27, -1.0
61875.65940044443, 104, 1.0
61879.97004441892, 83, 1.0
61880.24915997504, 142, 1.0
61882.208976790964, 241, -1.0
61882.53756764689, 59, 1.0
61883.69384580004, 160, -1.0
61884.21316637952, 67, -1.0
61885.62425953818, 148, 1.0
61894.56168967142, 95, -1.0
61897.76830383861, 59, -1.0
61897.78151132855, 182, -1.0
61903.429847002495, 60, 1.0
61903.607600136354, 82, 1.0
61905.7349194923, 73, -1.0
61906.44454950409, 165, 1.0
61906.4660973791, 114, 1.0
61906.64528616229, 42, -1.0
61908.967391350896, 40, 1.0
61911.59427373091, 50, 1.0
61912.64847599166, 40, -1.0
61915.04728268789, 65, 1.0
61915.55422296008, 142, 1.0
61918.549649895096, 165, -1.0
61919.110864358714, 33, 1.0
61921.11280287316, 32, 1.0
61924.35048847664, 137, -1.0
61926.61539456131, 29, 1.0
61926.975841612984, 87, -1.0
61928.41488142344, 137, -1.0
61930.30423568957, 84, 1.0
61932.43600157478, 97, -1.0
61935.61885538365, 71, 1.0
61936.194570207575, 93, -1.0
61938.25604679235, 83, 1.0
61938.91212434189, 165, -1.0
61939.24166867425, 58, -1.0
61939.41866041276, 75, 1.0
61940.13070644141, 68, -1.0
61943.63499524575, 69, -1.0
61948.01330065724, 141, -1.0
61953.038674080075, 133, 1.0
61953.25391068797, 91, -1.0
61955.44900495098, 161, -1.0
61955.84778063859, 82, 1.0
61955.99529822665, 83, 1.0
61957.912190350864, 40, -1.0
61959.8985463559, 80, 1.0
61961.15486938244, 193, -1.0
61961.84519611552, 105, -1.0
61962.88486622411, 152, 1.0
61971.4368558291, 129, -1.0
61971.65665723353, 35, 1.0
61972.49807179424, 114, -1.0
61973.62799742692, 50, -1.0
61975.50087040837, 152, -1.0
61977.394178959396, 235, 1.0
61977.450925624806, 177, -1.0
61978.17773220341, 159, 1.0
61979.98086576193, 35, 1.0
61981.235733252535, 34, 1.0
61982.654716516925, 56, -1.0
61985.361011509194, 165, 1.0
61986.666487576884, 164, 1.0
61986.85566552452, 128, 1.0
61987.49606026001, 148, 1.0
61988.37596200092, 80, -1.0
61989.4455405306, 110, 1.0
61989.756464844235, 180, -1.0
61991.949759858246, 58, 1.0
61992.26656099489, 97, 1.0
61993.20184109611, 110, -1.0
61993.22038396764, 26, 1.0
61993.73731560454, 100, -1.0
61995.01393461404, 139, -1.0
61995.15000557155, 163, -1.0
61995.69919001727, 73, 1.0
61995.7605242727, 75, 1.0
61997.572745090336, 154, 1.0
61997.82347285969, 163, 1.0
61997.9662754232, 122, -1.0
61997.969700081594, 142, 1.0
61998.32152470529, 139, 1.0
62002.14734280795, 67, -1.0
62007.126073721716, 32, -1.0
62009.45907623087, 75, 1.0
62011.139659599736, 105, 1.0
62011.214315594116, 147, -1.0
62011.91856994081, 114, -1.0
62013.35620811672, 41, 1.0
62014.464258397944, 44, -1.0
62014.48586231263, 94, -1.0
62015.88424002432, 108, -1.0
62018.73383277888, 27, -1.0
62019.35531975382, 97, -1.0
62019.643825065534, 182, 1.0
62022.371942320795, 83, 1.0
62022.69194331123, 29, 1.0
62023.60343453087, 75, 1.0
62025.84581990217, 141, 1.0
62026.822786347395, 146, 1.0
62027.880473159785, 113, -1.0
62029.33334440669, 103, -1.0
62030.81732373749, 94, 1.0
62031.626760342515, 82, -1.0
62031.78662712801, 58, -1.0
62033.73343188146, 41, -1.0
62034.66697839626, 114, 1.0
62036.16597441984, 161, 1.0
62038.59874493989, 40, 1.0
62040.559685201275, 154, -1.0
62040.61393137329, 113, -1.0
62042.020906700345, 56, 1.0
62043.07803236171, 45, 1.0
62047.24897228323, 67, -1.0
62052.733020644824, 110, 1.0
62058.75621132235, 151, -1.0
62062.029196064, 103, -1.0
62064.64729804566, 69, -1.0
62067.403465436044, 33, -1.0
62068.06667336064, 146, 1.0
62068.75982611316, 67, -1.0
62069.99838697417, 142, 1.0
62072.42615424406, 130, -1.0
62072.8503333006, 73, -1.0
62072.86766227955, 95, -1.0
62072.964383785715, 40, 1.0
62073.61080831153, 152, 1.0
62074.26112898435, 161, 1.0
62074.51068000003, 198, -1.0
62074.62440203372, 146, 1.0
62074.73198795605, 164, 1.0
62079.571117612504, 146, -1.0
62082.206680380106, 146, -1.0
62082.621192705825, 75, 1.0
62086.207537186114, 114, 1.0
62090.9228921872, 152, -1.0
62092.59304425972, 165, 1.0
62093.85714310713, 167, -1.0
62095.128939193586, 43, 1.0
62098.609349745704, 83, 1.0
62099.01087504024, 104, -1.0
62099.65494983623, 84, 1.0
62100.541427594115, 32, 1.0
62104.958067544365, 72, -1.0
62107.01312049227, 81, -1.0
62108.85348549149, 165, -1.0
62110.17842292604, 155, 1.0
62114.63483370418, 114, 1.0
62118.03579687164, 234, 1.0
62118.37498999015, 33, 1.0
62120.818502406684, 72, -1.0
62122.758749765475, 110, 1.0
62125.010501339115, 80, -1.0
62126.21335655672, 165, -1.0
62129.637905568896, 65, 1.0
62131.359631372376, 30, 1.0
62132.39286880563, 169, -1.0
62134.624057583744, 165, -1.0
62135.71733606707, 158, -1.0
62136.14823855891, 65, 1.0
62136.45825786468, 58, -1.0
62136.722609170116, 99, -1.0
62138.03246990891, 165, 1.0
62139.31107781571, 34, 1.0
62144.28415432045, 90, 1.0
62145.35539147989, 102, -1.0
62147.72789007886, 33, 1.0
62147.92831829238, 114, -1.0
62148.08128220288, 72, -1.0
62148.41822106289, 83, -1.0
62150.91588126299, 116, 1.0
62151.80034835453, 230, -1.0
62152.66890574479, 103, 1.0
62153.048491180816, 35, -1.0
62153.34149959321, 101, 1.0
62156.131470241904, 35, 1.0
62157.256220811745, 193, -1.0
62160.20638036105, 163, 1.0
62161.46410315778, 146, 1.0
62163.436126615474, 90, -1.0
62167.86518838407, 34, -1.0
62170.65065172609, 187, -1.0
62173.062431459344, 161, -1.0
62173.437104133176, 161, -1.0
62177.38066872693, 153, 1.0
62177.68023359363, 147, -1.0
62178.00630362291, 82, 1.0
62179.06123358074, 114, -1.0
62180.9905923687, 67, 1.0
62181.20836819815, 162, 1.0
62183.7894979486, 142, 1.0
62184.11912145383, 62, -1.0
62184.71423718617, 27, 1.0
62186.43240879148, 73, -1.0
62187.093897882114, 139, -1.0
62188.519321517284, 67, 1.0
62189.56116711139, 157, 1.0
62192.68435838605, 116, -1.0
62194.417860185466, 105, 1.0
62196.54788936865, 106, 1.0
62201.9240778415, 53, -1.0
62203.04715897543, 106, 1.0
62203.84216848876, 114, 1.0
62204.878285883155, 64, -1.0
62205.010618339285, 161, -1.0
62206.139705369664, 60, 1.0
62208.548309977385, 228, -1.0
62210.944772454175, 110, 1.0
62213.03491677574, 66, 1.0
62213.59417392209, 29, -1.0
62214.23097190159, 148, -1.0
62214.689337034186, 68, 1.0
62215.45028492513, 35, 1.0
62219.117870115035, 165, -1.0
62220.18069855168, 65, -1.0
62221.0637119404, 116, -1.0
62221.21028009709, 64, 1.0
62221.5355460938, 153, 1.0
62223.909671594774, 28, -1.0
62224.482070626545, 126, 1.0
62225.287832112204, 26, -1.0
62226.20712817807, 112, -1.0
62228.06394815578, 27, 1.0
62230.727346431, 59, 1.0
62233.08191741836, 222, 1.0
62233.22027371606, 114, 1.0
62233.343243038325, 114, 1.0
62236.01571144797, 58, -1.0
62236.5225998836, 26, 1.0
62237.665222527794, 34, -1.0
62242.327233536314, 158, 1.0
62242.49448147102, 67, 1.0
62245.29847362997, 116, -1.0
62247.9792440669, 188, -1.0
62253.93779766736, 163, -1.0
62261.60564401104, 59, -1.0
62263.20768545805, 160, -1.0
62263.52903458043, 29, -1.0
62263.80070975576, 43, 1.0
62264.08216885277, 163, 1.0
62265.0807864414, 37, -1.0
62266.353440608116, 35, 1.0
62266.67726540165, 36, 1.0
62269.498633209645, 44, 1.0
62271.17325923691, 94, -1.0
62273.075033969144, 162, -1.0
62273.4922454564, 114, -1.0
62274.60797399636, 75, 1.0
62275.988146501484, 43, 1.0
62278.50617433017, 62, -1.0
62280.174653826645, 152, -1.0
62280.38601005914, 128, 1.0
62280.49096664478, 123, -1.0
62281.477064745886, 101, -1.0
62282.33611807884, 152, -1.0
62282.56650141651, 103, 1.0
62285.54888461409, 45, 1.0
62285.72488234442, 43, 1.0
62289.26777068246, 102, 1.0
62291.59472955699, 163, -1.0
62293.46816866107, 66, -1.0
62295.46565675614, 28, -1.0
62296.94248553149, 84, 1.0
62297.28344750335, 152, 1.0
62299.04495160644, 151, -1.0
62300.69005645321, 50, -1.0
62302.02432463837, 50, -1.0
62303.10296707742, 35, -1.0
62305.41773568832, 148, -1.0
62309.331183491675, 82, -1.0
62312.63081322847, 73, -1.0
62315.68252876402, 50, 1.0
62315.81577149304, 81, -1.0
62316.55570207743, 152, -1.0
62317.38089735855, 146, -1.0
62317.572167057384, 114, 1.0
62323.83571052061, 154, 1.0
62327.379301331326, 103, 1.0
62333.277426583605, 103, -1.0
62333.73845244133, 71, 1.0
62335.799828670126, 43, 1.0
62338.074750702326, 72, -1.0
62339.151948749044, 54, 1.0
62340.03057702887, 146, 1.0
62342.162892682085, 153, -1.0
62345.14434902212, 71, -1.0
62347.09976724324, 141, 1.0
62352.53321167018, 70, 1.0
62352.64689122228, 160, -1.0
62352.86797106887, 193, 1.0
62352.96706712482, 84, -1.0
62353.477785125186, 119, -1.0
62364.166428788514, 34, 1.0
62367.72353803257, 130, -1.0
62368.20670840675, 130, -1.0
62368.22857999562, 41, -1.0
62369.58966970251, 177, -1.0
62371.05686884693, 37, 1.0
62371.43584439421, 65, 1.0
62371.66692988157, 92, -1.0
62371.89466711796, 39, -1.0
62373.8592149719, 114, -1.0
62374.00178492828, 67, 1.0
62376.99294164038, 73, -1.0
62377.07910534133, 235, -1.0
62378.83294423121, 122, 1.0
62388.636205028095, 98, -1.0
62388.892428661056, 163, -1.0
62399.65577196351, 111, 1.0
62400.507780220265, 169, 1.0
62400.57377891842, 91, -1.0
62402.85977253813, 164, 1.0
62403.33716220003, 105, 1.0
62404.64866819719, 45, -1.0
62404.925019173555, 33, 1.0
62405.21054037663, 163, -1.0
62405.51667860621, 113, -1.0
62406.17917934343, 123, -1.0
62412.87038575362, 36, 1.0
62413.95559013682, 34, -1.0
62413.98724504757, 75, 1.0
62414.81074265331, 41, 1.0
62416.11098426964, 154, -1.0
62416.15461091383, 75, 1.0
62417.826098497964, 66, -1.0
62419.74591619622, 104, 1.0
62420.93272506088, 193, 1.0
62421.000047440255, 102, 1.0
62423.02663947738, 167, -1.0
62424.39613611313, 103, -1.0
62426.215259774704, 56, -1.0
62431.14667415998, 26, 1.0
62434.43967974714, 35, -1.0
62436.00637216456, 59, -1.0
62436.60098345512, 188, -1.0
62439.18832314678, 141, 1.0
62441.027185932406, 163, 1.0
62441.40578966295, 69, 1.0
62442.80241961282, 222, -1.0
62443.54383882964, 167, -1.0
62445.46270586773, 142, 1.0
62448.91637257911, 164, 1.0
62449.01099825095, 35, -1.0
62449.12434140198, 130, -1.0
62451.24522219794, 94, -1.0
62452.12226860862, 152, 1.0
62452.76510687201, 103, -1.0
62453.0612221954, 54, -1.0
62455.29566889664, 59, -1.0
62457.58912688642, 114, 1.0
62458.4211601722, 58, -1.0
62462.89516304157, 153, 1.0
62466.88810031189, 188, -1.0
62467.51330616699, 35, 1.0
62469.18181760063, 90, -1.0
62470.708237873994, 163, -1.0
62472.02649987025, 86, 1.0
62472.34594994689, 146, 1.0
62472.57010235732, 126, 1.0
62476.20127828674, 113, 1.0
62478.16840708591, 67, -1.0
62481.65404128207, 76, 1.0
62481.941369671884, 179, -1.0
62484.465230256, 105, -1.0
62486.191790527315, 58, -1.0
62486.798941972665, 141, 1.0
62487.65430402053, 103, 1.0
62489.124150443444, 163, -1.0
62491.465650775026, 45, -1.0
62491.82972542736, 84, 1.0
62491.87305002207, 116, -1.0
62491.99146135384, 75, 1.0
62493.67833680688, 141, -1.0
62494.63881748786, 61, 1.0
62494.89676107067, 97, 1.0
62495.03747762984, 35, -1.0
62495.84279072521, 235, -1.0
62498.19869942909, 105, 1.0
62502.140329372225, 40, -1.0
62503.7080957116, 45, 1.0
62503.89826514874, 54, -1.0
62504.342762715474, 114, 1.0
62506.56423063655, 116, -1.0
62508.266483183506, 137, 1.0
62513.026361620956, 52, 1.0
62516.287845726445, 45, 1.0
62517.85486952669, 146, 1.0
62518.87777695726, 56, -1.0
62520.882666397534, 126, 1.0
62522.84801466499, 48, -1.0
62526.35285186554, 100, 1.0
62527.34183025284, 62, 1.0
62530.53495956217, 126, 1.0
62530.54245367104, 84, 1.0
62531.3451072094, 122, -1.0
62532.00983518554, 110, -1.0
62532.10102591447, 99, 1.0
62532.12810867423, 116, 1.0
62532.25519226841, 40, -1.0
62533.345142957616, 130, -1.0
62534.97513464837, 58, -1.0
62536.406068666845, 72, -1.0
62537.73409079041, 81, -1.0
62538.96886904151, 163, 1.0
62541.43310253216, 72, -1.0
62541.62982116511, 67, -1.0
62543.49617292029, 26, -1.0
62544.064940990014, 162, -1.0
62551.300481231025, 108, 1.0
62551.932431615496, 40, 1.0
62553.44979725881, 141, 1.0
62556.92920771026, 32, -1.0
62558.04378040477, 146, 1.0
62565.12064601591, 137, -1.0
62565.193827361756, 173, 1.0
62567.389798458746, 146, 1.0
62568.15288730365, 37, 1.0
62568.52826772541, 58, -1.0
62568.6241965548, 75, 1.0
62569.467706540934, 43, 1.0
62570.26702693735, 87, 1.0
62571.803871658616, 92, -1.0
62573.53828732637, 35, -1.0
62574.07716383497, 32, -1.0
62574.94611790136, 152, 1.0
62577.40397577666, 75, 1.0
62577.824499933784, 50, -1.0
62577.93595766941, 152, -1.0
62583.1084293293, 59, -1.0
62583.99858178158, 163, 1.0
62584.49138682033, 50, -1.0
62587.67789596795, 114, -1.0
62590.88235864158, 50, 1.0
62592.37388648274, 83, -1.0
62594.61315894968, 59, 1.0
62596.788475885296, 98, -1.0
62596.832882384064, 43, -1.0
62598.30997169647, 188, -1.0
62598.38307999113, 83, -1.0
62601.70204255836, 108, 1.0
62601.841915864024, 26, 1.0
62605.313404860746, 98, 1.0
62610.00318553703, 164, -1.0
62612.548066664196, 85, 1.0
62613.06184915227, 35, 1.0
62614.265514116676, 157, 1.0
62616.6190416181, 234, 1.0
62616.9600366338, 160, -1.0
62617.97731478214, 27, -1.0
62619.22374027748, 69, 1.0
62622.77041828724, 98, -1.0
62624.865065500984, 40, -1.0
62625.32585949636, 35, 1.0
62628.18845674698, 123, 1.0
62628.713152971926, 59, -1.0
62632.371983776975, 222, -1.0
62632.96367794236, 123, -1.0
62633.50738453615, 103, -1.0
62635.843431218105, 129, 1.0
62636.1097723125, 108, -1.0
62636.48001422823, 58, 1.0
62636.78679990773, 234, 1.0
62637.24378801376, 154, -1.0
62639.007249803864, 32, -1.0
62639.6551839434, 167, -1.0
62641.24933652555, 54, -1.0
62641.39663040923, 165, 1.0
62641.431423878006, 165, -1.0
62643.73658746051, 73, 1.0
62647.872834296715, 101, 1.0
62653.91096663316, 50, -1.0
62657.56366213612, 158, 1.0
62657.56562755945, 84, 1.0
62659.51700189937, 173, -1.0
62662.78859062241, 114, -1.0
62672.316616067365, 66, 1.0
62673.870340732945, 59, 1.0
62674.63718081451, 40, 1.0
62677.59178276788, 37, 1.0
62683.56447026924, 146, 1.0
62683.924607713605, 83, 1.0
62685.35385403047, 58, -1.0
62686.84927213259, 60, -1.0
62694.46229937484, 75, 1.0
62695.92881136591, 58, -1.0
62701.73272201148, 167, 1.0
62702.01228604071, 40, -1.0
62702.31795155029, 65, -1.0
62704.432535917906, 114, -1.0
62709.16382982383, 31, -1.0
62710.09999189303, 165, 1.0
62711.723524696994, 107, 1.0
62713.3105770046, 67, -1.0
62713.9594301301, 85, -1.0
62714.815886418306, 39, 1.0
62715.220722975115, 44, -1.0
62717.36137379366, 31, -1.0
62720.334902650124, 234, -1.0
62723.71758213881, 58, -1.0
62725.3194980937, 114, -1.0
62725.650341259476, 152, -1.0
62729.03490039832, 83, 1.0
62730.58119820097, 68, 1.0
62732.69584364437, 198, 1.0
62740.76022643455, 116, 1.0
62741.48093856286, 105, -1.0
62742.558920632735, 169, 1.0
62742.83779213759, 71, 1.0
62744.62798509764, 50, -1.0
62746.192998221144, 35, 1.0
62746.658299429946, 35, 1.0
62746.79862590156, 104, 1.0
62752.44630617384, 108, -1.0
62754.69607732823, 40, 1.0
62755.289416367326, 163, -1.0
62755.98575633026, 124, 1.0
62759.82098768162, 75, 1.0
62763.56387240167, 162, 1.0
62764.17343713566, 108, -1.0
62767.02244769272, 161, 1.0
62767.27223754824, 109, -1.0
62767.31735838624, 169, 1.0
62767.377303365494, 75, -1.0
62769.24672411286, 157, 1.0
62769.85928839442, 72, 1.0
62770.98650839875, 162, -1.0
62772.91393707413, 68, -1.0
62774.24026447589, 83, 1.0
62774.46891631813, 72, -1.0
62776.54015032182, 73, -1.0
62780.20561671822, 114, 1.0
62781.33835359693, 163, -1.0
62781.94135182185, 92, -1.0
62785.680239976515, 29, 1.0
62786.85471103341, 95, -1.0
62787.372607418496, 163, -1.0
62789.00049436215, 163, -1.0
62790.61997268226, 233, 1.0
62791.23288461297, 69, 1.0
62794.0617777572, 48, 1.0
62794.969790276984, 67, -1.0
62798.3955273645, 198, -1.0
62800.342262926344, 63, -1.0
62800.554575352755, 83, 1.0
62803.251309704945, 126, -1.0
62804.041007243424, 105, -1.0
62804.416643472105, 163, -1.0
62807.71853321211, 80, -1.0
62808.26064620927, 188, -1.0
62809.229559074854, 64, -1.0
62809.713024289005, 126, 1.0
62810.90435023307, 165, 1.0
62811.14388855516, 164, 1.0
62815.50560820667, 141, -1.0
62820.034096459356, 153, -1.0
62821.262919105226, 60, 1.0
62821.708761193244, 165, 1.0
62822.42870636057, 114, 1.0
62822.56249603183, 142, -1.0
62823.72720041864, 167, 1.0
62828.966181118056, 64, 1.0
62829.16563997493, 163, -1.0
62829.22797104527, 228, -1.0
62830.859038194525, 31, 1.0
62832.42348421828, 35, 1.0
62834.93174973676, 33, 1.0
62835.051597013, 153, 1.0
62835.5179458594, 91, -1.0
62837.89734080271, 142, -1.0
62840.45153037018, 67, -1.0
62842.082164863954, 67, 1.0
62843.383751178255, 148, 1.0
62843.7931031795, 75, 1.0
62844.63684382835, 101, -1.0
62845.6511835157, 104, 1.0
62846.63073944152, 146, 1.0
62850.488401435025, 108, -1.0
62852.854811080026, 114, -1.0
62856.24407127866, 69, 1.0
62857.501868989864, 73, -1.0
62858.42075754814, 45, -1.0
62858.54341888179, 45, 1.0
62858.609954936415, 114, -1.0
62859.4100357039, 188, 1.0
62859.48291524215, 152, 1.0
62864.886252667886, 80, 1.0
62866.11348343689, 81, -1.0
62867.341223633826, 162, -1.0
62867.77745507415, 35, 1.0
62874.74680772538, 61, 1.0
62875.11329614708, 81, -1.0
62875.75951233593, 40, 1.0
62876.13175628593, 110, 1.0
62878.41123539927, 104, 1.0
62878.49648679436, 162, -1.0
62879.2969284759, 234, 1.0
62880.88769315201, 81, 1.0
62893.478586058365, 64, 1.0
62900.244670712644, 81, -1.0
62901.40703210973, 87, 1.0
62902.927954944214, 118, 1.0
62903.24151185835, 160, -1.0
62905.0493504486, 42, 1.0
62910.92797842026, 152, -1.0
62912.26025820189, 99, -1.0
62912.36223308626, 59, 1.0
62912.92382164389, 114, -1.0
62915.9377872418, 113, -1.0
62916.90240567592, 126, -1.0
62916.9551633582, 73, -1.0
62918.77819560233, 81, 1.0
62919.1666230587, 64, 1.0
62919.48254599079, 60, 1.0
62919.5774699883, 164, 1.0
62919.783736325, 114, 1.0
62923.82158167727, 133, -1.0
62925.84507580994, 81, -1.0
62927.096461773755, 137, 1.0
62928.54284160235, 75, 1.0
62931.27459824146, 114, -1.0
62933.5973787077, 130, -1.0
62933.9371094231, 141, 1.0
62936.18041628093, 84, -1.0
62936.628972318096, 182, -1.0
62940.19713401691, 153, 1.0
62940.919825451936, 170, 1.0
62942.10856825317, 101, -1.0
62942.56866803854, 34, 1.0
62943.149745254086, 50, -1.0
62943.88179562613, 128, 1.0
62945.199907912145, 222, 1.0
62948.384656909715, 97, -1.0
62948.5096611205, 114, 1.0
62949.46140392782, 99, -1.0
62950.66176102696, 153, -1.0
62953.55957558729, 93, -1.0
62954.702506412126, 198, 1.0
62956.82417243109, 26, 1.0
62957.26657125105, 88, 1.0
62958.97710391957, 118, 1.0
62960.38068745508, 91, -1.0
62962.095754157315, 234, -1.0
62965.14279049063, 73, -1.0
62965.81381846684, 71, 1.0
62968.42028793339, 74, -1.0
62969.90572224412, 67, -1.0
62970.91155891086, 164, 1.0
62972.847743609556, 163, -1.0
62973.77996257222, 228, 1.0
62974.76226293648, 182, -1.0
62974.84848227539, 53, 1.0
62974.89696838625, 80, -1.0
62976.006672787815, 73, -1.0
62976.292084585184, 34, 1.0
62979.366458435325, 30, 1.0
62982.25054286866, 241, -1.0
62982.5161251371, 114, 1.0
62984.67126425901, 114, 1.0
62984.860201476506, 123, -1.0
62985.564340232566, 95, 1.0
62985.870702204425, 97, -1.0
62987.01492739717, 173, -1.0
62994.800262427656, 58, 1.0
62995.40709292844, 108, -1.0
62995.49021908895, 112, -1.0
62995.7568672231, 64, -1.0
62996.98477125219, 65, -1.0
62997.75616786097, 90, 1.0
62998.32026670719, 110, -1.0
63001.58800859748, 45, -1.0
63002.701472350476, 80, -1.0
63003.8737025526, 116, 1.0
63007.27565981491, 98, -1.0
63007.544534068074, 235, -1.0
63009.585332243216, 40, 1.0
63011.44566216391, 114, -1.0
63016.764736386234, 173, 1.0
63019.29049343945, 50, -1.0
63020.178743028824, 29, 1.0
63020.688470460555, 43, 1.0
63021.815599016525, 114, 1.0
63023.46205252134, 81, -1.0
63024.58220998839, 163, 1.0
63026.45431325451, 159, 1.0
63028.11274573092, 40, -1.0
63028.176940765625, 75, 1.0
63029.35699992996, 83, 1.0
63029.6556389986, 58, -1.0
63030.638469235324, 87, -1.0
63032.85849136369, 68, 1.0
63032.99558111056, 103, 1.0
63033.84414245872, 40, 1.0
63034.66098739946, 58, 1.0
63035.19791847254, 53, 1.0
63036.73286402489, 142, -1.0
63038.532681093726, 54, -1.0
63040.001574076145, 43, 1.0
63040.100967144106, 141, 1.0
63040.84572091925, 142, 1.0
63042.67840781125, 222, -1.0
63043.64058885883, 65, -1.0
63043.96175577649, 104, -1.0
63046.03952123989, 108, -1.0
63048.47997685225, 68, -1.0
63049.3221441643, 97, -1.0
63051.271516973844, 126, -1.0
63052.76092142404, 34, 1.0
63053.041035239665, 89, 1.0
63059.03851103701, 100, 1.0
63060.473455621235, 67, -1.0
63062.376534367286, 165, -1.0
63063.81968273285, 59, 1.0
63064.13097282169, 64, 1.0
63066.933629199186, 234, -1.0
63067.40078778585, 130, 1.0
63067.81404635018, 87, -1.0
63067.90305827617, 163, -1.0
63068.305632264106, 68, -1.0
63070.43105139463, 146, -1.0
63073.85207517123, 104, -1.0
63073.99435031151, 146, -1.0
63075.632357014125, 67, -1.0
63075.68555556986, 114, -1.0
63077.02833896102, 157, -1.0
63079.52698704677, 40, -1.0
63079.631331806435, 235, -1.0
63081.09144971373, 50, -1.0
63081.765864287256, 51, 1.0
63082.47688938923, 41, 1.0
63086.28867107612, 165, 1.0
63088.667576671425, 142, -1.0
63092.922367986095, 59, 1.0
63093.20393930401, 58, 1.0
63094.34236865015, 163, 1.0
63095.12000474308, 39, 1.0
63099.65291026827, 58, -1.0
63100.95682190378, 113, 1.0
63103.674955033945, 173, 1.0
63103.887084248796, 146, -1.0
63104.03967115986, 169, 1.0
63104.39489168547, 149, -1.0
63106.705195541865, 128, 1.0
63106.82497806599, 116, -1.0
63107.28476297802, 26, -1.0
63107.91442045494, 65, -1.0
63111.9343142837, 159, 1.0
63116.84452744658, 44, -1.0
63118.109424817216, 114, -1.0
63125.199859010616, 158, 1.0
63127.42530649452, 87, -1.0
63129.40729050487, 93, -1.0
63129.47600628766, 198, -1.0
63131.03015720136, 50, -1.0
63131.18138073099, 64, 1.0
63132.2720033229, 233, 1.0
63132.281563682256, 72, -1.0
63132.44079842195, 146, -1.0
63133.96177904068, 126, 1.0
63134.12696709359, 165, 1.0
63134.577257520374, 59, -1.0
63135.127044092376, 126, -1.0
63137.560990641614, 27, -1.0
63137.78916262398, 31, 1.0
63138.41827173723, 162, 1.0
63139.022867227875, 32, 1.0
63140.94538285565, 95, -1.0
63141.807636059115, 32, 1.0
63141.86012218575, 142, 1.0
63142.640889686074, 83, 1.0
63143.2281376212, 48, -1.0
63143.86211654112, 137, -1.0
63147.37332767666, 35, 1.0
63148.77508879558, 59, 1.0
63149.4900226727, 83, 1.0
63149.85238545531, 92, -1.0
63150.9698855107, 72, -1.0
63151.43739704205, 87, 1.0
63153.11791113671, 98, 1.0
63157.67616641867, 152, -1.0
63158.04077817659, 56, 1.0
63165.41833863536, 188, -1.0
63168.29588924095, 105, 1.0
63169.12568884835, 73, -1.0
63170.72946958207, 106, -1.0
63171.38833537836, 35, 1.0
63173.22409809888, 50, 1.0
63173.48026950859, 163, 1.0
63173.58298674046, 31, -1.0
63178.705851376064, 28, -1.0
63178.996519720706, 111, -1.0
63179.13748449037, 29, 1.0
63180.39752407078, 108, 1.0
63181.75035316523, 163, 1.0
63183.4782279177, 142, -1.0
63184.43904906752, 114, -1.0
63187.61610522235, 155, -1.0
63191.63873286516, 65, -1.0
63191.91128851171, 84, 1.0
63195.18942970337, 142, -1.0
63195.944694545746, 114, -1.0
63197.00541673184, 159, -1.0
63197.89540182969, 114, 1.0
63198.640193643536, 193, 1.0
63198.99638440659, 56, -1.0
63199.163996073556, 158, -1.0
63199.37008121276, 67, -1.0
63201.78316526267, 84, 1.0
63202.42455860397, 81, 1.0
63203.26499216051, 75, 1.0
63203.32946292001, 42, -1.0
63203.66668943761, 149, 1.0
63206.23475157781, 163, -1.0
63206.475304630156, 75, 1.0
63206.47930622778, 71, 1.0
63206.90594531221, 177, -1.0
63207.8547513158, 28, 1.0
63212.99083260882, 116, 1.0
63216.20544273357, 106, -1.0
63216.67484504502, 95, 1.0
63217.48994142337, 165, 1.0
63220.24603717558, 59, 1.0
63220.58442616162, 100, 1.0
63225.67073879156, 188, -1.0
63227.678659922865, 68, -1.0
63227.993144586224, 45, 1.0
63229.152370403455, 81, -1.0
63232.12344331269, 167, 1.0
63232.36697545833, 72, -1.0
63236.47932550163, 36, 1.0
63236.52890381495, 35, -1.0
63237.12560471387, 75, 1.0
63237.91333130882, 68, -1.0
63238.60404693498, 83, 1.0
63238.90438742838, 59, 1.0
63239.419239446666, 116, -1.0
63239.9151350832, 158, -1.0
63243.2666147273, 158, -1.0
63243.54608704235, 164, 1.0
63245.09819073526, 153, -1.0
63245.200619708856, 163, 1.0
63245.35773716049, 34, 1.0
63249.56393517112, 146, 1.0
63249.70184552838, 90, -1.0
63252.063802720426, 72, -1.0
63252.5070248291, 44, 1.0
63254.074049733325, 159, 1.0
63254.32266373139, 151, 1.0
63256.37058029945, 35, 1.0
63256.91730044296, 159, -1.0
63258.642940112, 152, 1.0
63260.67988405418, 65, -1.0
63261.66212542783, 169, 1.0
63262.0636888904, 59, 1.0
63266.44271519827, 53, -1.0
63267.55590849992, 58, 1.0
63267.857468674956, 31, 1.0
63269.98859700957, 40, 1.0
63270.18070078095, 123, 1.0
63273.10463207471, 164, 1.0
63273.30658095391, 64, -1.0
63274.75241100652, 39, -1.0
63288.72555638735, 89, -1.0
63290.24438012686, 188, -1.0
63290.73736874488, 114, 1.0
63292.19554374651, 113, -1.0
63294.44559946751, 167, 1.0
63295.43778860823, 44, 1.0
63297.080910264034, 114, 1.0
63301.06697742274, 36, 1.0
63305.64329930874, 103, -1.0
63306.935130200734, 41, 1.0
63314.05447053785, 54, -1.0
63314.60912840124, 103, -1.0
63316.37015970979, 163, -1.0
63317.624982297544, 62, 1.0
63318.633996216224, 163, 1.0
63321.67090711571, 157, 1.0
63322.83100004018, 94, 1.0
63324.18789792508, 71, 1.0
63324.473009308, 80, 1.0
63326.94143260279, 164, 1.0
63327.10240473572, 163, -1.0
63335.313363502944, 45, -1.0
63335.761096061535, 34, 1.0
63337.6029149206, 58, -1.0
63339.98707575483, 126, -1.0
63340.192638761466, 108, -1.0
63344.1960804668, 98, 1.0
63344.63779670073, 164, 1.0
63344.9433327729, 161, 1.0
63345.64975350709, 105, -1.0
63348.104312830765, 75, 1.0
63350.37474890529, 123, -1.0
63351.4256526849, 163, 1.0
63351.97449726102, 198, 1.0
63353.6948002617, 173, -1.0
63355.551305029316, 149, 1.0
63361.00036283196, 58, -1.0
63361.728427006594, 157, 1.0
63362.13591949479, 103, -1.0
63363.44515874864, 35, 1.0
63370.27220071354, 33, 1.0
63370.7460385898, 114, 1.0
63370.95967391205, 81, -1.0
63373.630752342186, 99, 1.0
63374.18248381266, 99, 1.0
63375.10674404878, 34, 1.0
63376.598509709045, 130, -1.0
63377.70329522805, 109, 1.0
63385.39888463948, 126, -1.0
63388.92254229497, 72, -1.0
63392.43275315517, 50, -1.0
63399.13994459968, 89, -1.0
63399.476873804924, 27, -1.0
63406.42044823577, 104, 1.0
63409.5150106922, 86, 1.0
63409.60162486004, 128, -1.0
63422.65247743899, 50, -1.0
63424.16676596138, 114, 1.0
63424.306548127126, 233, -1.0
63428.88430186712, 30, -1.0
63430.44144820054, 33, 1.0
63432.14280324187, 170, 1.0
63432.60996273405, 114, -1.0
63432.83178842129, 81, 1.0
63435.6065915067, 36, 1.0
63436.12379660993, 45, 1.0
63438.36305554608, 52, 1.0
63442.96213491637, 114, 1.0
63444.81333061884, 50, -1.0
63444.82251920972, 42, -1.0
63446.56178573511, 66, -1.0
63449.94722243268, 54, -1.0
63452.7693538722, 56, -1.0
63453.2887601604, 34, 1.0
63458.053745577046, 59, -1.0
63466.905290637835, 83, 1.0
63467.543499077554, 27, -1.0
63467.80689714164, 114, -1.0
63468.842901108015, 130, -1.0
63469.50079266492, 26, -1.0
63470.97290873104, 154, -1.0
63472.82071706172, 81, -1.0
63474.7662304055, 84, 1.0
63475.46546003511, 56, 1.0
63477.12587486554, 159, -1.0
63480.01126091196, 146, -1.0
63484.30397529253, 100, 1.0
63487.25911944387, 45, -1.0
63487.59831344544, 154, -1.0
63489.768114837396, 34, -1.0
63491.1802643273, 228, -1.0
63493.0771136151, 72, -1.0
63495.39427994625, 72, 1.0
63495.79619993461, 114, 1.0
63497.68736470446, 126, -1.0
63501.22503217183, 114, -1.0
63504.11399045032, 99, -1.0
63504.58914311137, 40, 1.0
63504.952599210075, 142, -1.0
63505.63081428474, 108, 1.0
63505.91286873066, 59, 1.0
63506.90981158565, 153, -1.0
63512.684260537426, 69, -1.0
63517.09999522116, 50, -1.0
63517.10502738522, 126, -1.0
63523.17817598777, 71, 1.0
63525.213265133796, 126, -1.0
63527.160721051536, 59, -1.0
63530.55946646867, 26, 1.0
63530.756331346915, 109, 1.0
63531.26295250922, 46, -1.0
63532.43835322216, 163, -1.0
63534.98609252824, 165, -1.0
63537.01614814058, 75, 1.0
63540.898366629364, 198, -1.0
63541.46594802285, 230, -1.0
63542.823815390075, 142, 1.0
63544.77956819839, 126, 1.0
63545.212264349815, 146, 1.0
63545.34468544988, 76, -1.0
63545.65687340139, 100, -1.0
63548.6622369561, 45, -1.0
63549.83169553842, 123, 1.0
63551.992191898404, 137, -1.0
63553.40122626121, 234, 1.0
63562.30137781123, 28, -1.0
63562.52763047142, 163, 1.0
63563.05058991045, 58, -1.0
63564.82615552828, 75, -1.0
63565.750058914025, 93, -1.0
63566.0105311863, 141, 1.0
63568.372935393985, 48, -1.0
63571.10470472496, 33, -1.0
63571.69276541083, 26, 1.0
63571.70461595441, 83, 1.0
63572.65224414169, 42, 1.0
63573.7961063745, 59, 1.0
63575.01834109263, 141, -1.0
63576.80326345524, 187, -1.0
63578.05742657815, 103, -1.0
63580.273272613675, 43, 1.0
63580.6829869118, 142, -1.0
63581.53325988554, 75, 1.0
63581.8321559289, 28, 1.0
63582.02872532638, 36, 1.0
63584.009542327694, 234, 1.0
63585.17150329782, 117, 1.0
63585.941180772796, 98, -1.0
63586.76973241144, 155, -1.0
63589.32980087225, 26, 1.0
63589.502951047645, 157, -1.0
63592.06203288604, 72, -1.0
63599.43040996201, 88, -1.0
63600.83915939039, 117, 1.0
63601.313907137555, 126, 1.0
63608.407420344454, 126, 1.0
63610.316267346076, 128, -1.0
63610.51011597626, 27, 1.0
63610.764579588635, 162, -1.0
63613.016566060745, 124, -1.0
63614.238983148665, 68, 1.0
63616.78873085529, 32, 1.0
63621.97108079191, 122, -1.0
63626.77695042102, 105, 1.0
63626.87623215658, 53, -1.0
63627.5971267619, 103, -1.0
63630.013294641765, 40, 1.0
63631.64317267404, 198, -1.0
63631.69502235568, 123, -1.0
63632.57538837351, 108, -1.0
63635.13321830457, 118, 1.0
63642.08734195015, 98, -1.0
63642.22938542708, 133, -1.0
63642.48742203829, 113, -1.0
63643.35479587858, 182, -1.0
63644.92099484001, 109, -1.0
63645.93832554264, 33, 1.0
63647.79894747562, 162, 1.0
63649.310128896104, 83, -1.0
63649.335090712935, 74, -1.0
63649.78993128571, 166, -1.0
63651.3078717039, 182, -1.0
63655.157472787185, 158, -1.0
63655.38796862738, 26, -1.0
63657.263294931596, 111, -1.0
63662.72773729438, 99, -1.0
63662.94747269631, 182, 1.0
63665.00837030681, 53, -1.0
63666.43222090149, 163, -1.0
63666.66981393348, 130, -1.0
63667.07937250384, 162, 1.0
63672.11208540309, 87, 1.0
63672.294116221616, 198, -1.0
63675.6386280892, 89, 1.0
63676.222645590635, 101, -1.0
63676.61888997864, 165, 1.0
63681.65545853868, 56, -1.0
63681.888378293654, 187, -1.0
63683.270794403026, 59, 1.0
63683.816074669994, 108, -1.0
63684.9807964083, 44, -1.0
63686.59732763615, 118, 1.0
63693.97172993, 198, 1.0
63696.327397625755, 154, -1.0
63696.72121492803, 29, 1.0
63698.483666926484, 123, 1.0
63698.87429315709, 114, 1.0
63699.904009734375, 60, 1.0
63702.438581878785, 133, -1.0
63703.58154878648, 62, 1.0
63708.055428675376, 116, -1.0
63710.17337242972, 33, 1.0
63711.19885758634, 112, 1.0
63712.82433317155, 161, -1.0
63715.01912404275, 61, -1.0
63716.94709346818, 83, 1.0
63716.99713274401, 148, -1.0
63721.29125456338, 95, 1.0
63725.177704852955, 59, 1.0
63725.487539777016, 222, -1.0
63725.83548622366, 130, -1.0
63725.84593413955, 67, 1.0
63725.983740781565, 193, -1.0
63729.935629747095, 64, -1.0
63730.26672302143, 86, -1.0
63730.795119215996, 159, -1.0
63734.46480319952, 114, -1.0
63735.78237140325, 40, -1.0
63738.78273220467, 146, -1.0
63741.727885438304, 126, -1.0
63744.829085212376, 67, 1.0
63745.45796731615, 58, -1.0
63746.218636106, 99, -1.0
63749.04583617905, 58, -1.0
63750.613897675416, 153, 1.0
63753.17957261978, 84, 1.0
63753.266392608515, 89, -1.0
63753.78707815173, 128, -1.0
63756.37734527253, 36, 1.0
63757.16731401451, 67, 1.0
63757.93111310339, 126, 1.0
63760.81899799529, 162, -1.0
63765.414593161055, 103, 1.0
63772.515046432076, 98, 1.0
63777.219820641454, 123, 1.0
63777.44295869408, 101, -1.0
63780.228586826015, 58, -1.0
63781.707402269734, 169, -1.0
63784.122345184674, 182, 1.0
63784.29583071921, 59, -1.0
63787.187619746095, 71, 1.0
63790.547912523354, 75, 1.0
63792.68096003559, 69, -1.0
63795.741869036945, 169, -1.0
63796.696283505764, 222, 1.0
63798.13077780967, 198, 1.0
63799.026239832376, 233, -1.0
63799.089327400034, 146, 1.0
63799.80121363889, 166, -1.0
63800.21271745746, 100, 1.0
63801.366238082104, 34, -1.0
63803.65552761583, 198, 1.0
63804.45051549755, 170, -1.0
63806.499313201464, 116, -1.0
63807.95018052683, 45, 1.0
63809.61057037354, 58, 1.0
63811.64199772427, 123, -1.0
63812.74351907829, 116, -1.0
63812.77564774711, 141, 1.0
63813.760443819076, 34, -1.0
63814.40157492539, 61, 1.0
63814.55150394578, 113, -1.0
63815.02606421197, 71, 1.0
63825.74249544711, 137, -1.0
63826.89958093348, 31, 1.0
63830.82751811689, 235, -1.0
63832.77779782566, 64, 1.0
63833.341158785515, 67, 1.0
63835.529595280925, 36, 1.0
63837.47515382499, 142, 1.0
63837.663676026554, 103, -1.0
63838.454996304, 112, -1.0
63838.67783133895, 188, -1.0
63840.839844553564, 100, 1.0
63841.62608314925, 198, -1.0
63843.69745483146, 35, 1.0
63844.46339151989, 104, -1.0
63847.920818365375, 29, 1.0
63847.970736339405, 235, -1.0
63848.44585687859, 82, 1.0
63849.49736883575, 71, 1.0
63851.77592716042, 142, -1.0
63852.95469786282, 114, 1.0
63853.44015139126, 167, -1.0
63854.92963402938, 108, 1.0
63855.66063727645, 114, 1.0
63863.33890713131, 146, 1.0
63863.77919754682, 142, 1.0
63864.032758892965, 43, 1.0
63865.705135316726, 75, 1.0
63866.990989374, 39, 1.0
63867.959086279836, 100, -1.0
63868.88279388212, 75, 1.0
63870.67763658142, 69, -1.0
63872.36032936247, 116, -1.0
63873.68505643857, 108, -1.0
63874.554928674836, 233, -1.0
63875.01070636318, 68, 1.0
63875.53290319643, 64, 1.0
63875.83394922987, 164, 1.0
63876.78917028725, 67, 1.0
63877.310059948766, 29, 1.0
63878.20042698425, 81, -1.0
63882.352156751986, 72, 1.0
63883.01241287464, 48, -1.0
63884.66477240988, 82, 1.0
63887.05041567373, 58, -1.0
63889.40350930459, 99, 1.0
63892.5344963049, 146, 1.0
63893.6216950735, 53, -1.0
63895.35537564811, 114, 1.0
63895.478761220256, 34, -1.0
63896.893260953744, 27, -1.0
63900.96232685529, 126, 1.0
63907.637502379635, 235, -1.0
63907.787820254205, 64, -1.0
63907.867209933946, 230, 1.0
63909.83838990038, 105, -1.0
63912.002029175484, 82, 1.0
63913.53494982258, 103, 1.0
63915.01284868345, 40, -1.0
63917.55724981561, 165, -1.0
63918.83283395734, 161, 1.0
63920.60212645857, 163, 1.0
63924.31115238285, 100, -1.0
63929.9195265203, 146, -1.0
63930.3165660965, 188, -1.0
63931.83519549716, 98, -1.0
63934.50562291062, 34, -1.0
63935.36460025236, 71, -1.0
63935.79718054179, 90, -1.0
63938.38804372904, 165, 1.0
63938.42506906187, 111, -1.0
63938.48579239041, 129, 1.0
63939.567844683486, 67, 1.0
63940.50403785864, 126, 1.0
63941.04312777944, 83, -1.0
63941.420824232766, 228, -1.0
63945.67991320418, 27, -1.0
63948.18778618333, 42, -1.0
63953.275269139274, 126, 1.0
63955.70392069615, 167, -1.0
63957.63083159409, 138, 1.0
63959.09136546723, 146, -1.0
63959.48134237518, 159, 1.0
63960.7569163305, 48, 1.0
63961.964551459074, 81, 1.0
63964.76837136982, 114, 1.0
63968.41249782479, 141, 1.0
63969.90789018734, 72, -1.0
63972.09324740445, 129, 1.0
63973.41302380704, 148, 1.0
63976.40635307126, 59, 1.0
63979.61357138766, 64, 1.0
63982.381959340906, 82, 1.0
63982.42373328012, 99, -1.0
63984.70795684136, 111, -1.0
63989.01616052449, 40, -1.0
63990.63859028542, 108, -1.0
63995.79965517506, 118, 1.0
63999.71266257914, 43, 1.0
64000.6450617964, 84, 1.0
64004.20990558044, 35, 1.0
64006.02824635828, 113, -1.0
64006.768891060136, 87, 1.0
64009.74015065064, 163, 1.0
64012.53650414255, 94, 1.0
64014.99235174443, 61, -1.0
64022.32527611208, 106, -1.0
64026.80387165659, 160, 1.0
64030.09435666934, 64, -1.0
64031.98261835004, 141, 1.0
64032.13875163869, 153, 1.0
64036.68223559022, 165, -1.0
64039.28421035184, 36, 1.0
64039.41233506597, 158, -1.0
64041.462662367376, 114, -1.0
64041.76272071824, 69, 1.0
64045.328203940146, 182, -1.0
64049.22315319726, 130, -1.0
64050.16364750989, 84, 1.0
64050.45109587037, 198, 1.0
64051.780170364495, 163, 1.0
64055.17733388021, 34, 1.0
64056.246858872444, 155, -1.0
64057.19954325998, 84, 1.0
64059.07006885536, 34, 1.0
64059.76982146819, 233, -1.0
64060.50615797512, 90, 1.0
64063.02937400316, 146, 1.0
64067.21791740086, 152, -1.0
64067.29575133413, 106, -1.0
64068.40415774953, 59, -1.0
64071.98183593512, 112, 1.0
64072.286179815244, 99, -1.0
64075.865387825455, 141, 1.0
64081.44623886715, 95, -1.0
64082.00303039215, 44, 1.0
64085.563710860755, 164, 1.0
64086.32582829423, 90, -1.0
64086.50069528265, 128, 1.0
64087.080277330955, 198, 1.0
64091.92718195495, 81, -1.0
64093.21890979552, 67, -1.0
64093.56213327537, 230, -1.0
64095.96417759526, 99, 1.0
64096.587955737305, 61, 1.0
64100.51531870778, 83, 1.0
64101.42361832581, 165, 1.0
64102.210867638634, 122, 1.0
64104.89904340107, 81, -1.0
64105.22352068459, 58, -1.0
64106.32126279006, 53, -1.0
64106.65645601756, 52, 1.0
64110.89068969649, 114, -1.0
64116.051034961405, 70, 1.0
64117.999491730036, 35, -1.0
64118.04907708208, 100, 1.0
64123.04542703163, 54, 1.0
64124.64914386615, 46, -1.0
64124.74284299295, 67, -1.0
64124.86704262354, 80, -1.0
64128.8440224622, 139, -1.0
64129.10539667134, 161, 1.0
64129.14227508036, 33, 1.0
64129.36302061347, 82, 1.0
64130.60640550362, 26, 1.0
64131.01172426554, 163, 1.0
64131.59783318913, 93, -1.0
64132.0869446413, 146, 1.0
64134.619127910664, 105, 1.0
64137.220549802936, 54, -1.0
64138.10644189499, 182, -1.0
64140.626245550025, 54, 1.0
64141.21510854932, 102, 1.0
64143.82552292393, 46, -1.0
64144.89339613121, 98, -1.0
64145.30759933873, 35, 1.0
64145.92417375629, 110, -1.0
64147.86375085244, 167, 1.0
64149.888930112706, 35, -1.0
64152.519845304734, 34, -1.0
64153.56002839028, 72, 1.0
64154.814344990285, 151, -1.0
64155.47344144393, 86, 1.0
64155.791556601, 80, -1.0
64156.924373648966, 114, 1.0
64157.09775180143, 44, -1.0
64157.95647071625, 44, -1.0
64158.63872935271, 111, 1.0
64159.18852358138, 141, 1.0
64160.87681402006, 162, 1.0
64163.04070445184, 230, 1.0
64164.33148085883, 114, 1.0
64165.76274375151, 42, -1.0
64166.36965934314, 35, 1.0
64167.645651843486, 142, -1.0
64168.07361664455, 130, -1.0
64170.67435644117, 73, 1.0
64173.37463780639, 128, 1.0
64179.31747162694, 159, 1.0
64181.67414222048, 159, -1.0
64182.008985622095, 110, -1.0
64182.853515822106, 58, -1.0
64193.55348744344, 44, -1.0
64196.55063934652, 71, 1.0
64197.34859898077, 159, -1.0
64197.8051091683, 146, 1.0
64198.51196775055, 164, 1.0
64200.44420366225, 73, -1.0
64200.68332597027, 34, -1.0
64202.73378486559, 114, -1.0
64202.809465508326, 58, -1.0
64202.87185942751, 62, -1.0
64205.426031228235, 75, 1.0
64206.405566419286, 126, -1.0
64206.62529264486, 155, -1.0
64207.00490957085, 95, -1.0
64208.69314568084, 193, -1.0
64210.78198544087, 165, 1.0
64211.499236741845, 173, 1.0
64215.357731578224, 167, -1.0
64215.963168487724, 110, 1.0
64220.95089822473, 40, -1.0
64229.18469388131, 44, -1.0
64230.580717443605, 99, 1.0
64231.12447044864, 90, -1.0
64234.23141486713, 42, -1.0
64237.15442913416, 36, 1.0
64237.712936991724, 59, -1.0
64239.85836289613, 72, -1.0
64240.261254205405, 148, -1.0
64240.50444278704, 161, -1.0
64242.23303486895, 70, -1.0
64244.46404149162, 83, 1.0
64245.50504000829, 26, -1.0
64245.64969147671, 222, -1.0
64248.799176651286, 114, -1.0
64249.33905737489, 166, -1.0
64250.92691596268, 154, 1.0
64251.82067890283, 124, -1.0
64254.117046287814, 120, 1.0
64255.53553841176, 228, -1.0
64256.24347303738, 193, -1.0
64256.87972335404, 114, 1.0
64257.84613548953, 158, -1.0
64258.5166228066, 124, -1.0
64259.276692074905, 55, -1.0
64264.576087612106, 164, 1.0
64271.92357753251, 65, 1.0
64272.47235044636, 148, -1.0
64274.597268960795, 148, -1.0
64279.71852182216, 67, -1.0
64280.42004895552, 39, -1.0
64280.56262463811, 34, 1.0
64281.105714385136, 45, -1.0
64281.99102718178, 27, 1.0
64285.89688262505, 40, 1.0
64286.618153653886, 58, -1.0
64286.74385944269, 99, 1.0
64287.105199368365, 40, -1.0
64288.75123964054, 85, -1.0
64289.3043200472, 230, -1.0
64289.870820665594, 27, -1.0
64292.542620801694, 126, 1.0
64292.66331782588, 115, -1.0
64294.1674926924, 67, 1.0
64297.25029466187, 59, -1.0
64298.25928428258, 35, -1.0
64298.61335217169, 161, 1.0
64299.22980249155, 90, 1.0
64301.30474132912, 157, 1.0
64301.847815081266, 146, 1.0
64301.89572258627, 198, 1.0
64302.02882191001, 75, -1.0
64304.078097821155, 158, 1.0
64305.30108627998, 28, -1.0
64308.35143184771, 33, 1.0
64308.90675911118, 34, -1.0
64309.252345109504, 119, -1.0
64310.475431741135, 112, -1.0
64310.927520341334, 230, -1.0
64311.78573410546, 83, 1.0
64312.43101479587, 35, -1.0
64313.99566917353, 35, 1.0
64315.64149590365, 123, -1.0
64316.512934393155, 50, -1.0
64316.74743492597, 102, -1.0
64318.64025723829, 152, -1.0
64324.670243958535, 70, -1.0
64326.17214704574, 98, 1.0
64327.64245595204, 112, 1.0
64327.92154441921, 113, -1.0
64329.18074611779, 34, 1.0
64329.230971803525, 114, 1.0
64329.65879370712, 41, 1.0
64331.6737232582, 35, 1.0
64340.01969368537, 53, -1.0
64340.021241660404, 142, -1.0
64340.51328784784, 29, 1.0
64341.313838745955, 84, 1.0
64341.93872085516, 90, 1.0
64343.15910737724, 107, 1.0
64343.36257964314, 162, 1.0
64344.981595351084, 35, -1.0
64346.1417856816, 39, 1.0
64353.68359112671, 153, -1.0
64354.53711378666, 92, -1.0
64355.6497765756, 34, -1.0
64358.70969680041, 99, -1.0
64359.76003159635, 26, 1.0
64360.84699060072, 110, 1.0
64362.60037805646, 122, 1.0
64363.00973353955, 80, 1.0
64365.21586855124, 114, 1.0
64365.32013474861, 114, 1.0
64368.42082329218, 126, 1.0
64372.19134285662, 26, 1.0
64372.608737796385, 155, 1.0
64372.73648636527, 58, -1.0
64372.96756135735, 61, 1.0
64376.5580836455, 75, 1.0
64376.820014182915, 58, -1.0
64377.090943182106, 173, 1.0
64377.59601004314, 59, 1.0
64379.69353488147, 58, -1.0
64379.714384191204, 94, -1.0
64381.5083433429, 141, 1.0
64384.615306947446, 114, 1.0
64386.702340167896, 72, -1.0
64392.153229557, 154, -1.0
64393.41726276486, 75, 1.0
64394.85409753845, 31, 1.0
64395.813054721926, 161, -1.0
64398.12817992533, 137, -1.0
64398.9399602568, 118, 1.0
64399.03867331675, 58, -1.0
64400.67763611632, 35, -1.0
64402.14911164253, 164, 1.0
64407.078544916796, 98, 1.0
64407.33144847737, 97, 1.0
64407.87770741099, 50, -1.0
64413.86237796689, 142, 1.0
64414.40816679787, 94, -1.0
64415.81722501877, 159, -1.0
64416.80914095828, 81, 1.0
64425.78075910984, 155, -1.0
64427.07410157471, 148, 1.0
64429.62371537839, 103, -1.0
64430.435166972275, 35, -1.0
64431.52594756894, 34, 1.0
64435.32610380983, 152, -1.0
64436.325940762465, 72, -1.0
64438.542245544806, 58, -1.0
64438.96351044535, 113, -1.0
64441.547600762526, 100, -1.0
64442.465204528424, 149, -1.0
64443.02713211478, 152, -1.0
64445.04952890419, 137, -1.0
64445.412420757646, 137, -1.0
64448.07530169518, 59, 1.0
64453.7654385109, 95, 1.0
64454.40602684531, 230, -1.0
64454.455366350776, 142, 1.0
64455.60230974017, 34, -1.0
64460.228624235504, 64, 1.0
64460.57835693319, 72, -1.0
64461.48813268571, 100, -1.0
64462.52370311686, 45, 1.0
64465.17125640974, 65, -1.0
64468.87747803316, 110, -1.0
64469.62071799105, 142, 1.0
64471.04861811441, 80, 1.0
64473.798161469276, 103, -1.0
64474.20496120477, 159, -1.0
64476.5982322376, 75, -1.0
64479.615990666774, 35, -1.0
64480.170208164935, 50, -1.0
64480.25085140929, 39, -1.0
64485.47955620382, 97, -1.0
64486.4807399022, 162, -1.0
64487.059638051476, 110, 1.0
64493.85796347675, 198, 1.0
64494.08306555716, 164, 1.0
64496.494883211664, 108, 1.0
64497.26566931265, 43, 1.0
64498.037206370704, 58, 1.0
64498.42892559269, 233, -1.0
64501.875577199695, 27, 1.0
64505.61756505877, 112, -1.0
64506.846065276346, 123, -1.0
64507.02895125884, 169, 1.0
64509.266496737706, 88, -1.0
64509.915583386355, 71, -1.0
64514.717530195514, 40, -1.0
64515.07401965561, 147, 1.0
64516.1365459298, 65, -1.0
64518.175962173365, 80, -1.0
64518.52547709794, 146, 1.0
64520.35774117839, 35, -1.0
64524.00238792415, 113, -1.0
64524.93161874365, 40, -1.0
64524.96410005211, 55, -1.0
64525.71292866556, 164, 1.0
64526.476283411845, 162, 1.0
64529.549784206654, 164, -1.0
64530.256191603155, 198, 1.0
64532.19877025685, 34, 1.0
64533.193601179075, 43, -1.0
64533.8366841922, 59, 1.0
64535.49835547075, 58, -1.0
64536.07021982677, 48, -1.0
64536.564239841086, 163, -1.0
64538.28954358497, 164, 1.0
64538.39462413626, 44, 1.0
64538.95206287848, 142, -1.0
64539.35524263046, 158, -1.0
64539.77755697663, 69, -1.0
64541.0002147575, 126, -1.0
64541.65039122863, 114, -1.0
64542.259211121345, 111, -1.0
64542.607352173916, 45, -1.0
64545.08733044434, 34, 1.0
64547.12080958713, 165, 1.0
64549.20943845541, 35, 1.0
64553.36020043499, 81, 1.0
64556.376386585376, 159, -1.0
64558.813417183934, 103, -1.0
64561.81155165609, 93, 1.0
64568.686247578466, 41, 1.0
64570.75745379283, 147, 1.0
64573.87839044419, 163, 1.0
64573.95520877347, 62, 1.0
64574.97200943828, 100, 1.0
64576.053518223445, 193, -1.0
64578.01995856917, 137, -1.0
64580.53513165508, 94, -1.0
64581.84670010108, 82, 1.0
64584.49340014057, 163, -1.0
64587.74631657305, 126, 1.0
64588.31286646992, 111, -1.0
64588.3240537098, 167, -1.0
64588.330653975005, 173, 1.0
64589.61345158308, 123, -1.0
64591.806449514996, 182, -1.0
64592.03397243201, 153, -1.0
64593.08627438878, 85, -1.0
64593.88951028575, 44, -1.0
64596.16939896323, 73, -1.0
64598.77887660192, 142, -1.0
64600.918232365926, 162, -1.0
64603.69118533118, 53, -1.0
64603.9324329471, 198, 1.0
64604.00112859669, 154, 1.0
64606.01097392944, 164, 1.0
64609.34569241669, 106, -1.0
64609.44796893661, 39, -1.0
64620.51669023005, 82, -1.0
64622.57834971383, 126, -1.0
64623.48050446262, 152, 1.0
64626.77185298424, 95, 1.0
64626.870721251915, 59, 1.0
64627.704617880576, 35, -1.0
64628.44834415154, 141, 1.0
64630.115412235806, 35, -1.0
64631.39363319586, 122, -1.0
64632.88948543533, 110, -1.0
64633.58513207539, 162, -1.0
64635.84328797708, 66, -1.0
64636.12592435111, 82, 1.0
64637.77443115066, 234, 1.0
64645.46155078503, 54, 1.0
64646.96813592671, 152, 1.0
64648.33603822769, 146, 1.0
64648.425099773944, 34, 1.0
64653.23315304461, 163, 1.0
64653.96844821863, 103, -1.0
64654.21255396711, 36, 1.0
64654.40115575645, 46, 1.0
64655.3040464533, 75, 1.0
64655.39990281154, 50, -1.0
64655.59553460225, 152, -1.0
64655.607903316224, 101, 1.0
64657.0569897951, 165, 1.0
64659.22236923724, 106, 1.0
64660.14714285756, 50, 1.0
64660.80551396812, 124, 1.0
64664.05293272777, 100, -1.0
64664.93645269601, 34, 1.0
64666.650922800494, 83, 1.0
64666.92012013534, 142, -1.0
64667.695592224954, 126, -1.0
64668.038767804144, 99, 1.0
64668.928352123876, 71, 1.0
64669.93718066295, 141, 1.0
64672.024215994854, 233, -1.0
64672.41541986996, 165, 1.0
64673.96579928414, 116, -1.0
64677.44177547523, 83, -1.0
64677.94325576701, 95, 1.0
64679.10344295364, 163, 1.0
64680.03482502766, 142, 1.0
64682.025739492754, 75, 1.0
64684.48281368776, 64, -1.0
64685.89469667869, 123, 1.0
64688.592409461424, 91, -1.0
64689.63051815018, 67, 1.0
64689.69356935112, 40, -1.0
64691.63990902966, 35, 1.0
64698.20945112975, 146, 1.0
64700.42639884415, 60, 1.0
64700.98082753408, 105, -1.0
64701.03703630012, 31, -1.0
64703.2478985523, 59, 1.0
64703.4189880458, 142, 1.0
64704.075551383634, 43, -1.0
64705.12472633954, 43, 1.0
64706.146298893305, 87, 1.0
64707.647357462745, 113, 1.0
64708.70961173026, 230, 1.0
64711.27322138522, 80, 1.0
64713.195455071414, 108, -1.0
64714.04223692535, 91, -1.0
64714.24718033965, 168, -1.0
64714.660281721546, 35, 1.0
64717.06945468614, 93, -1.0
64720.2099501407, 55, -1.0
64725.32701982289, 97, -1.0
64729.12181061585, 157, 1.0
64732.03449758077, 202, 1.0
64732.8695893024, 163, -1.0
64734.38239995581, 67, 1.0
64735.264954794846, 59, 1.0
64737.40051303998, 48, -1.0
64739.20521746177, 116, -1.0
64740.37854883145, 110, -1.0
64740.5602381022, 123, -1.0
64745.24658846086, 42, -1.0
64746.808214988654, 45, -1.0
64751.02301972502, 105, 1.0
64752.24259306316, 198, 1.0
64752.94069029918, 116, -1.0
64754.036187262565, 146, 1.0
64755.02698322525, 71, 1.0
64757.90931895856, 126, 1.0
64759.430694669165, 142, -1.0
64761.10453687489, 114, 1.0
64764.392397610856, 58, -1.0
64767.02387935284, 163, 1.0
64768.64123244282, 40, -1.0
64770.07303752018, 35, 1.0
64770.51724710289, 163, 1.0
64770.885910443445, 99, -1.0
64771.18583295403, 233, -1.0
64771.93335061511, 103, 1.0
64772.71316113363, 40, -1.0
64773.51821301423, 105, -1.0
64773.526779899796, 72, -1.0
64773.7229074854, 53, 1.0
64774.231485264514, 58, -1.0
64776.62311412039, 43, 1.0
64778.80756156782, 98, 1.0
64779.0212511924, 56, -1.0
64779.402449534005, 99, 1.0
64780.9127118028, 142, -1.0
64781.766425823254, 123, 1.0
64786.47368802948, 163, -1.0
64787.79473040717, 80, -1.0
64794.31074445257, 161, 1.0
64798.25257358012, 34, -1.0
64798.403269295275, 40, -1.0
64798.69281106542, 114, -1.0
64799.37076641057, 58, -1.0
