25201.398550927777, 154, 1.0
25208.73630834539, 103, 1.0
25218.86588351164, 152, 1.0
25223.548684077345, 101, -1.0
25224.519465559923, 75, 1.0
25230.44457482006, 101, 1.0
25232.38758769165, 101, -1.0
25238.628009154676, 35, -1.0
25257.601184354782, 44, -1.0
25263.011237149058, 75, 1.0
25266.174972213303, 103, 1.0
25281.408294759167, 101, 1.0
25281.62956755928, 152, -1.0
25284.49878243889, 101, 1.0
25288.68961453066, 44, -1.0
25290.354136005724, 152, -1.0
25292.67309785502, 152, 1.0
25296.64923771255, 75, 1.0
25307.044191885983, 103, 1.0
25322.039362574946, 75, 1.0
25324.118470391848, 75, 1.0
25328.88526791857, 75, 1.0
25330.921945459315, 101, 1.0
25340.463377685497, 75, -1.0
25353.135091138414, 75, 1.0
25357.278939885106, 152, -1.0
25366.76372287188, 148, -1.0
25378.634295863445, 44, -1.0
25381.479468228685, 152, 1.0
25386.46184717219, 35, -1.0
25388.270373229745, 75, -1.0
25393.858782195988, 35, -1.0
25394.037244551535, 35, -1.0
25396.509476112587, 101, 1.0
25404.925369135683, 75, -1.0
25408.413895888167, 152, -1.0
25411.9360930852, 75, 1.0
25413.640683182963, 154, 1.0
25419.309952518608, 154, 1.0
25419.449079011294, 152, -1.0
25433.813858606387, 152, 1.0
25434.3141971422, 35, -1.0
25434.37065083343, 154, 1.0
25439.405571314634, 152, -1.0
25439.52960885688, 103, 1.0
25441.90055853612, 103, 1.0
25444.15060857095, 35, -1.0
25444.761187350025, 154, 1.0
25449.08975184198, 103, 1.0
25453.45077883138, 75, 1.0
25473.73269050374, 75, -1.0
25475.503600374414, 152, 1.0
25481.801016288646, 75, 1.0
25504.276147089953, 103, 1.0
25507.512939697837, 101, 1.0
25508.72429006782, 103, 1.0
25509.151518165272, 75, 1.0
25514.3560902518, 148, -1.0
25516.948719521853, 35, -1.0
25517.912017406805, 103, 1.0
25519.767943727114, 148, -1.0
25535.123539335727, 148, -1.0
25545.78294067899, 154, 1.0
25547.164877569594, 101, 1.0
25547.49397042611, 101, 1.0
25551.86841652907, 75, 1.0
25552.811523692304, 35, -1.0
25553.839708171687, 75, 1.0
25559.777503305908, 101, 1.0
25560.762754821786, 154, -1.0
25561.650084186622, 44, -1.0
25564.491317521293, 152, 1.0
25572.733776750098, 101, -1.0
25580.511927177227, 75, 1.0
25583.874217129174, 103, 1.0
25585.54480138328, 103, 1.0
25589.162219209295, 152, 1.0
25589.493677474715, 103, 1.0
25604.710748149097, 103, 1.0
25609.906196502092, 154, -1.0
25610.37636163349, 152, -1.0
25622.45555369435, 103, 1.0
25630.198951449776, 148, -1.0
25631.86673252791, 103, -1.0
25636.034358763165, 35, -1.0
25638.814030546913, 75, 1.0
25647.36523007982, 35, -1.0
25648.285692687376, 103, 1.0
25653.30910324187, 148, -1.0
25653.66557595301, 75, 1.0
25655.083292178744, 154, 1.0
25656.700711956735, 103, 1.0
25658.789477202314, 75, -1.0
25675.537542688595, 148, -1.0
25678.70570481393, 35, -1.0
25679.610474758883, 75, 1.0
25681.223657354923, 148, -1.0
25684.535933822, 75, 1.0
25696.53111371871, 148, 1.0
25697.653664442954, 75, 1.0
25702.719217061567, 35, -1.0
25706.3717585369, 103, 1.0
25707.749875332825, 101, 1.0
25711.762729254016, 152, -1.0
25718.38363940572, 101, 1.0
25724.18238059515, 148, -1.0
25735.607269632896, 152, -1.0
25736.511586425295, 152, -1.0
25743.955681701183, 103, -1.0
25748.029460264013, 103, 1.0
25755.188552823136, 44, 1.0
25762.543933921505, 103, 1.0
25764.292655096968, 154, 1.0
25770.522642825974, 154, 1.0
25777.578045246857, 103, 1.0
25781.091964190287, 35, -1.0
25792.45168784891, 35, -1.0
25804.243650841312, 103, 1.0
25817.3611370604, 152, 1.0
25819.884027012104, 154, 1.0
25833.342554190098, 44, -1.0
25844.383528185655, 152, 1.0
25855.302646845754, 103, 1.0
25865.969087971916, 75, 1.0
25871.261312581293, 101, -1.0
25872.20710382486, 154, 1.0
25879.003233431315, 44, -1.0
25883.30095362536, 44, -1.0
25885.85277678582, 35, -1.0
25886.55595116032, 148, -1.0
25891.04365718417, 35, -1.0
25900.976138650727, 103, 1.0
25901.728662623056, 101, 1.0
25914.506726191183, 103, 1.0
25917.972014380743, 103, 1.0
25928.042490305827, 35, -1.0
25937.3422916358, 152, -1.0
25943.639829518892, 152, -1.0
25958.976723947424, 152, -1.0
25960.095660181985, 75, 1.0
25962.085908845667, 148, -1.0
25965.342664584776, 44, -1.0
25968.304187246136, 101, 1.0
25976.583088053263, 75, -1.0
25984.964538360968, 75, 1.0
25991.76893879322, 154, 1.0
25996.18560115956, 101, 1.0
26004.46917959412, 152, -1.0
26008.13107700595, 103, 1.0
26020.138482304967, 148, -1.0
26020.47815019894, 148, -1.0
26023.530131433432, 101, 1.0
26024.611562474343, 154, -1.0
26027.616724732427, 75, 1.0
26027.932387618395, 148, -1.0
26035.9274861063, 103, 1.0
26037.710134987658, 44, -1.0
26045.044303864568, 148, -1.0
26045.529450706817, 103, 1.0
26047.50437783996, 44, -1.0
26049.934869753222, 152, 1.0
26050.774484618672, 75, 1.0
26050.947857517436, 101, 1.0
26053.35880888105, 148, -1.0
26054.734182271877, 101, -1.0
26055.18419431896, 101, -1.0
26065.700891709428, 103, -1.0
26068.783091734622, 44, -1.0
26081.642124223214, 75, -1.0
26087.599018137647, 44, -1.0
26094.338401378445, 152, -1.0
26096.74325067513, 148, 1.0
26100.715813186136, 101, 1.0
26101.27497746833, 148, -1.0
26102.535782493065, 35, -1.0
26109.056273097383, 152, -1.0
26115.572035129833, 35, -1.0
26141.941069325258, 154, -1.0
26147.72088421159, 148, -1.0
26154.02423139877, 103, 1.0
26164.237434497703, 152, -1.0
26173.54025967687, 75, 1.0
26178.685197863088, 154, 1.0
26181.47217913715, 101, 1.0
26181.585590021707, 75, 1.0
26184.701042015782, 152, -1.0
26184.865348648047, 101, 1.0
26205.847087811846, 103, 1.0
26209.869109486324, 152, -1.0
26211.347399249265, 35, -1.0
26221.76591542401, 101, 1.0
26221.791333689198, 101, -1.0
26227.83935973124, 35, -1.0
26240.07589091792, 154, 1.0
26241.058483559093, 75, 1.0
26260.690453191877, 75, 1.0
26269.201886658164, 103, 1.0
26275.329064630645, 75, 1.0
26280.736937676844, 103, 1.0
26282.210418273877, 152, 1.0
26293.4182305408, 154, 1.0
26302.265606966408, 44, -1.0
26313.53447093309, 35, -1.0
26314.307200656003, 103, 1.0
26315.007203584486, 35, -1.0
26325.62727248696, 103, 1.0
26329.98020988897, 75, 1.0
26336.39504563578, 75, 1.0
26339.992395887086, 101, -1.0
26343.805965912925, 103, 1.0
26345.6328018729, 154, 1.0
26351.04207362996, 101, -1.0
26353.22442119446, 103, 1.0
26354.37746727578, 154, 1.0
26356.627316111542, 152, 1.0
26360.901998006604, 75, 1.0
26364.16699200796, 75, -1.0
26365.78697908207, 35, -1.0
26368.63260986958, 35, -1.0
26369.778032108665, 152, -1.0
26371.431714549664, 75, -1.0
26372.421573432563, 101, 1.0
26372.95257718148, 75, 1.0
26383.16074592347, 44, -1.0
26385.769948759385, 35, -1.0
26394.44025615554, 44, -1.0
26398.297622309063, 101, -1.0
26411.380153410464, 75, 1.0
26418.727390484954, 152, 1.0
26418.962855867627, 148, -1.0
26419.346814856228, 148, -1.0
26428.32650206789, 44, -1.0
26428.849623046022, 75, 1.0
26430.42285630291, 75, -1.0
26435.22244647028, 152, -1.0
26437.73226615882, 75, 1.0
26439.813196478877, 154, 1.0
26440.967402215716, 148, -1.0
26442.510157644232, 152, -1.0
26446.87220036286, 152, -1.0
26450.40092438532, 103, -1.0
26458.1388019155, 154, 1.0
26464.270724245638, 152, -1.0
26465.22258360313, 148, -1.0
26474.934350029096, 152, -1.0
26490.26677434105, 148, -1.0
26501.840813156887, 154, -1.0
26518.987161175093, 75, 1.0
26524.265822000463, 152, -1.0
26532.920163819963, 101, -1.0
26539.875745386333, 103, 1.0
26546.244270459025, 148, -1.0
26546.96716326518, 44, -1.0
26551.326144974766, 103, -1.0
26553.69378381435, 154, 1.0
26556.374779330647, 154, 1.0
26557.89008393167, 35, -1.0
26575.80869092829, 75, 1.0
26580.51354472839, 101, 1.0
26582.53088519377, 44, -1.0
26594.136835087906, 148, -1.0
26594.682683533418, 101, 1.0
26600.73436323401, 75, -1.0
26608.445948536042, 101, -1.0
26612.95418114446, 152, -1.0
26619.261677134517, 44, -1.0
26621.22225191456, 101, 1.0
26622.947359618964, 101, 1.0
26623.966171856497, 152, 1.0
26644.55385128504, 101, 1.0
26647.18388996127, 75, -1.0
26647.45744236835, 152, 1.0
26648.63239504647, 75, 1.0
26660.551529043045, 75, 1.0
26669.883935684124, 148, -1.0
26672.690191585847, 148, -1.0
26676.74531921998, 101, 1.0
26685.822433550267, 103, 1.0
26692.37668642758, 148, -1.0
26701.417558705583, 75, -1.0
26702.198774267836, 152, -1.0
26713.96187735499, 148, -1.0
26715.860690923946, 44, -1.0
26718.00999931519, 154, 1.0
26719.548339740653, 148, -1.0
26728.47374919531, 44, -1.0
26734.22234177515, 35, -1.0
26735.393102588507, 101, 1.0
26742.02597445582, 152, -1.0
26745.050355930573, 101, -1.0
26758.22239636425, 35, 1.0
26766.505807790665, 75, 1.0
26768.991492764173, 35, -1.0
26774.765484625008, 103, 1.0
26775.42407228847, 152, -1.0
26785.101698596616, 103, 1.0
26786.657041918737, 103, -1.0
26789.64602905148, 148, -1.0
26789.81957546926, 103, 1.0
26799.202278542667, 35, -1.0
26800.544079329473, 148, -1.0
26806.29096456932, 35, -1.0
26809.740518011688, 75, -1.0
26815.42907364087, 148, 1.0
26843.084278135248, 44, -1.0
26844.76572582552, 148, -1.0
26870.761277581893, 75, -1.0
26873.887490305322, 101, 1.0
26881.482709857923, 44, -1.0
26890.797766044197, 75, 1.0
26891.784401110534, 35, -1.0
26893.101357511245, 103, -1.0
26894.28338200191, 103, 1.0
26901.854744832188, 44, -1.0
26902.28892907863, 103, 1.0
26906.602691923745, 75, 1.0
26907.717004559174, 101, 1.0
26908.818874470635, 152, 1.0
26920.68519808399, 103, 1.0
26921.47887122083, 152, -1.0
26930.749707122937, 101, -1.0
26937.69608668477, 101, -1.0
26944.197474883003, 75, 1.0
26944.516143131972, 101, -1.0
26950.11371008531, 75, -1.0
26954.790231628984, 44, 1.0
26963.582316481825, 154, 1.0
26963.83623660529, 103, -1.0
26967.893639722613, 75, -1.0
26968.75862968002, 75, 1.0
26971.705475011804, 148, -1.0
26972.00612558865, 75, 1.0
26974.438164370316, 101, 1.0
26990.223885114967, 101, -1.0
26992.104220173318, 75, 1.0
26994.007930736727, 148, -1.0
26996.764213566832, 101, -1.0
26998.21653665477, 148, -1.0
27008.465968125045, 154, 1.0
27009.62109411835, 35, -1.0
27019.397758155494, 152, -1.0
27021.526341730365, 75, 1.0
27021.92228139232, 44, -1.0
27026.403660395972, 44, -1.0
27029.324385061795, 75, -1.0
27034.194071531016, 148, -1.0
27054.883426302098, 75, 1.0
27058.043945312646, 35, -1.0
27065.89699619181, 44, 1.0
27066.22538381046, 44, -1.0
27068.12143052786, 103, -1.0
27071.52343495184, 101, -1.0
27073.28031793597, 148, -1.0
27090.37266215547, 101, -1.0
27090.43013400019, 44, 1.0
27097.902212037618, 75, 1.0
27098.07539702572, 35, 1.0
27098.38749856248, 103, 1.0
27103.292989107336, 35, -1.0
27103.93768692138, 148, -1.0
27104.945101037116, 35, -1.0
27114.306771245443, 148, 1.0
27117.659182307358, 75, 1.0
27130.763522248988, 154, -1.0
27148.68772240373, 148, -1.0
27153.82312399856, 103, -1.0
27153.86096490197, 103, 1.0
27178.923976570528, 35, -1.0
27179.10112251356, 154, 1.0
27180.826443102178, 101, 1.0
27185.439867003108, 35, -1.0
27192.642972252725, 154, 1.0
27194.509327473363, 152, -1.0
27194.67453849358, 103, 1.0
27196.949336217156, 35, -1.0
27216.82163737038, 35, -1.0
27217.498217510543, 35, -1.0
27217.776071189248, 75, 1.0
27219.344974882613, 75, 1.0
27222.536897779133, 103, -1.0
27232.592844359435, 75, 1.0
27234.88582256382, 154, 1.0
27237.030425545472, 75, 1.0
27237.4782385814, 44, -1.0
27237.963162614047, 75, 1.0
27241.078970174694, 101, 1.0
27244.05860854257, 35, -1.0
27248.685749162287, 148, -1.0
27252.830366507544, 148, -1.0
27260.14571483859, 152, -1.0
27260.767843216912, 148, -1.0
27263.466764759545, 101, 1.0
27265.40214913276, 148, -1.0
27266.94286334855, 103, 1.0
27267.8392184512, 103, 1.0
27268.55880579879, 44, -1.0
27278.29172377671, 75, 1.0
27283.25537914093, 152, 1.0
27284.139745475255, 44, -1.0
27293.545155268337, 148, -1.0
27293.867887311506, 154, 1.0
27296.779387065617, 44, -1.0
27307.885983574408, 148, -1.0
27310.588888891907, 154, 1.0
27316.465978158987, 101, 1.0
27317.529659439562, 35, -1.0
27330.807162316345, 101, -1.0
27331.819382866313, 152, 1.0
27341.31060930352, 152, -1.0
27341.60518697198, 101, 1.0
27347.43992057653, 35, -1.0
27348.406838848212, 101, -1.0
27352.527988975693, 103, 1.0
27358.39099699614, 154, 1.0
27359.698320864856, 75, 1.0
27360.929582686367, 103, 1.0
27364.781381888235, 44, -1.0
27375.55669540005, 148, -1.0
27388.078055869737, 103, 1.0
27392.69083514284, 148, -1.0
27396.624876847894, 75, 1.0
27402.53771812658, 152, 1.0
27404.7026312823, 103, 1.0
27408.452200931955, 103, 1.0
27408.507077233666, 152, -1.0
27411.196667441312, 154, 1.0
27418.805273600137, 152, -1.0
27426.946306779384, 101, -1.0
27427.352166562476, 35, 1.0
27427.47480045755, 75, 1.0
27428.368450360744, 103, 1.0
27449.492947579565, 148, -1.0
27456.756544848544, 154, 1.0
27460.797133857042, 148, -1.0
27469.587337861416, 75, 1.0
27478.709335594795, 75, 1.0
27490.433179247066, 103, 1.0
27491.01144218507, 75, 1.0
27498.160094069055, 152, -1.0
27499.54273774864, 101, 1.0
27503.565451287817, 44, -1.0
27512.223069105923, 75, 1.0
27520.66877208602, 152, -1.0
27520.68506617593, 103, 1.0
27528.00206448963, 152, 1.0
27536.550059937163, 101, 1.0
27537.62971841625, 35, -1.0
27548.254156397543, 75, 1.0
27552.93964862274, 101, 1.0
27555.088437014885, 101, 1.0
27556.04908438823, 75, 1.0
27557.03593673647, 148, -1.0
27562.86946327628, 44, -1.0
27563.804948428144, 35, -1.0
27568.68322005956, 35, 1.0
27577.19114536401, 101, 1.0
27578.653394831883, 44, -1.0
27578.920057231604, 35, -1.0
27584.637386685932, 101, 1.0
27590.720589726938, 101, 1.0
27592.005553594645, 75, 1.0
27593.51117045248, 148, -1.0
27596.94500972049, 152, 1.0
27597.022039177173, 152, 1.0
27597.547095073252, 101, 1.0
27599.84895078003, 103, 1.0
27602.502940280687, 148, -1.0
27608.656476804506, 148, -1.0
27612.326172345292, 101, -1.0
27612.975220512762, 44, -1.0
27613.85445899821, 152, 1.0
27633.674103315094, 75, 1.0
27656.946892940727, 154, 1.0
27672.97083374667, 101, -1.0
27682.24373721725, 44, -1.0
27685.092248531524, 103, -1.0
27695.657837144416, 44, 1.0
27701.03728344041, 152, 1.0
27702.083717955946, 44, -1.0
27706.18503274583, 101, 1.0
27715.17345558228, 148, -1.0
27727.05396297874, 101, -1.0
27729.48359141588, 44, 1.0
27732.103161416373, 148, -1.0
27737.19672876438, 75, 1.0
27739.12633357432, 152, 1.0
27750.58464046231, 75, 1.0
27753.146888831096, 154, 1.0
27757.06045725949, 35, -1.0
27759.769802359973, 75, 1.0
27762.176681482593, 75, 1.0
27770.713490540093, 101, 1.0
27790.99930971218, 152, 1.0
27792.526364757945, 101, -1.0
27794.613439581117, 75, -1.0
27803.737869856843, 75, 1.0
27805.69765758491, 148, -1.0
27811.71688006069, 101, -1.0
27821.967036565275, 101, -1.0
27833.327954261877, 154, 1.0
27836.02428364397, 152, 1.0
27841.051787366196, 101, 1.0
27842.638004374498, 148, -1.0
27843.9175234502, 75, 1.0
27845.306477863633, 35, -1.0
27847.340046043537, 152, -1.0
27855.511958381765, 101, 1.0
27861.0967047688, 35, -1.0
27864.202465758623, 75, 1.0
27866.715419972876, 148, -1.0
27869.255622206136, 148, -1.0
27869.706515201542, 148, -1.0
27872.05730570073, 154, 1.0
27874.539811563227, 152, -1.0
27878.976166686305, 152, -1.0
27881.649756091665, 103, 1.0
27888.105566808452, 44, -1.0
27922.096174870647, 44, -1.0
27928.563631884244, 154, -1.0
27930.16484482188, 148, -1.0
27930.86137393055, 44, -1.0
27936.441619265537, 101, 1.0
27937.06447424792, 101, 1.0
27938.37679179388, 44, -1.0
27939.551986657796, 103, 1.0
27939.9335812138, 103, 1.0
27942.92825568605, 103, 1.0
27943.992262999775, 154, -1.0
27950.1602805866, 148, -1.0
27951.26343955358, 148, -1.0
27975.363257287896, 101, 1.0
27979.545951902917, 75, -1.0
27981.36361608762, 44, -1.0
27984.724889465728, 152, -1.0
27992.59179721688, 101, -1.0
27994.568240478013, 148, -1.0
27995.276162376747, 35, -1.0
27996.57271125148, 101, -1.0
28002.682760284817, 154, 1.0
28011.48180933711, 152, -1.0
28030.256674355842, 35, -1.0
28030.62396927963, 103, 1.0
28030.7023588074, 44, -1.0
28033.504251641694, 75, 1.0
28035.964316589198, 103, 1.0
28039.424051752372, 148, -1.0
28046.319198494995, 35, -1.0
28049.408342911152, 101, -1.0
28056.805876597304, 154, 1.0
28062.21338589667, 154, 1.0
28068.068036113844, 148, -1.0
28068.994208957996, 35, -1.0
28071.009064466773, 101, 1.0
28071.571141181674, 152, -1.0
28089.465517462217, 75, -1.0
28091.506557402146, 101, -1.0
28102.73119871296, 103, 1.0
28106.101339085388, 152, 1.0
28112.8033765043, 101, 1.0
28115.09155156399, 75, 1.0
28124.694658682212, 44, -1.0
28128.808275914947, 154, 1.0
28129.709011751776, 103, 1.0
28132.918770135886, 154, 1.0
28133.613065719448, 101, -1.0
28135.98063806126, 44, -1.0
28136.819682838635, 44, -1.0
28144.110309943306, 152, -1.0
28148.08743983383, 148, -1.0
28154.80997050648, 101, 1.0
28163.211144497916, 103, 1.0
28170.971173935457, 152, 1.0
28171.048827095678, 152, -1.0
28173.64418036489, 101, -1.0
28175.955338293054, 75, 1.0
28180.380656607063, 35, -1.0
28188.38243994106, 154, 1.0
28206.541127285676, 75, 1.0
28210.011746085966, 148, -1.0
28213.340793673484, 103, 1.0
28213.95849373395, 148, -1.0
28214.561339772175, 103, -1.0
28214.895987969332, 154, 1.0
28217.340483826567, 101, 1.0
28220.975069907974, 154, 1.0
28221.808176119514, 103, 1.0
28239.35693007179, 101, 1.0
28248.61162281436, 148, -1.0
28276.496960912762, 103, 1.0
28287.371484768846, 103, 1.0
28288.196452760392, 148, -1.0
28309.946748694038, 44, -1.0
28315.866968920145, 154, 1.0
28319.95959093378, 44, -1.0
28325.069045460685, 103, 1.0
28326.83471460018, 101, 1.0
28343.08526936059, 152, -1.0
28351.75269876517, 44, -1.0
28353.7219502384, 148, -1.0
28363.57519966003, 154, 1.0
28365.948531430735, 148, -1.0
28366.926287212715, 152, -1.0
28369.69140002393, 75, 1.0
28371.76995816382, 152, -1.0
28372.174217948956, 152, -1.0
28372.766435004265, 44, -1.0
28375.51944255698, 44, -1.0
28376.148296297324, 44, -1.0
28385.994885193966, 75, 1.0
28388.687351817265, 154, 1.0
28394.817698164483, 152, 1.0
28405.84015361125, 103, 1.0
28421.850221974582, 44, -1.0
28426.751086188877, 35, -1.0
28435.359176572074, 35, -1.0
28436.69394430746, 44, -1.0
28436.927994464102, 148, -1.0
28444.39001641417, 101, 1.0
28447.37201827503, 103, 1.0
28447.903218577492, 154, 1.0
28448.629225143042, 152, -1.0
28451.101746493725, 154, 1.0
28454.621367694243, 44, -1.0
28455.485268609453, 35, -1.0
28456.39788637873, 75, 1.0
28472.647672469127, 152, 1.0
28475.36844964574, 35, -1.0
28475.390669974076, 154, 1.0
28507.877849923527, 44, -1.0
28510.0899451142, 75, -1.0
28513.759217713217, 148, -1.0
28534.346330778928, 101, 1.0
28535.759174987445, 103, 1.0
28545.06868832478, 44, -1.0
28545.733532997667, 44, -1.0
28559.632828248374, 154, 1.0
28564.045483444777, 103, 1.0
28569.55795054974, 75, -1.0
28572.012935389823, 75, -1.0
28576.152617749278, 152, -1.0
28577.46322368407, 148, -1.0
28581.300997157294, 148, -1.0
28584.169835508324, 148, -1.0
28584.235050619933, 148, -1.0
28585.958565618974, 103, 1.0
28589.361266877582, 35, -1.0
28591.814409049734, 103, 1.0
28607.92329703689, 154, -1.0
28610.45710694568, 101, -1.0
28612.249348292222, 44, -1.0
28615.922262256765, 148, -1.0
28620.116870710004, 44, -1.0
28627.609920745283, 152, 1.0
28631.159681371963, 148, -1.0
28639.387505975148, 152, 1.0
28643.89365186554, 103, 1.0
28650.532696514267, 103, 1.0
28650.736571617294, 103, 1.0
28651.217050878367, 101, 1.0
28653.94143466795, 148, 1.0
28659.55767011911, 75, 1.0
28662.97625178578, 103, -1.0
28665.352123013126, 103, 1.0
28667.842121434922, 101, 1.0
28675.897164480266, 101, 1.0
28679.914517343335, 148, -1.0
28694.778617583754, 35, -1.0
28708.070603106004, 101, 1.0
28711.616993111722, 101, 1.0
28715.497932256727, 148, -1.0
28717.679519786903, 152, -1.0
28717.896163321115, 148, -1.0
28722.74646795223, 148, -1.0
28723.367838669168, 75, -1.0
28729.680022955254, 75, 1.0
28738.721844441792, 35, -1.0
28739.64291248487, 152, -1.0
28745.083453576, 35, -1.0
28745.937055934013, 154, 1.0
28751.394261131678, 75, 1.0
28753.859721390498, 101, 1.0
28754.46013999707, 35, -1.0
28757.3055668906, 103, 1.0
28765.908484301064, 103, 1.0
28770.730916277815, 148, -1.0
28779.63399683805, 103, 1.0
28789.060383303196, 75, -1.0
28810.631547099216, 35, -1.0
28814.71004078741, 101, -1.0
28815.99488792862, 75, 1.0
28819.32045176772, 148, -1.0
28834.95533250071, 101, -1.0
28835.27718553001, 148, -1.0
28842.46222495236, 101, -1.0
28845.798424037494, 103, 1.0
28847.78001720301, 35, 1.0
28851.72052459816, 154, -1.0
28859.20295941618, 103, -1.0
28867.330681990796, 101, 1.0
28876.821835064035, 103, 1.0
28877.701737947096, 35, 1.0
28885.140276039972, 75, -1.0
28888.484666681063, 152, 1.0
28888.592775524005, 101, 1.0
28894.761727382906, 101, -1.0
28897.14802007172, 154, 1.0
28906.10605786368, 152, 1.0
28909.440130485295, 152, -1.0
28917.1578182272, 35, -1.0
28918.840876454648, 35, -1.0
28929.709484863753, 101, 1.0
28931.450005476287, 148, -1.0
28936.244406922127, 35, -1.0
28939.57522541917, 148, -1.0
28942.830030972866, 101, 1.0
28943.85249193834, 35, -1.0
28950.728308439655, 103, 1.0
28960.189953645633, 75, 1.0
28962.546919998425, 103, 1.0
28964.565293560914, 101, -1.0
28970.473907697924, 103, 1.0
28972.513371311856, 75, 1.0
28976.052604199045, 103, 1.0
28978.519623332286, 75, 1.0
28984.00765934011, 148, -1.0
28985.51590857428, 101, -1.0
28994.93112839301, 75, 1.0
29005.97062478671, 101, -1.0
29007.551431769618, 35, 1.0
29014.335047643173, 103, -1.0
29031.209453870804, 35, -1.0
29033.278110695308, 152, -1.0
29037.627344658893, 75, 1.0
29038.24296678662, 35, -1.0
29044.296068261592, 154, 1.0
29060.50516645727, 148, -1.0
29061.88462957529, 152, -1.0
29070.442661508852, 154, -1.0
29070.558414317344, 148, -1.0
29076.710197665685, 35, -1.0
29080.84485239676, 35, -1.0
29091.925471429964, 103, 1.0
29094.303760162937, 103, 1.0
29096.516976539595, 103, 1.0
29098.136904335563, 35, -1.0
29098.26499102174, 35, 1.0
29098.357589101426, 148, -1.0
29101.39220317042, 101, -1.0
29103.678040299965, 152, 1.0
29106.730930597798, 148, -1.0
29109.76446860679, 35, -1.0
29113.78702040195, 101, 1.0
29118.13757193308, 35, -1.0
29120.56464297358, 75, 1.0
29126.97525227252, 101, 1.0
29128.03550982083, 148, -1.0
29132.721088102917, 103, -1.0
29146.91520091871, 152, -1.0
29149.521252493938, 101, -1.0
29153.513574467415, 101, 1.0
29163.381610063065, 75, -1.0
29165.194806463573, 103, 1.0
29170.44291258172, 154, -1.0
29175.19856112071, 35, -1.0
29188.832439696, 35, -1.0
29196.816243322733, 35, -1.0
29213.09631519328, 103, 1.0
29217.64126481044, 101, -1.0
29217.763434894812, 103, -1.0
29221.15643177886, 75, 1.0
29223.320985160728, 75, -1.0
29224.684836435, 148, -1.0
29232.811579574485, 148, -1.0
29233.453749781613, 101, 1.0
29237.293747291893, 101, 1.0
29242.50775144272, 152, -1.0
29249.569420907286, 148, -1.0
29257.227320316924, 75, -1.0
29283.354870095794, 148, -1.0
29283.889451660172, 148, -1.0
29288.632086867154, 101, 1.0
29290.70848487966, 101, -1.0
29304.07794438423, 152, -1.0
29305.269613321172, 75, 1.0
29307.17653081194, 103, 1.0
29310.452394568398, 103, 1.0
29316.460291136882, 152, -1.0
29329.92543277561, 154, -1.0
29332.58634609374, 101, 1.0
29335.92889023947, 101, 1.0
29354.576591230372, 152, 1.0
29360.14348631523, 103, 1.0
29366.4830384279, 148, -1.0
29367.73978543278, 75, -1.0
29368.810541507508, 148, -1.0
29373.809984403073, 103, 1.0
29398.019361120707, 101, 1.0
29404.13366471087, 101, -1.0
29405.11141837233, 75, 1.0
29407.65101942417, 103, 1.0
29413.666660418672, 101, 1.0
29415.149549743324, 154, -1.0
29417.790397588582, 75, 1.0
29423.67385409009, 101, 1.0
29423.718749097927, 101, 1.0
29425.965772992324, 75, 1.0
29427.133317897693, 75, -1.0
29428.83051163849, 35, -1.0
29429.696740912794, 148, -1.0
29435.75426093259, 75, -1.0
29443.173861760934, 101, 1.0
29450.379608376898, 44, -1.0
29454.178694898987, 154, -1.0
29459.74595098682, 154, 1.0
29463.93674624075, 152, 1.0
29466.52915843271, 101, 1.0
29472.15336502935, 152, -1.0
29481.118811972014, 103, 1.0
29490.369546757458, 148, -1.0
29491.921001723415, 103, 1.0
29505.91858701573, 148, -1.0
29519.9194826609, 75, -1.0
29519.973910582306, 75, 1.0
29524.397645937857, 101, 1.0
29525.226519861775, 101, -1.0
29531.272171685116, 101, 1.0
29531.88317684524, 103, 1.0
29532.649546524968, 103, 1.0
29534.512452322975, 154, -1.0
29543.94803189027, 148, -1.0
29545.236869945602, 75, 1.0
29545.303979077384, 75, -1.0
29552.63712671321, 75, 1.0
29557.28630045122, 103, 1.0
29579.527038126245, 35, -1.0
29580.85148881019, 75, 1.0
29583.729586421887, 154, 1.0
29584.878792888925, 103, 1.0
29585.504468703333, 101, 1.0
29587.38762853521, 154, -1.0
29588.44058436768, 101, 1.0
29589.289482617798, 35, -1.0
29589.771118722303, 152, -1.0
29591.99386963118, 35, 1.0
29593.44122202834, 101, 1.0
29598.925080757643, 101, 1.0
29608.347407182642, 103, 1.0
29609.440061585752, 152, -1.0
29614.216955087948, 75, 1.0
29614.332594550102, 152, 1.0
29623.46324013881, 101, 1.0
29629.674604025382, 148, -1.0
29635.119020973903, 103, 1.0
29635.40857044079, 35, -1.0
29635.431611747947, 75, 1.0
29639.816191621874, 154, 1.0
29640.21664737149, 154, -1.0
29651.829061452554, 75, -1.0
29659.940290037342, 148, -1.0
29660.449840210476, 154, 1.0
29661.164796964633, 148, -1.0
29662.073633001604, 101, 1.0
29664.77879889746, 152, -1.0
29672.75046304739, 35, 1.0
29675.73519568773, 35, -1.0
29691.349665165373, 35, 1.0
29692.90216780774, 44, 1.0
29696.555835071224, 35, -1.0
29702.99225892955, 101, -1.0
29704.49323258134, 152, -1.0
29711.733739531046, 148, 1.0
29717.94316451756, 35, 1.0
29718.167481586785, 35, -1.0
29725.637365894214, 75, -1.0
29729.853832771583, 152, 1.0
29737.71939133738, 35, -1.0
29737.82883399953, 101, 1.0
29738.423857658283, 152, -1.0
29739.233248287183, 101, 1.0
29740.81927194168, 148, -1.0
29743.38411229081, 152, 1.0
29745.78676143121, 75, 1.0
29751.79089087098, 101, -1.0
29762.086472610772, 101, 1.0
29769.35189510395, 101, -1.0
29770.00000282754, 152, -1.0
29785.117371500775, 75, -1.0
29785.543362723663, 101, 1.0
29788.518556859577, 75, 1.0
29789.441997362374, 152, -1.0
29796.788006143666, 44, -1.0
29801.544659683404, 35, -1.0
29802.229170882274, 75, 1.0
29806.13034125459, 75, 1.0
29809.545699461913, 152, -1.0
29823.997109014686, 35, -1.0
29829.20417799926, 152, -1.0
29830.059803624732, 101, 1.0
29834.170207606712, 101, -1.0
29839.78639927598, 103, -1.0
29840.352699011208, 101, 1.0
29841.089780612925, 103, 1.0
29843.910904107157, 101, 1.0
29848.49090813588, 75, 1.0
29850.62169393789, 101, 1.0
29852.279814685004, 35, -1.0
29860.075958373178, 75, -1.0
29863.15196611974, 35, -1.0
29869.937507354032, 148, -1.0
29877.08846448029, 148, -1.0
29880.750525375373, 154, 1.0
29885.3865249468, 35, -1.0
29886.167399589427, 35, -1.0
29895.18586253573, 101, 1.0
29895.320416839975, 35, -1.0
29896.665188341354, 152, -1.0
29898.27117663168, 103, 1.0
29900.232645977343, 154, -1.0
29911.849518261246, 75, 1.0
29912.81998398875, 103, -1.0
29916.300286943417, 103, -1.0
29918.149284979318, 35, -1.0
29920.25558372134, 103, 1.0
29924.232132107536, 152, 1.0
29924.86870195125, 148, -1.0
29926.06393069041, 148, -1.0
29926.090878709154, 154, -1.0
29934.54513354682, 148, -1.0
29937.231899894367, 101, -1.0
29945.9710074737, 148, -1.0
29963.29779077669, 75, 1.0
29991.58374481066, 154, 1.0
29998.27296855514, 103, -1.0
30002.84859849537, 75, -1.0
30005.1022675741, 75, 1.0
30005.834345776326, 103, 1.0
30010.356495612737, 152, -1.0
30018.763324003023, 101, -1.0
30029.269512344752, 35, -1.0
30030.413245370477, 154, -1.0
30032.460043789688, 101, -1.0
30040.700435819683, 101, -1.0
30050.26405426335, 101, 1.0
30054.79541906597, 148, -1.0
30054.79969749295, 35, 1.0
30056.449941411865, 154, 1.0
30063.844619963373, 35, -1.0
30069.144648810205, 75, 1.0
30086.37007791204, 35, -1.0
30090.09674413416, 101, -1.0
30097.324449103937, 148, -1.0
30102.247726550184, 35, -1.0
30104.935206406182, 101, 1.0
30106.5016754582, 103, -1.0
30129.24058276576, 101, -1.0
30131.785324038057, 154, -1.0
30132.496683564925, 154, 1.0
30138.205069009484, 35, -1.0
30141.593129600067, 148, -1.0
30156.99173337508, 75, -1.0
30158.977191505186, 35, 1.0
30176.381525821518, 101, 1.0
30180.113119451973, 101, 1.0
30181.84833003784, 148, -1.0
30190.198779268605, 75, -1.0
30191.674069952314, 75, 1.0
30192.668013782633, 101, 1.0
30218.15552814126, 35, 1.0
30224.786600426145, 103, -1.0
30228.204310195753, 152, 1.0
30234.320188829806, 152, -1.0
30235.2104510418, 148, -1.0
30236.046949035604, 101, -1.0
30238.195691866604, 101, 1.0
30239.062176993157, 75, 1.0
30246.397781648084, 75, -1.0
30255.188047613596, 75, 1.0
30261.683021048975, 35, -1.0
30263.054761926585, 75, -1.0
30263.89355379788, 101, 1.0
30263.92225700376, 103, 1.0
30264.458262213564, 35, -1.0
30272.99453152046, 148, -1.0
30294.81453563611, 152, 1.0
30303.695047811776, 101, 1.0
30308.017903409484, 103, -1.0
30311.3927455874, 75, -1.0
30318.36909798142, 148, -1.0
30320.14849077567, 154, 1.0
30321.361282345122, 154, 1.0
30321.66922689159, 101, 1.0
30334.69621416487, 35, -1.0
30340.926026746485, 75, -1.0
30341.38071932128, 35, -1.0
30349.291113055267, 35, 1.0
30350.199409706034, 44, -1.0
30352.27924333418, 75, 1.0
30359.511410999607, 101, 1.0
30360.96613363114, 154, 1.0
30362.309348871502, 101, -1.0
30363.17100935075, 101, 1.0
30365.56685303352, 35, -1.0
30375.411187099602, 44, -1.0
30383.763021822502, 148, -1.0
30391.89524804349, 35, 1.0
30396.07319562014, 148, -1.0
30396.50592042883, 103, 1.0
30399.53891117526, 154, 1.0
30403.636166887005, 101, 1.0
30411.377675632677, 101, -1.0
30419.001781298204, 75, -1.0
30422.57398907007, 101, -1.0
30426.052038122707, 75, -1.0
30443.243753572046, 148, 1.0
30445.633293834864, 75, 1.0
30447.46592251688, 75, 1.0
30461.278221381122, 154, 1.0
30463.739623478687, 35, -1.0
30485.683304570222, 35, 1.0
30487.036926402838, 101, 1.0
30487.66167178662, 152, 1.0
30492.34134350885, 101, -1.0
30493.836052016424, 101, 1.0
30502.14279058052, 75, 1.0
30504.332003349584, 75, 1.0
30506.183960734023, 152, -1.0
30507.31871349944, 35, -1.0
30524.9889623799, 75, 1.0
30527.608223647338, 103, 1.0
30527.803081106056, 154, -1.0
30534.458431925294, 103, 1.0
30535.21994288059, 152, 1.0
30545.422792071848, 101, 1.0
30548.827135228014, 148, -1.0
30549.05075386347, 101, 1.0
30550.085383367325, 75, 1.0
30562.59318073301, 101, 1.0
30564.479316885267, 35, 1.0
30569.954425640215, 35, -1.0
30571.855969327553, 152, -1.0
30572.545936626968, 101, 1.0
30577.37113105655, 35, -1.0
30581.188864395146, 75, -1.0
30584.12325141982, 101, 1.0
30586.5930016761, 152, -1.0
30593.636953982652, 101, 1.0
30612.229492106606, 152, 1.0
30613.51220911194, 152, -1.0
30616.811665337747, 35, -1.0
30630.821312038082, 152, 1.0
30635.550128642546, 154, -1.0
30636.018478490965, 101, -1.0
30639.048548377352, 148, -1.0
30640.300751726507, 75, 1.0
30652.713506625092, 75, 1.0
30659.71909370199, 35, 1.0
30662.01125359171, 101, 1.0
30664.506941909178, 152, -1.0
30673.312996959066, 154, -1.0
30674.473055898823, 152, -1.0
30677.808655375626, 103, 1.0
30678.678641593116, 103, 1.0
30682.414885711314, 152, 1.0
30691.281591954987, 35, -1.0
30691.6138562712, 103, 1.0
30691.936370388667, 152, -1.0
30698.440859482926, 75, -1.0
30707.59640542871, 103, 1.0
30710.473685131128, 152, -1.0
30715.30782264534, 152, -1.0
30716.290043842542, 154, -1.0
30718.09373265019, 75, 1.0
30748.349759319495, 152, 1.0
30766.90774033825, 154, -1.0
30767.0961321096, 75, -1.0
30770.342614637644, 148, -1.0
30777.036590529922, 75, 1.0
30777.15189091597, 148, -1.0
30779.60462328076, 148, -1.0
30781.505449359796, 152, 1.0
30784.844523192092, 75, 1.0
30785.156385548074, 152, -1.0
30788.020241113823, 101, -1.0
30796.76552557285, 101, -1.0
30799.606068230773, 75, 1.0
30804.290284687075, 101, -1.0
30809.52038230864, 35, -1.0
30810.139425033965, 75, -1.0
30814.15061215099, 75, 1.0
30817.0584959311, 35, -1.0
30817.402047908738, 101, 1.0
30823.714053691077, 101, -1.0
30828.548973326288, 101, 1.0
30841.018912223546, 152, -1.0
30856.50339933364, 101, 1.0
30861.186618761487, 75, -1.0
30869.61299538964, 35, -1.0
30872.838158470517, 148, -1.0
30874.457051236022, 103, 1.0
30877.095285705476, 75, 1.0
30880.798357892603, 75, -1.0
30883.370218400305, 101, -1.0
30891.153570495593, 75, 1.0
30895.337978573858, 103, 1.0
30897.007824358865, 101, 1.0
30905.728806462983, 154, -1.0
30909.34002524049, 154, 1.0
30910.591979110533, 101, -1.0
30923.2025660793, 154, 1.0
30928.91457519985, 103, -1.0
30931.790667946923, 154, 1.0
30933.696377150773, 103, 1.0
30937.11423755003, 152, -1.0
30951.4236030866, 103, 1.0
30952.720339636486, 101, -1.0
30957.501607997525, 35, 1.0
30958.490482814075, 152, 1.0
30964.512795971474, 44, -1.0
30968.68183013328, 152, -1.0
30984.585038806134, 35, 1.0
30988.91609765951, 103, 1.0
30990.605800735557, 148, -1.0
30992.91915131094, 35, -1.0
30992.930376300104, 103, 1.0
30996.06767150983, 75, 1.0
30997.388285900757, 152, -1.0
30997.550436061163, 148, -1.0
31007.481450331245, 148, -1.0
31007.551656821503, 101, 1.0
31014.703447768665, 103, 1.0
31018.340953496816, 75, 1.0
31025.75642221755, 101, -1.0
31031.809888762575, 152, -1.0
31039.000692909824, 103, 1.0
31041.838621205872, 35, 1.0
31050.04897645215, 101, -1.0
31050.77879275515, 101, 1.0
31059.55894776356, 152, 1.0
31073.181303264064, 35, -1.0
31078.340131714074, 103, 1.0
31083.310551317252, 35, -1.0
31093.06325219018, 75, 1.0
31100.29293524574, 103, -1.0
31112.643921576924, 154, 1.0
31116.76358126325, 101, -1.0
31118.035625537046, 103, 1.0
31128.544178152864, 35, -1.0
31131.128549987607, 152, -1.0
31135.76265162597, 154, 1.0
31147.30118870728, 35, 1.0
31151.257686882567, 103, -1.0
31151.473685445108, 101, -1.0
31167.658248601918, 75, -1.0
31178.441608532852, 103, 1.0
31188.160873821853, 101, 1.0
31193.11780079829, 35, 1.0
31199.020647166886, 75, 1.0
31206.080053944712, 148, -1.0
31207.905878258414, 154, -1.0
31217.362875782157, 101, 1.0
31220.412059878494, 103, -1.0
31231.110513254334, 148, -1.0
31235.668683942353, 101, 1.0
31236.69011831587, 152, 1.0
31240.98534338841, 75, 1.0
31242.848660912947, 103, 1.0
31244.43405654469, 103, 1.0
31247.81804115021, 152, -1.0
31249.584530432818, 152, -1.0
31250.54106535471, 148, -1.0
31250.77756106216, 154, 1.0
31261.96531272472, 75, 1.0
31262.982743586075, 101, -1.0
31269.335153449407, 152, 1.0
31274.54286449927, 154, 1.0
31275.057869193686, 44, 1.0
31276.365769382897, 35, -1.0
31276.783030252634, 154, -1.0
31279.982434758247, 103, 1.0
31283.794405928435, 75, 1.0
31285.79277704665, 75, 1.0
31292.465922397092, 152, -1.0
31294.00936366001, 152, -1.0
31294.708174193147, 148, 1.0
31295.390837843464, 75, 1.0
31298.644189534505, 148, -1.0
31300.098073055015, 152, -1.0
31312.113173176156, 101, -1.0
31314.59168568958, 75, 1.0
31317.442751562434, 44, -1.0
31317.990438592777, 75, 1.0
31318.02712110963, 101, 1.0
31318.748322450643, 101, 1.0
31324.015052975297, 103, 1.0
31334.159939962115, 103, 1.0
31336.993194709023, 152, -1.0
31338.248358503603, 75, -1.0
31342.532007314796, 101, -1.0
31346.20053679489, 35, -1.0
31349.462533119655, 103, -1.0
31349.618363361125, 103, 1.0
31352.307092753195, 75, -1.0
31353.039477574486, 35, -1.0
31357.93087275158, 148, -1.0
31362.04929421887, 154, -1.0
31369.090350997107, 101, 1.0
31372.54944499647, 44, -1.0
31372.782643937117, 75, 1.0
31373.885379778447, 103, 1.0
31375.32169432175, 103, 1.0
31377.433713350547, 148, -1.0
31377.48400523748, 75, 1.0
31379.670713491916, 101, -1.0
31380.147254129424, 152, 1.0
31381.772877014402, 148, -1.0
31383.288753630393, 152, 1.0
31384.175516395793, 35, -1.0
31386.7707173429, 75, 1.0
31391.74447580245, 152, -1.0
31397.946749065235, 103, 1.0
31401.64040195994, 35, 1.0
31402.223931576842, 103, 1.0
31422.03073484918, 152, -1.0
31423.690662445155, 35, -1.0
31429.67833840613, 154, 1.0
31436.51218667916, 103, 1.0
31437.581631444307, 101, -1.0
31439.175782723156, 103, 1.0
31439.98529121734, 35, -1.0
31441.686874051044, 154, -1.0
31468.9203692696, 152, -1.0
31491.843389187856, 103, 1.0
31493.847352793633, 101, 1.0
31497.310572737653, 35, 1.0
31500.39110311875, 35, 1.0
31502.268216642267, 152, -1.0
31514.3899149766, 101, -1.0
31521.16153679282, 101, -1.0
31522.100110867847, 103, -1.0
31523.79136136014, 35, -1.0
31524.406981507775, 101, 1.0
31526.26269468072, 152, -1.0
31526.39689208968, 152, 1.0
31528.586721297455, 103, -1.0
31535.63814461802, 35, 1.0
31539.47511738444, 75, 1.0
31543.001410052995, 44, -1.0
31547.418414176267, 44, -1.0
31549.680397565455, 75, 1.0
31557.222826789588, 75, -1.0
31565.025871250902, 154, 1.0
31591.063643695325, 101, 1.0
31592.897885362156, 101, 1.0
31598.723938579355, 103, 1.0
31600.486397403613, 152, -1.0
31600.89164458817, 75, 1.0
31607.886452701874, 101, 1.0
31615.97993471864, 154, -1.0
31617.5281245127, 44, -1.0
31624.36185125898, 35, 1.0
31633.466030850108, 75, 1.0
31641.905555577352, 103, 1.0
31647.83988590994, 75, 1.0
31647.934350649346, 152, -1.0
31656.365355681082, 101, 1.0
31660.76439518076, 154, 1.0
31672.242751329315, 154, -1.0
31672.938896737083, 101, 1.0
31674.52748794182, 35, -1.0
31682.98256958964, 154, 1.0
31686.976946237093, 101, 1.0
31692.78079362739, 148, -1.0
31696.138193505736, 101, 1.0
31707.666254569293, 75, 1.0
31711.930321769425, 35, -1.0
31713.727956403076, 152, 1.0
31717.987763254423, 35, 1.0
31720.671442101007, 75, 1.0
31722.777358667707, 101, -1.0
31726.285539970424, 75, 1.0
31737.966782125295, 148, -1.0
31746.871481302107, 101, -1.0
31751.963445512676, 75, -1.0
31757.567959095286, 148, 1.0
31759.39744230546, 152, -1.0
31760.207810025953, 75, 1.0
31761.135345752573, 152, -1.0
31765.411956967673, 75, 1.0
31765.86089693945, 152, -1.0
31769.014339975354, 154, 1.0
31769.553949394867, 35, -1.0
31770.92299860306, 103, 1.0
31773.656643019473, 103, 1.0
31778.61753385431, 101, 1.0
31778.7520782235, 152, -1.0
31779.32683772583, 101, -1.0
31808.514173100855, 154, -1.0
31812.16900619968, 101, -1.0
31815.054286947503, 148, -1.0
31822.482308537485, 152, 1.0
31827.009855031458, 154, -1.0
31828.795329236833, 148, -1.0
31832.419911828576, 75, 1.0
31833.371783484385, 101, 1.0
31838.78831683833, 154, -1.0
31854.134767319614, 101, 1.0
31857.37333233573, 103, 1.0
31870.136227860814, 35, -1.0
31875.121360528454, 44, -1.0
31885.83664232492, 152, 1.0
31889.344684286574, 152, -1.0
31890.06924363092, 148, -1.0
31893.71680184632, 101, 1.0
31898.20440818802, 103, 1.0
31900.698930769973, 101, -1.0
31900.71165435033, 75, 1.0
31901.088234725095, 152, -1.0
31904.775943577104, 103, 1.0
31905.778994329252, 35, -1.0
31907.594220821375, 154, 1.0
31909.034543949132, 148, 1.0
31913.824292921458, 75, -1.0
31915.373124765396, 148, -1.0
31916.24233111711, 103, 1.0
31918.704476444967, 35, 1.0
31923.093361087307, 152, 1.0
31923.47111578705, 103, 1.0
31925.191763158127, 35, 1.0
31934.150961779254, 75, -1.0
31935.253789587492, 103, 1.0
31943.177259575503, 148, -1.0
31949.640080156132, 152, -1.0
31972.231710241707, 101, 1.0
31985.222060633147, 103, 1.0
31988.00061184495, 35, -1.0
32009.214620164224, 75, 1.0
32009.469536423956, 101, -1.0
32022.006743771097, 148, -1.0
32029.783220707744, 75, 1.0
32031.23931037438, 35, -1.0
32036.82581483124, 75, 1.0
32042.60149569736, 101, 1.0
32043.165242363382, 35, 1.0
32043.799543506244, 148, -1.0
32048.04528664383, 75, 1.0
32052.352083314538, 75, -1.0
32053.83061492397, 148, -1.0
32057.157468420704, 75, 1.0
32058.403384536607, 103, -1.0
32068.078620039993, 35, -1.0
32082.24917425798, 154, 1.0
32085.12370265071, 101, 1.0
32086.6161773277, 148, -1.0
32096.199586219816, 44, 1.0
32096.65280386695, 152, -1.0
32098.279529138796, 103, -1.0
32110.94989225601, 101, -1.0
32111.118122637494, 152, -1.0
32116.953022117803, 152, -1.0
32121.93442662502, 101, 1.0
32134.637020698006, 35, -1.0
32134.83505365818, 154, 1.0
32141.671633006896, 103, 1.0
32147.021901070442, 75, -1.0
32148.41177719346, 103, 1.0
32150.709490837748, 101, 1.0
32151.36791858125, 152, -1.0
32152.33283833797, 152, 1.0
32152.77883271951, 152, -1.0
32163.369435353405, 35, -1.0
32172.258912701996, 35, 1.0
32177.975450105852, 103, -1.0
32179.012343183887, 103, 1.0
32188.798589360642, 154, 1.0
32190.007758329186, 103, 1.0
32191.87057845213, 75, -1.0
32193.260022432754, 101, 1.0
32193.743624311934, 154, 1.0
32196.77892551816, 35, 1.0
32204.214396050353, 35, 1.0
32207.63486471683, 152, -1.0
32208.764338276007, 103, -1.0
32216.29169524493, 35, -1.0
32216.492299261758, 148, -1.0
32223.867795694387, 75, -1.0
32227.054893847493, 154, 1.0
32229.117872484072, 101, 1.0
32232.535018243583, 152, -1.0
32233.788415211562, 75, -1.0
32240.522438321073, 101, 1.0
32240.534149256862, 35, -1.0
32249.388977866252, 154, 1.0
32250.056034719288, 35, -1.0
32259.38677410862, 35, 1.0
32262.125058478694, 152, 1.0
32270.87366162617, 152, -1.0
32271.103496269723, 75, 1.0
32278.116830745254, 152, 1.0
32295.420154087762, 75, 1.0
32300.250626438858, 101, 1.0
32300.75739517157, 75, -1.0
32308.528855759665, 103, 1.0
32309.60378964628, 75, -1.0
32310.132640677504, 152, -1.0
32311.651365933365, 148, -1.0
32311.848815002835, 75, 1.0
32317.516451267562, 152, -1.0
32323.501028445422, 35, -1.0
32324.713772131836, 101, 1.0
32331.701054256213, 154, -1.0
32351.7779908492, 152, -1.0
32352.40255912804, 101, -1.0
32359.897183959918, 152, -1.0
32364.70315161359, 154, 1.0
32371.41196632188, 75, -1.0
32378.94236115078, 101, 1.0
32383.974074756152, 154, 1.0
32386.586342656767, 101, 1.0
32388.411840250646, 35, 1.0
32389.656516016654, 148, -1.0
32390.223029878405, 103, 1.0
32393.309955018813, 35, -1.0
32394.407973301026, 152, -1.0
32399.299186939978, 35, 1.0
32400.977586864396, 103, 1.0
32410.381780308766, 35, -1.0
32428.50032927703, 35, 1.0
32440.773841803933, 35, -1.0
32445.34122727972, 148, 1.0
32454.66164878651, 35, -1.0
32464.21138865287, 75, 1.0
32486.41034866833, 35, -1.0
32488.421408968945, 148, -1.0
32491.251745683996, 75, 1.0
32492.607720231823, 103, 1.0
32492.673019538684, 148, -1.0
32496.69199508939, 75, -1.0
32496.991130094815, 75, 1.0
32504.5331123057, 152, -1.0
32505.573159411615, 75, 1.0
32506.045012959727, 101, -1.0
32506.794808495823, 75, -1.0
32507.107333988384, 103, -1.0
32513.333104549463, 35, 1.0
32522.176915469176, 44, -1.0
32524.58767909437, 44, -1.0
32524.73807341196, 152, 1.0
32531.2405893344, 35, -1.0
32532.177715237558, 101, -1.0
32533.342913360393, 35, -1.0
32544.036446441693, 35, -1.0
32547.91930465871, 35, -1.0
32549.120116151356, 35, -1.0
32553.180682045735, 101, -1.0
32554.000016990696, 35, 1.0
32560.12715434522, 148, -1.0
32565.7094021579, 35, 1.0
32573.49404016171, 152, -1.0
32575.982335219363, 35, -1.0
32584.52856869118, 101, 1.0
32585.76924439352, 148, -1.0
32587.58425947713, 44, 1.0
32588.914109980484, 44, -1.0
32596.264216488005, 75, -1.0
32596.333774048013, 148, -1.0
32605.21835499349, 101, -1.0
32605.374894107823, 103, -1.0
32607.670783466656, 35, 1.0
32625.856911112758, 75, 1.0
32626.57912029324, 154, 1.0
32630.10887896741, 35, 1.0
32631.94352089849, 154, 1.0
32634.020213383832, 44, -1.0
32638.187611077636, 35, 1.0
32644.869652978196, 148, -1.0
32651.09669431265, 103, 1.0
32653.983463901448, 154, 1.0
32659.553469240123, 75, 1.0
32665.35870658714, 103, 1.0
32669.71562804809, 75, 1.0
32670.908449889954, 103, -1.0
32674.582774457573, 101, -1.0
32689.296864105418, 35, 1.0
32691.391309914707, 75, 1.0
32706.328935489975, 75, 1.0
32709.702527987567, 152, -1.0
32718.567879490904, 35, 1.0
32723.02859233795, 101, -1.0
32726.81928002456, 35, -1.0
32728.149225992584, 101, -1.0
32732.163639543756, 101, 1.0
32737.34731537917, 103, -1.0
32737.35589155426, 148, 1.0
32737.356058719688, 75, 1.0
32745.302003956534, 35, 1.0
32756.395414195787, 103, 1.0
32762.5256665945, 35, -1.0
32766.16975322008, 75, -1.0
32770.68068621652, 103, 1.0
32777.89918214432, 103, 1.0
32787.09260031906, 152, -1.0
32788.83038286603, 35, 1.0
32792.89278975487, 44, -1.0
32796.67604122899, 35, -1.0
32807.17707623772, 154, 1.0
32807.67571876498, 101, 1.0
32819.34404090153, 103, 1.0
32822.9853689725, 35, -1.0
32826.885400265375, 44, -1.0
32827.81271536106, 35, 1.0
32828.11533608546, 75, -1.0
32830.082131925024, 75, -1.0
32832.517114163835, 44, -1.0
32838.63458768013, 75, 1.0
32848.468732274174, 44, -1.0
32852.54066130177, 154, 1.0
32858.488785920556, 103, 1.0
32860.67540771261, 148, -1.0
32865.11783202707, 103, 1.0
32866.05549907026, 154, 1.0
32873.65104675254, 103, -1.0
32875.42341244187, 152, 1.0
32882.652850332546, 44, -1.0
32893.93098700161, 101, 1.0
32900.40754414331, 35, 1.0
32911.66151690708, 152, 1.0
32912.8638794202, 154, 1.0
32920.28436084801, 101, -1.0
32922.66342202281, 35, -1.0
32933.076793693115, 35, -1.0
32940.637103343586, 75, -1.0
32943.741255463996, 35, -1.0
32958.96705456895, 75, -1.0
32960.50355885563, 101, 1.0
32965.61716532006, 154, 1.0
32966.93499904562, 148, -1.0
32981.00612337846, 101, 1.0
32983.38907044606, 35, 1.0
32985.60665041004, 35, -1.0
32989.645571582485, 75, -1.0
32993.05684504028, 152, -1.0
33005.43923715805, 75, 1.0
33018.830960915206, 103, 1.0
33040.44041116396, 103, 1.0
33045.97753188903, 44, -1.0
33046.0339046856, 101, 1.0
33047.1342567385, 44, -1.0
33047.770552275324, 101, -1.0
33063.14850706349, 75, 1.0
33067.95442706323, 35, -1.0
33069.04158471227, 75, -1.0
33072.83642022255, 75, 1.0
33073.31013946179, 148, -1.0
33075.383118279075, 154, 1.0
33076.36771107666, 101, 1.0
33077.36922759648, 35, 1.0
33079.947466963866, 75, 1.0
33082.62076826142, 35, -1.0
33082.92039862341, 154, 1.0
33083.18779286036, 152, -1.0
33084.127600278356, 44, -1.0
33086.689016958175, 75, -1.0
33089.06957816221, 148, -1.0
33103.03673138662, 101, 1.0
33118.81046001438, 44, -1.0
33119.25659642412, 75, 1.0
33121.042040739296, 101, -1.0
33121.387150342205, 152, 1.0
33121.68746633702, 101, -1.0
33121.78403908964, 35, 1.0
33123.27349917606, 148, -1.0
33124.42478864215, 35, -1.0
33131.16854011883, 75, -1.0
33134.13736113285, 75, -1.0
33143.06885712132, 148, -1.0
33148.23463597367, 152, -1.0
33150.05960852083, 75, -1.0
33155.97343349221, 152, -1.0
33163.291857458564, 44, -1.0
33171.19595439372, 75, 1.0
33171.90723096368, 35, -1.0
33172.852192089726, 35, 1.0
33176.064249289615, 103, 1.0
33178.07332065639, 154, 1.0
33184.204161079746, 35, -1.0
33185.33017984743, 154, 1.0
33185.532256818566, 75, -1.0
33201.39193102719, 148, -1.0
33207.39576543721, 152, -1.0
33209.52541402314, 75, 1.0
33213.53345113387, 75, -1.0
33215.6967520098, 35, -1.0
33220.02796698685, 75, 1.0
33220.759969294035, 101, -1.0
33221.85107171185, 35, -1.0
33223.44391664283, 35, -1.0
33229.76868335809, 103, 1.0
33231.47373903581, 35, 1.0
33232.561518010945, 101, 1.0
33234.28436611619, 103, 1.0
33238.18047711602, 44, -1.0
33240.60421332328, 148, -1.0
33255.06706357664, 148, -1.0
33259.98611816422, 152, -1.0
33269.64745190016, 75, -1.0
33293.149548959576, 154, 1.0
33293.47872680276, 75, 1.0
33303.5060400215, 44, -1.0
33306.163784636665, 44, -1.0
33306.76113977665, 44, -1.0
33324.71473483671, 103, 1.0
33333.284927498535, 103, -1.0
33339.988222075495, 103, -1.0
33343.03335085918, 148, -1.0
33346.80362075602, 152, -1.0
33347.721717048546, 35, 1.0
33351.9115835473, 35, 1.0
33379.57763783084, 75, -1.0
33389.00038596666, 103, 1.0
33397.93520039771, 154, 1.0
33406.103636952845, 44, 1.0
33408.15468676328, 152, -1.0
33411.59589831526, 75, 1.0
33414.56845924169, 44, -1.0
33415.195016364596, 75, 1.0
33415.244392029585, 35, 1.0
33419.94104187374, 35, -1.0
33425.149711672224, 35, -1.0
33428.08271645023, 101, 1.0
33435.17388708352, 152, 1.0
33448.52469658831, 101, -1.0
33451.280600433114, 101, 1.0
33451.57558170469, 148, -1.0
33455.81615784749, 44, -1.0
33463.28081204596, 152, -1.0
33471.13980553626, 75, -1.0
33471.19707468462, 152, -1.0
33472.26238314021, 44, 1.0
33472.89393341119, 148, -1.0
33477.977421847674, 35, -1.0
33483.75402148037, 101, -1.0
33487.71278192525, 152, 1.0
33501.93220931222, 148, -1.0
33503.45835865025, 148, -1.0
33506.125235360974, 75, -1.0
33508.79337294919, 103, -1.0
33510.35667353307, 75, 1.0
33510.43387356016, 103, 1.0
33511.195126106286, 75, 1.0
33512.10205576645, 101, 1.0
33514.981926000924, 101, -1.0
33515.152675056524, 152, 1.0
33515.246982806246, 152, 1.0
33526.436910146884, 44, 1.0
33530.64068355346, 101, 1.0
33530.747652061014, 75, 1.0
33532.05479070031, 75, 1.0
33532.07536425581, 44, -1.0
33533.44496701931, 44, -1.0
33550.91601341821, 101, -1.0
33550.921986057554, 75, 1.0
33571.43615638971, 148, -1.0
33581.722849077, 101, -1.0
33600.28001982263, 35, -1.0
33604.14048909895, 103, 1.0
33605.1891149866, 44, -1.0
33611.47722942442, 101, 1.0
33630.45350744385, 148, -1.0
33633.72963242197, 148, -1.0
33635.15933863583, 101, -1.0
33638.92268177023, 75, -1.0
33641.472405540706, 75, -1.0
33647.11721668881, 148, -1.0
33647.20475459099, 154, 1.0
33650.17712402424, 152, 1.0
33650.7298073806, 148, -1.0
33664.25642066037, 101, 1.0
33664.44427909459, 103, 1.0
33664.74332914482, 44, -1.0
33668.593295209415, 103, 1.0
33668.88988447307, 75, -1.0
33669.70827054121, 35, -1.0
33670.310853842944, 154, 1.0
33688.8590020933, 44, -1.0
33692.81827631471, 152, -1.0
33696.4261627916, 35, -1.0
33706.945935067146, 35, 1.0
33708.70460596225, 148, 1.0
33709.08443286991, 75, 1.0
33710.1073724957, 75, -1.0
33719.74207643702, 101, 1.0
33721.6262019134, 154, 1.0
33722.055714339614, 148, 1.0
33725.63689268138, 44, 1.0
33732.03868580031, 101, -1.0
33732.763954482216, 154, 1.0
33736.667431322465, 35, -1.0
33748.05237229673, 101, -1.0
33748.545934433976, 103, 1.0
33755.94918633322, 103, 1.0
33762.80406808736, 101, -1.0
33763.46226749553, 75, 1.0
33763.85286300389, 148, 1.0
33769.37908546322, 152, -1.0
33774.61487691902, 35, -1.0
33775.88686575563, 103, 1.0
33777.70575725248, 35, 1.0
33781.73454341441, 35, -1.0
33785.567328161924, 35, -1.0
33785.71622133853, 148, -1.0
33801.16379201553, 152, -1.0
33803.501717983694, 152, -1.0
33804.12490465984, 103, -1.0
33833.13277343493, 44, -1.0
33842.05869916531, 101, 1.0
33846.014313807005, 101, -1.0
33852.93673309878, 101, -1.0
33855.64307331952, 101, -1.0
33862.66407836613, 103, -1.0
33870.85745413024, 35, 1.0
33871.156018753085, 35, -1.0
33882.76564806778, 101, 1.0
33890.92044811376, 35, 1.0
33891.50233015509, 101, 1.0
33893.33473162103, 154, 1.0
33895.472197751806, 75, 1.0
33899.30012588835, 154, 1.0
33901.77010952821, 152, 1.0
33904.665221099625, 148, -1.0
33907.94531986552, 152, -1.0
33908.992017092416, 44, -1.0
33909.31014592754, 101, -1.0
33910.31898141441, 35, 1.0
33913.303075470976, 35, -1.0
33914.88979886372, 35, -1.0
33921.611533638286, 44, -1.0
33922.86008759394, 152, -1.0
33941.38552248967, 103, 1.0
33945.04293711621, 101, 1.0
33947.962340337224, 148, -1.0
33950.789544517655, 152, -1.0
33955.10036886119, 148, 1.0
33960.67979388139, 44, -1.0
33965.7877853985, 35, -1.0
33969.710788132106, 152, -1.0
33969.81657324426, 35, -1.0
33971.405913226365, 154, 1.0
33973.8466223032, 101, 1.0
33974.56632185868, 148, -1.0
33978.23663454133, 101, -1.0
33986.521589889155, 75, 1.0
33989.948953486804, 75, 1.0
33992.12500138564, 75, 1.0
33992.76873586872, 35, -1.0
33995.942541017306, 35, 1.0
33999.6604392065, 103, 1.0
34000.28264572329, 75, 1.0
34001.42657754464, 103, 1.0
34002.7317602855, 148, -1.0
34024.8831511185, 101, -1.0
34026.48260841933, 75, 1.0
34027.44767431523, 75, -1.0
34029.87526843292, 152, -1.0
34034.347802548305, 75, 1.0
34034.984318449504, 35, -1.0
34035.53676405346, 103, 1.0
34039.29029671705, 148, -1.0
34039.34627831584, 44, -1.0
34044.63696687308, 148, -1.0
34047.56058586738, 152, -1.0
34057.93108120264, 101, -1.0
34078.97091759302, 101, -1.0
34083.24934548059, 75, -1.0
34091.25128521042, 101, -1.0
34094.70986279861, 35, 1.0
34097.95540773405, 75, -1.0
34102.11847337046, 154, 1.0
34103.28520471609, 75, -1.0
34107.241005864445, 101, 1.0
34117.286527464916, 152, -1.0
34120.32459642946, 35, -1.0
34128.31310468117, 35, 1.0
34130.605931141414, 101, 1.0
34132.392225247975, 103, 1.0
34138.16756937562, 35, 1.0
34139.07284377181, 148, 1.0
34139.53298136654, 101, 1.0
34142.1072328918, 101, 1.0
34143.132514347024, 75, 1.0
34154.942131768665, 75, 1.0
34159.203753483176, 35, -1.0
34167.539836534226, 152, -1.0
34178.598403374766, 101, 1.0
34179.07803026268, 35, 1.0
34181.357707670446, 75, 1.0
34184.38154065508, 152, -1.0
34184.76932224124, 152, -1.0
34186.42336998843, 44, -1.0
34190.62823715987, 103, 1.0
34193.44425519137, 35, 1.0
34195.93115502111, 44, -1.0
34196.58191396028, 75, 1.0
34202.68472569142, 44, 1.0
34203.91424849188, 152, 1.0
34205.57452622457, 75, 1.0
34208.56348018633, 152, -1.0
34216.38252856162, 154, 1.0
34216.652427425004, 101, 1.0
34217.965537627, 103, -1.0
34221.42333545169, 75, 1.0
34221.928241220136, 35, -1.0
34222.277194915994, 44, -1.0
34223.21771787082, 152, -1.0
34235.944612681866, 103, -1.0
34237.687458367, 152, 1.0
34238.021429259155, 103, -1.0
34240.388903203624, 44, -1.0
34241.699440743854, 35, -1.0
34241.816975280264, 152, -1.0
34243.67746844201, 103, -1.0
34245.49364481893, 101, 1.0
34255.51978219407, 75, 1.0
34256.98191354347, 75, -1.0
34259.0773048152, 75, 1.0
34260.771658794125, 103, -1.0
34261.25170834484, 75, 1.0
34262.39985540566, 75, 1.0
34266.214012151766, 101, 1.0
34267.73606516898, 148, -1.0
34270.4137719803, 44, -1.0
34277.76651659451, 103, -1.0
34287.84983783796, 101, 1.0
34295.034385714585, 75, -1.0
34297.2736487789, 44, -1.0
34297.51186616371, 154, 1.0
34299.789766577356, 152, 1.0
34301.32063446537, 75, 1.0
34305.69461478166, 44, -1.0
34310.5085160468, 35, -1.0
34315.84978159104, 101, 1.0
34316.32229846668, 148, -1.0
34325.23276723651, 35, 1.0
34335.072990357425, 103, -1.0
34338.90811852249, 75, 1.0
34344.44848589798, 35, 1.0
34344.517150382315, 75, -1.0
34352.54870785803, 101, 1.0
34353.313017114444, 35, 1.0
34357.651252675474, 44, -1.0
34360.05532194407, 154, 1.0
34361.54354581952, 75, 1.0
34366.29998364112, 35, 1.0
34380.428886276764, 152, -1.0
34382.49070963886, 154, 1.0
34385.3201896691, 103, -1.0
34393.68034446239, 101, -1.0
34394.37718349304, 35, -1.0
34394.6107772075, 75, -1.0
34400.99297531759, 44, 1.0
34408.385671677555, 35, 1.0
34421.408217120115, 152, 1.0
34425.425842782635, 35, -1.0
34425.64151014905, 101, 1.0
34425.82421259562, 152, 1.0
34431.59079021547, 44, -1.0
34444.44609669236, 75, -1.0
34445.74394995884, 101, -1.0
34451.014443178996, 152, -1.0
34453.63971362892, 44, -1.0
34464.61598630945, 44, -1.0
34466.09008771791, 35, -1.0
34466.49037264508, 148, -1.0
34490.94449314507, 154, 1.0
34491.05980640641, 152, 1.0
34493.71876533778, 103, 1.0
34502.98003806597, 101, 1.0
34513.000944556894, 148, -1.0
34514.21706388029, 148, -1.0
34516.47748672742, 75, 1.0
34523.37218312899, 101, -1.0
34532.74848006409, 101, 1.0
34536.58399291771, 101, 1.0
34540.59905213524, 75, -1.0
34548.4718775618, 101, 1.0
34548.81678016564, 35, -1.0
34550.837178984126, 44, -1.0
34556.359517311175, 35, 1.0
34563.09105754395, 101, 1.0
34571.399314747294, 35, -1.0
34578.26423469404, 101, -1.0
34580.10500250157, 154, 1.0
34593.90305031779, 44, 1.0
34603.929945549986, 148, -1.0
34615.09637910258, 103, -1.0
34616.056984739844, 148, -1.0
34624.162281621204, 148, -1.0
34630.716763321674, 101, -1.0
34644.33919952424, 75, 1.0
34645.25902268027, 152, -1.0
34646.21056932354, 103, 1.0
34654.54482225272, 154, 1.0
34656.12305361289, 101, -1.0
34659.25662376245, 148, -1.0
34660.44556581861, 44, -1.0
34660.64472519631, 103, -1.0
34660.85477137139, 35, 1.0
34665.92707860377, 154, 1.0
34671.30127990307, 44, -1.0
34673.28219653064, 152, -1.0
34673.91913322259, 101, -1.0
34706.83048413168, 35, 1.0
34710.50347833042, 148, -1.0
34722.97225367, 152, 1.0
34723.77827487809, 103, 1.0
34727.58768324908, 103, 1.0
34732.335021407416, 101, 1.0
34738.08693119017, 148, -1.0
34743.62379248446, 103, 1.0
34744.78772968756, 35, 1.0
34745.06121246287, 103, 1.0
34745.56890054751, 44, -1.0
34745.75636437946, 44, -1.0
34764.14488005244, 35, -1.0
34772.05828763735, 35, 1.0
34776.11991402366, 35, 1.0
34783.031288664584, 148, -1.0
34783.661500435766, 75, 1.0
34787.77922582558, 44, 1.0
34789.08193155959, 148, -1.0
34790.9174429778, 35, -1.0
34800.92478335014, 75, -1.0
34801.49705570835, 35, -1.0
34804.17416628503, 44, 1.0
34806.93199167395, 148, -1.0
34807.39636776412, 35, 1.0
34808.2982847436, 35, 1.0
34809.479952201385, 101, 1.0
34822.02741929929, 35, -1.0
34823.35783242705, 152, 1.0
34833.81247712845, 35, -1.0
34842.076196147595, 35, -1.0
34842.78349174329, 75, 1.0
34844.016321522126, 148, -1.0
34850.75044118115, 35, -1.0
34851.774291257054, 44, 1.0
34860.09246002376, 35, 1.0
34873.47327851579, 35, -1.0
34878.14806801571, 152, 1.0
34888.0556656659, 148, -1.0
34898.271076843565, 152, 1.0
34903.36828670891, 35, 1.0
34904.64692541324, 101, -1.0
34911.12915996224, 35, 1.0
34922.59012605995, 103, 1.0
34923.62851442932, 35, -1.0
34929.1534391428, 154, 1.0
34929.33633864105, 101, -1.0
34931.21693906544, 35, -1.0
34938.65950779655, 152, -1.0
34939.508373867226, 35, 1.0
34940.31422785145, 152, 1.0
34949.82511961361, 44, 1.0
34954.59396595194, 101, 1.0
34963.11124454131, 44, 1.0
34965.5858091586, 101, 1.0
34979.83110872019, 152, -1.0
34980.39262282882, 35, 1.0
34983.4326782193, 152, -1.0
34986.870961018714, 44, 1.0
34988.94222259489, 152, -1.0
34989.96999269935, 44, -1.0
35000.06026363771, 101, -1.0
35003.18796899636, 103, 1.0
35005.061679103426, 101, -1.0
35008.01651481194, 35, -1.0
35009.034406865685, 35, -1.0
35011.93517687371, 35, -1.0
35012.46816843166, 103, 1.0
35022.29515916202, 75, -1.0
35024.501739039246, 75, 1.0
35027.00773312599, 101, 1.0
35027.17361623434, 44, -1.0
35029.25340507198, 101, 1.0
35034.23385782021, 103, 1.0
35037.27457125606, 101, 1.0
35042.65352105831, 44, -1.0
35050.875771256295, 75, -1.0
35054.08707084975, 35, -1.0
35057.2789734301, 152, -1.0
35057.942211336755, 44, -1.0
35063.16520831424, 103, 1.0
35065.2500005147, 101, -1.0
35073.402596799824, 44, -1.0
35075.566817436826, 152, 1.0
35077.017579244806, 44, 1.0
35083.921675199694, 35, -1.0
35091.58131562554, 103, 1.0
35094.05511892854, 148, -1.0
35095.66094576509, 101, 1.0
35109.65062674647, 154, 1.0
35110.726535489244, 101, -1.0
35111.3350010195, 101, 1.0
35111.39761604725, 101, 1.0
35124.383120879786, 101, -1.0
35133.25156649455, 35, 1.0
35133.93035674171, 154, 1.0
35136.765586442445, 75, 1.0
35146.22450442227, 35, -1.0
35152.85724878976, 75, 1.0
35155.19915284997, 103, 1.0
35156.090574920345, 152, -1.0
35162.97407648555, 44, -1.0
35163.109835858624, 35, -1.0
35173.63205111663, 148, -1.0
35178.91527898117, 35, 1.0
35183.19361841996, 75, 1.0
35186.614355548605, 44, -1.0
35187.656246713566, 44, -1.0
35201.62360601579, 75, 1.0
35202.74403806396, 103, 1.0
35207.99747799616, 103, -1.0
35211.054976109335, 152, -1.0
35214.85188019822, 35, 1.0
35214.96989991245, 148, -1.0
35219.85444112132, 75, 1.0
35223.36690977963, 152, -1.0
35223.638392722896, 148, -1.0
35225.20804133511, 75, 1.0
35226.383751753645, 75, 1.0
35228.42034760713, 101, -1.0
35238.14297002211, 75, 1.0
35243.13387004042, 101, 1.0
35245.579068873274, 35, -1.0
35247.5521917837, 35, 1.0
35254.46581219295, 101, 1.0
35255.13861442748, 44, -1.0
35256.26939315577, 148, -1.0
35256.576415100106, 44, 1.0
35261.70146848762, 152, -1.0
35279.29933148494, 101, 1.0
35281.194390752324, 148, -1.0
35283.147633300076, 103, 1.0
35283.3723599907, 101, 1.0
35283.58344331302, 75, 1.0
35287.313969526476, 35, 1.0
35325.607153575664, 75, -1.0
35328.40686323267, 44, -1.0
35334.77769953331, 44, 1.0
35337.024011670925, 148, 1.0
35340.22191970388, 103, 1.0
35343.3985620069, 75, -1.0
35346.33704015969, 152, -1.0
35348.47290461102, 152, -1.0
35351.45329629872, 101, 1.0
35353.04934236376, 103, -1.0
35359.98324495408, 44, -1.0
35360.34153227269, 101, 1.0
35370.54162154006, 101, -1.0
35373.19152305223, 101, -1.0
35373.32776512025, 101, 1.0
35375.50923247947, 101, 1.0
35386.841240620284, 35, 1.0
35395.895986042786, 154, 1.0
35400.3271741522, 75, 1.0
35400.43548444344, 101, -1.0
35415.50390655257, 101, 1.0
35417.26511293201, 152, -1.0
35420.185977319066, 75, 1.0
35428.4234293514, 35, 1.0
35431.402754562056, 103, 1.0
35431.511823082634, 154, 1.0
35432.65527804968, 103, 1.0
35432.7589680602, 101, 1.0
35441.66989472126, 35, -1.0
35441.800497395816, 101, 1.0
35450.45334276562, 75, -1.0
35452.25419999335, 75, -1.0
35462.79208646385, 35, 1.0
35463.62117744759, 152, -1.0
35471.188675287136, 148, -1.0
35472.74173617596, 101, -1.0
35474.571539849385, 103, -1.0
35486.90009791586, 148, -1.0
35489.75928191196, 44, -1.0
35491.345472010755, 103, 1.0
35491.68926548972, 35, -1.0
35492.00259302029, 75, 1.0
35499.76393209443, 101, -1.0
35504.47115236083, 101, -1.0
35507.959316735934, 44, -1.0
35508.58141153135, 152, -1.0
35511.485682906015, 75, 1.0
35512.277944106114, 44, -1.0
35517.7644976083, 152, -1.0
35522.80056892772, 154, 1.0
35528.03836651381, 103, 1.0
35528.75327281497, 101, 1.0
35533.16756181463, 154, 1.0
35539.7218955543, 44, 1.0
35547.45724241539, 148, -1.0
35557.95453696267, 148, -1.0
35564.43834563672, 152, -1.0
35565.17579043248, 148, -1.0
35570.53350603514, 154, 1.0
35576.4459389827, 148, -1.0
35582.847821992, 152, 1.0
35592.05108296829, 44, -1.0
35597.93577606946, 44, -1.0
35598.50512870719, 75, -1.0
35604.05693249702, 152, -1.0
35604.20913616114, 154, 1.0
35605.577741737914, 75, 1.0
35608.26369777114, 103, 1.0
35608.85447659385, 154, 1.0
35611.22303826077, 44, 1.0
35621.95149170108, 152, 1.0
35632.23718989233, 101, 1.0
35632.720642909124, 101, 1.0
35634.55665939596, 35, -1.0
35635.63752740057, 152, -1.0
35639.218359752456, 103, 1.0
35642.42749166859, 75, -1.0
35666.813603431096, 44, 1.0
35672.29745494682, 101, 1.0
35673.89670509523, 152, -1.0
35679.83621796262, 152, -1.0
35680.86425673824, 35, 1.0
35689.1172199271, 35, 1.0
35690.421409097195, 44, -1.0
35693.37577902279, 35, -1.0
35695.19192177985, 152, 1.0
35702.5771144264, 75, 1.0
35703.77553884438, 103, 1.0
35705.14968887438, 75, 1.0
35708.25172476052, 101, 1.0
35711.204170147066, 44, -1.0
35725.52597495659, 148, -1.0
35727.55656036352, 103, 1.0
35732.131651134405, 148, -1.0
35743.46215524452, 154, 1.0
35748.93240468361, 148, -1.0
35760.03996587079, 152, -1.0
35771.513380702905, 152, 1.0
35777.590379644585, 152, 1.0
35784.92534936372, 101, -1.0
35789.171366988885, 35, -1.0
35789.439432710846, 148, -1.0
35792.40808438923, 148, -1.0
35798.83112058512, 148, -1.0
35804.6818354361, 101, 1.0
35814.16047765603, 101, 1.0
35816.85561798777, 75, -1.0
35822.486635211026, 148, -1.0
35823.775765096085, 152, -1.0
35824.316138139926, 35, 1.0
35829.05084865421, 35, 1.0
35836.309522902455, 44, 1.0
35837.96165661302, 103, 1.0
35842.10369174345, 35, 1.0
35852.87068031089, 152, -1.0
35854.945555489125, 35, -1.0
35855.691548128445, 152, -1.0
35859.42550424774, 35, -1.0
35859.619885390675, 35, -1.0
35862.68930786081, 75, 1.0
35864.555114020724, 154, 1.0
35870.093790120896, 75, -1.0
35871.86565274188, 152, 1.0
35872.1758974488, 154, 1.0
35876.29509939665, 35, 1.0
35878.95178084618, 75, 1.0
35884.84920177938, 44, -1.0
35892.29156242013, 101, -1.0
35893.383488682855, 148, -1.0
35906.60052973608, 154, 1.0
35911.296652381396, 154, 1.0
35915.796447477835, 35, -1.0
35918.60202023115, 35, -1.0
35919.416537859455, 44, -1.0
35924.16243610296, 75, -1.0
35937.10670604183, 75, -1.0
35953.12341915338, 148, -1.0
35953.31042800652, 154, 1.0
35955.9323085715, 103, -1.0
35967.30601238657, 148, -1.0
35970.404073834914, 103, 1.0
35982.07788964711, 103, 1.0
35986.45032539066, 101, 1.0
35991.93926399593, 101, 1.0
35994.595732697344, 35, 1.0
35995.04898466977, 154, 1.0
35996.455232970584, 101, -1.0
35998.58017619458, 148, -1.0
36011.09646621907, 44, -1.0
36012.016354674415, 152, 1.0
36017.71052905139, 152, 1.0
36025.543411440565, 154, -1.0
36035.61404032689, 154, 1.0
36038.986112386454, 154, -1.0
36039.1764618374, 44, -1.0
36039.74137365512, 152, -1.0
36040.133261917515, 75, 1.0
36041.77049183532, 152, 1.0
36042.23422546518, 44, -1.0
36042.86142367406, 44, 1.0
36042.87792845522, 75, 1.0
36042.93540996497, 75, -1.0
36044.048238992276, 75, 1.0
36046.58699367582, 35, -1.0
36047.33059490274, 152, -1.0
36049.620018279864, 152, 1.0
36049.749495953, 101, 1.0
36051.78681308626, 75, -1.0
36056.64570295903, 101, 1.0
36058.14162972476, 44, -1.0
36058.5866704608, 75, -1.0
36061.78624077668, 148, -1.0
36063.0795541486, 148, 1.0
36066.74366427185, 75, 1.0
36067.68412847194, 35, -1.0
36073.36822223613, 44, 1.0
36076.240428262376, 154, -1.0
36078.60130302586, 152, -1.0
36085.03113882443, 35, -1.0
36089.47389347036, 148, -1.0
36095.12175006664, 101, -1.0
36096.8167590731, 101, -1.0
36107.6014843263, 35, -1.0
36110.28218339473, 103, 1.0
36121.44110225692, 148, -1.0
36126.93358939663, 101, -1.0
36127.02306017219, 101, 1.0
36130.09217821682, 148, -1.0
36132.1983434793, 101, 1.0
36132.325639836825, 35, -1.0
36133.3485319536, 35, -1.0
36137.04005855274, 152, -1.0
36143.05268251305, 103, 1.0
36144.34185121207, 75, 1.0
36145.21867468574, 101, 1.0
36145.99544420547, 101, 1.0
36154.8645036197, 35, -1.0
36155.13136265231, 154, -1.0
36163.620919781184, 148, -1.0
36164.820957118696, 44, -1.0
36164.864584570874, 101, 1.0
36166.33942975268, 75, 1.0
36168.63276141562, 75, -1.0
36170.25960320179, 75, -1.0
36177.1116301157, 101, -1.0
36182.58440978987, 154, -1.0
36183.63963536207, 75, 1.0
36185.49275860725, 101, -1.0
36189.66556390659, 148, -1.0
36191.53099599774, 75, -1.0
36193.02999257786, 154, -1.0
36194.51802061659, 44, 1.0
36196.181548109285, 101, 1.0
36208.86297084778, 75, 1.0
36224.54471163518, 148, 1.0
36224.76561800278, 101, -1.0
36226.00020751744, 35, -1.0
36230.960886197354, 152, -1.0
36239.52913502057, 103, 1.0
36241.10870786001, 35, -1.0
36242.618540225776, 35, 1.0
36248.465637287874, 101, -1.0
36249.36184977306, 75, -1.0
36254.40985418523, 35, 1.0
36258.71681756678, 75, -1.0
36266.69527820509, 35, -1.0
36271.823816624994, 148, -1.0
36283.76303230047, 148, -1.0
36285.947374754534, 35, 1.0
36291.21912445238, 101, 1.0
36297.29727712585, 35, -1.0
36298.715727665105, 101, 1.0
36299.46251524693, 35, -1.0
36299.59755739205, 44, -1.0
36300.71329390257, 103, 1.0
36302.54758549031, 152, 1.0
36311.990830883966, 35, -1.0
36316.50598640115, 101, 1.0
36319.581882107974, 35, -1.0
36320.37755061974, 101, -1.0
36321.273328755866, 101, 1.0
36323.84284249339, 75, -1.0
36325.48627706862, 148, -1.0
36325.57409324493, 75, 1.0
36328.01719758648, 75, 1.0
36330.10410461661, 152, 1.0
36330.86706192906, 148, 1.0
36331.103244998565, 101, 1.0
36340.69815793948, 75, -1.0
36342.053990008695, 35, 1.0
36342.3232854483, 75, -1.0
36344.61737922807, 101, 1.0
36344.718747840634, 101, -1.0
36358.129260091715, 35, -1.0
36362.09232818967, 44, -1.0
36364.92699579261, 103, 1.0
36365.68292925839, 44, -1.0
36370.05894997108, 75, 1.0
36370.31637663867, 154, -1.0
36372.482286205115, 75, -1.0
36378.00793155651, 154, -1.0
36378.92210625662, 44, 1.0
36379.532768555844, 35, -1.0
36379.534698386844, 101, 1.0
36392.077566132066, 154, -1.0
36393.35210241862, 103, 1.0
36395.21908115805, 75, -1.0
36422.745296759575, 101, 1.0
36424.61923154144, 101, -1.0
36427.97727511481, 152, 1.0
36430.65539607293, 75, 1.0
36434.84899956399, 35, 1.0
36436.85603229972, 75, -1.0
36442.247667261014, 75, 1.0
36448.5379034144, 154, -1.0
36451.5775308728, 75, 1.0
36454.48581990992, 103, 1.0
36454.52468569061, 154, 1.0
36455.62194510347, 152, 1.0
36459.55330335615, 75, 1.0
36461.12833525356, 154, 1.0
36463.0350854568, 101, -1.0
36466.770852641974, 103, 1.0
36467.43244551228, 35, 1.0
36469.07421248837, 152, -1.0
36474.01653926867, 101, 1.0
36475.26125716455, 101, -1.0
36491.03231673963, 75, -1.0
36491.07664223406, 154, -1.0
36493.63744266847, 148, -1.0
36495.20378229206, 35, 1.0
36496.62473924199, 101, -1.0
36498.247204953834, 75, 1.0
36502.22853641134, 101, 1.0
36504.46104970948, 75, -1.0
36517.03819340748, 152, -1.0
36517.734587378465, 101, 1.0
36518.96986681437, 75, 1.0
36521.92788851601, 75, -1.0
36524.691428853, 103, 1.0
36526.31870385067, 101, -1.0
36530.817456235134, 75, 1.0
36531.62902338243, 154, -1.0
36534.518196397, 101, 1.0
36542.80931345134, 101, 1.0
36544.85666189525, 154, -1.0
36553.80083136774, 103, 1.0
36553.86814456395, 154, -1.0
36554.29673108386, 101, 1.0
36555.32199492803, 152, -1.0
36556.72061069948, 101, 1.0
36559.7716180141, 154, 1.0
36563.38130647813, 44, -1.0
36568.24802245008, 35, -1.0
36573.28488983192, 154, -1.0
36576.90068704592, 103, 1.0
36577.51873655683, 101, 1.0
36583.67161009462, 101, 1.0
36596.52206542359, 101, -1.0
36599.54293173488, 75, -1.0
36602.67581677298, 101, 1.0
36603.15935646488, 101, 1.0
36607.57306032776, 75, -1.0
36607.71328790508, 148, -1.0
36612.172652430505, 35, -1.0
36612.92950886532, 101, 1.0
36617.80732427435, 101, 1.0
36625.60365249178, 75, -1.0
36629.383882851565, 103, 1.0
36631.70369652692, 103, 1.0
36638.67696367688, 35, -1.0
36639.723350067274, 75, 1.0
36639.82953432895, 103, 1.0
36647.60910770401, 148, 1.0
36649.74141873616, 44, -1.0
36654.006783404846, 75, -1.0
36657.85560848548, 152, -1.0
36658.05988802428, 35, -1.0
36660.55449315889, 44, -1.0
36661.38081043059, 148, -1.0
36661.500537044405, 101, 1.0
36661.77907472347, 75, 1.0
36663.51519324754, 101, -1.0
36665.793151435515, 101, 1.0
36667.20107616812, 152, -1.0
36667.88152443291, 75, 1.0
36668.105418495856, 35, -1.0
36678.078185079525, 101, -1.0
36678.54886795091, 101, -1.0
36679.57448021952, 75, -1.0
36682.37799967033, 35, 1.0
36689.330187070096, 35, -1.0
36691.739425187814, 75, -1.0
36695.48517885251, 101, 1.0
36695.725566408786, 154, 1.0
36702.59807418252, 75, -1.0
36704.878595549424, 152, -1.0
36708.8916594317, 75, 1.0
36711.41132618019, 148, -1.0
36716.7981137588, 35, -1.0
36717.96946568462, 35, 1.0
36718.978241247285, 35, -1.0
36719.75666369451, 101, 1.0
36727.972022091635, 101, -1.0
36728.49577173516, 148, 1.0
36728.8638219211, 154, -1.0
36734.796370469594, 154, 1.0
36735.76740883505, 101, 1.0
36738.5338596267, 75, -1.0
36739.32510471405, 103, -1.0
36742.74243918506, 103, 1.0
36745.19917913954, 154, 1.0
36745.74756678308, 75, -1.0
36749.05497499035, 103, 1.0
36751.57550463335, 35, -1.0
36752.378553188144, 44, -1.0
36753.980008526036, 35, 1.0
36754.114283934134, 103, 1.0
36754.74992634469, 75, -1.0
36774.12943979998, 103, 1.0
36774.5047625473, 75, 1.0
36774.563919016015, 75, 1.0
36776.0774641477, 154, -1.0
36778.30034428624, 148, -1.0
36784.62934785466, 44, -1.0
36796.1044170357, 75, -1.0
36796.98253954559, 154, -1.0
36797.24643871398, 103, -1.0
36799.15392844012, 148, -1.0
36800.907192812956, 35, -1.0
36802.9864760019, 35, -1.0
36803.582297991896, 154, -1.0
36805.29361996736, 101, -1.0
36809.298453995165, 75, 1.0
36810.79288441689, 75, 1.0
36811.21517750164, 103, -1.0
36811.33596153199, 101, 1.0
36816.13083447749, 148, -1.0
36820.537481363805, 103, 1.0
36822.74621068655, 75, -1.0
36824.0840628284, 152, -1.0
36826.712711634806, 154, -1.0
36831.61713398009, 103, 1.0
36839.62980582824, 101, 1.0
36847.30140493601, 44, -1.0
36850.88783170349, 148, -1.0
36852.85221982634, 101, -1.0
36853.37829622423, 75, -1.0
36855.972901764304, 103, 1.0
36856.803368381436, 101, -1.0
36858.353245897204, 35, -1.0
36860.33715207798, 35, -1.0
36866.02976955737, 35, -1.0
36872.39025679423, 44, -1.0
36875.63960991308, 44, -1.0
36876.11743143337, 154, -1.0
36881.0291610038, 75, 1.0
36883.31649620844, 35, -1.0
36891.03857174272, 75, -1.0
36891.901849432914, 101, 1.0
36892.13920808635, 44, -1.0
36893.75364014199, 44, -1.0
36894.86767403935, 154, -1.0
36897.26742950523, 35, -1.0
36897.33308915265, 35, -1.0
36898.84010539683, 101, 1.0
36900.53344137448, 154, -1.0
36908.635123018845, 75, -1.0
36910.135891035934, 75, -1.0
36910.497337963956, 75, 1.0
36910.87376366345, 101, -1.0
36911.19999949336, 101, 1.0
36913.25107761686, 35, -1.0
36922.33301054794, 148, -1.0
36923.89311150067, 75, -1.0
36926.666593819755, 75, -1.0
36927.598211333185, 148, -1.0
36929.716560009925, 75, -1.0
36931.461644881165, 101, -1.0
36934.26808719258, 152, -1.0
36936.43251977645, 35, 1.0
36936.66659529872, 75, -1.0
36937.5342892892, 101, -1.0
36953.1395303209, 75, -1.0
36960.91935492117, 148, -1.0
36962.28525311103, 35, -1.0
36963.77560477179, 103, -1.0
36964.67909000771, 35, 1.0
36965.1680403582, 44, -1.0
36965.66580800389, 148, -1.0
36967.491183790866, 148, 1.0
36974.47803958928, 152, -1.0
36974.673273156026, 148, 1.0
36981.96946802965, 103, 1.0
36985.18295361946, 148, -1.0
36988.15580815869, 44, -1.0
36993.440282850046, 101, 1.0
36996.0169154375, 101, 1.0
36997.513617403434, 44, -1.0
36998.52468206988, 75, -1.0
37001.82756059685, 75, 1.0
37003.931020731194, 103, 1.0
37007.26006433067, 35, -1.0
37011.172315426185, 75, -1.0
37013.437998827525, 75, 1.0
37016.866521350115, 154, -1.0
37016.97655823994, 35, 1.0
37019.5524517288, 101, -1.0
37022.77209039784, 103, 1.0
37029.44701736123, 152, -1.0
37029.72606556225, 44, -1.0
37034.39754134314, 75, 1.0
37045.99541104422, 35, -1.0
37050.88757702052, 35, -1.0
37056.092164079426, 103, 1.0
37056.242223445945, 75, 1.0
37065.197039285646, 152, -1.0
37065.2753853009, 101, 1.0
37067.19197152492, 101, -1.0
37068.26563373981, 154, -1.0
37070.239938712664, 101, -1.0
37070.2705155823, 101, 1.0
37075.24036849193, 154, -1.0
37080.16250683707, 75, -1.0
37081.38954776313, 75, 1.0
37082.61457317042, 75, -1.0
37083.38743728618, 44, -1.0
37084.105298438284, 101, -1.0
37084.831705947014, 152, -1.0
37085.327571386006, 44, -1.0
37085.87687638463, 35, 1.0
37088.242533976816, 101, 1.0
37097.44535625119, 35, 1.0
37097.82730482587, 148, -1.0
37098.445931070695, 154, -1.0
37099.079952139524, 35, -1.0
37099.69944599135, 75, 1.0
37100.735476479385, 154, -1.0
37101.59407325704, 35, -1.0
37104.95963022816, 75, 1.0
37106.38199623579, 152, -1.0
37110.213718165374, 35, -1.0
37111.43662544042, 103, 1.0
37113.14306441784, 35, -1.0
37114.99321931995, 35, 1.0
37115.18156703548, 154, -1.0
37119.09744643251, 75, -1.0
37125.11527155999, 154, -1.0
37126.048610891, 35, 1.0
37127.91295583576, 35, -1.0
37131.167820113886, 103, 1.0
37131.584256115704, 154, -1.0
37137.250440161595, 154, -1.0
37141.11471771164, 103, 1.0
37144.37656884607, 35, 1.0
37147.07243470904, 152, -1.0
37157.60678736675, 148, -1.0
37159.68445857464, 103, -1.0
37159.83101831087, 101, 1.0
37173.228376061634, 35, -1.0
37179.37897379109, 101, -1.0
37180.45142364248, 35, -1.0
37182.66971534478, 101, -1.0
37196.04348784268, 75, 1.0
37198.99901149775, 103, 1.0
37199.872546546874, 35, -1.0
37205.04954347046, 101, 1.0
37206.335171636434, 35, -1.0
37210.455000197944, 35, -1.0
37211.8716591695, 103, 1.0
37211.96169914593, 75, 1.0
37216.25970723437, 101, 1.0
37217.32932738517, 101, 1.0
37219.05523706106, 152, -1.0
37219.082519806434, 103, 1.0
37219.88316324899, 75, 1.0
37228.19303031929, 101, 1.0
37228.72409804675, 35, 1.0
37231.00345196725, 101, 1.0
37235.83932050137, 103, 1.0
37236.12084554285, 154, -1.0
37240.35581460469, 35, -1.0
37242.193281683394, 44, -1.0
37255.177220774836, 75, -1.0
37271.75046418017, 75, -1.0
37272.52599697997, 101, -1.0
37272.89229998716, 101, 1.0
37280.69167749217, 152, -1.0
37285.10467453749, 101, 1.0
37289.35313433639, 154, -1.0
37301.74164356525, 152, -1.0
37310.76340650376, 35, -1.0
37315.06777370575, 148, -1.0
37319.18056044495, 101, 1.0
37322.20745371095, 44, -1.0
37323.82692912013, 35, -1.0
37324.302000486845, 35, 1.0
37333.64989544642, 101, -1.0
37334.93348490318, 35, 1.0
37352.63942621, 35, -1.0
37355.02324052048, 44, -1.0
37364.72546937543, 75, 1.0
37369.343727012994, 101, 1.0
37374.13393955658, 75, 1.0
37374.687315799296, 75, -1.0
37382.62507989678, 152, 1.0
37383.02955165611, 152, -1.0
37384.2014197716, 75, 1.0
37389.12293851284, 101, 1.0
37389.96665691002, 35, -1.0
37390.5990788051, 35, -1.0
37391.25506658863, 148, -1.0
37396.52431929506, 75, 1.0
37411.452909768464, 152, -1.0
37411.841658332414, 101, -1.0
37421.45256828784, 148, -1.0
37427.5012241959, 152, -1.0
37433.40194397723, 35, 1.0
37434.46001977617, 75, 1.0
37435.6191659961, 35, -1.0
37445.1162056592, 75, -1.0
37448.3083906793, 75, 1.0
37448.93727907546, 152, -1.0
37449.612735609924, 75, 1.0
37451.0858756808, 101, 1.0
37457.57011340594, 103, 1.0
37459.51542698112, 44, -1.0
37460.97146704852, 103, 1.0
37461.54654212991, 148, -1.0
37463.8887800973, 152, -1.0
37468.46405494656, 148, -1.0
37471.67199638734, 35, 1.0
37475.103052166116, 35, -1.0
37487.62921155599, 101, 1.0
37505.207017477405, 35, -1.0
37507.40612537867, 148, -1.0
37509.871245647846, 154, -1.0
37512.40847818096, 103, 1.0
37512.45596919502, 44, -1.0
37512.65213131928, 75, -1.0
37513.13424112811, 101, 1.0
37513.324136345385, 75, -1.0
37517.33659637211, 148, -1.0
37524.15589475027, 103, 1.0
37524.9432716637, 148, -1.0
37528.02004416222, 35, -1.0
37531.59887697319, 35, 1.0
37540.26208577615, 103, 1.0
37542.47664196443, 101, 1.0
37542.53027250257, 154, -1.0
37542.921545604346, 35, -1.0
37547.89731975974, 35, -1.0
37549.478690918586, 152, 1.0
37551.178517192595, 35, -1.0
37552.06022386228, 75, 1.0
37556.96633648832, 101, -1.0
37564.61604527897, 35, -1.0
37574.605922115654, 35, -1.0
37576.610880450506, 35, 1.0
37598.937007539826, 35, -1.0
37600.99376137009, 154, 1.0
37602.23534900874, 75, -1.0
37609.35492696995, 35, -1.0
37615.648466166356, 148, -1.0
37623.63077499919, 35, -1.0
37629.19253263166, 75, 1.0
37632.899181497334, 152, 1.0
37637.38459190144, 35, 1.0
37637.553343841115, 35, -1.0
37646.29267518353, 44, 1.0
37648.726765997184, 75, 1.0
37652.72033019733, 75, -1.0
37660.46438847836, 154, -1.0
37662.63218919665, 35, -1.0
37670.028819709594, 101, 1.0
37671.46626851482, 44, -1.0
37672.71427987362, 75, -1.0
37674.3050816973, 103, 1.0
37685.37559471895, 44, -1.0
37688.175936071086, 148, -1.0
37689.593409600035, 103, 1.0
37693.2309748715, 154, -1.0
37704.022908079394, 35, 1.0
37711.273496116075, 103, 1.0
37713.1957784162, 152, -1.0
37714.48001263556, 148, -1.0
37718.96278437731, 101, -1.0
37719.85386868466, 75, 1.0
37721.78617775033, 103, 1.0
37724.95889949383, 35, 1.0
37727.55643830731, 35, -1.0
37738.17833470743, 152, -1.0
37738.95776106741, 101, -1.0
37740.76123342782, 75, 1.0
37748.80810351154, 75, 1.0
37751.31942582005, 75, -1.0
37759.21464155843, 148, -1.0
37759.53176112887, 75, 1.0
37762.453368298666, 154, 1.0
37767.684574578576, 75, -1.0
37768.44053227412, 152, -1.0
37769.209717669364, 103, 1.0
37782.04490680169, 152, -1.0
37782.91853417014, 35, -1.0
37786.30951417833, 101, 1.0
37796.059413616036, 101, -1.0
37805.93885527967, 75, -1.0
37806.641215738535, 154, -1.0
37807.04141861887, 103, 1.0
37815.63526415305, 35, 1.0
37820.74510593295, 44, -1.0
37822.30902355714, 101, 1.0
37823.344116302906, 101, -1.0
37825.2401107933, 101, -1.0
37829.78089837714, 75, 1.0
37831.231599056315, 154, -1.0
37831.91442362493, 44, -1.0
37833.900478370364, 101, 1.0
37834.84708868303, 75, 1.0
37836.5088434365, 101, -1.0
37843.776995842505, 75, 1.0
37845.431859430886, 75, 1.0
37846.039676008004, 152, -1.0
37871.07986668763, 152, 1.0
37877.795707408965, 148, 1.0
37879.009481725654, 152, -1.0
37885.28116017073, 35, 1.0
37887.5552680527, 101, -1.0
37890.79485387148, 35, -1.0
37893.01451558875, 154, -1.0
37894.3502996153, 35, -1.0
37895.95500052459, 101, -1.0
37899.372104797636, 101, 1.0
37901.5318187238, 35, -1.0
37917.196917129826, 103, -1.0
37919.28106104959, 75, 1.0
37919.66624607603, 101, -1.0
37922.352190814316, 152, -1.0
37930.274991428276, 101, -1.0
37930.66330440956, 35, -1.0
37931.78184769208, 44, -1.0
37933.55630671993, 44, -1.0
37934.93131897202, 148, -1.0
37935.47521518873, 35, 1.0
37948.33967120392, 35, -1.0
37955.02359801061, 35, -1.0
37955.487717207965, 148, -1.0
37957.598953409346, 75, 1.0
37958.8015689896, 101, 1.0
37960.67482565122, 148, -1.0
37963.47546128652, 101, -1.0
37979.33503066577, 75, -1.0
37979.44262604456, 75, 1.0
37979.65772279621, 75, 1.0
37986.49095773878, 75, -1.0
37995.268929860315, 75, 1.0
37997.87899022645, 103, 1.0
38002.1570564435, 35, -1.0
38003.19730481815, 75, -1.0
38005.59154423097, 75, 1.0
38012.289110992184, 148, -1.0
38015.553905481174, 148, -1.0
38016.543340122276, 101, -1.0
38016.54412178169, 154, -1.0
38017.764470447575, 154, -1.0
38020.947393918024, 103, 1.0
38022.0477542937, 75, 1.0
38027.558595932845, 44, 1.0
38036.90597269477, 35, 1.0
38037.91671585584, 101, 1.0
38039.14568655944, 35, 1.0
38039.50103195448, 75, -1.0
38049.30039484386, 101, 1.0
38049.55375000856, 35, -1.0
38051.627590657234, 154, -1.0
38051.66256655492, 148, -1.0
38053.44013709934, 152, -1.0
38055.906000461066, 152, -1.0
38062.74719401948, 35, -1.0
38063.20939706174, 35, -1.0
38065.386883965664, 101, -1.0
38072.58540145881, 75, 1.0
38077.028334451104, 75, -1.0
38078.084213970404, 101, 1.0
38079.622681072746, 154, -1.0
38086.84642979535, 103, -1.0
38089.6973793939, 35, -1.0
38094.31440905967, 75, -1.0
38094.807056167825, 75, -1.0
38097.448336289934, 101, 1.0
38100.08015922595, 152, 1.0
38102.29389752774, 35, -1.0
38104.24729934987, 75, 1.0
38104.99496398183, 154, -1.0
38111.924748338664, 148, -1.0
38116.38728243587, 154, -1.0
38119.29814112207, 35, -1.0
38120.660060360555, 75, -1.0
38122.994983832585, 35, -1.0
38123.51456229753, 35, -1.0
38126.79232623303, 35, -1.0
38130.122014148794, 101, 1.0
38131.3892001843, 154, 1.0
38136.3449822744, 35, -1.0
38139.946397883636, 75, 1.0
38141.6506097767, 35, -1.0
38141.9115381328, 103, 1.0
38147.32361612232, 103, 1.0
38148.893020321004, 35, -1.0
38153.452995528925, 35, 1.0
38153.84591581598, 75, 1.0
38154.28515192756, 101, -1.0
38160.34630262294, 75, -1.0
38164.129873745405, 75, -1.0
38172.057293782505, 101, -1.0
38174.0597801374, 103, 1.0
38176.63903475166, 103, -1.0
38177.12087961227, 148, -1.0
38183.221982681935, 75, 1.0
38193.23061794094, 75, 1.0
38207.87761186324, 75, 1.0
38208.71381842388, 75, 1.0
38210.576359131264, 75, -1.0
38213.185538298356, 101, 1.0
38214.06706596873, 154, 1.0
38215.183214093886, 44, -1.0
38218.12252113678, 103, 1.0
38218.834500815465, 75, 1.0
38219.19409394868, 35, 1.0
38221.18051530187, 101, -1.0
38234.736590466986, 75, -1.0
38236.064679606556, 75, -1.0
38237.09987068967, 75, 1.0
38243.71865763886, 75, 1.0
38245.05615142478, 103, -1.0
38250.73655363343, 75, 1.0
38259.377581659064, 103, 1.0
38261.68497471762, 148, -1.0
38278.294358350846, 152, -1.0
38278.916511746065, 152, -1.0
38282.12728267562, 154, 1.0
38284.795407480335, 103, 1.0
38285.847738176584, 35, 1.0
38288.66312027202, 101, 1.0
38298.26652849917, 75, 1.0
38300.311233618486, 101, 1.0
38300.5135902369, 101, -1.0
38303.243685557885, 101, -1.0
38304.1921531031, 75, 1.0
38304.560469330245, 152, -1.0
38309.19834429045, 154, 1.0
38314.563558868154, 152, 1.0
38315.866860051225, 35, -1.0
38323.34722752414, 75, 1.0
38324.56842301963, 35, -1.0
38329.725386992475, 35, -1.0
38330.62225789445, 75, 1.0
38336.410781983584, 35, -1.0
38336.82041325361, 35, -1.0
38337.1067765548, 148, -1.0
38339.8161577472, 75, 1.0
38340.51233050425, 152, 1.0
38343.40040892553, 148, -1.0
38343.983396805044, 103, 1.0
38346.672976324735, 75, 1.0
38349.24466602586, 75, -1.0
38352.58054093896, 75, -1.0
38360.72032526369, 44, -1.0
38362.97851581621, 148, 1.0
38364.47895624958, 154, -1.0
38366.28284306508, 152, -1.0
38369.58650438418, 75, 1.0
38371.51707593293, 75, -1.0
38371.61790304383, 35, -1.0
38372.75255499813, 154, -1.0
38374.48005564449, 75, -1.0
38375.22733772916, 154, -1.0
38376.07179369678, 101, -1.0
38390.83052826043, 35, -1.0
38393.694938955734, 154, 1.0
38397.21064914348, 75, -1.0
38409.18763371534, 35, -1.0
38412.585342808175, 103, 1.0
38415.3527541695, 103, 1.0
38418.52736359175, 103, 1.0
38421.43634053048, 152, -1.0
38425.79296158466, 75, -1.0
38426.79461941843, 101, -1.0
38429.39703923941, 148, 1.0
38441.121013482334, 101, -1.0
38449.73183671049, 75, 1.0
38453.53524483169, 44, 1.0
38460.37870007565, 152, -1.0
38460.48345228649, 154, -1.0
38468.39220911552, 75, 1.0
38468.5255474544, 152, -1.0
38469.16283094764, 75, -1.0
38471.121215034, 101, 1.0
38474.084008655256, 154, 1.0
38476.94572560648, 75, -1.0
38477.4142882392, 35, -1.0
38477.73304873164, 148, -1.0
38482.49167982498, 154, -1.0
38484.81552509679, 103, 1.0
38488.06889339499, 101, -1.0
38492.72393866192, 152, 1.0
38494.06319982975, 152, -1.0
38498.19887471219, 75, 1.0
38500.86059283484, 75, 1.0
38503.75636100202, 154, -1.0
38508.16406738808, 44, -1.0
38512.22180882026, 101, 1.0
38514.8504134568, 103, 1.0
38515.86486344718, 35, 1.0
38517.159093758244, 103, -1.0
38517.925394897116, 154, -1.0
38521.642578599916, 103, 1.0
38529.3618263378, 101, 1.0
38529.80888033076, 101, -1.0
38530.29616507467, 101, 1.0
38544.51314957142, 75, -1.0
38546.162100650414, 103, 1.0
38546.275993263596, 101, 1.0
38546.41627795891, 103, 1.0
38547.02995685117, 35, 1.0
38553.41112437558, 75, -1.0
38554.99693969663, 101, 1.0
38556.96359173705, 103, 1.0
38557.19076679863, 75, -1.0
38559.23227750824, 44, -1.0
38565.06138602505, 154, -1.0
38567.41064160714, 154, -1.0
38569.15763995018, 75, 1.0
38575.50054922652, 154, -1.0
38578.28032662137, 148, 1.0
38579.20137752067, 75, -1.0
38583.20484896817, 75, 1.0
38588.40557005583, 152, 1.0
38590.07992214129, 154, 1.0
38590.90540719528, 35, -1.0
38591.864986740795, 103, 1.0
38592.323363203555, 154, -1.0
38593.74408152582, 35, 1.0
38593.902647755924, 101, -1.0
38594.68605812676, 152, -1.0
38595.366786977036, 101, -1.0
38602.87657827771, 103, -1.0
38603.89272781482, 148, -1.0
38607.63224409078, 44, -1.0
38625.36293246839, 148, 1.0
38627.58026345241, 75, -1.0
38630.488767512164, 101, 1.0
38640.073608493745, 148, -1.0
38640.82697320137, 154, -1.0
38641.06054798028, 103, -1.0
38643.5348243114, 101, 1.0
38644.661566381925, 101, 1.0
38651.5215745743, 101, 1.0
38665.76447583506, 148, -1.0
38673.391691535166, 101, 1.0
38677.54362005144, 35, 1.0
38682.600003306914, 154, -1.0
38682.91643888195, 35, 1.0
38684.08670189151, 75, 1.0
38690.450697116285, 75, 1.0
38698.717921538104, 35, -1.0
38699.426033244665, 101, 1.0
38701.550414086196, 154, -1.0
38702.885895792344, 75, 1.0
38703.531429473456, 101, -1.0
38704.3881111404, 101, 1.0
38716.75583080232, 103, 1.0
38718.90615974367, 44, 1.0
38718.981842559224, 35, -1.0
38720.79568802804, 35, -1.0
38720.804218128425, 103, 1.0
38722.72830016887, 152, -1.0
38724.44467212706, 35, -1.0
38724.57295413384, 75, 1.0
38726.85235058293, 35, 1.0
38729.8237923411, 35, -1.0
38742.58663183724, 101, -1.0
38745.84730226547, 35, -1.0
38746.086686083305, 35, -1.0
38748.09617784205, 103, 1.0
38749.82888372566, 35, -1.0
38760.4182880651, 148, -1.0
38764.840282828045, 101, -1.0
38765.819853646295, 35, -1.0
38765.89284934157, 154, 1.0
38781.34407871083, 148, 1.0
38788.55114256267, 154, -1.0
38789.09285154964, 101, 1.0
38793.81077417427, 75, 1.0
38796.499946596676, 101, -1.0
38797.08933155619, 103, -1.0
38800.88641743355, 148, -1.0
38801.36949335909, 101, -1.0
38801.7106851107, 75, -1.0
38802.14914656549, 152, -1.0
38803.24064104344, 35, -1.0
38808.545932181594, 75, 1.0
38809.79125764932, 148, 1.0
38809.91409269749, 103, 1.0
38810.487793682325, 103, 1.0
38812.58181706986, 75, 1.0
38823.977849913404, 154, -1.0
38830.634905525796, 103, 1.0
38838.45466020135, 75, 1.0
38844.429138743326, 75, 1.0
38845.95053724621, 103, -1.0
38846.852186945485, 154, -1.0
38847.07062470515, 75, 1.0
38852.0777508343, 148, 1.0
38861.90584486649, 35, -1.0
38862.10141939119, 35, -1.0
38862.73334264767, 35, -1.0
38864.87386832883, 44, 1.0
38870.85807327687, 75, -1.0
38883.88986641264, 154, -1.0
38885.13656522746, 154, -1.0
38887.270257452175, 101, -1.0
38889.904118532606, 35, -1.0
38893.59151979805, 35, -1.0
38895.027169649176, 154, -1.0
38906.71737460583, 152, 1.0
38906.724045973984, 101, 1.0
38908.771016036655, 152, -1.0
38909.06075879127, 35, -1.0
38909.53432144981, 152, -1.0
38910.35728023045, 44, -1.0
38910.95444605827, 35, 1.0
38912.55137098343, 35, 1.0
38918.20037526939, 75, -1.0
38923.852957294876, 103, 1.0
38924.47175195342, 101, 1.0
38926.000049652714, 154, 1.0
38926.237441954574, 75, 1.0
38931.07368588106, 35, -1.0
38934.46289224821, 103, 1.0
38936.56287120376, 75, -1.0
38942.46937929626, 35, -1.0
38944.0383540375, 103, 1.0
38953.46086398938, 152, -1.0
38956.41426899323, 75, 1.0
38957.487290043144, 35, -1.0
38971.16481813399, 154, -1.0
38971.41838404043, 101, 1.0
38971.72997996319, 101, -1.0
38983.326513169464, 152, -1.0
38986.44679981336, 101, 1.0
38995.5142169614, 103, 1.0
38995.80742064405, 35, -1.0
38995.883435936215, 35, -1.0
38996.470250005885, 35, 1.0
38998.63643468364, 154, -1.0
39000.277357495695, 35, -1.0
39000.767237774686, 148, -1.0
39001.20889295959, 75, 1.0
39003.52952122465, 103, 1.0
39005.8958367084, 101, 1.0
39011.461657680054, 75, 1.0
39012.35909946739, 75, -1.0
39013.12058268228, 75, 1.0
39013.35129907891, 75, -1.0
39014.5674235259, 152, 1.0
39015.383178800934, 152, -1.0
39019.94104598681, 101, 1.0
39021.20036291718, 75, -1.0
39027.78318130929, 152, -1.0
39040.27251846552, 154, -1.0
39049.630561401835, 103, -1.0
39053.99810719584, 35, -1.0
39063.85041109304, 75, 1.0
39067.20412022711, 35, -1.0
39074.719406197924, 44, -1.0
39087.189027751374, 75, 1.0
39087.77700014088, 101, 1.0
39087.86636729481, 101, 1.0
39093.18200801097, 101, 1.0
39098.317931135105, 152, -1.0
39103.265585077796, 152, -1.0
39108.70807883218, 101, -1.0
39110.46264200067, 75, 1.0
39113.1595912223, 75, -1.0
39113.62612802015, 101, 1.0
39114.13071260529, 75, 1.0
39119.53755504968, 152, -1.0
39120.27854114609, 103, 1.0
39121.248779802016, 101, -1.0
39123.19411089597, 152, -1.0
39136.28318430271, 101, -1.0
39154.15261448705, 75, 1.0
39154.384914519454, 152, 1.0
39156.517767592246, 152, -1.0
39159.6649948572, 154, -1.0
39161.03292025695, 152, -1.0
39164.00414751194, 75, 1.0
39168.97493305075, 44, -1.0
39178.35167015254, 44, -1.0
39179.2633980281, 35, 1.0
39188.7352792485, 44, -1.0
39188.75663039416, 152, 1.0
39191.474715424265, 75, 1.0
39192.743558121874, 103, 1.0
39193.061609792414, 35, -1.0
39195.0789577049, 35, -1.0
39197.22955096619, 103, 1.0
39198.35397651571, 148, -1.0
39201.55273625464, 101, 1.0
39202.351489831985, 154, -1.0
39204.54940551347, 148, -1.0
39212.645278389326, 101, -1.0
39217.422458398, 103, -1.0
39219.43876095433, 44, 1.0
39221.79615821569, 44, -1.0
39223.084932842794, 44, -1.0
39226.2486040791, 101, -1.0
39226.43434864678, 75, -1.0
39230.91355306298, 154, -1.0
39248.402371063305, 148, -1.0
39253.13144480731, 44, -1.0
39253.20929009681, 75, -1.0
39254.163361625935, 148, 1.0
39255.05430407622, 101, -1.0
39255.66400668086, 35, 1.0
39256.318337776065, 152, -1.0
39256.93398078213, 44, 1.0
39260.60198102076, 75, -1.0
39262.45611028041, 75, -1.0
39262.9174588952, 101, 1.0
39265.5805482469, 152, -1.0
39266.11860121555, 101, -1.0
39268.54549008712, 152, -1.0
39271.575274079914, 101, -1.0
39272.130975263535, 35, -1.0
39276.05411945186, 35, -1.0
39279.02445291042, 44, -1.0
39285.91123214254, 152, -1.0
39285.92174414541, 103, 1.0
39291.59318861361, 154, -1.0
39297.510723947045, 154, -1.0
39300.252044398294, 152, -1.0
39301.0287529621, 101, -1.0
39302.7423249095, 103, -1.0
39303.79999727553, 148, -1.0
39312.11199596763, 75, -1.0
39324.9837164669, 44, -1.0
39327.526406423174, 75, -1.0
39334.112690302725, 35, -1.0
39337.987402239785, 101, 1.0
39340.869845432084, 35, -1.0
39346.17042555433, 148, 1.0
39353.4610862007, 152, -1.0
39353.70642441414, 44, -1.0
39354.138753258005, 35, -1.0
39370.483000010136, 44, -1.0
39373.44583640633, 101, 1.0
39385.18051290122, 35, 1.0
39385.842036464564, 152, -1.0
39385.92117621667, 152, 1.0
39389.02199877987, 101, -1.0
39392.59365281266, 75, -1.0
39394.796358745654, 152, -1.0
39394.875033018754, 75, -1.0
39399.40577178938, 154, 1.0
39404.750817726184, 101, 1.0
39408.49217793623, 75, 1.0
39412.67130551738, 103, 1.0
39412.802128480755, 103, 1.0
39415.19196838839, 35, -1.0
39415.70364184497, 75, 1.0
39419.35097932872, 75, 1.0
39420.53470537665, 75, 1.0
39422.330449587724, 101, 1.0
39427.68799698763, 103, 1.0
39429.00066605181, 103, 1.0
39433.45294956069, 35, -1.0
39437.879728649634, 44, -1.0
39439.97970172668, 75, -1.0
39442.826630208976, 44, 1.0
39442.91282998232, 103, 1.0
39442.914814429365, 103, 1.0
39444.9216103925, 101, -1.0
39449.57979275122, 148, -1.0
39457.030033319235, 154, -1.0
39460.89345102507, 101, 1.0
39461.74894782906, 35, -1.0
39467.84676078349, 35, -1.0
39468.59535338882, 101, -1.0
39469.66151042164, 101, 1.0
39472.79257818841, 101, -1.0
39478.94854431794, 148, -1.0
39481.93596104331, 148, -1.0
39483.43949655257, 35, -1.0
39485.013421982985, 44, -1.0
39487.973756451065, 148, 1.0
39488.17863379288, 75, 1.0
39492.00740788046, 154, -1.0
39492.72380156595, 103, -1.0
39503.92390193676, 75, -1.0
39505.622424673216, 35, -1.0
39506.98116516872, 35, -1.0
39508.759379865674, 44, 1.0
39512.34440845959, 103, 1.0
39513.79524493805, 154, 1.0
39517.11530121795, 75, -1.0
39518.221546671295, 35, -1.0
39521.45483327901, 101, 1.0
39521.945412776375, 101, 1.0
39524.585657797696, 154, -1.0
39532.626598435454, 101, -1.0
39539.46444532802, 148, -1.0
39543.34649679758, 152, -1.0
39544.964103504906, 75, -1.0
39545.01368615802, 35, -1.0
39549.68786004989, 101, 1.0
39551.72438190486, 103, 1.0
39554.41225719365, 154, -1.0
39555.45619189935, 152, -1.0
39556.933875051545, 154, -1.0
39565.05999244064, 152, 1.0
39565.211343566, 101, -1.0
39567.737732481786, 152, -1.0
39567.86669936091, 35, -1.0
39568.4838136783, 101, 1.0
39574.77243200202, 35, 1.0
39578.864768914354, 44, -1.0
39582.84863065948, 152, 1.0
39590.230717411025, 75, -1.0
39590.23248009222, 103, 1.0
39597.642310143914, 101, 1.0
