61200.694863266646, 161, -1.0
61203.70899534797, 123, 1.0
61207.339490586586, 106, 1.0
61208.65561610334, 161, 1.0
61209.88578923421, 67, -1.0
61212.74939571737, 142, 1.0
61213.04045355461, 27, -1.0
61215.34872712091, 50, -1.0
61217.60210863795, 50, -1.0
61217.721500073036, 169, -1.0
61218.74703226799, 100, 1.0
61221.226027026685, 26, -1.0
61221.355194316115, 75, -1.0
61221.50309111262, 165, -1.0
61223.307400388934, 35, 1.0
61225.827484190784, 81, -1.0
61227.78756663053, 103, 1.0
61228.93288633796, 198, -1.0
61229.07279563936, 75, 1.0
61229.39068187942, 99, 1.0
61230.58160394152, 169, 1.0
61233.42223977819, 43, 1.0
61238.23570267826, 35, 1.0
61238.44967995684, 34, -1.0
61239.08821302437, 141, 1.0
61239.70751233702, 58, -1.0
61240.96884904384, 58, 1.0
61241.51611692294, 27, 1.0
61242.15393539943, 103, -1.0
61242.17619971206, 234, -1.0
61243.925566540216, 59, 1.0
61244.753774340876, 116, -1.0
61245.12074697078, 142, 1.0
61245.93157183222, 75, -1.0
61247.27075439325, 163, 1.0
61250.75804096301, 164, -1.0
61253.39920139144, 28, -1.0
61254.708516569524, 42, 1.0
61255.255828978705, 59, 1.0
61256.85509378516, 113, 1.0
61260.182713422146, 142, -1.0
61267.11716918598, 45, 1.0
61269.34953218319, 193, -1.0
61270.87840353013, 198, 1.0
61273.74455596608, 87, 1.0
61273.826819244816, 112, -1.0
61274.904600313406, 35, 1.0
61278.30184604749, 141, -1.0
61278.71897699354, 90, -1.0
61280.09409981799, 64, -1.0
61280.32443921362, 90, -1.0
61282.64111604772, 152, -1.0
61284.86191978651, 26, 1.0
61284.95176835845, 150, -1.0
61291.545833503835, 80, -1.0
61305.41638660272, 56, 1.0
61305.814229217955, 76, -1.0
61306.655793887876, 34, -1.0
61307.53760927865, 103, 1.0
61307.86673694267, 149, 1.0
61308.1397594233, 69, -1.0
61308.91723418922, 165, 1.0
61309.210141953205, 81, -1.0
61309.482849744396, 34, -1.0
61309.60305421103, 116, 1.0
61311.04137639732, 50, -1.0
61311.78467248105, 57, 1.0
61314.19188223585, 114, 1.0
61315.35473511617, 71, -1.0
61316.95080929229, 193, 1.0
61317.3170459031, 87, -1.0
61318.11320818016, 118, 1.0
61319.715851996574, 141, -1.0
61320.151026784646, 116, -1.0
61320.82536322627, 92, 1.0
61321.3452506457, 35, 1.0
61322.18042683353, 45, -1.0
61322.57589133421, 133, -1.0
61322.743690442934, 122, -1.0
61324.36076122221, 37, 1.0
61331.04528606757, 48, 1.0
61337.46770668095, 81, -1.0
61339.681561941354, 104, 1.0
61341.6646959224, 42, -1.0
61343.34750025501, 142, 1.0
61344.45409392435, 26, 1.0
61345.372819421194, 158, -1.0
61346.3214026381, 124, -1.0
61347.71606424313, 109, -1.0
61349.28849090762, 130, -1.0
61353.38293708223, 81, 1.0
61356.06174084065, 116, -1.0
61356.624619213966, 34, 1.0
61356.81366972105, 26, -1.0
61357.497176400015, 149, -1.0
61358.302504272346, 165, -1.0
61358.49910421739, 43, -1.0
61359.121313367, 101, -1.0
61360.72030840665, 45, -1.0
61362.52793180275, 123, -1.0
61363.20227399971, 142, -1.0
61363.79178771305, 138, -1.0
61364.43764981612, 230, 1.0
61366.16649569321, 104, -1.0
61367.54766556892, 75, 1.0
61368.85898300011, 58, -1.0
61370.6533155695, 198, 1.0
61371.692729225724, 116, 1.0
61373.24676330296, 36, -1.0
61375.373257310115, 138, -1.0
61382.48032552759, 59, -1.0
61382.92851459683, 166, 1.0
61383.41045102845, 60, 1.0
61383.62746658719, 45, -1.0
61384.13616658728, 222, 1.0
61385.13120325193, 81, -1.0
61389.10177888843, 98, 1.0
61389.2361250611, 193, -1.0
61389.94556948261, 123, -1.0
61390.879766185535, 75, -1.0
61394.51132380949, 119, -1.0
61396.512491518355, 119, 1.0
61396.52414609806, 116, 1.0
61399.14492643733, 68, 1.0
61399.34383651302, 58, -1.0
61401.63049203047, 68, 1.0
61402.97831427969, 161, 1.0
61403.2343664318, 198, 1.0
61404.13187250247, 62, -1.0
61404.904953107995, 59, 1.0
61405.24553285221, 27, 1.0
61406.85866737703, 35, -1.0
61407.733925692126, 164, -1.0
61409.03907367814, 113, 1.0
61411.01296287247, 81, 1.0
61411.69402564077, 128, -1.0
61411.78800870292, 100, -1.0
61412.8624873571, 165, -1.0
61415.690336763204, 58, -1.0
61418.55489967229, 36, -1.0
61421.26379336232, 34, -1.0
61423.42582518168, 76, -1.0
61423.64250072115, 105, -1.0
61424.95444671512, 162, -1.0
61427.43326146524, 34, 1.0
61427.96203452612, 141, -1.0
61430.38118645433, 141, -1.0
61431.96766944299, 83, -1.0
61432.1696734925, 53, -1.0
61442.07302159683, 164, -1.0
61444.51045668012, 99, -1.0
61447.05426863077, 182, 1.0
61449.73384925855, 35, -1.0
61450.18553674603, 198, 1.0
61456.87495689579, 235, 1.0
61458.55884373572, 235, -1.0
61458.581879744546, 84, 1.0
61459.23578254263, 235, -1.0
61460.63934396806, 100, -1.0
61462.72142847603, 159, -1.0
61462.83571679826, 105, -1.0
61463.290597005536, 114, 1.0
61464.17927509236, 110, 1.0
61465.29765800455, 31, -1.0
61465.774731125406, 151, -1.0
61466.213277306626, 152, -1.0
61470.64662921113, 61, -1.0
61473.79286471968, 45, 1.0
61474.02761467556, 34, 1.0
61474.735317314495, 103, 1.0
61476.26835574826, 45, -1.0
61478.953999264275, 126, -1.0
61480.34668882059, 33, 1.0
61481.181700417445, 126, -1.0
61482.46573004137, 46, -1.0
61482.754602806526, 159, 1.0
61483.88886240446, 116, -1.0
61483.964132264286, 66, -1.0
61486.39498521805, 100, 1.0
61487.69058022116, 45, 1.0
61489.83140483576, 165, 1.0
61490.394417624695, 119, -1.0
61493.37258772107, 173, -1.0
61494.91327512379, 173, -1.0
61496.460164348166, 76, 1.0
61498.876035150286, 146, 1.0
61499.27393776178, 141, 1.0
61501.77284355643, 84, 1.0
61502.388958171, 126, -1.0
61502.72788935798, 28, -1.0
61506.17465059801, 55, -1.0
61507.1386438863, 116, -1.0
61509.86260705178, 165, 1.0
61511.72245750887, 34, 1.0
61513.15266404395, 103, 1.0
61517.68314408958, 114, -1.0
61522.148238668815, 153, -1.0
61522.29744700791, 235, 1.0
61522.689081289565, 103, 1.0
61525.54989632936, 26, -1.0
61525.61325515142, 166, -1.0
61527.33954515863, 28, -1.0
61528.421310160105, 54, -1.0
61535.563731458096, 42, -1.0
61535.96769122584, 99, -1.0
61540.47956775858, 91, -1.0
61540.638090007604, 109, -1.0
61541.95384709009, 113, 1.0
61542.64059470316, 84, -1.0
61547.679413037615, 40, -1.0
61550.10070588131, 152, 1.0
61550.37593643575, 109, 1.0
61551.36783367011, 92, -1.0
61551.38753162982, 105, -1.0
61552.49899533007, 67, 1.0
61552.64876136755, 64, 1.0
61553.5481091068, 182, -1.0
61553.88205576381, 177, 1.0
61554.21349773524, 234, 1.0
61555.644474970286, 85, -1.0
61555.66832722202, 53, -1.0
61558.04444430921, 28, 1.0
61558.595717833654, 35, 1.0
61558.995512864356, 120, 1.0
61559.01590979944, 82, -1.0
61560.76395549145, 142, 1.0
61562.197363905994, 71, 1.0
61563.92820693207, 142, 1.0
61564.8361448796, 235, -1.0
61565.14443582434, 182, -1.0
61566.791998889414, 118, 1.0
61567.349028252946, 133, 1.0
61567.75856637985, 56, -1.0
61569.52902248171, 193, -1.0
61570.43097347717, 64, 1.0
61571.410012868466, 113, -1.0
61571.649439746594, 177, 1.0
61571.78011989957, 29, 1.0
61572.15150615824, 114, -1.0
61573.614918495776, 119, -1.0
61573.98414161465, 95, -1.0
61574.6174038023, 27, -1.0
61574.97787737669, 87, -1.0
61575.31028490491, 65, 1.0
61575.865831272466, 170, -1.0
61580.83206971526, 87, 1.0
61584.11707745296, 58, -1.0
61585.37251374685, 116, -1.0
61589.32034050218, 84, 1.0
61591.04075076645, 83, -1.0
61592.14168943526, 116, 1.0
61595.23967592695, 162, 1.0
61595.612702416096, 35, 1.0
61597.03995836991, 164, -1.0
61608.43093617838, 99, -1.0
61608.52431486003, 42, -1.0
61609.253456704544, 152, -1.0
61609.29435847016, 68, 1.0
61610.02623881264, 39, 1.0
61610.77050471581, 99, 1.0
61612.509638090545, 75, 1.0
61613.07418922048, 114, 1.0
61613.89214778684, 198, 1.0
61614.99468193825, 73, 1.0
61616.09928836523, 71, -1.0
61616.3424961602, 75, 1.0
61617.24753256343, 75, -1.0
61617.87635180602, 27, -1.0
61619.02594482094, 177, -1.0
61619.76528899922, 126, -1.0
61620.032773489555, 94, 1.0
61621.837305858404, 103, -1.0
61622.06937234713, 105, -1.0
61627.035891770895, 76, -1.0
61629.937885666965, 222, 1.0
61633.893786168876, 42, -1.0
61634.00818276551, 64, -1.0
61635.32407485138, 76, -1.0
61637.936945726404, 87, 1.0
61640.88784506939, 33, -1.0
61641.297229881224, 198, 1.0
61646.93242099414, 105, 1.0
61648.57251600996, 64, 1.0
61652.56501119603, 85, -1.0
61653.71465874057, 235, -1.0
61654.85459716881, 162, 1.0
61661.01504395568, 35, -1.0
61661.82992571553, 100, 1.0
61662.76935665819, 75, 1.0
61662.969986084834, 84, -1.0
61665.572746671874, 114, -1.0
61667.170710756174, 84, 1.0
61667.7026784218, 105, -1.0
61668.05490378161, 98, 1.0
61668.49902663786, 198, -1.0
61670.11756805274, 44, 1.0
61670.61458027545, 75, 1.0
61670.83650754707, 170, -1.0
61671.82503486214, 58, 1.0
61673.50898565927, 126, -1.0
61674.31900765067, 171, -1.0
61676.7538842717, 105, 1.0
61678.1346280414, 87, -1.0
61678.1544394402, 100, 1.0
61678.91533976458, 142, -1.0
61682.490155547646, 123, -1.0
61688.8323880363, 146, -1.0
61692.02539383494, 92, 1.0
61696.448044215955, 75, -1.0
61696.87219365751, 202, -1.0
61698.33195818227, 84, -1.0
61700.46425172069, 152, 1.0
61700.701874087834, 27, 1.0
61700.83697231406, 71, 1.0
61700.91548910296, 67, 1.0
61702.85146839865, 222, 1.0
61702.992172000515, 118, 1.0
61703.12450735403, 139, -1.0
61706.44764291953, 159, -1.0
61708.743736779696, 58, 1.0
61708.892764267555, 34, -1.0
61710.09281279296, 123, -1.0
61714.10397437926, 75, 1.0
61714.51488773907, 56, -1.0
61715.93257659815, 114, 1.0
61716.38572238447, 45, 1.0
61717.89058881953, 35, -1.0
61717.93605619904, 87, 1.0
61718.32818581171, 68, 1.0
61718.75629640311, 72, -1.0
61720.05497638373, 119, -1.0
61720.52889005503, 40, -1.0
61721.278578008016, 146, 1.0
61724.18446566374, 128, -1.0
61725.48914925009, 95, -1.0
61725.83765410077, 50, -1.0
61731.97126989045, 161, 1.0
61732.27578393866, 234, -1.0
61737.760376230544, 107, -1.0
61739.59007224997, 27, -1.0
61741.78179367519, 92, 1.0
61742.39201559294, 130, -1.0
61743.8997077211, 41, 1.0
61745.98837413354, 58, 1.0
61746.345171122, 95, 1.0
61746.798012171, 165, -1.0
61746.9897986881, 142, -1.0
61747.221060699805, 99, 1.0
61748.15415187516, 44, -1.0
61749.472673072436, 177, -1.0
61749.595045116825, 83, -1.0
61750.269671678936, 230, 1.0
61751.23545313208, 142, 1.0
61754.828091926145, 149, 1.0
61756.94363684511, 40, -1.0
61759.144226774275, 43, 1.0
61761.09410592107, 177, -1.0
61761.17143242393, 193, -1.0
61762.04804681698, 162, -1.0
61762.98312250966, 148, -1.0
61763.34250942721, 141, -1.0
61765.59901630487, 59, 1.0
61766.9348083348, 141, -1.0
61767.762250263266, 84, -1.0
61770.43091209211, 33, 1.0
61771.31017449077, 50, -1.0
61773.13033386374, 64, -1.0
61773.262619914814, 128, 1.0
61773.33548313103, 118, 1.0
61774.552585707526, 146, 1.0
61776.05747255614, 87, 1.0
61782.53361195296, 133, -1.0
61783.9947389347, 105, -1.0
61785.21261820707, 101, -1.0
61789.1879503299, 116, 1.0
61789.93363765551, 75, -1.0
61791.0187896884, 58, 1.0
61791.2614611146, 75, 1.0
61791.26332343287, 182, 1.0
61791.311950126976, 74, 1.0
61791.66175983505, 159, 1.0
61792.53155853208, 75, 1.0
61793.83994243559, 95, 1.0
61795.09948497641, 141, -1.0
61796.56034339047, 165, 1.0
61804.28330635805, 146, 1.0
61806.22157562106, 41, 1.0
61806.239703806146, 61, -1.0
61806.285437456856, 35, -1.0
61806.41264985132, 102, -1.0
61806.797125628975, 82, 1.0
61809.858812470164, 98, 1.0
61810.27559136503, 141, -1.0
61810.625958243996, 198, 1.0
61814.48670990974, 81, 1.0
61815.57375405489, 58, -1.0
61815.86280564173, 40, -1.0
61817.9758762354, 165, 1.0
61818.31566747041, 142, -1.0
61819.06750694586, 158, 1.0
61820.21115965742, 147, -1.0
61821.46762058048, 81, 1.0
61822.19186302568, 159, -1.0
61823.846499475956, 146, 1.0
61826.23370544051, 114, 1.0
61826.52981503771, 67, 1.0
61828.055966083615, 43, -1.0
61834.60606014495, 75, -1.0
61837.175814203954, 228, -1.0
61837.629546544944, 148, 1.0
61838.98943842897, 159, -1.0
61839.078868168814, 75, -1.0
61841.02833092645, 68, 1.0
61842.17049057635, 81, 1.0
61843.00492795625, 241, 1.0
61844.69030334991, 90, -1.0
61844.90446884973, 98, 1.0
61847.25214399774, 193, -1.0
61847.33124534668, 32, 1.0
61848.43590588539, 182, 1.0
61851.09555467737, 67, -1.0
61851.604274759426, 108, 1.0
61854.5407212695, 162, 1.0
61854.97342697097, 75, -1.0
61856.360845110605, 87, -1.0
61856.98676209569, 116, -1.0
61860.35513059083, 235, -1.0
61860.60132992291, 148, -1.0
61861.17220392846, 64, 1.0
61863.879305451286, 164, -1.0
61864.47467493358, 75, 1.0
61866.66836024225, 53, 1.0
61867.95015527446, 58, 1.0
61868.425799443576, 166, 1.0
61869.28146375383, 162, -1.0
61869.64097800037, 81, 1.0
61872.18639643941, 112, 1.0
61873.12391341557, 114, -1.0
61876.734087279845, 103, 1.0
61877.53141955898, 57, -1.0
61877.64062820923, 107, -1.0
61878.64952766723, 40, -1.0
61885.18732077438, 76, 1.0
61885.42476950283, 76, 1.0
61886.48072389328, 34, 1.0
61888.15151156025, 64, 1.0
61889.59619447187, 235, -1.0
61890.36601271333, 71, -1.0
61891.11425328384, 92, -1.0
61895.20529655664, 75, 1.0
61897.360929225004, 116, 1.0
61898.07390141744, 146, -1.0
61899.826775700276, 70, -1.0
61903.06270034818, 103, 1.0
61903.551593680626, 162, 1.0
61904.23165082659, 130, -1.0
61911.60211840791, 122, -1.0
61912.68386752602, 60, -1.0
61914.658965936454, 198, 1.0
61915.25082362695, 37, -1.0
61916.89263383356, 42, -1.0
61917.79245111639, 158, -1.0
61921.6365651157, 34, 1.0
61921.70798084818, 116, -1.0
61926.27898544381, 42, 1.0
61926.329678525006, 83, -1.0
61926.45937379396, 93, 1.0
61928.589390768946, 64, -1.0
61929.17612198763, 100, 1.0
61929.85848602725, 41, 1.0
61929.93728647042, 110, -1.0
61935.321754933226, 53, 1.0
61936.02087739817, 70, -1.0
61937.13177722982, 101, -1.0
61937.78466606125, 123, 1.0
61942.51502475531, 69, -1.0
61942.569726619266, 159, 1.0
61944.44737157944, 27, 1.0
61946.592371900595, 158, -1.0
61946.82215365132, 99, -1.0
61948.44148864388, 241, 1.0
61949.27751772564, 126, -1.0
61949.79241149391, 142, 1.0
61950.25336534713, 104, 1.0
61951.38283285021, 29, -1.0
61951.94862424965, 153, 1.0
61953.80203135881, 152, 1.0
61955.8729341333, 114, 1.0
61962.56405770853, 32, -1.0
61963.40412368819, 35, 1.0
61966.27071302351, 102, -1.0
61966.876416062885, 170, 1.0
61970.77585919308, 45, 1.0
61972.798223539394, 198, 1.0
61973.0448103713, 58, -1.0
61973.754330311676, 111, -1.0
61974.559051251774, 163, 1.0
61978.29785646734, 182, -1.0
61981.43098107262, 97, -1.0
61982.18938641805, 161, 1.0
61982.289460017884, 68, 1.0
61982.504892872515, 103, -1.0
61983.287466012735, 113, 1.0
61983.58149365135, 34, -1.0
61985.44386715589, 56, -1.0
61990.17858383472, 102, -1.0
61991.3101596695, 105, -1.0
61992.77989274508, 228, -1.0
61995.12116131896, 75, 1.0
61995.181967380486, 114, -1.0
61998.27178568118, 75, 1.0
61999.50816001915, 116, 1.0
61999.84781145479, 198, 1.0
62000.02009857821, 163, 1.0
62001.17296781856, 101, 1.0
62001.81376332747, 48, -1.0
62003.34186511618, 45, -1.0
62008.2369807425, 166, 1.0
62008.7088996096, 146, 1.0
62009.22895188787, 100, 1.0
62009.990260074235, 28, 1.0
62020.59993240746, 148, -1.0
62026.05441778439, 44, 1.0
62030.50406247187, 75, -1.0
62031.193347913046, 59, 1.0
62031.72045930613, 142, -1.0
62032.18023261592, 56, 1.0
62032.966060980565, 228, -1.0
62035.4678563124, 61, -1.0
62041.10067458084, 92, 1.0
62042.13583960093, 182, -1.0
62044.16827156744, 161, 1.0
62044.28417336889, 76, 1.0
62046.57850097906, 103, -1.0
62052.20387441602, 68, 1.0
62052.20418122662, 71, 1.0
62052.53167132653, 101, 1.0
62053.87436742679, 85, -1.0
62054.423742669576, 26, -1.0
62054.53053602215, 161, 1.0
62055.60206075309, 177, -1.0
62057.93924174174, 64, 1.0
62058.21620461029, 133, -1.0
62060.841064641376, 161, -1.0
62061.42365616023, 31, 1.0
62061.63351331038, 86, -1.0
62061.76265389847, 81, -1.0
62065.97989908258, 234, 1.0
62066.406261091186, 152, -1.0
62068.87807963715, 27, -1.0
62069.32181012073, 222, 1.0
62069.73499497156, 116, 1.0
62070.018919162816, 64, -1.0
62071.02785334136, 234, 1.0
62072.88654018962, 152, -1.0
62075.33219318781, 146, 1.0
62075.51409434024, 188, 1.0
62077.27697661468, 76, -1.0
62077.91040230306, 95, -1.0
62079.52158146455, 165, -1.0
62085.135909133794, 155, 1.0
62086.41511878165, 87, 1.0
62088.13121534944, 126, 1.0
62089.240150086, 89, 1.0
62095.17047938583, 114, -1.0
62095.342815935626, 137, -1.0
62096.14783768186, 71, -1.0
62096.643597605624, 62, -1.0
62097.61087207186, 113, -1.0
62100.86544114913, 59, 1.0
62101.01592824658, 159, 1.0
62101.56155798279, 44, 1.0
62101.66506205046, 159, 1.0
62103.1302192099, 94, 1.0
62104.122127002534, 59, -1.0
62104.93730835139, 162, 1.0
62107.82818960219, 100, -1.0
62109.75341309356, 109, -1.0
62110.74665329784, 75, -1.0
62115.87890370768, 65, 1.0
62116.66862818299, 148, -1.0
62117.3452046083, 154, 1.0
62117.9857943606, 36, -1.0
62121.292380432, 167, -1.0
62127.81432528661, 152, -1.0
62128.28882071234, 68, 1.0
62129.17666795693, 90, -1.0
62130.19710320121, 36, -1.0
62133.62994097621, 141, 1.0
62133.94902705529, 58, 1.0
62134.1205690032, 110, -1.0
62135.141145224654, 105, 1.0
62136.72931332097, 82, 1.0
62137.29682347586, 99, -1.0
62137.98499436241, 228, 1.0
62143.44026423207, 59, -1.0
62143.516791715796, 165, -1.0
62144.86114094251, 94, -1.0
62145.38287256258, 155, -1.0
62146.081126625904, 110, 1.0
62147.79824099362, 83, -1.0
62151.96605203503, 114, 1.0
62154.71016209537, 198, -1.0
62155.59091078221, 164, -1.0
62157.43985933045, 58, -1.0
62158.076304329596, 26, 1.0
62158.12994037504, 111, 1.0
62159.52433219532, 29, 1.0
62160.001155776685, 162, 1.0
62161.969966800425, 76, -1.0
62163.395098192355, 80, 1.0
62163.803206726836, 95, 1.0
62164.142285281545, 33, 1.0
62164.63324442959, 173, 1.0
62165.06837070616, 76, -1.0
62167.687098629605, 114, -1.0
62168.08004430328, 235, 1.0
62168.697075223594, 71, 1.0
62170.16933313121, 155, 1.0
62172.3055018969, 234, 1.0
62172.32304027905, 58, 1.0
62175.36131217272, 114, -1.0
62178.16789043859, 162, 1.0
62181.10473059059, 101, -1.0
62181.70273485809, 28, 1.0
62181.980124970185, 141, 1.0
62182.385812291264, 93, -1.0
62182.68427108274, 164, -1.0
62188.06549179821, 120, -1.0
62190.64572806007, 64, 1.0
62191.23893681901, 155, -1.0
62192.10903295892, 60, 1.0
62193.52730215165, 198, 1.0
62194.64948197083, 35, 1.0
62198.69394270426, 92, 1.0
62203.18908643988, 58, -1.0
62208.5105763833, 133, -1.0
62210.10446985775, 116, 1.0
62211.15453685744, 75, 1.0
62211.64964388703, 114, -1.0
62212.10470230711, 153, 1.0
62214.89843374185, 105, 1.0
62218.84550432607, 153, -1.0
62227.53076983162, 110, 1.0
62227.70939245111, 98, 1.0
62229.95367222948, 108, 1.0
62230.19631803388, 48, -1.0
62230.47261732842, 173, -1.0
62231.82141933584, 34, -1.0
62232.32762462373, 59, 1.0
62233.677446743706, 53, -1.0
62233.827604788625, 75, 1.0
62233.99775011482, 69, -1.0
62235.51353455715, 44, 1.0
62235.52752205046, 33, 1.0
62236.614837851346, 59, 1.0
62237.09638005709, 59, -1.0
62237.587522440794, 165, -1.0
62239.21115271986, 111, -1.0
62242.384319250996, 126, -1.0
62244.350678736744, 177, 1.0
62248.553766551355, 109, -1.0
62251.226474810304, 182, 1.0
62253.0056769548, 193, -1.0
62253.54734573522, 32, 1.0
62254.400087681, 48, 1.0
62254.50907930673, 141, -1.0
62258.275164723804, 101, 1.0
62259.435763097834, 193, -1.0
62259.53755714095, 152, -1.0
62260.761267658214, 123, -1.0
62260.88917835035, 35, 1.0
62262.30456158181, 141, -1.0
62263.45414349071, 76, -1.0
62265.74045629291, 75, -1.0
62266.56894720174, 158, 1.0
62267.110473940425, 34, 1.0
62268.4239851921, 99, -1.0
62271.36476969548, 159, 1.0
62272.26070565878, 90, -1.0
62272.37142078983, 162, 1.0
62272.8611199476, 69, 1.0
62273.41636376399, 153, 1.0
62274.40688100605, 64, 1.0
62274.67471735323, 222, -1.0
62275.00900915701, 105, -1.0
62276.61290278467, 142, -1.0
62280.29835357039, 45, -1.0
62283.142111633955, 124, 1.0
62289.74810482671, 67, -1.0
62291.42950745271, 113, 1.0
62292.59447907011, 32, 1.0
62295.24608332914, 110, -1.0
62297.01177890202, 169, 1.0
62297.06506384309, 69, 1.0
62297.18423474326, 235, -1.0
62298.00019870339, 81, -1.0
62298.89057880928, 111, 1.0
62298.951652460324, 126, -1.0
62299.14559353788, 116, 1.0
62299.92319384496, 139, -1.0
62301.64804654567, 118, -1.0
62301.93024882507, 34, -1.0
62302.34938992428, 83, 1.0
62304.69322046839, 103, -1.0
62312.06713086566, 94, -1.0
62312.569761582556, 173, -1.0
62316.72540027408, 152, -1.0
62316.841156849776, 152, -1.0
62319.92854959611, 60, -1.0
62320.294846202305, 40, -1.0
62321.56473621032, 35, 1.0
62321.71141831947, 59, -1.0
62321.8518407113, 33, 1.0
62325.8971296444, 114, -1.0
62326.182638396116, 114, -1.0
62326.22703283029, 33, -1.0
62326.80097831361, 75, 1.0
62326.892780556314, 142, 1.0
62326.93651726631, 105, 1.0
62327.68809917455, 26, -1.0
62327.85022310216, 87, -1.0
62329.94564193861, 109, 1.0
62332.37386431829, 137, -1.0
62332.440551263586, 97, 1.0
62333.88504501933, 142, 1.0
62334.41347589537, 58, -1.0
62335.08674430059, 198, -1.0
62335.66961829481, 67, 1.0
62338.493511805325, 149, -1.0
62338.58230875471, 52, -1.0
62338.68985091329, 165, 1.0
62339.35037113141, 88, -1.0
62339.84571434471, 95, 1.0
62342.741793584166, 40, 1.0
62342.76429047133, 111, -1.0
62346.42870552122, 165, 1.0
62347.45943231095, 161, -1.0
62348.49574394122, 105, -1.0
62348.78282075923, 157, 1.0
62354.53897072956, 29, -1.0
62356.22032717591, 101, 1.0
62358.20746854754, 44, 1.0
62359.48322488454, 104, -1.0
62360.72947712282, 58, -1.0
62364.085382255595, 43, -1.0
62364.39055416399, 100, -1.0
62364.40418245159, 233, 1.0
62370.443865798945, 198, 1.0
62371.68918761862, 58, -1.0
62371.99140450872, 137, -1.0
62372.48616468743, 155, -1.0
62373.261896710166, 64, 1.0
62380.74349891446, 84, 1.0
62381.27301052536, 71, 1.0
62384.71191663367, 81, -1.0
62386.0651106652, 45, -1.0
62386.471572949995, 116, -1.0
62391.084797847085, 58, -1.0
62391.19099108691, 116, -1.0
62392.18018622024, 84, -1.0
62395.40843213041, 89, 1.0
62396.825338065944, 87, -1.0
62398.83699440323, 54, 1.0
62399.72686446035, 103, 1.0
62401.505721152615, 75, 1.0
62403.43165675033, 48, 1.0
62409.4241358136, 101, 1.0
62409.4990064158, 75, 1.0
62410.185748200085, 64, -1.0
62412.1934321801, 177, -1.0
62415.12493709769, 105, 1.0
62415.69218934882, 26, -1.0
62416.381729293505, 152, -1.0
62417.14266561832, 142, 1.0
62417.79898740185, 48, -1.0
62418.59792620852, 153, -1.0
62418.90238002369, 122, -1.0
62419.39863258094, 93, -1.0
62421.624207557245, 34, 1.0
62421.8692140932, 126, -1.0
62422.18246472148, 33, 1.0
62422.217097030385, 152, 1.0
62423.643713203826, 177, -1.0
62428.648182686054, 177, -1.0
62429.01032247051, 150, 1.0
62431.30439726919, 41, 1.0
62432.93541153487, 160, 1.0
62434.16861062576, 148, -1.0
62438.7631714901, 81, 1.0
62438.91166791101, 114, 1.0
62439.3298005211, 162, -1.0
62440.35332102657, 69, 1.0
62440.72058703136, 128, 1.0
62440.8643505326, 101, -1.0
62442.61393938065, 142, -1.0
62443.02396542457, 142, -1.0
62443.89534640237, 160, -1.0
62450.37058877911, 234, 1.0
62450.46164714487, 54, 1.0
62450.548123353365, 114, 1.0
62450.75771134615, 147, -1.0
62452.220463358506, 100, -1.0
62454.77717633553, 42, -1.0
62456.817051198406, 167, -1.0
62457.05371282788, 58, 1.0
62460.54100453743, 34, -1.0
62462.463732537646, 165, -1.0
62462.98240326402, 59, 1.0
62465.22322956574, 153, 1.0
62466.3970229411, 162, 1.0
62466.68616944171, 123, -1.0
62470.60396163931, 241, 1.0
62470.79047672264, 103, 1.0
62470.890675571, 59, -1.0
62472.02095615115, 137, 1.0
62473.55558477775, 166, -1.0
62479.49758931311, 126, -1.0
62479.66975495366, 84, 1.0
62480.821312132466, 142, -1.0
62481.777124203865, 106, 1.0
62481.80425041146, 163, 1.0
62482.38803131837, 40, -1.0
62482.994071626155, 146, -1.0
62487.9348191422, 126, -1.0
62490.32521141408, 166, -1.0
62494.186046902825, 84, 1.0
62498.270979028945, 91, -1.0
62498.929643922485, 167, -1.0
62500.92971541892, 123, -1.0
62501.90521356232, 61, 1.0
62502.58446035605, 30, 1.0
62505.15793247352, 182, -1.0
62506.63085332124, 114, 1.0
62507.04797988141, 28, 1.0
62510.484175660036, 159, 1.0
62513.06405015285, 146, -1.0
62514.657456608074, 75, 1.0
62517.01237749602, 103, -1.0
62518.978148481896, 165, 1.0
62523.88214930936, 31, -1.0
62524.31066404877, 142, 1.0
62527.47996350038, 123, -1.0
62528.98397207832, 75, 1.0
62529.119381516284, 100, -1.0
62529.63407528143, 105, -1.0
62530.05119899441, 177, 1.0
62530.97557813952, 235, -1.0
62531.321847624924, 50, -1.0
62531.41077543887, 137, -1.0
62532.29816045021, 162, 1.0
62532.569035308945, 52, -1.0
62535.12903142353, 29, 1.0
62536.58499654474, 29, 1.0
62538.56175184766, 162, 1.0
62540.06258862432, 124, -1.0
62547.95622759592, 87, -1.0
62548.3394760171, 111, 1.0
62549.78475119068, 114, 1.0
62550.67994534013, 59, 1.0
62551.19446348473, 110, -1.0
62551.70354915508, 150, -1.0
62554.08329220642, 86, 1.0
62555.29451656084, 146, -1.0
62559.07684214947, 83, 1.0
62559.25444655635, 235, -1.0
62560.887613054445, 159, 1.0
62567.72227706733, 35, -1.0
62568.395522678984, 59, 1.0
62577.47692643318, 161, -1.0
62578.17094694623, 142, 1.0
62579.91598793207, 128, -1.0
62579.979934745665, 31, -1.0
62581.004855466825, 114, 1.0
62581.92865388912, 193, 1.0
62582.40584151827, 33, 1.0
62582.9997946994, 48, -1.0
62583.933261966864, 198, -1.0
62587.484552629256, 71, -1.0
62588.829647291204, 198, -1.0
62591.33273528888, 41, 1.0
62592.79553799794, 112, -1.0
62593.02616194826, 101, 1.0
62595.30260268207, 59, 1.0
62596.270026162994, 116, -1.0
62596.35474371904, 152, -1.0
62597.79413204178, 148, 1.0
62598.27477987258, 101, 1.0
62599.51496795958, 92, 1.0
62599.56139988035, 80, 1.0
62602.119785222465, 162, 1.0
62602.31051292471, 198, 1.0
62604.24191268176, 80, 1.0
62611.165694574745, 228, -1.0
62614.40623338575, 101, -1.0
62615.226293600834, 58, 1.0
62616.36003107273, 46, -1.0
62616.97113479341, 153, 1.0
62619.33167580808, 43, 1.0
62621.109720337634, 141, 1.0
62621.44001568058, 59, 1.0
62622.37819738547, 234, 1.0
62623.04372001647, 26, 1.0
62625.13851792371, 94, -1.0
62627.07850836576, 165, -1.0
62628.032069642264, 235, -1.0
62629.71918965869, 198, 1.0
62630.235829456404, 34, 1.0
62631.34610754858, 161, 1.0
62632.72171169116, 74, 1.0
62633.28730634888, 142, 1.0
62633.52089250214, 142, -1.0
62637.114012028265, 75, -1.0
62637.545036592404, 142, 1.0
62639.70217529264, 99, -1.0
62640.01944946946, 116, -1.0
62640.02439528639, 87, 1.0
62640.98212338601, 103, 1.0
62641.70117104474, 113, -1.0
62641.760981160245, 152, -1.0
62643.245808982334, 57, 1.0
62645.02422365443, 159, -1.0
62645.14860333556, 37, -1.0
62647.88322698872, 100, -1.0
62650.50303717844, 154, 1.0
62657.54904345871, 148, -1.0
62659.03004308469, 222, 1.0
62659.555655865304, 87, -1.0
62659.867594046955, 103, -1.0
62661.833172451086, 32, 1.0
62664.941208221775, 55, -1.0
62665.851248239844, 164, -1.0
62665.899381707546, 68, -1.0
62666.63798775319, 72, -1.0
62673.195345849614, 146, -1.0
62676.40046551095, 101, 1.0
62677.562755003564, 141, -1.0
62679.79260589905, 116, -1.0
62680.01978740704, 53, -1.0
62681.37867736235, 28, -1.0
62686.015024493536, 52, 1.0
62686.49348689616, 42, 1.0
62691.99156356063, 142, -1.0
62696.725520727116, 109, 1.0
62698.78336446012, 101, 1.0
62699.32645657052, 93, -1.0
62699.724357162966, 84, 1.0
62702.40970923835, 177, -1.0
62702.92381914726, 141, -1.0
62703.12806771286, 74, 1.0
62703.62536879524, 75, 1.0
62703.802195563636, 159, 1.0
62703.952086891, 89, 1.0
62704.56670984237, 84, 1.0
62704.80772300254, 100, -1.0
62705.629461888064, 182, -1.0
62706.24269270235, 110, 1.0
62709.725784579554, 116, -1.0
62711.5341040066, 42, -1.0
62712.42980470884, 116, 1.0
62713.6168397973, 173, -1.0
62714.18554173907, 62, -1.0
62714.537957956316, 65, 1.0
62714.654188914894, 123, -1.0
62714.84084667378, 53, 1.0
62716.61235285269, 101, 1.0
62716.64290799387, 34, 1.0
62717.749678941815, 96, 1.0
62719.692276628106, 76, -1.0
62720.01690844541, 102, 1.0
62723.5720253809, 161, -1.0
62723.73416110331, 198, -1.0
62724.32094047315, 119, -1.0
62725.185994245556, 126, -1.0
62729.0779934296, 148, 1.0
62730.28085957625, 235, -1.0
62730.66797911002, 37, -1.0
62741.76742571221, 198, -1.0
62742.55256630705, 59, -1.0
62746.38963953036, 230, -1.0
62746.83280927155, 53, -1.0
62748.10616488546, 168, 1.0
62749.51337256401, 71, 1.0
62749.66978309228, 162, 1.0
62754.24716947882, 62, 1.0
62757.466206032244, 198, 1.0
62760.522402511764, 59, 1.0
62761.37166520136, 32, 1.0
62761.70964746921, 28, -1.0
62764.26607743173, 169, 1.0
62764.756874542574, 56, -1.0
62766.128042594566, 103, 1.0
62767.147106219374, 148, 1.0
62767.60484356139, 142, 1.0
62769.15384227191, 164, -1.0
62770.413857371765, 126, -1.0
62771.15133094664, 34, 1.0
62771.35163904805, 116, 1.0
62771.84422739978, 123, 1.0
62775.174830885386, 59, 1.0
62777.36153224841, 152, -1.0
62778.20651743504, 158, -1.0
62778.71678682674, 119, -1.0
62778.730159279716, 59, -1.0
62778.796288322854, 88, 1.0
62778.982442405635, 158, 1.0
62779.382507840375, 71, -1.0
62781.42930150819, 67, 1.0
62785.51091452366, 152, -1.0
62786.35026892679, 141, 1.0
62787.418639580836, 65, 1.0
62789.00571881738, 103, -1.0
62791.44240916951, 31, 1.0
62793.74057972796, 58, 1.0
62794.06845528348, 119, -1.0
62794.93597099371, 108, 1.0
62796.87984801604, 84, 1.0
62800.07135625568, 29, 1.0
62800.48577145444, 71, -1.0
62800.70783479609, 75, 1.0
62802.56645857594, 53, -1.0
62802.81980487851, 27, -1.0
62803.2483416367, 169, 1.0
62805.35269891195, 142, 1.0
62807.46521989969, 91, -1.0
62809.28571930929, 92, 1.0
62810.878529394366, 142, -1.0
62812.950013290785, 116, -1.0
62814.10712814949, 75, 1.0
62821.03712201791, 56, -1.0
62821.111383068666, 116, 1.0
62821.32500747431, 84, 1.0
62821.8848715663, 81, 1.0
62822.92025137001, 101, 1.0
62826.38492418329, 68, -1.0
62826.42148171121, 40, -1.0
62826.58868187187, 75, 1.0
62827.375460123076, 234, -1.0
62829.87336191006, 233, 1.0
62831.93953660691, 142, -1.0
62836.89047361098, 100, -1.0
62837.88133626021, 160, -1.0
62839.61933640885, 235, -1.0
62841.047960594864, 75, 1.0
62842.281950056, 116, 1.0
62842.94537731052, 53, -1.0
62844.01138472681, 182, 1.0
62845.38991471006, 158, 1.0
62845.62374853225, 52, -1.0
62846.69465547778, 93, -1.0
62847.438213168716, 64, -1.0
62849.132163019676, 31, -1.0
62850.66882114709, 141, -1.0
62853.88727413773, 94, -1.0
62854.80609365027, 234, -1.0
62860.60886805079, 142, 1.0
62861.655857998514, 71, -1.0
62862.80613730166, 60, 1.0
62862.920485191324, 74, 1.0
62865.6394550574, 128, 1.0
62866.76678288605, 123, -1.0
62868.374393070844, 50, -1.0
62874.221175904015, 28, 1.0
62874.48668515161, 114, -1.0
62877.13765380348, 104, -1.0
62879.40536138925, 95, 1.0
62880.64551819956, 92, -1.0
62883.17981790414, 113, -1.0
62883.78729249188, 177, -1.0
62884.79864911507, 119, -1.0
62888.48909001594, 100, 1.0
62890.09669762979, 81, 1.0
62898.016681178946, 164, -1.0
62900.098547449605, 159, -1.0
62903.264319704635, 76, -1.0
62903.64073680255, 31, -1.0
62903.94711864842, 75, -1.0
62905.50705467973, 76, -1.0
62907.952951805484, 48, 1.0
62910.80015647904, 71, 1.0
62914.1837433976, 168, -1.0
62918.38807253639, 75, 1.0
62918.723513016426, 146, 1.0
62924.36323851258, 34, 1.0
62928.17567139595, 100, 1.0
62928.655156812616, 111, 1.0
62932.34677564133, 101, -1.0
62934.2526066601, 46, -1.0
62934.27094741333, 161, -1.0
62935.642754704306, 165, 1.0
62942.508029114084, 222, -1.0
62943.33203182829, 155, -1.0
62944.01995223345, 53, 1.0
62944.43928502885, 198, -1.0
62947.10331687021, 198, 1.0
62949.590317481096, 64, 1.0
62952.26378889683, 71, 1.0
62956.38842239279, 74, -1.0
62957.38261540489, 95, 1.0
62959.45612246457, 126, -1.0
62963.36193871229, 116, 1.0
62964.47705132411, 74, 1.0
62965.22371143016, 81, 1.0
62966.70864204219, 222, -1.0
62967.56283438868, 40, -1.0
62968.06737469949, 126, -1.0
62969.11852340464, 113, -1.0
62969.939967331346, 69, -1.0
62972.52508290528, 155, -1.0
62972.75406878326, 173, 1.0
62974.76188448684, 198, 1.0
62976.064373638175, 153, 1.0
62980.848665051744, 119, -1.0
62982.52313437508, 107, 1.0
62983.55394045132, 100, 1.0
62984.6811020941, 99, -1.0
62988.23063499576, 222, 1.0
62990.030097520525, 59, 1.0
62990.40668281763, 123, -1.0
62993.8888657393, 146, 1.0
62993.95376165585, 120, 1.0
62994.5840028528, 109, 1.0
62997.37101945497, 35, 1.0
63001.13576151784, 91, -1.0
63002.28654115002, 160, -1.0
63002.759358193296, 59, -1.0
63003.38982801896, 75, -1.0
63004.26966602915, 141, -1.0
63006.44264394828, 54, -1.0
63012.055507267025, 173, -1.0
63014.153214300306, 73, 1.0
63015.09563167704, 117, 1.0
63017.87070195811, 114, 1.0
63019.20008280201, 74, 1.0
63021.634126305464, 48, 1.0
63024.21066319418, 88, -1.0
63025.81847683804, 27, -1.0
63031.31285816071, 159, 1.0
63032.78097068559, 235, -1.0
63033.606503404604, 86, -1.0
63034.032479257534, 167, 1.0
63041.33243786995, 165, 1.0
63042.71877753372, 28, 1.0
63042.99279482649, 29, 1.0
63043.66517028312, 141, 1.0
63043.760890737925, 33, 1.0
63043.809204780024, 104, -1.0
63044.11967347881, 72, -1.0
63047.859080671216, 75, 1.0
63047.944457239326, 177, -1.0
63049.6758680647, 222, -1.0
63050.20930948532, 97, 1.0
63050.81713636245, 34, -1.0
63051.12175586905, 182, -1.0
63055.7744818419, 146, 1.0
63056.4664989346, 162, 1.0
63058.44493976546, 43, 1.0
63058.62315056449, 61, 1.0
63059.53811337219, 142, 1.0
63062.35744456791, 33, -1.0
63062.91312672612, 73, 1.0
63066.18614145309, 76, 1.0
63069.61766751095, 59, -1.0
63072.27019575373, 146, 1.0
63073.65394144949, 117, 1.0
63074.79942056481, 75, -1.0
63074.99344977639, 86, 1.0
63075.15228029762, 133, -1.0
63075.97878164801, 182, 1.0
63077.22394740856, 149, -1.0
63077.83407301805, 100, -1.0
63078.24450693021, 99, 1.0
63078.73846941961, 43, 1.0
63079.02463359323, 59, 1.0
63079.19643041884, 123, 1.0
63079.404124995024, 33, 1.0
63079.78749283246, 149, -1.0
63081.45401710942, 45, 1.0
63082.03367873793, 188, 1.0
63084.98599200794, 75, 1.0
63086.04087339561, 34, -1.0
63090.33827573858, 114, -1.0
63091.88431246959, 160, -1.0
63094.6698627391, 160, -1.0
63095.76448066226, 222, -1.0
63097.912718178224, 92, 1.0
63098.363837802535, 58, 1.0
63098.5365368531, 63, -1.0
63099.66241097549, 34, 1.0
63100.649378444374, 55, -1.0
63100.935199826214, 133, -1.0
63101.27696697555, 169, -1.0
63102.429255198185, 36, 1.0
63102.4645443259, 45, 1.0
63103.76600994654, 165, -1.0
63105.856770104045, 128, 1.0
63107.172692728825, 102, -1.0
63108.548468995876, 165, 1.0
63109.080549757404, 83, 1.0
63110.146674605334, 241, -1.0
63114.377529350866, 34, -1.0
63117.21235225791, 162, -1.0
63120.60978205656, 87, -1.0
63122.451315861916, 44, 1.0
63127.083576146826, 81, 1.0
63129.51296415346, 56, -1.0
63130.64629258741, 164, -1.0
63132.438637455074, 52, -1.0
63138.3469246525, 108, -1.0
63138.78421099486, 103, 1.0
63138.87395713287, 202, -1.0
63139.63490761947, 118, -1.0
63141.49881724737, 58, -1.0
63142.310201239045, 142, -1.0
63142.55607608178, 105, -1.0
63143.17525271703, 56, 1.0
63143.81968121672, 137, -1.0
63144.62282118503, 177, -1.0
63145.104723385855, 119, 1.0
63147.670315420866, 41, -1.0
63149.456861491635, 44, 1.0
63151.697428204294, 87, 1.0
63156.4067843175, 147, -1.0
63158.77346233172, 157, 1.0
63158.80952325971, 142, -1.0
63159.96743382924, 58, -1.0
63162.46811492691, 62, 1.0
63164.4691596677, 198, -1.0
63165.26575351622, 148, 1.0
63166.28718173258, 177, 1.0
63166.57218385756, 80, 1.0
63167.59080339302, 84, 1.0
63172.0024374546, 114, 1.0
63172.34269111814, 142, 1.0
63181.12563268447, 182, 1.0
63184.598857786725, 94, 1.0
63186.00619736189, 44, 1.0
63186.52221813645, 75, 1.0
63187.22210196457, 32, 1.0
63188.659552865945, 146, 1.0
63193.665961652165, 58, -1.0
63204.10357965408, 75, -1.0
63207.736020280085, 110, 1.0
63209.099859285125, 146, -1.0
63209.42646219025, 148, 1.0
63211.62345680649, 81, 1.0
63212.48906238694, 173, -1.0
63218.69448729874, 76, -1.0
63223.02114484817, 119, -1.0
63223.14694310345, 142, 1.0
63224.10398777067, 64, -1.0
63224.47214776655, 153, -1.0
63225.830120582184, 101, -1.0
63227.069042059964, 171, -1.0
63228.21029861542, 100, -1.0
63229.66606251587, 89, -1.0
63235.144109909175, 58, 1.0
63235.60797700085, 173, -1.0
63238.90018255779, 166, 1.0
63241.16176173652, 76, -1.0
63245.45919499945, 116, 1.0
63247.35808974361, 146, 1.0
63248.528137905334, 142, 1.0
63249.62170267062, 109, 1.0
63252.11520074257, 43, 1.0
63252.30372164267, 35, -1.0
63255.246542937784, 101, -1.0
63255.24837850381, 35, -1.0
63255.39417535931, 148, 1.0
63257.09004446772, 153, -1.0
63257.56581867715, 35, -1.0
63257.56977748776, 152, 1.0
63258.41999827112, 94, -1.0
63258.51437832167, 198, -1.0
63258.52107662224, 114, -1.0
63259.622050245205, 114, -1.0
63264.573241670216, 71, -1.0
63264.92978415802, 148, -1.0
63266.162352732616, 146, 1.0
63266.76190134522, 152, -1.0
63270.516298028684, 162, 1.0
63270.68873945197, 59, -1.0
63270.89803353744, 59, -1.0
63272.49795123036, 111, -1.0
63274.02529992376, 112, -1.0
63274.125984394035, 34, 1.0
63279.8835709673, 162, -1.0
63280.69593849059, 50, -1.0
63280.8180721433, 67, -1.0
63282.06148744765, 152, -1.0
63285.16852258147, 163, 1.0
63285.38221450326, 83, -1.0
63288.46924336085, 112, 1.0
63292.13959100596, 105, -1.0
63293.027540289026, 60, 1.0
63295.938596414715, 114, 1.0
63296.253725178, 152, 1.0
63301.5446511336, 98, 1.0
63302.96290380068, 81, -1.0
63305.92041799908, 84, 1.0
63306.19369853272, 61, 1.0
63307.11297575365, 45, 1.0
63309.16801998836, 152, 1.0
63309.59295603794, 34, -1.0
63314.86681623825, 32, 1.0
63317.52914902706, 84, 1.0
63320.93848780337, 141, -1.0
63322.43818470878, 198, 1.0
63324.10715966064, 84, -1.0
63325.45181638464, 116, -1.0
63326.27253091606, 37, -1.0
63326.39797888312, 59, 1.0
63326.85191315027, 34, -1.0
63329.0366711184, 126, -1.0
63332.006368029855, 193, -1.0
63332.58942445983, 34, -1.0
63335.95826201063, 54, 1.0
63336.35792120677, 101, 1.0
63336.80419618075, 54, -1.0
63338.03108989187, 59, 1.0
63338.189775637904, 153, -1.0
63341.81826250175, 26, -1.0
63342.157796747975, 90, -1.0
63343.98257607798, 33, -1.0
63344.543976683446, 26, 1.0
63346.466600426895, 45, 1.0
63346.59407458299, 173, -1.0
63346.91604681697, 129, -1.0
63348.43766491283, 88, 1.0
63351.49449056031, 26, 1.0
63351.77891118811, 166, 1.0
63356.62144465506, 26, -1.0
63357.47750925475, 142, -1.0
63358.45105591557, 101, 1.0
63360.201017001156, 34, -1.0
63361.883335047445, 50, 1.0
63363.87014508197, 235, -1.0
63365.934333341575, 42, 1.0
63366.30905728214, 142, 1.0
63366.734901268734, 90, -1.0
63369.04780342914, 168, -1.0
63376.22024997643, 161, -1.0
63376.41727629473, 88, -1.0
63384.16097455248, 119, -1.0
63388.935788769966, 157, 1.0
63393.85344739622, 116, 1.0
63394.12521899505, 119, -1.0
63395.17374570586, 110, 1.0
63396.501281942416, 58, -1.0
63396.65142660595, 103, 1.0
63397.18645925785, 71, -1.0
63399.26017080735, 81, 1.0
63404.44905268193, 234, 1.0
63405.70243395837, 65, 1.0
63408.02282205047, 61, 1.0
63410.711887189456, 142, 1.0
63410.891732437274, 112, 1.0
63411.14938951322, 29, -1.0
63411.84382734753, 62, -1.0
63415.46574713494, 58, -1.0
63415.82903542466, 165, 1.0
63417.18406547715, 58, 1.0
63417.95695785825, 148, 1.0
63418.007718241846, 228, 1.0
63419.86702410824, 67, -1.0
63419.953504663936, 71, 1.0
63420.357517713026, 157, 1.0
63420.67644755094, 109, -1.0
63420.77044587698, 83, 1.0
63421.746342576254, 85, -1.0
63423.15166557641, 34, -1.0
63424.72643701857, 165, 1.0
63426.96682130852, 93, -1.0
63428.02736723539, 114, -1.0
63428.66608349582, 173, -1.0
63428.76089677867, 84, -1.0
63430.041197533596, 235, 1.0
63431.83667030772, 71, 1.0
63434.808777180966, 142, -1.0
63438.31802227349, 58, 1.0
63439.00465512183, 52, 1.0
63439.36335681746, 103, -1.0
63443.551392762616, 119, -1.0
63444.020264748455, 34, -1.0
63444.53489629679, 157, -1.0
63446.856482433395, 71, 1.0
63450.2766326632, 101, -1.0
63458.20484822495, 90, -1.0
63462.27495145595, 75, 1.0
63463.3088985208, 72, 1.0
63463.76056456371, 34, -1.0
63463.97260200383, 61, -1.0
63465.57668736768, 114, -1.0
63467.55693521543, 119, -1.0
63468.68515439736, 56, -1.0
63469.503640204195, 27, -1.0
63470.076036417755, 58, 1.0
63471.16916754514, 198, -1.0
63473.1940690125, 222, 1.0
63473.58877431533, 59, 1.0
63474.89236874623, 112, -1.0
63476.35582222684, 101, -1.0
63476.84342593963, 41, -1.0
63478.3063412543, 75, 1.0
63480.37791429459, 193, -1.0
63481.31227036294, 137, -1.0
63481.9617620086, 100, 1.0
63483.323516509656, 59, 1.0
63483.39366676272, 123, -1.0
63483.46965550184, 59, 1.0
63484.07421082148, 126, -1.0
63484.73373891972, 89, 1.0
63487.77408233429, 114, 1.0
63487.893559823104, 99, -1.0
63487.93014190437, 45, 1.0
63488.9655592252, 44, -1.0
63490.036579709646, 101, 1.0
63491.21542702032, 92, -1.0
63495.76920962838, 158, 1.0
63498.26328587294, 95, 1.0
63499.020704738454, 142, 1.0
63501.01877075368, 116, -1.0
63502.209547770275, 118, 1.0
63502.9390450287, 58, -1.0
63504.408478245416, 234, -1.0
63505.157889699534, 60, 1.0
63505.17452379932, 81, 1.0
63505.427147359565, 71, 1.0
63505.73568790999, 69, -1.0
63506.0034605932, 228, -1.0
63506.89912090912, 34, -1.0
63507.234120089546, 80, -1.0
63508.45580307291, 111, 1.0
63509.1326025447, 169, -1.0
63510.36243179423, 61, 1.0
63513.018197724945, 141, 1.0
63515.63973086016, 41, 1.0
63515.906284596145, 101, -1.0
63517.47261489846, 105, -1.0
63521.42730566366, 104, -1.0
63521.55919431276, 101, -1.0
63523.41665230377, 39, -1.0
63523.79854481015, 110, 1.0
63524.28751053164, 151, -1.0
63525.61996239031, 84, -1.0
63527.55585934116, 161, -1.0
63527.928850599215, 234, -1.0
63528.66483699483, 81, 1.0
63529.83920484686, 234, 1.0
63529.89327954796, 168, -1.0
63530.46820611064, 35, 1.0
63530.52596745649, 166, -1.0
63534.599235945905, 59, -1.0
63537.84844598777, 116, 1.0
63539.34506410397, 119, -1.0
63540.966661170554, 162, -1.0
63542.20843176866, 94, -1.0
63542.751485185276, 198, -1.0
63544.424076707815, 137, 1.0
63545.54543695401, 95, 1.0
63547.994070903595, 235, 1.0
63549.37862543434, 60, -1.0
63550.99589380802, 64, 1.0
63551.44056099591, 153, -1.0
63555.208162654424, 107, -1.0
63561.006176161936, 106, 1.0
63561.334199868565, 71, -1.0
63561.55376628364, 95, -1.0
63561.949264015064, 59, -1.0
63562.05768336601, 141, -1.0
63563.49071925392, 116, -1.0
63565.24852923464, 67, -1.0
63566.32797822954, 126, -1.0
63567.17696887924, 162, 1.0
63569.712030204566, 26, 1.0
63570.987100121114, 142, 1.0
63572.057185861624, 30, -1.0
63580.1701659271, 67, -1.0
63582.3206120865, 50, -1.0
63584.029243537, 173, -1.0
63584.654235460344, 164, -1.0
63585.6904833469, 108, -1.0
63585.88724629101, 82, 1.0
63590.799043632825, 70, -1.0
63595.33175701217, 114, 1.0
63598.03622482621, 65, 1.0
63598.308802319145, 67, 1.0
63602.11593367766, 26, -1.0
63603.973305136344, 182, -1.0
63605.30707616024, 116, 1.0
63605.52988929279, 86, -1.0
63607.23609031623, 71, 1.0
63613.24807379153, 182, 1.0
63614.45312401183, 58, -1.0
63614.4695193433, 100, 1.0
63615.04525555456, 142, 1.0
63615.37859677664, 161, -1.0
63617.26253972679, 34, -1.0
63618.66111966169, 82, 1.0
63618.67258626764, 58, -1.0
63618.70934844755, 166, -1.0
63621.15913578821, 111, -1.0
63621.76617141584, 31, -1.0
63627.871638836834, 27, -1.0
63627.98597056451, 100, -1.0
63630.68340388793, 153, 1.0
63635.82297065435, 114, 1.0
63636.500251628444, 96, 1.0
63637.41838666958, 142, 1.0
63638.75498196563, 71, 1.0
63638.975427321675, 84, -1.0
63640.800626013384, 101, 1.0
63642.73573203753, 126, 1.0
63643.04240122513, 100, 1.0
63648.22953705502, 28, 1.0
63650.01550317042, 119, -1.0
63651.50374157491, 148, -1.0
63651.8810713618, 56, -1.0
63652.66505341868, 52, 1.0
63652.819983473586, 169, -1.0
63655.30419080363, 123, 1.0
63657.836922146256, 83, 1.0
63660.0253229145, 35, 1.0
63660.10876956811, 52, -1.0
63661.053289371455, 119, -1.0
63664.49189415305, 34, -1.0
63666.87706073467, 85, -1.0
63668.313045574876, 162, 1.0
63668.47903819643, 75, -1.0
63669.050853926645, 41, 1.0
63669.93928271609, 58, 1.0
63670.06705721892, 116, -1.0
63672.27657317893, 105, 1.0
63672.73136737796, 198, 1.0
63674.67268004283, 48, -1.0
63674.75493415219, 29, 1.0
63674.8630905868, 109, -1.0
63675.57826537725, 58, 1.0
63675.92263431871, 29, 1.0
63676.69587946646, 99, 1.0
63678.92630490591, 116, -1.0
63679.04447895643, 114, 1.0
63679.08633612523, 141, -1.0
63680.05742521819, 128, 1.0
63681.7300484793, 235, -1.0
63681.95417374194, 177, -1.0
63685.2889870506, 58, 1.0
63688.162817282326, 75, 1.0
63688.77212690514, 71, 1.0
63689.27269788965, 81, 1.0
63690.57623386641, 102, -1.0
63692.18521956704, 241, -1.0
63693.33932472695, 241, -1.0
63693.9405211475, 123, -1.0
63694.19351748507, 67, -1.0
63694.2131560917, 167, -1.0
63694.99641184591, 86, 1.0
63695.266446438574, 168, 1.0
63695.55691330547, 149, 1.0
63699.50530631615, 110, 1.0
63699.601332965256, 67, 1.0
63701.15657835341, 198, 1.0
63708.07544724538, 119, 1.0
63708.54993583546, 111, -1.0
63708.91326504359, 102, -1.0
63711.799929571804, 112, -1.0
63715.51060341276, 72, -1.0
63718.131750013294, 64, -1.0
63719.66867023229, 84, 1.0
63721.37484367703, 72, 1.0
63724.0846388851, 112, -1.0
63724.30466604965, 37, -1.0
63726.92828862699, 148, -1.0
63727.299458406735, 159, 1.0
63730.05774449245, 142, 1.0
63730.67891168519, 32, 1.0
63733.10122254075, 169, -1.0
63734.729661104364, 152, 1.0
63736.071649148835, 152, -1.0
63738.19747213322, 128, -1.0
63738.277573107196, 74, 1.0
63739.41246971894, 91, -1.0
63740.766015838046, 128, 1.0
63746.43530859269, 58, -1.0
63747.7340575235, 126, -1.0
63750.011707021964, 82, -1.0
63750.79197408058, 87, 1.0
63753.53593165425, 98, 1.0
63754.15523230142, 92, -1.0
63756.05348462131, 142, 1.0
63758.82967527713, 198, 1.0
63760.28462026815, 114, 1.0
63761.211136769074, 142, 1.0
63761.56365348216, 148, 1.0
63761.794757136435, 141, 1.0
63762.995811322864, 92, -1.0
63765.095439608274, 81, -1.0
63765.5243678118, 90, -1.0
63765.568358028504, 100, 1.0
63766.44210514391, 70, -1.0
63766.552985210576, 97, -1.0
63767.31226929327, 53, -1.0
63770.03176441261, 58, 1.0
63770.66587773272, 58, -1.0
63770.77178335484, 114, -1.0
63771.974498893185, 108, 1.0
63777.288205169505, 146, -1.0
63777.54026738327, 114, 1.0
63779.82753338332, 71, 1.0
63781.090925276, 69, -1.0
63781.491630793455, 222, -1.0
63784.13125923514, 166, -1.0
63785.539482359076, 165, 1.0
63785.93087805102, 165, -1.0
63787.665313835176, 235, -1.0
63788.26893790808, 100, 1.0
63789.993148396105, 114, 1.0
63796.03294996492, 50, -1.0
63797.2887085107, 105, 1.0
63798.77728221126, 109, 1.0
63801.5553956173, 64, -1.0
63805.8632107846, 165, -1.0
63806.277360040214, 161, 1.0
63809.58802749045, 165, -1.0
63809.68967460706, 50, -1.0
63811.34735751495, 159, 1.0
63811.62614776979, 162, 1.0
63811.68178888837, 67, -1.0
63811.94953896886, 142, 1.0
63814.17556740901, 114, -1.0
63816.45563779621, 116, -1.0
63821.13800692365, 27, 1.0
63826.70493031111, 155, -1.0
63831.245621119684, 96, 1.0
63833.7852760589, 76, 1.0
63833.90973934224, 100, 1.0
63836.87906890187, 86, 1.0
63837.20691054, 87, -1.0
63837.320018318154, 97, -1.0
63837.68521546359, 71, 1.0
63838.359916796944, 26, -1.0
63842.56768742801, 58, 1.0
63844.568212211925, 155, -1.0
63845.89951057714, 146, 1.0
63845.988662898824, 81, 1.0
63848.2887212062, 99, 1.0
63850.515822825335, 99, -1.0
63852.06745312184, 101, 1.0
63859.32610593572, 101, 1.0
63860.11717810719, 165, -1.0
63862.79536552172, 75, -1.0
63864.492231087344, 163, 1.0
63866.83593477822, 149, -1.0
63868.43837588394, 35, 1.0
63869.4576521224, 133, -1.0
63870.0112971199, 93, -1.0
63873.31676672961, 182, -1.0
63873.54165094839, 32, 1.0
63873.92777421244, 100, -1.0
63875.69537849907, 230, 1.0
63876.05203069678, 141, -1.0
63876.276915436465, 32, 1.0
63877.240599991404, 222, 1.0
63878.56736758607, 167, -1.0
63879.15477225055, 126, -1.0
63879.217763113666, 72, -1.0
63880.54900246225, 164, -1.0
63884.74037132599, 44, 1.0
63888.31590453292, 27, 1.0
63890.02067449378, 109, -1.0
63890.959461275794, 58, -1.0
63891.707209101936, 26, -1.0
63892.105249076354, 157, 1.0
63896.49705574086, 35, -1.0
63897.49337298336, 50, 1.0
63899.30886905935, 98, 1.0
63901.27065967774, 105, 1.0
63904.59734537356, 162, -1.0
63905.42779242637, 116, 1.0
63906.06700035997, 37, -1.0
63906.579588285014, 84, 1.0
63907.62382258875, 60, 1.0
63909.147220612605, 116, -1.0
63909.983737714036, 153, -1.0
63911.41020995791, 193, -1.0
63911.55769481717, 58, -1.0
63913.88815297251, 147, -1.0
63914.15011673379, 142, 1.0
63919.34743059181, 105, -1.0
63922.24174808293, 71, 1.0
63923.56638145094, 67, 1.0
63924.94960450821, 75, 1.0
63925.4228937844, 107, -1.0
63927.28949891644, 142, 1.0
63927.80773172038, 142, -1.0
63928.17333788037, 87, -1.0
63928.34835793536, 76, 1.0
63928.47216670294, 71, -1.0
63929.84979636807, 149, 1.0
63929.88627833152, 100, -1.0
63932.43920265358, 128, 1.0
63937.14223483908, 43, -1.0
63937.55788352205, 177, 1.0
63937.68725016338, 118, 1.0
63940.38711241956, 27, -1.0
63947.802672875194, 109, -1.0
63953.66165577211, 28, -1.0
63954.175131671145, 26, -1.0
63954.24677711519, 52, 1.0
63955.64966029232, 100, 1.0
63956.185516888996, 32, -1.0
63957.17554258902, 165, -1.0
63957.284223793155, 34, 1.0
63958.19208858682, 84, 1.0
63963.754412826114, 59, -1.0
63966.13173698501, 162, 1.0
63967.2750607389, 40, -1.0
63967.43775255343, 82, -1.0
63968.41461729266, 97, -1.0
63972.49544961596, 66, -1.0
63972.95116691498, 101, 1.0
63973.267852084246, 100, -1.0
63973.891485607855, 84, 1.0
63974.838593187946, 116, -1.0
63975.816023839885, 159, 1.0
63976.0059194495, 198, 1.0
63978.52331908208, 72, 1.0
63979.76769517232, 50, -1.0
63979.84894377515, 89, 1.0
63980.491845968994, 29, 1.0
63980.59617269878, 177, 1.0
63980.91496486512, 165, 1.0
63981.14035031075, 58, -1.0
63981.38796605334, 155, -1.0
63981.65422236163, 34, -1.0
63982.24878483812, 152, -1.0
63982.826978623794, 103, -1.0
63984.36807651351, 167, -1.0
63988.3678920364, 152, -1.0
63991.01727159022, 99, -1.0
63991.27026994743, 114, -1.0
63991.368500833174, 34, -1.0
63992.93085647289, 112, 1.0
63995.583870828894, 59, 1.0
63997.37907480447, 70, -1.0
63999.29227784813, 67, 1.0
63999.73475029989, 56, -1.0
64000.56602210704, 44, -1.0
64004.4472202773, 37, 1.0
64006.26508398417, 157, -1.0
64009.45927396099, 114, 1.0
64009.95951656888, 43, 1.0
64010.81919690917, 222, -1.0
64014.01886023227, 59, 1.0
64014.900021433525, 193, -1.0
64017.4352388838, 114, -1.0
64020.556362219926, 161, 1.0
64020.977932616974, 84, 1.0
64022.40267283109, 84, 1.0
64025.20805227919, 105, -1.0
64025.5311296121, 58, -1.0
64027.58928964261, 75, -1.0
64028.295530792355, 57, -1.0
64028.302776018434, 110, -1.0
64030.77991156814, 165, -1.0
64031.34621004422, 142, -1.0
64032.76978147411, 198, -1.0
64035.11553333628, 75, 1.0
64037.530514145095, 32, -1.0
64039.752703328995, 142, -1.0
64040.619207150856, 160, -1.0
64043.5117700765, 155, 1.0
64046.09122883838, 84, 1.0
64046.27056184197, 27, -1.0
64047.54818273141, 29, -1.0
64048.66066077469, 122, 1.0
64048.95080589168, 34, -1.0
64049.8653783244, 198, 1.0
64050.31324867512, 155, -1.0
64050.76597166403, 126, -1.0
64054.95289807367, 167, -1.0
64055.59404623516, 159, 1.0
64057.40961484643, 81, -1.0
64058.40894923763, 93, -1.0
64061.215877631774, 83, -1.0
64063.389687104005, 99, 1.0
64065.086574617664, 137, -1.0
64065.11793191558, 35, 1.0
64065.8817814531, 234, -1.0
64066.13554889523, 64, -1.0
64066.66184443143, 40, -1.0
64071.14507855244, 103, -1.0
64072.497602736374, 81, -1.0
64075.152108418464, 100, -1.0
64079.23434226254, 81, -1.0
64080.05085714639, 228, -1.0
64086.81252658205, 76, 1.0
64090.285752120675, 100, 1.0
64091.62937198987, 133, -1.0
64095.977322721024, 55, -1.0
64096.1675921639, 59, 1.0
64099.06486087975, 76, -1.0
64107.79767103738, 152, -1.0
64108.17251214111, 114, 1.0
64108.86125586605, 58, -1.0
64111.36921389747, 112, -1.0
64121.82467724749, 84, -1.0
64123.33398040426, 119, 1.0
64125.29003070001, 67, -1.0
64125.73863615175, 59, -1.0
64125.812209604, 101, -1.0
64126.347213072055, 35, 1.0
64129.11031825007, 28, -1.0
64131.58110433121, 152, -1.0
64136.68102893854, 162, 1.0
64137.422715043875, 123, -1.0
64139.84812574934, 89, -1.0
64141.029798013056, 87, -1.0
64145.53869917667, 114, -1.0
64150.208540609994, 228, -1.0
64151.53314958961, 97, -1.0
64153.08192750718, 193, -1.0
64153.798448131995, 124, -1.0
64153.96268690833, 193, -1.0
64154.85008955246, 182, 1.0
64155.98033512631, 29, -1.0
64157.1361039351, 141, -1.0
64157.75358151184, 182, -1.0
64159.09421915557, 160, 1.0
64160.843296231076, 141, -1.0
64163.20806861222, 103, -1.0
64165.024699341535, 80, 1.0
64165.346843181, 112, -1.0
64166.68971474002, 39, -1.0
64166.705403492466, 152, -1.0
64167.13896842509, 98, 1.0
64175.48672007279, 97, 1.0
64176.98750202623, 27, -1.0
64177.86127613587, 35, 1.0
64179.53634624397, 146, -1.0
64180.057293375394, 104, -1.0
64181.21915261779, 59, -1.0
64186.07534773085, 54, -1.0
64186.910754176126, 103, -1.0
64187.31153040176, 80, 1.0
64188.027721352766, 198, 1.0
64189.00985785448, 116, 1.0
64190.97438981297, 100, -1.0
64191.449240429145, 26, 1.0
64196.49630512139, 53, -1.0
64197.069786268185, 116, 1.0
64197.61020431222, 146, -1.0
64197.7597970485, 33, 1.0
64198.569333985906, 44, 1.0
64198.74470977171, 97, -1.0
64200.713577270595, 234, -1.0
64202.613076330534, 119, 1.0
64206.0268486326, 148, 1.0
64206.33976399861, 40, 1.0
64207.59674152821, 34, 1.0
64207.73525979864, 58, -1.0
64213.11316931687, 222, -1.0
64216.45500743629, 165, -1.0
64217.034554495825, 148, -1.0
64220.907318720434, 34, -1.0
64223.521554244806, 103, -1.0
64224.120387627256, 100, 1.0
64226.800474315954, 55, -1.0
64228.69171058402, 146, -1.0
64229.12224720897, 161, -1.0
64231.06360864917, 68, 1.0
64232.80582837948, 157, 1.0
64236.17173369651, 96, 1.0
64237.81384602088, 35, -1.0
64239.54783157698, 33, 1.0
64241.2423451179, 80, -1.0
64244.02475757481, 159, -1.0
64244.494632470836, 71, 1.0
64245.99675187798, 37, -1.0
64250.411525568146, 116, -1.0
64251.62312464627, 34, 1.0
64252.65555227277, 34, -1.0
64252.87812994224, 37, -1.0
64255.86698404131, 61, -1.0
64260.15149994056, 165, 1.0
64261.091134925315, 97, -1.0
64262.667455659335, 148, 1.0
64262.94951343516, 82, -1.0
64266.8815137601, 141, 1.0
64267.13798183872, 36, 1.0
64271.667560817805, 193, 1.0
64272.005912519824, 128, -1.0
64273.16222915703, 33, 1.0
64273.39424601712, 111, -1.0
64275.93000610208, 29, 1.0
64278.75417506169, 67, -1.0
64278.83705400903, 75, -1.0
64280.57031000637, 109, -1.0
64285.61921110804, 87, 1.0
64285.994957383155, 139, -1.0
64286.9010392842, 94, -1.0
64291.97451800083, 67, 1.0
64293.5456277334, 113, 1.0
64294.82861822845, 35, -1.0
64295.91698190755, 193, -1.0
64296.64628939695, 90, -1.0
64296.78563935522, 105, -1.0
64297.92871246249, 97, 1.0
64300.940420947954, 26, 1.0
64301.69437054167, 57, 1.0
64301.80807344251, 76, -1.0
64302.31593513707, 162, 1.0
64306.53780521927, 142, -1.0
64307.34726183766, 114, 1.0
64311.034960819205, 177, 1.0
64311.12881106408, 64, 1.0
64311.317887899146, 58, 1.0
64312.854780287365, 97, 1.0
64313.06244651438, 37, -1.0
64318.94469289752, 71, 1.0
64320.167507217404, 111, 1.0
64324.411501823546, 61, 1.0
64325.71771310034, 33, -1.0
64328.09169859842, 35, -1.0
64329.01144968554, 91, -1.0
64331.81771375274, 27, -1.0
64334.12429121861, 173, -1.0
64334.7721128235, 35, 1.0
64338.686022732305, 100, 1.0
64339.93604890672, 98, 1.0
64340.4987211562, 35, 1.0
64340.669929894655, 114, 1.0
64340.72305006385, 40, -1.0
64343.05893298499, 152, -1.0
64343.135326438234, 102, -1.0
64343.6227855344, 52, 1.0
64346.40087600575, 35, 1.0
64346.49573522233, 59, -1.0
64346.94840192968, 114, 1.0
64347.60201121086, 110, -1.0
64347.79484080986, 193, -1.0
64348.58716863368, 105, 1.0
64349.71932527585, 110, -1.0
64350.258054568374, 133, -1.0
64352.67123133949, 90, 1.0
64354.45142184029, 163, 1.0
64356.10173137517, 130, -1.0
64358.85675200711, 149, -1.0
64364.89647217246, 88, 1.0
64366.21035454891, 83, -1.0
64366.3033072193, 43, 1.0
64366.382891695386, 123, 1.0
64367.61357598741, 152, 1.0
64369.17747915836, 75, 1.0
64369.81815578521, 111, 1.0
64378.86632802032, 116, 1.0
64381.003624575394, 198, -1.0
64381.60761185674, 165, -1.0
64384.95584002375, 141, -1.0
64385.350154897445, 56, 1.0
64385.81278719768, 40, 1.0
64386.07827110348, 147, -1.0
64386.62909938637, 119, -1.0
64388.088060299706, 119, 1.0
64388.237137062184, 53, 1.0
64389.791362128315, 167, -1.0
64391.00524175513, 147, -1.0
64391.53327582492, 34, 1.0
64397.732577772666, 167, 1.0
64398.5769046739, 94, -1.0
64398.759677344424, 122, -1.0
64399.32957486665, 119, -1.0
64400.26919948849, 166, -1.0
64401.71320445618, 114, 1.0
64401.76162099316, 142, -1.0
64402.343999955716, 86, 1.0
64402.73756938349, 29, 1.0
64404.347087496324, 110, 1.0
64405.648977085046, 29, 1.0
64406.22909437555, 71, -1.0
64409.40886111092, 111, 1.0
64411.61098500766, 76, -1.0
64411.8967493247, 32, -1.0
64412.07608236528, 235, -1.0
64413.467910435276, 75, 1.0
64414.285432181416, 43, 1.0
64417.16088190415, 114, -1.0
64417.40430176951, 148, -1.0
64417.62114809712, 165, -1.0
64419.00720509636, 84, -1.0
64423.34971992203, 171, 1.0
64424.666311619294, 222, 1.0
64425.39671779868, 116, -1.0
64425.85508789403, 114, -1.0
64426.04257724669, 69, -1.0
64432.474500829296, 92, 1.0
64433.048702632645, 76, -1.0
64434.07694375275, 182, -1.0
64434.264213428214, 154, 1.0
64435.06256644892, 241, -1.0
64437.13428059543, 101, -1.0
64438.52395865093, 97, 1.0
64438.57680719784, 34, -1.0
64439.9276858552, 119, -1.0
64445.05690003986, 75, -1.0
64445.49223074603, 98, 1.0
64445.94443592652, 116, -1.0
64446.43220976082, 153, -1.0
64449.677518151, 137, 1.0
64450.47058849201, 138, -1.0
64454.4179026961, 35, 1.0
64455.25609459842, 105, -1.0
64455.89849174915, 95, 1.0
64458.71726498776, 33, 1.0
64459.52901736073, 84, -1.0
64462.35539697432, 108, 1.0
64462.412778835685, 111, 1.0
64464.616347125324, 146, -1.0
64469.64983144227, 138, -1.0
64473.353669829376, 44, 1.0
64473.90266488118, 96, 1.0
64474.7639520898, 113, 1.0
64475.92270173221, 75, -1.0
64476.62468029989, 37, -1.0
64484.16118149155, 162, 1.0
64484.17580411945, 103, -1.0
64484.700912656204, 153, -1.0
64484.88079077385, 32, -1.0
64485.054027934915, 222, -1.0
64485.405460440954, 130, -1.0
64486.13416694154, 159, -1.0
64486.643008569925, 45, -1.0
64491.2550467126, 83, -1.0
64492.854846778224, 29, 1.0
64494.60425113283, 167, -1.0
64495.45620847343, 142, 1.0
64498.26608223083, 155, -1.0
64501.80216147029, 42, 1.0
64506.26693631928, 53, 1.0
64507.4240535766, 58, -1.0
64507.59504514224, 48, 1.0
64508.96249745575, 146, 1.0
64511.71514327642, 99, -1.0
64513.39529474003, 86, 1.0
64514.28157939398, 100, 1.0
64517.55310176819, 99, 1.0
64521.3751466355, 167, 1.0
64521.39610413361, 116, 1.0
64521.543172913356, 58, -1.0
64523.07137136871, 146, 1.0
64523.120905650416, 58, 1.0
64523.53740447518, 83, 1.0
64524.12870777787, 119, 1.0
64528.82330205781, 167, -1.0
64529.88253397279, 100, 1.0
64535.809303075635, 101, 1.0
64537.43401425686, 170, -1.0
64538.17882871714, 76, 1.0
64541.20326338351, 33, -1.0
64543.46722357376, 119, -1.0
64545.99659590452, 40, -1.0
64546.27707469102, 148, -1.0
64547.34491478419, 58, 1.0
64548.39720713986, 101, -1.0
64548.89777011382, 75, -1.0
64552.94947742817, 114, 1.0
64554.47054339183, 34, 1.0
64556.28560758615, 146, -1.0
64557.85908944801, 116, -1.0
64558.59512027604, 126, -1.0
64559.920422246774, 126, -1.0
64560.99608823854, 28, 1.0
64562.00204635257, 36, 1.0
64562.14869805992, 75, -1.0
64562.35907001463, 71, 1.0
64564.83714502208, 58, 1.0
64565.552722091496, 76, 1.0
64566.02959471232, 114, 1.0
64566.073934306536, 75, 1.0
64566.58080183598, 80, -1.0
64567.51329849886, 142, 1.0
64569.78647956774, 114, 1.0
64570.24652993958, 64, 1.0
64573.50849848226, 29, -1.0
64574.35382123579, 34, 1.0
64575.13438891439, 162, 1.0
64576.940640594905, 27, -1.0
64578.87975994388, 29, -1.0
64581.96996462313, 94, -1.0
64581.98006356924, 148, 1.0
64582.34060129879, 64, -1.0
64583.15291872654, 34, -1.0
64583.4382928083, 58, 1.0
64584.260219515854, 110, 1.0
64585.16458133966, 142, 1.0
64585.80433522836, 114, 1.0
64586.6929698537, 124, 1.0
64587.23414342248, 142, -1.0
64587.666260563994, 48, -1.0
64588.46290711627, 129, -1.0
64588.56487007704, 75, 1.0
64589.48355852597, 82, 1.0
64589.725660257274, 119, -1.0
64594.78096400366, 59, -1.0
64595.96142147074, 165, -1.0
64597.688673797435, 141, -1.0
64600.193246641604, 67, 1.0
64600.91118066388, 198, -1.0
64601.7241536349, 126, -1.0
64602.192563232755, 34, 1.0
64604.976896743276, 167, -1.0
64605.94037627122, 94, 1.0
64605.9598579528, 58, 1.0
64610.04978392737, 31, -1.0
64612.01765412351, 100, -1.0
64612.37412647545, 42, 1.0
64616.34377683507, 137, 1.0
64616.38743618839, 26, -1.0
64621.750004974994, 91, -1.0
64622.038318332496, 40, -1.0
64623.81732013957, 182, -1.0
64626.578940414445, 59, 1.0
64626.92486496838, 40, -1.0
64627.12669501519, 35, -1.0
64627.981080930054, 71, 1.0
64631.387252016306, 50, -1.0
64632.8441065104, 58, 1.0
64632.855863953344, 71, -1.0
64633.2282585721, 100, 1.0
64633.236107610246, 182, 1.0
64633.35203004065, 164, -1.0
64635.30991789924, 53, -1.0
64635.489024490074, 157, 1.0
64639.150376479796, 58, 1.0
64642.6474193915, 87, 1.0
64642.75478335537, 56, -1.0
64643.77688581058, 100, 1.0
64647.17933560968, 34, -1.0
64653.93659675225, 84, -1.0
64657.729593805256, 198, -1.0
64661.91510288029, 169, -1.0
64662.653079024436, 128, 1.0
64662.724394593744, 153, 1.0
64663.75482194147, 83, 1.0
64664.609790193215, 68, -1.0
64666.28661190734, 141, 1.0
64667.44543357428, 157, 1.0
64668.244511957666, 26, 1.0
64668.71367333778, 161, -1.0
64670.75240212375, 152, 1.0
64670.79808499941, 72, -1.0
64672.45678722745, 117, 1.0
64672.67704451773, 137, 1.0
64673.51195304813, 164, -1.0
64673.792806380014, 44, 1.0
64676.56051273531, 75, -1.0
64680.25699369111, 234, 1.0
64680.280511488396, 113, -1.0
64687.10820518583, 59, 1.0
64688.72213672438, 150, -1.0
64690.26078927998, 198, -1.0
64695.7246976196, 59, -1.0
64696.42159073462, 76, -1.0
64697.3697883798, 193, 1.0
64698.24088672087, 152, 1.0
64699.440958220235, 198, 1.0
64699.65993709151, 75, -1.0
64701.35409694723, 146, -1.0
64701.628132793005, 116, 1.0
64704.76423251615, 75, 1.0
64705.023042538174, 32, 1.0
64706.081054827075, 164, -1.0
64707.25340968843, 71, 1.0
64707.652696964564, 142, 1.0
64708.59505948847, 108, 1.0
64708.81250451135, 150, -1.0
64711.360341946725, 159, 1.0
64711.46520179093, 87, 1.0
64711.6213864195, 95, 1.0
64717.36272368405, 69, -1.0
64717.63018475803, 142, 1.0
64718.45687952895, 110, 1.0
64721.35727316204, 75, -1.0
64722.74432336059, 75, 1.0
64724.15023361427, 126, -1.0
64725.021787369275, 59, 1.0
64726.064221178545, 234, 1.0
64726.7384628709, 32, 1.0
64726.98164464774, 137, -1.0
64728.344293215356, 105, -1.0
64730.22310029144, 151, -1.0
64733.43783169311, 87, -1.0
64733.649471171506, 146, -1.0
64733.79765804637, 202, -1.0
64734.72357919015, 76, -1.0
64734.802052481624, 193, -1.0
64734.994022473904, 162, 1.0
64739.212958256, 57, -1.0
64740.487390143986, 82, 1.0
64741.25380080794, 71, 1.0
64741.505563304105, 111, -1.0
64742.55361136661, 152, 1.0
64744.184874171624, 50, 1.0
64744.421157883495, 101, 1.0
64745.087578722916, 87, -1.0
64746.59329912911, 74, 1.0
64746.69154903558, 100, -1.0
64748.20534764724, 91, 1.0
64748.63177103025, 81, 1.0
64749.549044192696, 171, -1.0
64750.026948429404, 35, 1.0
64753.09650064733, 35, 1.0
64753.55830953662, 177, -1.0
64755.52802825505, 152, -1.0
64755.75047574374, 114, 1.0
64757.60220438372, 54, 1.0
64759.077293139795, 141, 1.0
64759.69272114789, 44, -1.0
64759.851680652464, 110, -1.0
64763.837265668306, 162, 1.0
64764.89095536584, 83, 1.0
64765.68389358114, 86, 1.0
64767.92438474683, 241, 1.0
64770.49637962974, 46, -1.0
64771.011690960615, 75, -1.0
64772.15440642434, 230, 1.0
64773.40305468636, 152, 1.0
64774.415834883774, 97, -1.0
64776.06086963444, 122, -1.0
64776.06996814935, 114, -1.0
64776.99628655678, 110, -1.0
64777.29306668593, 75, -1.0
64779.17259299057, 147, -1.0
64780.49204212451, 103, 1.0
64781.20845230995, 27, 1.0
64781.52142090938, 114, 1.0
64783.49912913844, 152, -1.0
64787.30990349026, 81, -1.0
64787.46593033065, 165, -1.0
64791.922409098726, 100, -1.0
64792.97270381764, 61, -1.0
64793.53552448473, 142, -1.0
64794.60551895939, 50, -1.0
64794.848626215186, 120, 1.0
