61200.317341938826, 101, -1.0
61203.22413434382, 59, -1.0
61213.03768001582, 83, 1.0
61216.19382751758, 104, 1.0
61219.10576889996, 83, 1.0
61221.70404764866, 117, -1.0
61222.87118651779, 101, -1.0
61224.47609824816, 133, 1.0
61243.665705874286, 101, -1.0
61251.16338098172, 117, 1.0
61254.204278055826, 70, -1.0
61255.874653362196, 59, -1.0
61257.39802873676, 83, 1.0
61260.254905292364, 59, -1.0
61262.71096970015, 59, -1.0
61287.492724215066, 70, 1.0
61289.113636974114, 70, -1.0
61296.52685336496, 83, 1.0
61298.8343420903, 104, -1.0
61304.51982030122, 59, -1.0
61309.10262606865, 83, 1.0
61310.30643842308, 83, -1.0
61317.51672257657, 101, 1.0
61317.80228224963, 101, -1.0
61318.19073200855, 59, -1.0
61325.431006634055, 117, 1.0
61340.125148942636, 117, 1.0
61342.58597799738, 59, -1.0
61359.774574762545, 70, 1.0
61360.581520482585, 101, -1.0
61362.27078661551, 83, 1.0
61365.50664129999, 54, -1.0
61365.91607541422, 70, -1.0
61379.938256611065, 83, 1.0
61382.219445347204, 59, -1.0
61389.622295707435, 133, -1.0
61404.861390323735, 59, -1.0
61405.397415416424, 59, -1.0
61409.67086059756, 101, -1.0
61412.723869343, 101, -1.0
61418.683184922986, 59, -1.0
61424.09395507769, 104, 1.0
61440.81335784237, 133, 1.0
61446.26682068703, 104, -1.0
61448.24494435092, 104, 1.0
61453.51593594377, 101, -1.0
61475.13888557231, 101, -1.0
61476.84713093168, 83, 1.0
61481.91703160758, 101, 1.0
61511.12449347308, 59, -1.0
61522.5989580713, 101, -1.0
61528.162543396385, 101, -1.0
61540.764890689585, 83, -1.0
61545.038049996074, 70, -1.0
61553.81981724601, 101, -1.0
61553.93896448635, 59, -1.0
61564.46620171355, 70, -1.0
61573.768814269686, 104, 1.0
61591.60365591528, 83, 1.0
61599.076403933985, 101, -1.0
61601.18006548325, 59, -1.0
61623.633985207336, 83, -1.0
61632.87265545229, 117, 1.0
61666.339315598714, 70, -1.0
61670.81534040427, 59, -1.0
61674.45733360273, 133, 1.0
61675.94964169029, 83, -1.0
61688.942875910245, 101, -1.0
61691.22006021329, 133, 1.0
61704.675372804835, 133, 1.0
61707.70336265057, 59, -1.0
61707.88362960035, 101, -1.0
61708.30814501237, 70, -1.0
61717.12214976922, 101, -1.0
61728.84261623033, 83, 1.0
61738.218724282444, 54, 1.0
61749.22801690809, 101, -1.0
61765.98859750721, 70, -1.0
61766.53495383898, 70, -1.0
61770.62285142938, 133, 1.0
61777.159927734254, 70, 1.0
61779.38315141928, 133, 1.0
61781.21602868589, 59, 1.0
61781.48765521638, 59, 1.0
61787.46183450574, 133, 1.0
61789.05742264125, 83, -1.0
61797.95469661352, 117, -1.0
61804.24428862569, 101, -1.0
61808.81076239485, 83, 1.0
61818.631308489305, 104, 1.0
61830.61665783662, 101, 1.0
61833.2737722805, 59, -1.0
61836.19275389788, 59, -1.0
61848.93011676437, 101, -1.0
61862.80349661737, 104, -1.0
61866.42346344701, 101, -1.0
61913.35345028688, 104, -1.0
61971.272833535266, 70, 1.0
61973.55671891627, 101, -1.0
61975.967305041704, 101, 1.0
61977.24046914521, 70, -1.0
61994.358488719416, 104, -1.0
61995.12539788455, 133, -1.0
62002.058653002, 101, -1.0
62003.36976974688, 59, -1.0
62005.29974499185, 59, 1.0
62013.3244435298, 83, 1.0
62013.471348221494, 59, -1.0
62013.94539765127, 70, -1.0
62032.170893367685, 83, 1.0
62052.54287833045, 70, -1.0
62062.82003162621, 117, 1.0
62073.311711540475, 133, -1.0
62074.47759986003, 101, 1.0
62086.88157926498, 101, -1.0
62089.76663211288, 101, 1.0
62090.45998215145, 83, 1.0
62097.951019056556, 70, -1.0
62115.736429765995, 59, 1.0
62119.73090751834, 101, -1.0
62124.87420280369, 101, 1.0
62138.11342448055, 54, -1.0
62142.20447322266, 70, -1.0
62159.73188766945, 70, -1.0
62185.05727960996, 54, -1.0
62185.47573593686, 59, -1.0
62221.806762928805, 133, 1.0
62225.161239602065, 101, -1.0
62226.806518135316, 104, 1.0
62229.83118939015, 83, -1.0
62244.0774473702, 83, 1.0
62248.2309730201, 83, -1.0
62258.65192190834, 70, -1.0
62267.38697023732, 101, -1.0
62275.506431768816, 101, -1.0
62277.41353062139, 54, -1.0
62278.58951192329, 59, -1.0
62297.74580091472, 70, -1.0
62303.33074039153, 59, 1.0
62309.829567819965, 70, 1.0
62311.77929650969, 101, -1.0
62316.881783893834, 54, 1.0
62328.93977072226, 133, 1.0
62336.55393501706, 104, 1.0
62337.466737268165, 133, -1.0
62343.36258336968, 70, -1.0
62358.578851171565, 59, 1.0
62359.599712339106, 104, 1.0
62364.266354430234, 101, -1.0
62398.19398817429, 101, -1.0
62416.194420601336, 83, 1.0
62420.69528744613, 59, -1.0
62424.30168747308, 117, -1.0
62428.163898068975, 59, -1.0
62441.45467223324, 133, -1.0
62449.54231016427, 59, -1.0
62451.837988509586, 117, 1.0
62462.71437905749, 101, 1.0
62466.277307593, 59, -1.0
62482.17583461123, 101, -1.0
62502.73078757295, 101, 1.0
62510.15040413367, 59, -1.0
62511.00935827344, 83, -1.0
62511.448982279784, 117, 1.0
62524.99859745089, 101, 1.0
62525.52596486939, 104, -1.0
62530.91308568138, 70, -1.0
62531.13979374736, 104, 1.0
62538.246983818906, 70, -1.0
62544.29273850697, 83, 1.0
62554.950130986006, 101, -1.0
62557.973348088795, 133, 1.0
62561.5688971324, 83, 1.0
62568.82732047382, 70, -1.0
62599.8622434186, 101, -1.0
62608.8355548304, 59, -1.0
62609.20145532794, 70, -1.0
62611.130374796296, 133, -1.0
62612.61371352553, 59, -1.0
62621.72864285617, 104, -1.0
62631.68942726413, 59, -1.0
62632.616205022685, 101, 1.0
62645.7894768652, 59, -1.0
62649.27298666134, 133, 1.0
62681.55776366241, 59, -1.0
62682.10154731419, 101, -1.0
62686.41773638943, 70, -1.0
62694.12354246041, 101, -1.0
62697.37937935992, 83, 1.0
62707.878198385704, 101, -1.0
62723.19390688716, 117, 1.0
62727.010623633556, 133, 1.0
62730.68747658859, 117, -1.0
62734.676453658365, 70, -1.0
62735.65441277993, 101, -1.0
62736.02649667446, 59, -1.0
62743.6989739921, 59, 1.0
62754.25602857571, 101, -1.0
62755.83710137623, 117, -1.0
62768.839544341, 117, 1.0
62770.48646502019, 133, 1.0
62774.0207623574, 101, 1.0
62793.62146159802, 101, -1.0
62798.14412869223, 70, -1.0
62803.973288931804, 54, -1.0
62805.82072868691, 133, -1.0
62810.60420863064, 101, -1.0
62816.197701989084, 104, -1.0
62825.09191649803, 83, 1.0
62829.96999870379, 70, -1.0
62854.35572409518, 70, -1.0
62878.50103027693, 104, -1.0
62878.8153303833, 70, -1.0
62887.391601995536, 104, 1.0
62894.95739130356, 117, 1.0
62898.84378062031, 101, -1.0
62914.36143401061, 59, -1.0
62916.98838487736, 59, 1.0
62922.745416756006, 70, -1.0
62925.19104319721, 101, -1.0
62926.57170042377, 101, 1.0
62927.870240604374, 83, 1.0
62929.28879683714, 83, -1.0
62966.26156818781, 59, 1.0
62979.45856053789, 54, 1.0
63006.9954036687, 104, 1.0
63012.55810312842, 59, -1.0
63013.779392269564, 59, -1.0
63014.34215044317, 101, 1.0
63015.979170269275, 83, 1.0
63016.05898743435, 101, -1.0
63017.04296262831, 59, -1.0
63017.38157980686, 101, 1.0
63024.30624275008, 59, -1.0
63031.21554647283, 101, 1.0
63040.32634807209, 83, 1.0
63046.13982759802, 133, 1.0
63048.19166415027, 70, -1.0
63053.80519104186, 101, -1.0
63060.60400396328, 83, -1.0
63069.92718526913, 117, 1.0
63078.233836001935, 83, -1.0
63081.727024621025, 70, -1.0
63086.92730029816, 59, -1.0
63091.831862692925, 59, -1.0
63098.073082908726, 59, 1.0
63104.7316805876, 101, -1.0
63106.86827919435, 117, -1.0
63108.43454537478, 83, 1.0
63110.76385878027, 101, 1.0
63123.71715233971, 59, 1.0
63123.74184490867, 83, -1.0
63124.605023671465, 59, -1.0
63129.58876815225, 70, -1.0
63132.82236692815, 59, -1.0
63137.243759753546, 59, -1.0
63139.202471838384, 83, 1.0
63143.82731189807, 133, -1.0
63148.94938644558, 133, -1.0
63162.69534573873, 101, -1.0
63172.754817349625, 117, -1.0
63174.287468249815, 54, -1.0
63176.39676669719, 101, -1.0
63204.93180731321, 59, 1.0
63205.338248657776, 83, 1.0
63207.887844990204, 104, 1.0
63209.39194677779, 104, 1.0
63216.68364908707, 59, 1.0
63216.94344699311, 101, -1.0
63219.43567828962, 101, -1.0
63221.58283564506, 83, 1.0
63225.94749156111, 59, -1.0
63234.55029108806, 83, 1.0
63255.158347469216, 101, -1.0
63256.84645255795, 70, -1.0
63275.70731944288, 83, 1.0
63285.42449717479, 101, -1.0
63295.44928550968, 101, -1.0
63299.11274567515, 101, -1.0
63299.51477796897, 101, -1.0
63310.85528789757, 54, 1.0
63327.02158642795, 101, -1.0
63328.61172285654, 83, -1.0
63328.92490362735, 101, -1.0
63333.656124443245, 133, 1.0
63344.93570944952, 101, -1.0
63360.96516400159, 59, -1.0
63368.407784362214, 101, -1.0
63395.42560798256, 70, -1.0
63420.23966413416, 83, 1.0
63431.258336386134, 59, -1.0
63440.3381031286, 70, 1.0
63458.088073127044, 101, -1.0
63460.97221253824, 117, -1.0
63471.493296809625, 101, -1.0
63474.76893816132, 101, -1.0
63483.098571311486, 104, -1.0
63495.77626676833, 101, -1.0
63496.22688589674, 83, 1.0
63504.03162746298, 104, 1.0
63508.67994723096, 59, -1.0
63519.64644149545, 101, -1.0
63521.09213693074, 54, 1.0
63525.95079933597, 59, 1.0
63531.943266280716, 101, -1.0
63533.424711115935, 101, 1.0
63535.24177533042, 59, 1.0
63537.1939125121, 83, 1.0
63558.28872948688, 133, -1.0
63567.24416024415, 101, 1.0
63574.19356365187, 101, -1.0
63591.55982019827, 59, 1.0
63600.569901318595, 54, 1.0
63608.609973949766, 70, -1.0
63620.70335960118, 59, 1.0
63622.655589189, 83, -1.0
63627.98687339439, 104, 1.0
63628.91292128003, 83, 1.0
63632.494305845925, 101, -1.0
63646.56065337652, 70, -1.0
63653.997837861345, 117, -1.0
63669.905710665415, 83, -1.0
63677.21926313024, 101, 1.0
63693.52717759351, 101, 1.0
63698.76074010292, 117, -1.0
63727.428297706625, 59, 1.0
63735.93244564004, 101, 1.0
63762.433033597685, 83, 1.0
63773.139756065604, 59, -1.0
63781.1473819123, 133, 1.0
63785.249995556085, 59, -1.0
63789.206404275974, 101, 1.0
63798.06412846818, 54, -1.0
63813.26911633508, 83, 1.0
63814.97668936268, 133, -1.0
63828.624819556084, 117, -1.0
63830.99764545995, 83, 1.0
63831.56207042442, 83, 1.0
63833.040184541416, 70, -1.0
63833.21082028158, 104, 1.0
63844.04122706609, 133, 1.0
63849.58281394514, 83, 1.0
63872.96532345188, 104, -1.0
63907.47191670764, 101, -1.0
63911.22106815024, 101, 1.0
63942.55319133628, 133, 1.0
63967.59630400945, 54, 1.0
63967.60308669352, 101, 1.0
63968.50437010011, 101, 1.0
63997.113962170784, 70, -1.0
64006.996690924134, 70, -1.0
64041.75314230087, 117, -1.0
64045.00992376796, 70, -1.0
64048.02781971698, 133, 1.0
64054.1809719742, 117, -1.0
64065.21812301672, 104, -1.0
64080.815489703484, 70, -1.0
64087.26994710888, 101, -1.0
64095.84693375995, 101, -1.0
64098.756266383825, 133, -1.0
64100.14406064449, 101, 1.0
64106.23084031456, 83, -1.0
64118.17182624741, 101, -1.0
64127.69153799242, 59, -1.0
64136.762152632604, 59, -1.0
64137.02183477268, 101, -1.0
64137.54015503745, 59, 1.0
64150.420782400426, 59, -1.0
64156.856091405, 101, -1.0
64160.94391636491, 104, -1.0
64170.12760545737, 83, 1.0
64176.66586216369, 70, -1.0
64193.739421542916, 59, -1.0
64205.86871269268, 101, -1.0
64213.33483140042, 117, 1.0
64217.12534447873, 59, -1.0
64219.63529554532, 104, -1.0
64232.42803741373, 70, -1.0
64233.620951432815, 101, -1.0
64239.653536838734, 54, 1.0
64239.91722383017, 101, 1.0
64241.38519445752, 101, 1.0
64241.836608823694, 101, 1.0
64241.99586157856, 59, -1.0
64243.428428501895, 117, 1.0
64258.95218956043, 133, 1.0
64266.37549951138, 101, -1.0
64269.515927714805, 104, 1.0
64279.94582651546, 70, -1.0
64282.44463580074, 59, -1.0
64284.443082279, 59, 1.0
64299.08271172926, 59, -1.0
64304.927570139014, 59, 1.0
64307.223047271254, 101, 1.0
64318.313992113646, 133, 1.0
64324.53234563527, 117, 1.0
64326.504235693705, 59, -1.0
64331.23811974374, 70, -1.0
64332.222813836226, 83, 1.0
64335.70905723481, 59, 1.0
64341.68179669895, 59, 1.0
64370.035936277505, 101, 1.0
64377.83526451012, 83, 1.0
64380.485893244484, 117, 1.0
64392.271347109345, 83, 1.0
64393.58316441801, 104, -1.0
64406.097209172265, 101, -1.0
64408.814101795135, 104, -1.0
64413.85257867616, 104, 1.0
64414.665333625046, 70, -1.0
64430.57701286812, 70, -1.0
64431.69126362247, 101, -1.0
64439.73039983428, 83, 1.0
64442.945238927474, 117, 1.0
64444.432078698745, 101, -1.0
64446.66138549044, 133, -1.0
64456.64910692647, 117, -1.0
64458.89986616558, 83, -1.0
64462.644075898956, 70, 1.0
64467.86693313639, 101, -1.0
64468.80778653692, 104, 1.0
64477.80860140454, 101, -1.0
64501.97048405105, 70, -1.0
64509.705520863485, 133, -1.0
64516.26845232919, 104, 1.0
64520.57296446422, 101, -1.0
64541.69991873414, 104, -1.0
64557.07578268848, 83, 1.0
64558.712045335094, 117, 1.0
64565.47024571809, 101, -1.0
64581.64807597747, 70, -1.0
64582.42442909545, 101, -1.0
64586.44591094329, 83, -1.0
64594.53706267101, 70, 1.0
64624.23649461697, 101, 1.0
64626.54922798059, 59, -1.0
64632.300213048286, 101, -1.0
64634.85545456718, 70, -1.0
64645.626826137166, 101, -1.0
64645.921806240214, 101, 1.0
64647.22410467298, 83, -1.0
64662.452321797995, 59, -1.0
64669.44161148561, 70, -1.0
64674.502985984735, 101, 1.0
64699.897238534555, 101, -1.0
64703.82446857368, 101, -1.0
64706.29041101124, 83, -1.0
64709.85781313212, 83, 1.0
64712.80689873954, 83, 1.0
64722.937920406526, 101, -1.0
64729.605171145035, 104, -1.0
64730.53459765945, 101, -1.0
64738.25451403864, 101, -1.0
64759.73252870825, 54, 1.0
64762.09935164884, 133, -1.0
64774.98847400283, 83, 1.0
64780.206433948006, 83, 1.0
64799.52734113323, 70, 1.0
64833.155963853846, 101, -1.0
64863.71905681234, 117, 1.0
64865.07842930321, 59, 1.0
64872.16162881001, 101, -1.0
64875.22304775388, 59, 1.0
64880.0862064591, 104, -1.0
64881.517779058784, 70, -1.0
64881.539189816016, 101, 1.0
64897.60667505613, 83, 1.0
64901.125915611905, 101, -1.0
64915.19540879186, 59, -1.0
64926.18315832588, 59, 1.0
64930.53700685482, 101, -1.0
64935.892487908124, 59, -1.0
64944.53597566669, 83, 1.0
64948.87569953376, 59, 1.0
64952.23086976986, 101, -1.0
64954.90621311284, 101, -1.0
64955.95481712105, 101, -1.0
64964.31283766976, 83, -1.0
64995.997369353805, 101, -1.0
65002.3917643507, 54, -1.0
65003.56012527184, 59, 1.0
65023.48386914494, 101, -1.0
65024.70464150316, 54, -1.0
65026.14599514713, 59, -1.0
65043.63676575703, 101, -1.0
65052.068641505786, 59, -1.0
65058.75786930106, 101, -1.0
65060.93313383605, 83, 1.0
65087.86366206791, 101, -1.0
65096.31042958218, 59, 1.0
65111.89899863301, 59, 1.0
65124.300563494, 59, 1.0
65134.35462320826, 83, 1.0
65138.15569097536, 101, -1.0
65141.43185383588, 59, 1.0
65144.29231454254, 101, -1.0
65146.476250986154, 83, 1.0
65149.13154569342, 101, 1.0
65176.44152914728, 59, 1.0
65176.6533257978, 54, 1.0
65177.40422755106, 59, -1.0
65177.89350493898, 83, -1.0
65179.09211866311, 59, 1.0
65185.33853508657, 101, 1.0
65215.64803087137, 83, -1.0
65217.92003612891, 101, -1.0
65224.08289513739, 133, 1.0
65253.9580330149, 59, 1.0
65258.70764709804, 54, 1.0
65266.45663925865, 83, 1.0
65277.31437163708, 83, -1.0
65285.96794829474, 133, 1.0
65293.716308234594, 59, 1.0
65300.35787399374, 101, 1.0
65316.02359375999, 101, -1.0
65316.70648715869, 101, -1.0
65335.583239601074, 133, -1.0
65339.675372325015, 83, -1.0
65344.69811135318, 117, 1.0
65355.85760443917, 59, 1.0
65382.82114010241, 59, 1.0
65391.49274314922, 59, 1.0
65405.14555309512, 83, -1.0
65410.45548244517, 83, -1.0
65424.107149304444, 59, -1.0
65424.25206528017, 133, -1.0
65431.73084211708, 104, -1.0
65440.02378632826, 83, 1.0
65470.737996300966, 59, -1.0
65482.442072050486, 101, -1.0
65485.337553739926, 83, 1.0
65486.75701182429, 59, 1.0
65504.02236884555, 59, 1.0
65507.835274451805, 101, 1.0
65511.424961201556, 101, 1.0
65519.52700419197, 83, 1.0
65529.32712852887, 101, -1.0
65534.812692310945, 59, 1.0
65554.39504375495, 59, 1.0
65555.94044132136, 83, 1.0
65560.8152935128, 117, 1.0
65562.80241336967, 101, -1.0
65564.07336321686, 83, 1.0
65574.5626133217, 83, 1.0
65576.82716577381, 59, 1.0
65585.70849542088, 59, -1.0
65593.99707981382, 101, -1.0
65602.44298659504, 133, -1.0
65607.27653481178, 101, 1.0
65608.00869964881, 101, -1.0
65614.63082356506, 83, 1.0
65629.55434588103, 83, 1.0
65639.29527171832, 101, -1.0
65657.71461917213, 59, 1.0
65662.70408094191, 101, -1.0
65662.91728288805, 101, -1.0
65665.70558069597, 59, -1.0
65691.07203856521, 101, -1.0
65713.71148673006, 83, -1.0
65718.250763469, 101, -1.0
65723.95521622521, 101, -1.0
65725.6996314552, 117, 1.0
65750.91130253981, 101, -1.0
65754.91319149367, 59, 1.0
65757.20799312138, 101, 1.0
65757.78311788582, 59, -1.0
65761.63921247942, 59, 1.0
65779.32801057925, 83, 1.0
65792.54639619663, 83, 1.0
65792.8684084831, 83, -1.0
65797.938791748, 54, -1.0
65806.99164764835, 59, 1.0
65818.2924468801, 117, 1.0
65819.83700320157, 59, -1.0
65824.2192819123, 83, 1.0
65829.50654995667, 54, -1.0
65833.2340638728, 70, -1.0
65844.01710709579, 101, -1.0
65856.56452058947, 101, -1.0
65884.22027169679, 59, 1.0
65956.95490438273, 104, -1.0
65991.46194086445, 83, -1.0
66007.29315897376, 59, 1.0
66012.60930084594, 83, 1.0
66034.43739312232, 59, 1.0
66034.52150704588, 101, -1.0
66037.5780731618, 83, 1.0
66041.720971589, 101, 1.0
66044.27399792575, 101, -1.0
66045.04838141348, 133, 1.0
66063.0074515759, 83, 1.0
66085.06558918809, 54, 1.0
66091.16140859397, 117, 1.0
66097.22132548329, 83, 1.0
66097.7871986556, 59, 1.0
66099.28165473876, 104, 1.0
66105.90056797817, 59, -1.0
66135.22458170411, 59, -1.0
66160.69714462836, 59, 1.0
66182.54123031932, 54, 1.0
66201.31075710915, 54, -1.0
66203.20443279714, 117, 1.0
66208.51479271826, 101, -1.0
66210.84415954887, 83, 1.0
66211.93228498328, 59, 1.0
66216.13534956917, 101, -1.0
66217.11031547896, 104, -1.0
66224.93532080553, 83, -1.0
66227.38040362018, 59, 1.0
66229.51938193935, 101, -1.0
66230.51704644495, 59, 1.0
66233.45095639079, 101, 1.0
66234.01740946615, 83, 1.0
66234.26384879187, 101, -1.0
66237.73845399238, 133, -1.0
66239.38547560442, 59, -1.0
66253.95941820713, 59, -1.0
66256.54524173414, 59, 1.0
66263.37355534556, 83, 1.0
66271.82227043272, 59, 1.0
66277.00270353333, 101, 1.0
66313.27019846179, 101, 1.0
66317.21630810278, 101, -1.0
66319.07511393704, 59, -1.0
66320.35229756625, 59, -1.0
66323.65310938684, 59, -1.0
66326.68608346113, 117, 1.0
66336.89664118078, 59, -1.0
66339.56858059231, 101, -1.0
66354.86839963828, 101, 1.0
66356.02341451996, 54, -1.0
66364.62473585669, 54, 1.0
66364.64011804995, 83, 1.0
66378.57256508159, 117, 1.0
66391.44206516758, 59, -1.0
66400.51644869264, 83, -1.0
66402.82343163624, 101, -1.0
66407.94460165402, 104, 1.0
66411.01105644168, 59, 1.0
66413.81117334521, 117, -1.0
66428.09616699482, 83, 1.0
66432.66166093083, 83, -1.0
66469.66499210021, 101, -1.0
66481.41410448383, 54, -1.0
66494.81149716194, 101, 1.0
66506.5583617822, 83, 1.0
66522.73096597547, 59, -1.0
66539.90478517252, 59, 1.0
66548.15203661963, 101, -1.0
66560.92946452073, 59, 1.0
66578.20397894605, 101, -1.0
66579.75839428655, 117, 1.0
66607.66001585784, 101, -1.0
66609.38171083236, 59, -1.0
66621.38854036822, 104, -1.0
66630.70133274594, 59, 1.0
66633.66943549133, 59, 1.0
66639.0583111962, 83, 1.0
66695.82707548658, 83, -1.0
66722.83320581219, 59, 1.0
66731.47273207517, 59, 1.0
66751.55700919354, 101, 1.0
66754.46061629291, 117, 1.0
66793.99380692297, 83, 1.0
66802.18810789168, 83, 1.0
66805.3824188476, 59, 1.0
66805.76627033192, 101, 1.0
66808.2747333253, 54, -1.0
66816.97704645846, 59, -1.0
66844.86067113985, 101, -1.0
66849.8893681376, 117, 1.0
66860.81486386074, 83, -1.0
66866.5688724749, 101, 1.0
66872.38851649775, 101, -1.0
66875.78342288535, 59, -1.0
66897.96856753304, 83, 1.0
66907.8162463067, 104, -1.0
66916.2812786919, 83, 1.0
66924.72225732109, 59, 1.0
66933.47218213047, 101, -1.0
66935.71908293235, 59, 1.0
66938.88288966852, 59, -1.0
66944.65064243553, 59, 1.0
66951.87074305565, 101, -1.0
66961.77291630009, 83, -1.0
66968.26741007528, 59, 1.0
66976.18457869359, 101, 1.0
66981.68318555201, 83, 1.0
66984.7012222425, 59, -1.0
67003.35544387934, 101, -1.0
67011.35190859534, 83, -1.0
67025.18861669766, 83, 1.0
67025.60796231707, 59, 1.0
67030.42437981466, 117, 1.0
67036.05981364186, 83, 1.0
67047.00286481313, 117, 1.0
67047.5650434268, 59, 1.0
67054.14467162744, 83, 1.0
67062.15724159882, 83, 1.0
67072.55230907344, 59, -1.0
67078.17102544724, 101, 1.0
67080.03738742978, 59, -1.0
67096.53864610998, 59, 1.0
67099.75912045233, 83, 1.0
67140.95251910452, 59, 1.0
67163.10564295032, 101, -1.0
67163.65956921838, 59, 1.0
67173.86616300202, 101, 1.0
67179.27363545539, 83, 1.0
67180.75468259907, 59, 1.0
67197.27252317322, 59, 1.0
67198.88576204676, 83, -1.0
67216.74570542324, 83, -1.0
67222.06650907957, 83, 1.0
67265.90868611033, 101, -1.0
67270.77850429033, 83, 1.0
67272.07862595716, 59, 1.0
67284.16163705455, 101, -1.0
67284.7118185224, 54, -1.0
67285.5710585276, 59, -1.0
67293.98010436191, 83, 1.0
67314.08105439009, 59, 1.0
67316.62455526425, 83, 1.0
67317.53922366511, 83, 1.0
67332.4213102539, 59, -1.0
67357.48482427804, 59, 1.0
67357.53867701865, 59, 1.0
67362.10256692351, 59, 1.0
67366.15428135516, 54, 1.0
67366.32145210993, 101, 1.0
67390.45692154412, 83, -1.0
67391.32927282824, 133, 1.0
67393.32045074369, 101, 1.0
67393.89530328709, 101, 1.0
67417.42544856391, 54, -1.0
67428.35202626187, 101, -1.0
67431.39508787353, 59, 1.0
67453.25671222818, 59, -1.0
67459.64855353131, 59, -1.0
67463.89876305926, 59, 1.0
67466.60009971636, 54, -1.0
67467.64567864059, 101, -1.0
67474.60823993242, 117, -1.0
67498.57382536522, 83, 1.0
67500.34692713249, 59, 1.0
67505.31422845031, 59, 1.0
67510.36285161549, 117, 1.0
67513.58390473772, 117, 1.0
67520.2979453059, 83, 1.0
67527.73876795048, 83, 1.0
67528.8648428188, 133, 1.0
67535.73282333024, 104, 1.0
67544.58303538253, 101, -1.0
67554.06695299056, 59, 1.0
67570.22304286876, 59, 1.0
67584.10856964931, 83, 1.0
67603.87610799617, 83, 1.0
67621.71854093848, 59, 1.0
67624.68623470025, 59, 1.0
67626.17278622239, 59, 1.0
67626.24164822153, 59, 1.0
67631.6118139017, 117, 1.0
67636.03903440815, 104, 1.0
67638.63823795292, 59, 1.0
67648.15964419825, 83, -1.0
67651.84319421495, 54, -1.0
67654.9422265018, 59, 1.0
67666.98488792205, 101, -1.0
67677.71455826158, 101, -1.0
67683.01141188659, 83, -1.0
67719.8244170292, 117, -1.0
67732.61329028652, 59, 1.0
67739.98121545863, 101, -1.0
67752.91989334958, 54, -1.0
67770.44153236461, 101, -1.0
67772.35884492831, 59, 1.0
67773.73073425131, 117, 1.0
67774.73223947441, 101, -1.0
67784.81854925468, 59, -1.0
67796.10504058572, 59, 1.0
67812.808777822, 101, -1.0
67852.92931029266, 54, -1.0
67862.78921910304, 59, 1.0
67876.04462941248, 101, -1.0
67876.36165430669, 83, 1.0
67882.19553685449, 83, 1.0
67886.38971158743, 59, 1.0
67887.02352428393, 83, 1.0
67898.003211658, 83, 1.0
67898.32110425121, 59, -1.0
67910.77371692951, 83, -1.0
67919.81771058799, 133, -1.0
67928.37244632564, 59, -1.0
67947.34240613402, 101, 1.0
67949.9116384879, 101, -1.0
67976.39848609408, 54, -1.0
67985.01949971195, 101, -1.0
67995.19565827255, 101, 1.0
67996.95771796582, 83, 1.0
67999.85174211579, 101, -1.0
68035.95384168679, 83, 1.0
68039.5773636945, 59, 1.0
68042.91561205953, 117, 1.0
68051.44044969365, 117, 1.0
68065.68334302356, 117, 1.0
68081.8215822205, 101, -1.0
68083.71233376767, 104, -1.0
68085.93467933976, 59, 1.0
68086.55830469786, 101, -1.0
68103.33819714858, 133, 1.0
68104.74155136262, 101, -1.0
68106.06429157573, 59, 1.0
68129.09525341776, 101, -1.0
68133.84704992759, 83, -1.0
68134.70904105481, 59, -1.0
68138.4835264507, 101, 1.0
68149.22657489426, 70, -1.0
68152.69907517951, 101, -1.0
68153.01485392233, 117, 1.0
68154.70353031257, 83, 1.0
68157.762775629, 54, -1.0
68159.27310529415, 101, 1.0
68172.42705545304, 59, 1.0
68172.90609495355, 59, -1.0
68180.16235643574, 83, 1.0
68183.08575412983, 59, 1.0
68186.26112095354, 133, 1.0
68200.28001267786, 101, -1.0
68204.06776489876, 83, 1.0
68206.7125809226, 101, -1.0
68206.76234802198, 59, 1.0
68208.19403287738, 101, 1.0
68229.0232115676, 59, 1.0
68240.77695219475, 83, 1.0
68243.4201219243, 101, 1.0
68243.58780773713, 59, -1.0
68245.76787848881, 101, -1.0
68248.94037215218, 101, -1.0
68250.25184437292, 101, -1.0
68253.29676791382, 59, 1.0
68259.66100882323, 101, -1.0
68260.3146686375, 59, 1.0
68264.607933409, 54, -1.0
68293.93377899061, 117, 1.0
68295.47249355461, 83, 1.0
68299.54546832805, 117, 1.0
68300.13465036302, 101, -1.0
68303.78527125144, 59, -1.0
68305.19800878139, 59, 1.0
68323.22917747824, 83, 1.0
68324.58199477874, 83, 1.0
68359.16665679873, 83, 1.0
68365.62748079159, 101, -1.0
68380.81031172039, 59, -1.0
68391.49554997789, 101, 1.0
68430.02380288448, 70, -1.0
68441.66308032557, 59, -1.0
68441.7404632454, 117, 1.0
68455.77921815754, 59, 1.0
68489.2327465878, 70, -1.0
68517.40698153133, 133, -1.0
68522.37874649584, 59, 1.0
68536.60134959231, 59, 1.0
68550.55864808043, 133, -1.0
68558.20637092338, 54, 1.0
68635.25303387873, 70, -1.0
68641.20124889033, 83, 1.0
68643.87362682194, 101, -1.0
68649.28263327297, 83, 1.0
68659.9533064683, 117, -1.0
68670.46247625722, 101, -1.0
68681.70524786595, 133, -1.0
68682.67323310257, 59, 1.0
68701.71895573051, 70, -1.0
68772.80620656928, 133, -1.0
68799.37485917998, 59, -1.0
68825.37321909373, 101, 1.0
68826.23747967325, 101, -1.0
68860.28858574133, 101, -1.0
68879.43492177344, 59, -1.0
68884.77095083549, 101, -1.0
68894.5977962376, 104, -1.0
68908.32696457865, 117, 1.0
68909.27834487504, 101, -1.0
68922.29881571418, 101, -1.0
68928.2666353179, 59, 1.0
68932.91940289868, 54, 1.0
68939.17264237416, 133, -1.0
68958.66395886274, 59, 1.0
68964.19751604556, 70, -1.0
68964.76728043564, 83, 1.0
68966.86429465075, 83, 1.0
68970.92095694173, 101, -1.0
68973.1059625542, 70, -1.0
68987.53393431655, 133, -1.0
68995.94842943737, 59, -1.0
68998.4826909144, 59, 1.0
69007.43415479688, 117, 1.0
69010.95970410634, 101, -1.0
69020.9547396809, 83, 1.0
69029.20719063291, 101, -1.0
69042.00032740881, 133, -1.0
69044.92533341692, 54, -1.0
69067.57434884673, 70, -1.0
69099.49261048608, 83, 1.0
69104.83319084594, 117, -1.0
69105.3535066874, 83, 1.0
69113.82746903191, 133, -1.0
69115.39808134118, 59, 1.0
69131.81483978227, 117, -1.0
69141.86045666867, 59, -1.0
69154.07959019775, 101, -1.0
69162.76059327272, 101, -1.0
69166.4760034144, 59, 1.0
69167.23507295226, 59, 1.0
69181.47615782093, 70, 1.0
69197.4888718719, 101, -1.0
69220.2750704151, 70, 1.0
69251.88903602178, 83, 1.0
69265.65742007205, 133, -1.0
69282.35247218679, 133, -1.0
69285.51683726297, 133, -1.0
69314.8736921818, 101, -1.0
69314.90835383457, 83, -1.0
69340.70516143194, 133, -1.0
69347.51559287168, 133, -1.0
69360.66429316349, 59, 1.0
69380.69839493671, 83, 1.0
69382.23370415386, 101, 1.0
69384.37263699183, 83, -1.0
69386.75973878792, 59, -1.0
69400.1547625375, 70, -1.0
69413.92294887919, 133, -1.0
69460.3129284749, 83, 1.0
69489.72761763337, 104, 1.0
69508.26663078359, 59, 1.0
69509.86247527489, 59, -1.0
69512.62727703038, 54, 1.0
69514.58083535, 59, -1.0
69518.15243051838, 101, -1.0
69518.86407150378, 59, 1.0
69529.5639819556, 101, -1.0
69566.48440777737, 104, -1.0
69570.82564414055, 101, -1.0
69574.40348202622, 59, 1.0
69596.2533596555, 59, 1.0
69611.19460981643, 133, -1.0
69612.36425920943, 101, -1.0
69625.63722660669, 54, 1.0
69630.16046439302, 70, -1.0
69642.94211061939, 101, -1.0
69685.59107382386, 83, 1.0
69695.57847660163, 83, 1.0
69713.60742012027, 70, -1.0
69718.21853778552, 59, -1.0
69749.14580641707, 101, -1.0
69751.33011580486, 59, 1.0
69764.20889624418, 133, -1.0
69791.02547882801, 101, -1.0
69795.5843475339, 70, -1.0
69808.24892702456, 83, -1.0
69840.90459666446, 83, -1.0
69882.72292603855, 117, 1.0
69895.96034927684, 101, 1.0
69908.7423862389, 59, 1.0
69939.3050004928, 101, -1.0
69939.48929240453, 117, 1.0
69943.00008170948, 70, -1.0
69954.96831247995, 83, 1.0
69956.00692200525, 133, -1.0
69967.01734543336, 59, -1.0
69968.01345389585, 101, 1.0
69977.40468727099, 117, -1.0
69985.8956167604, 70, -1.0
70050.56729740904, 101, -1.0
70087.71828246776, 59, -1.0
70090.43664212282, 59, 1.0
70115.33924927565, 83, -1.0
70115.85241778768, 59, -1.0
70149.28288967711, 59, 1.0
70154.98429265429, 133, -1.0
70158.67091399428, 104, 1.0
70177.92316001984, 59, -1.0
70205.89765042269, 59, 1.0
70220.82956213683, 54, 1.0
70236.81745591901, 104, 1.0
70236.89623446675, 101, -1.0
70243.94815517576, 83, -1.0
70247.43768879629, 104, -1.0
70249.80170073827, 133, 1.0
70264.58338074762, 59, 1.0
70267.69594129306, 133, -1.0
70268.70409774667, 101, 1.0
70279.14804312609, 70, -1.0
70284.0553567531, 101, -1.0
70294.95512181836, 101, 1.0
70346.26093102814, 83, 1.0
70357.75984983247, 104, 1.0
70357.9017090052, 70, -1.0
70361.71769258563, 70, 1.0
70399.24868530208, 59, -1.0
70400.67844079186, 101, -1.0
70405.48311642563, 59, -1.0
70407.70184518401, 70, 1.0
70415.28909669926, 101, -1.0
70450.05406145679, 117, 1.0
70456.56099652358, 101, -1.0
70467.12929148399, 59, 1.0
70486.22316771866, 117, -1.0
70505.69752751403, 83, 1.0
70523.09501390153, 59, -1.0
70571.08395581428, 59, 1.0
70571.17882542657, 117, 1.0
70581.28800523214, 101, -1.0
70588.41927087237, 70, 1.0
70592.54795015075, 59, -1.0
70601.79283240107, 59, -1.0
70602.24496276479, 104, -1.0
70628.5201452949, 59, 1.0
70630.32593254838, 83, 1.0
70654.74010598299, 101, -1.0
70655.29836914016, 83, -1.0
70662.58123030518, 117, -1.0
70675.80329978387, 117, -1.0
70684.01704990826, 59, -1.0
70685.01258673127, 83, -1.0
70713.32305166882, 59, 1.0
70724.76397203829, 70, 1.0
70735.77760160413, 83, -1.0
70764.51375668983, 83, 1.0
70792.3977559794, 133, -1.0
70796.77718590072, 59, 1.0
70803.27722179047, 59, 1.0
70807.78480891287, 101, -1.0
70817.72496432738, 104, -1.0
70843.10246343649, 54, -1.0
70852.51768637785, 83, 1.0
70873.31024922145, 70, -1.0
70881.73592588255, 70, -1.0
70897.67421044916, 101, -1.0
70906.32195056818, 101, -1.0
70914.40455196027, 104, 1.0
70923.81900827406, 54, 1.0
70927.9747260115, 59, -1.0
70934.53393151739, 83, 1.0
70946.38746329208, 59, -1.0
70954.55257009658, 133, -1.0
70956.01783450933, 104, -1.0
70983.27741901937, 59, 1.0
71020.4909225103, 101, -1.0
71038.30846786566, 59, 1.0
71041.66105495609, 83, 1.0
71043.21702002393, 70, -1.0
71053.21330321135, 59, 1.0
71077.28673793843, 104, -1.0
71078.7061046779, 83, -1.0
71084.80344132344, 83, -1.0
71090.32364545201, 101, -1.0
71092.04727008042, 104, -1.0
71127.49298485102, 101, -1.0
71134.4001224582, 133, -1.0
71139.4030701874, 59, -1.0
71142.48506235717, 101, -1.0
71146.42430766425, 117, -1.0
71201.58382026038, 101, -1.0
71226.11741720777, 133, -1.0
71244.95496820203, 101, -1.0
71252.00489452077, 59, -1.0
71280.8185380517, 54, 1.0
71283.45317877087, 59, -1.0
71304.8322087061, 101, 1.0
71305.13725467937, 104, -1.0
71312.13118021257, 133, -1.0
71332.18157459763, 54, 1.0
71333.34325616952, 104, 1.0
71355.5197381073, 101, -1.0
71375.47129589484, 104, -1.0
71417.1268626302, 101, -1.0
71422.05053615037, 83, 1.0
71427.14147908929, 101, 1.0
71438.11821516424, 59, 1.0
71449.98831464056, 133, -1.0
71454.31983059786, 101, 1.0
71464.0267591055, 70, -1.0
71468.47513420359, 70, -1.0
71472.69020129181, 59, 1.0
71501.8470324784, 117, -1.0
71505.48436364322, 59, -1.0
71514.33828928646, 83, -1.0
71537.35374748045, 101, -1.0
71549.86205254818, 117, -1.0
71556.85251459992, 117, -1.0
71561.34575647027, 133, -1.0
71597.90261806767, 59, 1.0
71600.48943605933, 83, -1.0
71665.63183177108, 133, 1.0
71679.7659821191, 133, -1.0
71681.30306914625, 59, 1.0
71686.98012390808, 83, 1.0
71704.55063720969, 83, 1.0
71706.71109254459, 59, 1.0
71711.7864660877, 133, -1.0
71724.3229890347, 104, 1.0
71731.94387095702, 101, -1.0
71734.2544140825, 101, -1.0
71738.16204593856, 59, 1.0
71741.65287517298, 59, 1.0
71744.2563421189, 70, 1.0
71752.56697539835, 83, 1.0
71764.67994693862, 133, -1.0
71774.89845625297, 70, -1.0
71795.13553184779, 101, -1.0
71807.62343492017, 117, -1.0
71812.59485874044, 83, -1.0
71831.64271543306, 59, -1.0
71837.88002535021, 101, -1.0
71838.1056550354, 59, -1.0
71839.7830513491, 101, -1.0
71846.4016449913, 117, 1.0
71895.22557683497, 59, 1.0
71898.3945649975, 101, -1.0
71922.90217615172, 59, 1.0
71930.08436679104, 117, -1.0
71946.5639328153, 101, -1.0
71950.39214010822, 59, -1.0
71969.20855791944, 101, 1.0
71972.19396532413, 83, 1.0
71977.12321117138, 59, 1.0
71980.181618718, 101, -1.0
72062.57412817764, 104, -1.0
72081.27046170775, 59, -1.0
72117.62621222454, 104, 1.0
72132.98840963878, 117, -1.0
72205.1434751941, 101, -1.0
72233.77958007863, 101, 1.0
72289.12732736586, 101, 1.0
72321.26659723018, 59, -1.0
72372.69579126289, 101, 1.0
72383.22594591389, 101, 1.0
72419.944451953, 59, -1.0
72515.9163498976, 117, -1.0
72559.3172001925, 133, 1.0
72592.5625905185, 70, 1.0
72593.67269601265, 104, 1.0
72901.33748071984, 83, -1.0
72927.45908390352, 54, -1.0
72939.75604378918, 83, -1.0
72980.22715266085, 54, -1.0
72985.9274091793, 101, 1.0
73002.44994136729, 101, -1.0
73159.97333173876, 59, -1.0
73187.60217648394, 104, 1.0
73194.27178137792, 101, -1.0
73226.49955695323, 59, 1.0
73233.0925622782, 101, -1.0
73246.71797570465, 133, -1.0
73466.41226195333, 59, -1.0
73480.8497649751, 101, 1.0
73601.01696750669, 83, -1.0
73633.3160236937, 101, 1.0
73697.34978628182, 101, 1.0
73706.20232469177, 83, -1.0
73707.10151767604, 101, -1.0
73716.77020356187, 133, 1.0
73743.48892859925, 101, -1.0
73746.98636376632, 101, 1.0
73764.12322564625, 83, -1.0
73781.26202311344, 117, -1.0
73810.75934682717, 54, -1.0
73838.76591827876, 133, -1.0
73907.34357904944, 117, -1.0
73928.07423247684, 101, -1.0
73949.99243109705, 83, -1.0
74082.33318650283, 83, -1.0
74214.05259859272, 101, 1.0
74256.69355381322, 117, -1.0
74294.92331871425, 101, -1.0
74326.69624779593, 70, 1.0
74343.93629345264, 101, 1.0
74401.82100061014, 83, -1.0
74405.45845137023, 83, -1.0
74467.204324001, 133, -1.0
74491.06758774398, 59, -1.0
74498.56409800627, 101, 1.0
74548.91102880625, 54, -1.0
74580.75340821527, 104, 1.0
74585.94562817612, 101, 1.0
74673.92940897982, 83, -1.0
74677.92002335755, 101, -1.0
74698.68269104189, 59, 1.0
74732.87916839069, 83, -1.0
74782.19420277378, 59, -1.0
74947.54236520872, 101, -1.0
75042.35868227459, 83, -1.0
75065.49591145487, 117, -1.0
75067.34301393673, 117, -1.0
75069.9858590675, 101, 1.0
75102.1710120217, 104, 1.0
75199.67092201719, 101, 1.0
75218.36809453915, 104, 1.0
75297.39066526639, 101, -1.0
75309.20100002595, 83, -1.0
75327.30854205684, 133, 1.0
75343.81889536901, 83, -1.0
75369.65667312098, 101, -1.0
75397.40641636803, 101, 1.0
75421.82941673075, 101, -1.0
75469.71286324608, 101, 1.0
75488.9994257688, 59, -1.0
75511.81476798377, 104, 1.0
75516.5669061476, 101, -1.0
75591.06662093932, 117, -1.0
75591.31470515262, 101, 1.0
