61210.17387464439, 70, -1.0
61215.54619536226, 54, -1.0
61222.096316090516, 59, -1.0
61236.68423910777, 83, 1.0
61237.91714801744, 104, 1.0
61251.17866118074, 59, -1.0
61258.766728091745, 101, -1.0
61267.4681587013, 101, 1.0
61279.82857402164, 101, 1.0
61279.83920528908, 133, -1.0
61290.61816372534, 133, -1.0
61312.21060479054, 133, -1.0
61321.75015574785, 59, -1.0
61324.24602865888, 101, 1.0
61331.642995747665, 133, -1.0
61331.88989231152, 59, 1.0
61336.370881282215, 133, -1.0
61339.8634496704, 70, 1.0
61341.25049860403, 83, 1.0
61348.09643196611, 59, -1.0
61360.25660607477, 117, 1.0
61362.362381470564, 59, 1.0
61373.858102998405, 104, -1.0
61393.62531125384, 133, -1.0
61408.04027527549, 59, 1.0
61417.36276914023, 83, 1.0
61420.79504399718, 59, 1.0
61431.7674791762, 101, 1.0
61432.45669232191, 101, -1.0
61436.430959120444, 54, -1.0
61448.78123230918, 70, 1.0
61453.84977206816, 104, 1.0
61455.96518653935, 59, 1.0
61456.90028981096, 133, 1.0
61482.20814531532, 104, 1.0
61482.70702254325, 59, 1.0
61483.455535737114, 83, -1.0
61492.09808508695, 83, -1.0
61496.05669016558, 59, -1.0
61498.02604831135, 133, -1.0
61505.317583675795, 59, 1.0
61506.0679719171, 133, -1.0
61528.00819192754, 59, -1.0
61528.190237986, 101, 1.0
61532.11205195626, 59, 1.0
61567.080842432166, 104, 1.0
61595.066883315194, 59, 1.0
61602.71417172932, 83, -1.0
61603.676720260664, 59, 1.0
61604.46190337392, 101, 1.0
61647.03807070089, 70, 1.0
61654.830255148874, 83, 1.0
61664.774894179136, 104, 1.0
61664.95628055812, 59, -1.0
61696.19702005906, 101, 1.0
61701.58572126081, 59, 1.0
61708.60519141106, 101, 1.0
61712.15475538054, 83, 1.0
61729.771599454245, 59, 1.0
61733.09733303602, 104, 1.0
61763.422253662735, 104, 1.0
61769.84740564139, 101, 1.0
61778.56074562119, 83, 1.0
61791.0611961162, 133, -1.0
61800.843016625135, 104, 1.0
61808.900821295596, 59, 1.0
61835.846459888126, 133, -1.0
61845.60030772277, 101, 1.0
61858.21582581577, 83, -1.0
61872.33024039707, 104, -1.0
61877.76031922762, 59, 1.0
61882.794581318536, 54, -1.0
61889.32435186726, 59, 1.0
61926.46457417233, 54, -1.0
61926.51742202223, 59, 1.0
61927.02101930328, 59, -1.0
61936.98283418216, 59, 1.0
61948.63987522939, 133, -1.0
61984.56387012468, 59, -1.0
61995.97436687486, 59, 1.0
62013.03192329076, 70, 1.0
62014.167163011305, 101, 1.0
62018.48728956798, 59, 1.0
62028.1584603781, 101, -1.0
62031.27537017153, 83, 1.0
62034.66569351035, 59, -1.0
62038.16016114887, 104, 1.0
62052.65887223472, 104, -1.0
62065.64070859729, 101, 1.0
62086.96027945196, 59, 1.0
62102.062869553236, 83, 1.0
62109.3653320895, 59, 1.0
62112.85226643378, 133, -1.0
62122.657993819215, 101, 1.0
62140.596757346735, 117, 1.0
62146.93554480566, 133, -1.0
62153.59013171255, 54, 1.0
62160.79899189192, 104, 1.0
62170.7371561297, 59, 1.0
62172.39751642329, 101, -1.0
62172.622720271196, 133, -1.0
62173.83467457727, 59, 1.0
62193.57739300561, 70, 1.0
62197.45513673984, 59, 1.0
62199.30116227131, 133, -1.0
62200.30152987892, 59, -1.0
62200.35296610145, 101, 1.0
62219.23466111066, 59, -1.0
62222.51756099526, 59, -1.0
62225.48303585789, 70, 1.0
62234.0591490381, 104, -1.0
62235.84464710375, 133, -1.0
62243.09697308478, 104, 1.0
62255.93275214902, 133, -1.0
62267.752456429946, 101, 1.0
62273.54886057548, 59, 1.0
62275.10924465716, 101, 1.0
62278.472385407105, 59, 1.0
62280.589805968884, 59, -1.0
62311.4014548076, 70, 1.0
62315.30308607827, 59, 1.0
62322.76804004146, 54, -1.0
62328.156471699556, 59, -1.0
62339.95829875535, 101, 1.0
62358.44161842099, 54, -1.0
62371.96720789994, 83, 1.0
62373.4466164165, 101, 1.0
62377.28319114996, 59, 1.0
62384.619671754306, 101, 1.0
62389.92266492655, 133, -1.0
62399.26032336479, 70, 1.0
62403.06376587988, 133, -1.0
62415.56793607327, 83, 1.0
62451.98145817701, 59, -1.0
62457.67784802572, 83, 1.0
62462.4560589553, 59, 1.0
62465.378372922765, 54, 1.0
62470.73884182124, 104, -1.0
62480.64384593116, 104, 1.0
62492.4223785077, 133, -1.0
62492.68436979799, 104, -1.0
62498.239578205415, 101, 1.0
62516.512419149665, 59, 1.0
62526.02881065265, 101, 1.0
62530.42817455887, 59, 1.0
62531.764314077314, 59, 1.0
62537.74784623064, 83, 1.0
62556.29816588023, 59, -1.0
62563.88198372905, 104, -1.0
62564.11655835076, 59, 1.0
62566.64425505139, 54, -1.0
62574.47227292205, 83, 1.0
62580.97348316863, 101, 1.0
62585.37931737923, 101, 1.0
62593.28083018455, 54, 1.0
62599.629478657436, 70, 1.0
62602.88345628325, 54, 1.0
62604.409293601144, 59, 1.0
62615.935490946205, 101, 1.0
62616.10605091445, 59, -1.0
62617.472859411544, 83, -1.0
62631.1696319234, 59, -1.0
62638.35562939889, 133, -1.0
62647.65381998097, 133, -1.0
62650.11510607418, 101, 1.0
62650.323259782905, 83, 1.0
62669.14466317795, 59, 1.0
62676.25650168221, 83, -1.0
62684.71566971878, 83, 1.0
62685.55390773179, 54, 1.0
62690.08008389771, 101, 1.0
62696.12008298699, 59, -1.0
62712.77237782519, 133, -1.0
62730.17910643127, 83, 1.0
62740.61083742877, 101, 1.0
62745.1494514328, 54, -1.0
62762.91386137046, 101, 1.0
62763.710666958505, 133, 1.0
62772.27112886169, 59, 1.0
62776.35167757986, 59, 1.0
62790.18779021082, 83, 1.0
62802.46636992998, 70, -1.0
62806.6071781017, 133, -1.0
62817.60871807558, 59, -1.0
62819.617274624296, 59, 1.0
62819.767213791645, 117, 1.0
62838.37112030896, 104, -1.0
62858.120119559855, 133, -1.0
62858.99897761689, 83, 1.0
62864.89971427113, 83, -1.0
62867.02983595141, 59, -1.0
62874.04733904666, 70, 1.0
62895.02605781785, 59, -1.0
62901.97500418042, 104, -1.0
62902.65360545775, 83, 1.0
62917.75456744817, 104, -1.0
62948.94564752298, 101, -1.0
62969.07666546726, 133, -1.0
62972.45494536536, 59, 1.0
62976.046794791735, 70, 1.0
62983.76885084143, 59, 1.0
62997.88146504009, 59, 1.0
63001.4705406056, 59, -1.0
63006.06292483208, 101, 1.0
63012.15824304039, 59, 1.0
63038.63461333611, 83, 1.0
63041.63756735518, 101, 1.0
63055.561743411534, 54, -1.0
63058.091022767905, 59, 1.0
63059.58681543369, 133, -1.0
63080.13181293943, 104, -1.0
63083.82513445866, 101, 1.0
63090.302672636026, 101, 1.0
63154.68773755686, 54, 1.0
63189.22623658124, 104, -1.0
63203.27002252749, 101, 1.0
63206.72723937071, 54, 1.0
63214.77723756342, 133, -1.0
63215.877982180464, 59, -1.0
63218.5969957868, 59, -1.0
63224.06683558441, 70, 1.0
63240.49296324827, 59, 1.0
63274.817512482776, 83, -1.0
63276.820417400115, 59, 1.0
63282.18586290846, 101, 1.0
63285.77240612631, 59, -1.0
63292.371419991454, 83, -1.0
63296.69080364697, 59, 1.0
63296.92873272361, 101, 1.0
63310.20572128864, 104, 1.0
63326.122577601134, 59, 1.0
63326.32539629516, 70, 1.0
63329.63293372092, 59, 1.0
63337.81341275875, 101, 1.0
63359.39497406937, 133, -1.0
63359.987404862666, 101, 1.0
63365.20835587823, 101, 1.0
63369.70370891121, 59, 1.0
63373.788397806195, 59, 1.0
63398.87595947679, 59, 1.0
63399.789172896184, 133, -1.0
63405.73114656854, 83, 1.0
63415.12625537279, 59, 1.0
63418.7757740192, 101, 1.0
63426.35936604204, 59, 1.0
63440.74142625002, 104, 1.0
63458.985809347556, 59, 1.0
63491.68025066976, 70, 1.0
63513.96666033445, 104, 1.0
63527.80271294189, 133, -1.0
63551.41491020368, 59, 1.0
63553.393855187154, 83, 1.0
63555.420880826416, 54, -1.0
63558.95714164761, 59, 1.0
63560.27784342986, 133, -1.0
63596.34713230861, 70, -1.0
63606.27191085444, 70, 1.0
63609.36693584609, 133, -1.0
63615.973509310505, 104, 1.0
63620.61506793995, 104, -1.0
63621.59619027923, 59, 1.0
63625.317780584315, 59, 1.0
63640.72612952721, 59, 1.0
63646.759324652674, 59, 1.0
63673.744945433325, 59, 1.0
63677.90911654276, 101, 1.0
63678.29455733744, 104, 1.0
63679.61269462846, 59, 1.0
63681.08390069765, 117, 1.0
63685.19780816535, 101, 1.0
63695.01216924612, 59, 1.0
63700.15708741024, 59, -1.0
63703.70795875247, 133, -1.0
63706.36983388859, 59, 1.0
63716.298774396164, 117, 1.0
63722.592830928734, 70, 1.0
63724.14563236738, 59, 1.0
63729.72643627764, 54, -1.0
63730.92417777425, 83, 1.0
63733.640756039465, 133, -1.0
63740.45452260211, 133, -1.0
63745.25417153178, 59, -1.0
63753.832126041445, 59, -1.0
63765.144868276715, 59, 1.0
63768.2675219705, 101, -1.0
63773.69889604934, 83, 1.0
63788.181240178266, 54, -1.0
63795.75372767006, 104, -1.0
63801.6995491923, 59, 1.0
63810.34138776636, 101, 1.0
63826.052711403994, 104, -1.0
63835.32168008359, 133, -1.0
63837.83119017703, 54, 1.0
63841.459108792085, 59, 1.0
63842.89356673717, 117, 1.0
63854.99785682755, 59, 1.0
63856.46053276775, 101, 1.0
63864.95773172733, 133, 1.0
63869.57919893661, 59, 1.0
63873.53465339275, 83, 1.0
63879.951764057616, 104, -1.0
63887.85575850904, 70, -1.0
63890.43263721768, 83, 1.0
63929.86216957449, 59, 1.0
63937.55622973356, 59, 1.0
63941.01654041414, 59, -1.0
63941.049391632136, 83, -1.0
63946.42816488417, 59, 1.0
63952.66832755165, 59, 1.0
63957.2688130152, 101, 1.0
63979.34019598303, 83, 1.0
64003.224474549344, 101, 1.0
64008.03334206163, 101, -1.0
64013.52295163685, 59, 1.0
64022.70060705105, 101, 1.0
64041.563903363996, 101, 1.0
64051.85587756744, 83, 1.0
64055.38358952615, 83, -1.0
64057.01644718333, 83, 1.0
64073.31729446144, 83, 1.0
64074.59948970346, 101, 1.0
64076.63766984426, 133, 1.0
64086.385915408086, 133, -1.0
64131.03642388901, 101, 1.0
64147.370971065335, 133, 1.0
64149.18194613713, 133, -1.0
64154.406906262324, 104, 1.0
64164.38744275642, 59, 1.0
64168.5168559655, 59, 1.0
64175.41685361577, 101, 1.0
64177.881523713404, 133, -1.0
64178.86962146393, 59, 1.0
64179.864916679726, 101, 1.0
64191.252754280984, 104, 1.0
64195.32418095958, 133, 1.0
64201.245531446104, 104, 1.0
64208.2095383432, 104, 1.0
64230.86859781431, 70, -1.0
64231.62873504446, 101, 1.0
64250.97049332918, 59, -1.0
64259.05556065152, 83, 1.0
64260.48265396076, 133, 1.0
64266.663133559516, 83, 1.0
64267.04037997559, 104, 1.0
64272.802870840664, 83, -1.0
64276.04279038539, 59, -1.0
64277.6575634662, 83, 1.0
64287.40455369741, 59, 1.0
64289.473241060565, 59, 1.0
64299.685427451695, 117, 1.0
64305.72607869499, 59, 1.0
64307.753926368234, 70, 1.0
64315.62637119484, 83, 1.0
64319.52032445448, 83, 1.0
64329.58009500321, 101, -1.0
64331.186420631115, 83, 1.0
64333.47509674624, 104, 1.0
64343.8326895633, 54, 1.0
64371.90975932401, 133, 1.0
64391.52677321024, 59, -1.0
64399.36405708026, 70, 1.0
64399.95796708295, 104, -1.0
64403.497162896114, 54, -1.0
64416.90487112824, 83, 1.0
64421.73092278353, 133, -1.0
64432.7125892982, 59, -1.0
64441.15890990415, 54, -1.0
64443.89499364256, 59, -1.0
64448.05501134488, 133, -1.0
64461.35082092021, 133, -1.0
64488.32600077285, 59, 1.0
64496.73675901237, 101, 1.0
64507.17622825977, 104, -1.0
64507.86762154238, 101, 1.0
64510.55941119263, 83, 1.0
64517.98425898525, 101, 1.0
64524.67698433119, 101, 1.0
64527.183570220004, 59, 1.0
64527.94306933964, 59, 1.0
64532.561468955355, 101, 1.0
64546.73394691048, 59, 1.0
64548.42498162178, 70, 1.0
64553.09555375208, 104, -1.0
64570.999211719565, 117, 1.0
64576.55539219723, 59, -1.0
64587.574021738394, 59, 1.0
64612.91159468318, 59, 1.0
64613.99955396129, 83, -1.0
64628.65309514416, 83, 1.0
64650.56319938194, 54, -1.0
64660.232066831304, 59, 1.0
64668.24463849581, 59, -1.0
64673.698294043905, 133, -1.0
64675.29470738283, 59, -1.0
64701.21131253864, 117, 1.0
64705.65980407546, 101, 1.0
64707.549975549744, 101, 1.0
64709.473650629836, 104, 1.0
64714.22316782418, 59, 1.0
64745.580060823806, 70, 1.0
64769.73384980188, 104, 1.0
64774.53177532679, 133, -1.0
64776.27477713317, 133, -1.0
64788.319056717526, 59, -1.0
64793.72859437924, 133, -1.0
64799.73389643099, 59, 1.0
64807.946838578326, 101, -1.0
64808.15371838627, 59, -1.0
64813.187243962355, 101, 1.0
64818.127162170524, 104, -1.0
64818.37415746439, 59, 1.0
64828.111586976476, 83, 1.0
64829.194338750145, 133, -1.0
64831.566457429915, 59, 1.0
64847.609715117076, 59, 1.0
64859.09959773083, 59, -1.0
64864.51082962869, 117, 1.0
64865.45111783573, 59, -1.0
64876.24778713824, 104, -1.0
64894.488467156756, 59, 1.0
64914.526309787245, 101, 1.0
64929.43512053981, 59, -1.0
64939.87321922041, 83, 1.0
64942.07136427184, 83, 1.0
64943.43165621416, 101, 1.0
64948.836447498135, 83, 1.0
64951.65936879705, 70, -1.0
64962.652653050616, 59, -1.0
64968.55918401005, 83, 1.0
64990.32700134776, 59, 1.0
64992.63985753486, 59, 1.0
65000.61150452994, 117, -1.0
65014.93455381447, 59, 1.0
65030.387988929186, 101, 1.0
65037.85104790051, 83, 1.0
65047.44853656851, 101, -1.0
65050.074880690176, 117, -1.0
65050.360848654025, 59, -1.0
65052.32101305934, 59, 1.0
65069.98711681387, 117, 1.0
65071.85410137837, 59, 1.0
65079.4545289789, 133, -1.0
65101.3172479669, 59, -1.0
65113.54636349235, 59, 1.0
65119.42486193183, 104, -1.0
65131.3893982312, 83, 1.0
65131.48637763763, 59, 1.0
65131.59686846801, 83, 1.0
65140.72711236934, 59, -1.0
65146.86108930317, 117, 1.0
65146.96469548119, 59, 1.0
65148.71199416658, 59, 1.0
65176.82869817244, 104, -1.0
65195.96300618896, 104, -1.0
65201.58512832351, 101, 1.0
65201.59835346648, 104, 1.0
65202.83427724611, 104, -1.0
65207.78424211584, 83, 1.0
65227.888421322205, 59, 1.0
65234.65447338757, 54, -1.0
65235.398063529035, 83, -1.0
65263.68571786927, 101, -1.0
65265.95969948651, 70, 1.0
65285.15620148758, 54, -1.0
65297.4920090767, 104, -1.0
65310.91272701448, 104, -1.0
65339.089509335645, 117, 1.0
65351.13927953477, 117, 1.0
65357.58011349151, 59, 1.0
65358.872367658725, 83, 1.0
65378.19095093571, 101, -1.0
65381.395353107946, 83, 1.0
65408.71471517386, 104, -1.0
65411.882528282644, 54, 1.0
65416.4890189341, 59, -1.0
65418.88185786185, 59, -1.0
65420.43596546559, 101, -1.0
65501.385136714875, 83, -1.0
65519.493642002264, 117, 1.0
65520.3148010375, 83, 1.0
65548.78874320956, 59, 1.0
65563.46808996845, 101, -1.0
65574.35846488668, 101, 1.0
65590.30431471215, 101, -1.0
65609.00934420768, 101, -1.0
65628.54996391726, 59, 1.0
65636.2441279428, 59, -1.0
65646.71196832511, 59, 1.0
65652.58610930578, 83, 1.0
65665.33993166355, 101, 1.0
65667.72324174363, 104, 1.0
65680.56859748445, 83, 1.0
65690.81608697213, 101, -1.0
65709.05366165738, 101, 1.0
65713.91698696764, 59, 1.0
65717.18607909292, 117, 1.0
65722.14403068396, 70, -1.0
65722.74907799014, 133, -1.0
65747.5664377223, 133, -1.0
65793.6243886848, 83, 1.0
65800.92459880174, 117, -1.0
65802.61411620364, 59, -1.0
65825.694144266, 59, 1.0
65836.75479812168, 101, -1.0
65847.10438614617, 59, -1.0
65855.34322672973, 83, 1.0
65860.13091462923, 117, 1.0
65864.96486874273, 83, -1.0
65869.6837773384, 59, 1.0
65873.1405845972, 59, -1.0
65892.81511999834, 117, 1.0
65912.27806259046, 117, -1.0
65914.75576659267, 83, -1.0
65916.6409174171, 101, -1.0
65918.85823138127, 83, 1.0
65933.95812393981, 104, -1.0
65938.36257474388, 83, -1.0
65943.592582631, 54, -1.0
65946.70007467315, 133, 1.0
65956.09378915933, 101, -1.0
65959.74406168613, 59, 1.0
65960.37107745651, 104, -1.0
65966.81457473285, 59, 1.0
65987.32588875055, 59, 1.0
65994.45714946966, 133, -1.0
66017.50806803016, 54, 1.0
66023.26355216683, 104, -1.0
66023.99939337898, 83, 1.0
66027.46899989044, 54, 1.0
66033.12826728036, 117, 1.0
66054.6449714343, 83, 1.0
66067.88224374224, 83, -1.0
66081.53439558944, 59, 1.0
66099.47509983092, 133, -1.0
66113.34789277834, 101, -1.0
66116.97604566332, 133, -1.0
66119.67580430515, 59, 1.0
66121.8855363514, 59, 1.0
66122.77653882901, 59, -1.0
66124.13434098009, 117, 1.0
66134.62368845155, 101, 1.0
66136.28721127856, 83, 1.0
66154.03385497195, 83, 1.0
66154.2367060362, 104, -1.0
66154.75243646742, 59, 1.0
66180.66037140907, 117, 1.0
66187.89795970816, 59, 1.0
66204.00424419108, 59, 1.0
66205.1216684769, 59, -1.0
66215.8012624625, 101, -1.0
66264.89282527102, 59, 1.0
66270.16352632015, 59, 1.0
66283.6996993999, 133, -1.0
66288.91588346905, 59, 1.0
66298.56178176499, 133, 1.0
66313.98381576568, 83, 1.0
66332.74613164316, 83, 1.0
66336.619759813, 101, -1.0
66351.97672760992, 104, -1.0
66367.57088981287, 83, 1.0
66374.14799003061, 133, -1.0
66377.15997773314, 101, -1.0
66377.6181336102, 54, -1.0
66382.00411672509, 133, -1.0
66407.59421937296, 54, -1.0
66428.23548447422, 83, 1.0
66428.61420861511, 59, -1.0
66436.51396735306, 59, 1.0
66447.92147492299, 117, 1.0
66463.98000454149, 83, 1.0
66470.13075107464, 70, -1.0
66472.47391482626, 117, 1.0
66482.47895924849, 59, -1.0
66493.71564853194, 117, 1.0
66500.79933871127, 59, -1.0
66504.19370503741, 133, -1.0
66507.36195617808, 54, -1.0
66514.76428573178, 104, 1.0
66520.8787699946, 117, 1.0
66542.35490931023, 101, -1.0
66552.25951644668, 101, -1.0
66583.52805296314, 104, 1.0
66608.878726432, 83, 1.0
66675.1506821274, 83, -1.0
66696.13581417887, 83, 1.0
66707.96887315506, 117, -1.0
66713.14221782294, 70, 1.0
66725.35414430345, 54, -1.0
66728.20179637625, 101, -1.0
66741.7938278263, 59, 1.0
66743.75917901873, 59, -1.0
66757.83584677082, 59, 1.0
66762.02201761544, 70, -1.0
66783.63673684618, 54, -1.0
66793.03991420873, 54, -1.0
66794.44537384778, 117, 1.0
66795.64138270996, 104, -1.0
66843.52626558616, 59, -1.0
66844.86427398887, 59, 1.0
66850.23838266796, 70, -1.0
66859.38664902345, 59, 1.0
66880.18461321395, 70, -1.0
66887.65256062512, 104, 1.0
66894.55901537137, 70, 1.0
66895.13922152347, 117, 1.0
66931.5365998731, 83, 1.0
66932.05603534235, 59, -1.0
66934.96356600786, 54, -1.0
66937.70564348616, 59, 1.0
66952.19937872373, 101, -1.0
66952.91497023232, 83, 1.0
66964.56135121595, 101, -1.0
66981.18510466244, 117, 1.0
66985.14842091314, 59, 1.0
66990.73218163122, 59, 1.0
66993.65601978028, 101, -1.0
66994.1886536382, 133, -1.0
67002.92959174715, 59, 1.0
67030.36493659196, 83, 1.0
67031.85560504254, 59, 1.0
67067.31628448551, 83, 1.0
67071.07050187653, 104, -1.0
67078.80121643038, 83, 1.0
67081.7153123824, 133, -1.0
67086.0504166733, 83, 1.0
67087.0933649792, 101, -1.0
67093.5814470953, 59, 1.0
67138.77706740636, 83, 1.0
67167.48494983373, 133, -1.0
67172.96427369922, 133, -1.0
67174.28017376804, 59, 1.0
67179.0135872869, 83, 1.0
67179.80284352326, 70, -1.0
67186.89212979609, 54, -1.0
67194.83956732615, 70, 1.0
67200.05532033314, 70, -1.0
67202.11785105096, 117, -1.0
67205.7843508603, 54, 1.0
67209.80429464392, 117, 1.0
67210.24672930116, 59, 1.0
67210.86477279443, 104, -1.0
67223.80191272075, 59, 1.0
67226.26911651091, 83, 1.0
67234.89750861452, 59, -1.0
67238.72060070428, 59, 1.0
67244.33383456104, 104, -1.0
67246.4251538846, 59, 1.0
67263.89866214895, 83, 1.0
67299.55584733648, 59, -1.0
67303.53597163595, 54, 1.0
67304.4682559416, 54, -1.0
67310.78819195798, 117, 1.0
67313.89026515537, 59, 1.0
67314.65146858837, 59, 1.0
67315.95769217673, 133, -1.0
67353.24847731866, 70, 1.0
67356.1018948848, 133, -1.0
67356.26896185058, 59, 1.0
67364.75237340781, 117, 1.0
67365.65700779707, 83, -1.0
67365.75894451505, 133, 1.0
67370.28387822297, 59, 1.0
67372.53210880372, 101, -1.0
67390.58709346896, 83, 1.0
67395.91793148301, 54, 1.0
67399.39305916995, 117, 1.0
67423.33045976935, 104, -1.0
67423.6010772834, 133, 1.0
67430.71536338762, 101, -1.0
67433.95802915673, 104, -1.0
67445.15314306723, 83, -1.0
67475.45239683388, 83, 1.0
67478.91313218162, 101, -1.0
67488.95272348882, 83, 1.0
67514.60909090428, 101, -1.0
67517.13005669172, 133, 1.0
67539.29928414547, 83, 1.0
67552.99415664213, 133, -1.0
67567.68815189307, 83, 1.0
67568.70330492393, 101, -1.0
67569.99714684133, 54, -1.0
67573.172743336, 59, 1.0
67577.64191771531, 59, -1.0
67577.82205933747, 54, -1.0
67606.07205823714, 59, 1.0
67617.97896221765, 70, -1.0
67636.17692457995, 83, 1.0
67639.75408335388, 59, -1.0
67648.58043688624, 133, -1.0
67655.64892879066, 59, 1.0
67656.97461030967, 59, -1.0
67658.95806326509, 59, -1.0
67659.65811743273, 83, -1.0
67673.02149165754, 83, 1.0
67679.64166346885, 59, 1.0
67698.68682029753, 59, 1.0
67705.09916611221, 54, -1.0
67712.33964789707, 70, 1.0
67712.79239297216, 101, 1.0
67721.31109565665, 83, 1.0
67756.23115556505, 104, 1.0
67790.65588092012, 133, -1.0
67793.10963725101, 59, 1.0
67797.94417561848, 83, 1.0
67798.46377921439, 70, 1.0
67836.7041222896, 83, 1.0
67842.9214493841, 101, -1.0
67845.93272521373, 104, 1.0
67874.04487696834, 101, -1.0
67886.05455121814, 101, -1.0
67910.299319932, 54, -1.0
67916.08374402, 59, -1.0
67924.99881763228, 101, -1.0
67931.99927996393, 133, 1.0
67934.54969193456, 133, -1.0
67935.40654119443, 104, 1.0
67960.58680958622, 117, -1.0
67962.72165047789, 101, -1.0
67972.70216433331, 54, 1.0
67972.7718358496, 59, 1.0
67974.80522872537, 117, -1.0
67980.95837295536, 59, -1.0
67989.10374020944, 83, 1.0
67991.18787835161, 54, 1.0
67991.8936445807, 83, 1.0
67999.17089133509, 59, 1.0
68007.34138819072, 133, -1.0
68020.96855520403, 54, -1.0
68056.76511879319, 104, -1.0
68075.66905703756, 59, 1.0
68092.09229615267, 83, -1.0
68094.48537524689, 104, 1.0
68102.24085700032, 104, -1.0
68126.0597452906, 59, 1.0
68129.01158884863, 54, -1.0
68139.6488485391, 117, -1.0
68161.0337842425, 59, 1.0
68186.38444096337, 83, -1.0
68189.15289748456, 83, 1.0
68190.7862550302, 104, -1.0
68218.46738183919, 59, 1.0
68228.70762049354, 133, -1.0
68231.8938709111, 104, 1.0
68236.70397518238, 59, 1.0
68257.43910812498, 104, 1.0
68276.19424910581, 59, -1.0
68276.87375292544, 70, -1.0
68286.69886971601, 101, -1.0
68290.55444032516, 59, 1.0
68303.8348950253, 59, 1.0
68328.66227135182, 104, 1.0
68346.83526958755, 83, -1.0
68351.60994731226, 117, 1.0
68354.6920260166, 83, 1.0
68361.26200902017, 70, 1.0
68369.72904173838, 59, 1.0
68370.53925104589, 83, 1.0
68376.34499759614, 70, -1.0
68444.15421925091, 101, -1.0
68486.20223981589, 101, 1.0
68492.34811943307, 117, 1.0
68507.15042848357, 101, 1.0
68507.94662298044, 101, 1.0
68509.77919416611, 83, 1.0
68517.17538112646, 133, -1.0
68519.97037008416, 83, 1.0
68520.82884503527, 54, -1.0
68536.00448223215, 59, 1.0
68568.03674214105, 101, 1.0
68618.52798534371, 59, 1.0
68620.06322066739, 70, 1.0
68630.01067525356, 59, 1.0
68633.66408294553, 70, 1.0
68701.19299546453, 101, -1.0
68705.15246539337, 59, 1.0
68720.40723962648, 133, -1.0
68726.86710672949, 101, 1.0
68740.95843023143, 101, 1.0
68779.81667824951, 59, -1.0
68781.01121392501, 117, 1.0
68788.62714535533, 59, 1.0
68796.69890661043, 59, 1.0
68807.51123376733, 83, 1.0
68818.72168385753, 59, 1.0
68838.3048737208, 70, -1.0
68871.57089672549, 54, 1.0
68877.28141370782, 101, 1.0
68885.40093729488, 133, -1.0
68885.69843550501, 59, 1.0
68908.22211031281, 59, 1.0
68910.57871461764, 54, 1.0
68926.54307420424, 59, 1.0
68931.96195564742, 59, 1.0
68937.9683213247, 59, 1.0
68963.43549212303, 83, 1.0
68965.43943626892, 104, -1.0
68967.60545773745, 83, 1.0
68977.02017622323, 101, 1.0
68986.5442180065, 104, -1.0
68991.06990216127, 83, 1.0
68991.14007928398, 117, -1.0
68994.66207142602, 54, -1.0
69015.41155555204, 70, -1.0
69040.0456372803, 117, 1.0
69040.15513517678, 59, 1.0
69054.34933720567, 59, 1.0
69057.29039669537, 117, 1.0
69081.22676167316, 133, 1.0
69085.78336242934, 117, -1.0
69097.01886008935, 101, -1.0
69107.76986677936, 83, 1.0
69108.17889886336, 83, 1.0
69111.62324992305, 101, 1.0
69119.81090879056, 54, 1.0
69143.13009813933, 59, -1.0
69170.82861449638, 59, 1.0
69186.44147903602, 54, -1.0
69194.7255996186, 54, 1.0
69198.09377765577, 101, 1.0
69209.68956082225, 59, 1.0
69221.82165926117, 101, 1.0
69235.36033086773, 83, -1.0
69241.21660352888, 101, 1.0
69261.14588675668, 133, -1.0
69263.7898938648, 117, 1.0
69273.42453074189, 101, 1.0
69291.5692001309, 70, -1.0
69296.49761672501, 54, -1.0
69297.61966106114, 101, -1.0
69308.29998203582, 70, -1.0
69326.63020677259, 59, -1.0
69331.07407921235, 70, -1.0
69349.58950951634, 70, -1.0
69378.45672705317, 59, 1.0
69391.77377646223, 70, -1.0
69394.00417757878, 101, 1.0
69400.31545291448, 104, -1.0
69430.66217527774, 117, -1.0
69492.59878927201, 59, 1.0
69523.65780485213, 59, 1.0
69535.26013795909, 59, 1.0
69571.02679231424, 101, -1.0
69581.68253657086, 83, 1.0
69585.15343200676, 83, 1.0
69593.81315909825, 70, -1.0
69601.49593130784, 83, -1.0
69602.01995649983, 83, -1.0
69602.262921302, 70, -1.0
69617.51684865936, 59, 1.0
69631.88990454574, 117, 1.0
69693.18604501967, 101, 1.0
69693.63284127282, 101, 1.0
69709.62451505673, 70, -1.0
69713.62117369991, 59, 1.0
69726.79154381428, 117, 1.0
69729.96736627171, 83, -1.0
69732.79180109638, 101, -1.0
69739.79666164314, 70, -1.0
69754.69709151363, 101, 1.0
69755.73121242783, 54, -1.0
69762.45498276502, 101, -1.0
69770.08193749226, 101, -1.0
69780.3126131971, 54, 1.0
69781.78899937154, 117, 1.0
69782.81030712335, 83, 1.0
69793.32894632567, 59, -1.0
69813.68032002948, 59, 1.0
69814.70521391084, 101, 1.0
69819.91781264727, 59, 1.0
69830.42766176561, 83, 1.0
69834.49201373805, 133, -1.0
69835.96709366351, 101, -1.0
69838.03134872684, 59, -1.0
69870.42186854528, 54, -1.0
69891.52389015732, 101, 1.0
69893.48188261327, 59, 1.0
69899.62433705786, 101, 1.0
69906.7920566413, 83, 1.0
69930.3051905543, 70, -1.0
69938.49476041857, 54, -1.0
69961.65274782508, 101, 1.0
69965.92035134872, 83, 1.0
69972.778996273, 83, -1.0
69982.13268709763, 54, 1.0
69985.58960487439, 83, 1.0
69985.63528396144, 59, 1.0
69997.25364440265, 59, 1.0
70044.02162887683, 83, 1.0
70094.21543619098, 59, -1.0
70114.02272600726, 59, 1.0
70131.90745593052, 83, 1.0
70132.01567625243, 117, -1.0
70140.13443906119, 83, 1.0
70172.95004588556, 133, 1.0
70211.01576875187, 59, 1.0
70244.57390615364, 59, 1.0
70256.43513807018, 59, -1.0
70262.1751401992, 83, 1.0
70280.088800048, 59, 1.0
70308.25779265203, 54, 1.0
70355.827641546, 101, -1.0
70357.43668077866, 101, 1.0
70361.1852601898, 59, 1.0
70382.15965040424, 59, 1.0
70389.86048267709, 83, 1.0
70402.60716603005, 117, 1.0
70415.36672340019, 59, 1.0
70425.75055633887, 54, 1.0
70438.86509329033, 54, 1.0
70444.2201580054, 117, -1.0
70450.98923360788, 101, 1.0
70530.24409104949, 59, 1.0
70532.14411873526, 117, 1.0
70548.23424202052, 101, 1.0
70558.2922939115, 101, -1.0
70565.14692642375, 59, -1.0
70577.08578518302, 59, -1.0
70584.33730908376, 59, 1.0
70599.76863773515, 83, -1.0
70608.26658013332, 83, 1.0
70612.87007185828, 133, -1.0
70617.1830300704, 117, 1.0
70629.89587570408, 101, -1.0
70634.13544638311, 54, 1.0
70641.98605813201, 59, -1.0
70646.22538476287, 104, -1.0
70670.37059648728, 133, -1.0
70712.16629358391, 59, 1.0
70719.7153494496, 83, 1.0
70723.04207224544, 70, -1.0
70755.52142741127, 83, 1.0
70761.64639953861, 59, -1.0
70766.33549238145, 54, -1.0
70775.10527515845, 133, -1.0
70779.00279669791, 70, -1.0
70779.38779572002, 101, 1.0
70815.84670743736, 59, -1.0
70825.81373675175, 83, 1.0
70844.21445122083, 54, -1.0
70888.26178241026, 54, 1.0
70893.31978361086, 83, 1.0
70917.04039924112, 101, 1.0
70936.81523599107, 133, -1.0
70939.43779972359, 59, 1.0
70953.10091920094, 83, 1.0
70959.49762982565, 70, -1.0
70961.17307150792, 70, -1.0
70975.83841546859, 133, -1.0
70986.34556918417, 70, -1.0
71009.19688008628, 117, -1.0
71047.1761200188, 101, -1.0
71069.6125781044, 59, -1.0
71070.59209552807, 117, 1.0
71074.84966920182, 83, -1.0
71083.06789521743, 59, 1.0
71083.18193508517, 104, -1.0
71105.5539150185, 101, -1.0
71107.35511621679, 104, -1.0
71132.3082986066, 101, 1.0
71149.93014557476, 101, -1.0
71191.01627015558, 104, 1.0
71192.24074061721, 101, 1.0
71194.0419796899, 70, -1.0
71202.07276343426, 59, 1.0
71210.98303884936, 59, 1.0
71229.90234151592, 83, 1.0
71240.36193363123, 70, -1.0
71257.25341975228, 59, 1.0
71280.24128745178, 117, -1.0
71282.89466540756, 101, -1.0
71284.23697234738, 59, 1.0
71317.12181338413, 101, 1.0
71326.69269132291, 101, -1.0
71333.24330474371, 70, -1.0
71337.1023984611, 54, 1.0
71346.28219928005, 70, -1.0
71353.3195678104, 54, -1.0
71362.05194736201, 117, -1.0
71368.94724959986, 59, 1.0
71371.21789504045, 54, 1.0
71384.56228900574, 54, -1.0
71391.07281666124, 101, 1.0
71437.09312249882, 83, -1.0
71456.47334284855, 117, 1.0
71488.61995383559, 83, 1.0
71512.5008603822, 101, -1.0
71554.51052339663, 101, -1.0
71586.64705866801, 54, 1.0
71590.06833135863, 54, -1.0
71626.70983322253, 59, 1.0
71636.13255970267, 83, 1.0
71640.54357326188, 104, -1.0
71659.05063731514, 101, -1.0
71667.83244718536, 83, -1.0
71670.68508673775, 101, -1.0
71693.29488202333, 117, 1.0
71717.62887865877, 83, -1.0
71754.45126983678, 54, -1.0
71780.04136491651, 104, 1.0
71792.04475074809, 54, -1.0
71793.96518333867, 59, 1.0
71832.31265855688, 101, -1.0
71837.22713902373, 59, -1.0
71841.51827577018, 83, 1.0
71844.47095388378, 83, 1.0
71866.62313513171, 54, -1.0
71875.91793406993, 101, 1.0
71891.08981742868, 54, -1.0
71893.72448382419, 59, 1.0
71918.02787598097, 54, 1.0
71940.90508752124, 59, 1.0
71969.31608252128, 101, 1.0
71986.52616737246, 59, 1.0
72007.48355318708, 117, -1.0
72016.4833308776, 59, 1.0
72025.23306231291, 104, 1.0
72067.85134151357, 133, -1.0
72107.17117160211, 59, 1.0
72116.7031625082, 70, -1.0
72165.5904322621, 59, 1.0
72176.06427593439, 117, -1.0
72182.74622191853, 70, -1.0
72198.86204055557, 54, -1.0
72212.7046158012, 54, 1.0
72266.66087142933, 83, 1.0
72275.08511058784, 59, 1.0
72297.80055803688, 54, -1.0
72310.92333261605, 83, 1.0
72348.11585588811, 59, 1.0
72369.7824056978, 59, 1.0
72395.20260554024, 59, 1.0
72424.86081652716, 59, 1.0
72464.08638764692, 70, -1.0
72467.3113201647, 83, 1.0
72476.78786244687, 133, -1.0
72510.26511375989, 54, -1.0
72551.24104279213, 117, 1.0
72571.05598670561, 59, 1.0
72631.28562368693, 70, -1.0
72655.51950332934, 59, 1.0
72691.11988281024, 59, 1.0
72723.23521316245, 54, -1.0
72735.40837914536, 59, -1.0
72782.63014989866, 104, 1.0
72792.25576618452, 104, 1.0
72809.93550630608, 54, -1.0
72823.52978831086, 59, -1.0
72848.5991575693, 59, -1.0
72850.88744475729, 133, -1.0
72879.37189904593, 59, 1.0
72943.02776566334, 133, -1.0
72954.1574996216, 59, 1.0
72984.09384193143, 59, -1.0
72996.85221524313, 83, 1.0
73064.17532040416, 59, 1.0
73082.56606006548, 83, 1.0
73088.21162162667, 70, 1.0
73101.10265317583, 59, 1.0
73103.16936879886, 70, -1.0
73111.5452997434, 59, 1.0
73133.74520440202, 59, 1.0
73170.3860107437, 117, -1.0
73188.3153417864, 133, -1.0
73268.53524387244, 83, 1.0
73278.16562058285, 59, -1.0
73345.01990046007, 54, -1.0
73362.94114717135, 54, 1.0
73398.1869947995, 133, -1.0
73425.76125646086, 59, 1.0
73431.42051577967, 59, 1.0
73481.16588195342, 54, 1.0
73495.04192114025, 59, -1.0
73533.29708514854, 133, -1.0
73622.77870464427, 133, -1.0
73677.44952061672, 54, 1.0
73699.59108160749, 59, -1.0
73711.74368019089, 59, 1.0
73731.13892968529, 133, -1.0
73736.7622626274, 54, -1.0
73744.14879755383, 70, -1.0
73747.62135723204, 59, -1.0
73757.87122521747, 133, -1.0
73787.6832519302, 83, 1.0
73808.70985563465, 117, -1.0
73829.87300824335, 59, 1.0
73860.97609443749, 54, 1.0
73870.80906190205, 54, -1.0
73939.90515863056, 83, 1.0
74150.63698222484, 133, -1.0
74171.81723469522, 133, -1.0
74194.31598647653, 133, -1.0
74204.99282894177, 83, 1.0
74240.83437470319, 83, 1.0
74247.04429053132, 70, 1.0
74252.84986911477, 70, -1.0
74327.10291404257, 70, 1.0
74371.24262977867, 59, -1.0
74394.03606609734, 59, 1.0
74438.46816571167, 133, -1.0
74439.86648780869, 133, -1.0
74447.30167229053, 59, -1.0
74449.69796296384, 59, 1.0
74451.97390498873, 59, 1.0
74511.41341310856, 133, -1.0
74664.37540938212, 59, 1.0
74671.66887704351, 59, 1.0
74673.09481883512, 83, 1.0
74681.03421481104, 59, 1.0
74763.89092297496, 59, 1.0
74815.13084191807, 54, 1.0
74825.54488703115, 59, 1.0
74849.54780871085, 70, 1.0
74862.35214897085, 59, 1.0
74875.87849194217, 83, 1.0
74877.9052381034, 59, 1.0
74917.74801219032, 54, -1.0
74987.66160133143, 59, 1.0
75007.88972514262, 104, -1.0
75073.09893663556, 59, 1.0
75160.6658277682, 70, -1.0
75179.1505135414, 70, -1.0
75192.84584511555, 59, 1.0
75291.02426206587, 59, -1.0
75292.41447183235, 59, 1.0
75299.8439162603, 54, -1.0
75310.17332240927, 59, 1.0
75322.0317091994, 59, 1.0
75323.7741704546, 59, 1.0
75401.53336782387, 133, -1.0
75405.35239630673, 70, -1.0
75417.83094756941, 59, 1.0
75480.8552461781, 70, -1.0
75503.62130838113, 59, 1.0
75537.47235224888, 83, 1.0
75542.64045706631, 83, 1.0
75571.4243175039, 59, 1.0
