28803.635405884193, 148, -1.0
28804.260636221214, 28, -1.0
28805.14105984111, 75, 1.0
28805.202465593182, 111, -1.0
28805.622857831477, 235, 1.0
28806.709132061107, 71, 1.0
28806.84150108446, 130, -1.0
28809.492241779637, 128, -1.0
28813.061173894843, 142, -1.0
28815.91033927851, 173, -1.0
28815.958734935946, 233, 1.0
28817.088735671852, 142, 1.0
28820.20029586999, 34, 1.0
28821.84854997853, 102, -1.0
28822.34931868699, 55, 1.0
28825.668920027536, 165, -1.0
28830.197604103836, 141, 1.0
28833.63057302992, 44, -1.0
28843.752572799454, 59, 1.0
28844.06335088304, 81, 1.0
28847.253318198767, 64, -1.0
28849.077477866253, 137, 1.0
28849.43359062571, 80, -1.0
28850.55560660901, 103, 1.0
28853.413757379716, 119, -1.0
28853.825386483477, 102, -1.0
28857.460331980637, 65, -1.0
28859.17557386096, 81, -1.0
28860.592910764994, 95, 1.0
28863.670506527742, 58, 1.0
28863.928732296772, 40, 1.0
28866.048836479953, 165, 1.0
28867.199703925697, 55, -1.0
28872.44960753704, 162, -1.0
28875.894081292754, 44, -1.0
28886.332937988525, 130, -1.0
28887.30097592087, 119, -1.0
28890.89555814802, 39, 1.0
28892.12231833873, 120, 1.0
28892.94349375503, 69, -1.0
28893.5205367426, 84, 1.0
28893.827822961604, 45, -1.0
28897.049084335744, 80, 1.0
28900.478154165456, 40, 1.0
28901.98615230152, 84, -1.0
28903.002855793988, 155, -1.0
28906.966973141753, 58, -1.0
28910.172257842267, 50, 1.0
28911.244569219176, 116, -1.0
28911.66214444049, 56, 1.0
28912.00497289494, 39, 1.0
28916.220795313053, 233, 1.0
28917.534449624174, 98, -1.0
28917.67224372775, 52, -1.0
28918.602383852263, 152, -1.0
28919.305815273805, 76, -1.0
28921.115789736203, 113, -1.0
28922.472167628785, 68, 1.0
28923.901231588323, 98, -1.0
28924.549774536925, 75, -1.0
28926.830071212615, 60, -1.0
28928.312558353067, 59, -1.0
28930.115165053125, 207, 1.0
28930.36952112586, 167, -1.0
28931.807513622403, 114, 1.0
28932.920914492293, 40, -1.0
28933.249513797105, 75, -1.0
28933.68507371642, 101, 1.0
28933.696788642104, 163, -1.0
28935.788653889795, 46, -1.0
28937.09070637738, 234, 1.0
28940.223921411463, 27, -1.0
28945.7145578773, 28, 1.0
28948.34839115628, 126, -1.0
28948.411081010792, 234, -1.0
28950.976742783663, 58, -1.0
28953.802494256226, 72, -1.0
28955.114765486127, 84, -1.0
28958.52327412189, 97, -1.0
28961.251291478264, 43, 1.0
28962.45958353364, 68, -1.0
28966.279331086294, 162, 1.0
28967.14098691378, 153, 1.0
28972.901476341296, 161, -1.0
28974.727467529414, 235, 1.0
28974.8676269156, 230, 1.0
28976.08714743654, 60, -1.0
28980.822603180022, 52, -1.0
28982.284459313847, 114, -1.0
28983.05224558762, 154, -1.0
28983.243693745855, 81, -1.0
28983.552554660087, 43, -1.0
28985.301068265588, 45, 1.0
28985.86030024131, 101, -1.0
28990.504986765758, 28, -1.0
28991.82817302105, 159, -1.0
28994.216694546816, 168, 1.0
28995.728065789415, 96, 1.0
28997.809476022674, 58, -1.0
28999.724639647204, 234, 1.0
29001.93152681069, 80, 1.0
29002.0174179318, 110, 1.0
29006.966433639285, 149, -1.0
29008.88379831469, 40, 1.0
29010.10535017803, 101, 1.0
29010.875019623203, 60, 1.0
29011.725191278525, 141, -1.0
29012.313099740488, 99, -1.0
29014.412027402403, 27, -1.0
29015.931475609832, 114, 1.0
29018.103897664194, 146, -1.0
29018.8389712158, 109, -1.0
29019.098194917577, 148, -1.0
29019.128255099455, 141, -1.0
29026.976879346974, 137, -1.0
29027.95187251193, 29, 1.0
29032.22546231639, 103, -1.0
29033.07647681369, 130, -1.0
29036.388200522466, 120, -1.0
29038.782118998864, 116, 1.0
29038.94176246253, 153, -1.0
29040.684688134028, 64, -1.0
29042.253198312286, 87, 1.0
29042.800817367824, 91, -1.0
29044.664309941276, 92, -1.0
29047.21708966849, 75, 1.0
29047.693530806493, 230, 1.0
29048.816092382025, 83, 1.0
29049.712972404785, 142, -1.0
29049.872176181936, 122, -1.0
29050.159215504213, 59, -1.0
29053.3185603502, 187, -1.0
29055.125004804675, 84, 1.0
29056.44115319065, 103, 1.0
29059.388445849036, 137, -1.0
29063.75575319754, 40, -1.0
29068.746691661225, 159, -1.0
29069.94697797798, 74, 1.0
29071.159932631563, 83, -1.0
29079.1992647639, 65, 1.0
29081.223851678154, 50, -1.0
29081.24883895908, 68, -1.0
29084.79333709957, 152, -1.0
29088.10214113087, 103, 1.0
29089.404965904687, 106, 1.0
29091.98148415729, 128, -1.0
29092.224353980342, 44, -1.0
29096.964154674963, 44, -1.0
29099.308823898726, 56, -1.0
29100.778882946204, 133, 1.0
29101.041863041286, 122, -1.0
29102.41469100612, 73, 1.0
29104.579678962018, 37, -1.0
29106.423996533264, 58, 1.0
29107.399582987116, 58, 1.0
29108.916891195637, 222, -1.0
29109.36445189164, 61, -1.0
29109.59486638534, 98, -1.0
29116.12658842901, 55, 1.0
29121.43283577456, 40, 1.0
29124.10947787842, 28, 1.0
29130.398871370275, 105, 1.0
29130.4167679037, 58, -1.0
29132.405136170622, 117, -1.0
29135.13180962482, 54, -1.0
29135.88588360201, 107, -1.0
29135.93194896303, 32, -1.0
29140.216686869844, 102, 1.0
29143.58296858508, 163, 1.0
29146.288352066433, 87, 1.0
29152.34386609855, 86, -1.0
29153.131127086475, 163, -1.0
29160.389722835793, 114, -1.0
29160.590408714, 123, -1.0
29160.7322060636, 89, -1.0
29165.260250730964, 162, 1.0
29168.22802841859, 146, 1.0
29169.207372109395, 100, 1.0
29170.528099150728, 87, 1.0
29170.825260388392, 222, -1.0
29175.37359106553, 119, -1.0
29175.76575870921, 142, -1.0
29178.154877215777, 124, -1.0
29189.083819705596, 44, -1.0
29192.579170853558, 230, -1.0
29194.530852727625, 161, -1.0
29198.690036741627, 103, 1.0
29198.909317292495, 101, 1.0
29200.417863748415, 114, 1.0
29200.4405098307, 137, 1.0
29201.297376618553, 98, -1.0
29201.421271426174, 188, -1.0
29201.857341734107, 87, -1.0
29203.069402146688, 142, 1.0
29205.575214359436, 44, -1.0
29207.384441697544, 35, 1.0
29208.09601477116, 105, 1.0
29208.148435276846, 99, -1.0
29210.173286409023, 36, 1.0
29213.362908930256, 165, 1.0
29213.575334645175, 27, -1.0
29216.666147647586, 40, -1.0
29217.578725135358, 146, 1.0
29218.840114790015, 166, 1.0
29220.051907040073, 162, -1.0
29222.358601941298, 153, -1.0
29223.307595543563, 153, -1.0
29223.532906161636, 87, -1.0
29224.377757845392, 116, 1.0
29224.505229041497, 40, -1.0
29227.291359580442, 94, -1.0
29228.4839601402, 65, 1.0
29230.88218479359, 59, -1.0
29237.624711467717, 163, 1.0
29244.167100446433, 233, 1.0
29244.97302025016, 55, -1.0
29246.277475261224, 59, 1.0
29247.86103193084, 116, 1.0
29248.312340915683, 74, -1.0
29249.966106844313, 149, -1.0
29250.362085970082, 153, 1.0
29250.423746449425, 82, -1.0
29254.18385005673, 91, -1.0
29258.57106770283, 233, -1.0
29261.133047359133, 137, 1.0
29262.30253490889, 28, 1.0
29267.41849176893, 198, 1.0
29268.22453970416, 98, 1.0
29272.885404220095, 80, 1.0
29273.33683209498, 58, -1.0
29273.472570841946, 87, 1.0
29273.862476510472, 161, 1.0
29274.916776352675, 116, -1.0
29275.681916239657, 123, -1.0
29276.635930344055, 142, -1.0
29281.541736003805, 80, -1.0
29281.677069140478, 67, 1.0
29282.618042198672, 142, -1.0
29282.85576536708, 100, 1.0
29282.875838321033, 193, 1.0
29286.198811253595, 87, -1.0
29288.24031663159, 177, 1.0
29290.649082493044, 68, 1.0
29292.501801117458, 111, -1.0
29295.506669789025, 81, 1.0
29295.99375691901, 163, 1.0
29297.47466063888, 155, 1.0
29299.040511612853, 74, -1.0
29299.04865238615, 177, -1.0
29302.04952066368, 28, -1.0
29306.59984769064, 154, -1.0
29307.738829915488, 146, -1.0
29319.6561994062, 114, 1.0
29320.119207962405, 149, -1.0
29321.941324871645, 114, -1.0
29322.972415905384, 26, -1.0
29323.227440346967, 142, -1.0
29324.35075983636, 235, 1.0
29324.831906198404, 198, -1.0
29324.964055354936, 111, -1.0
29326.944495612017, 146, -1.0
29329.346517337144, 44, -1.0
29329.501616950365, 142, -1.0
29330.33048396496, 68, -1.0
29330.625399023724, 73, 1.0
29331.174332220136, 48, -1.0
29332.735678900033, 106, -1.0
29334.942474006428, 129, -1.0
29335.38761982081, 146, 1.0
29338.560421792565, 230, 1.0
29338.597844332726, 71, 1.0
29339.65136297535, 152, 1.0
29339.75703015385, 58, -1.0
29343.134884910145, 105, -1.0
29343.56386224121, 171, -1.0
29344.126874051457, 103, 1.0
29344.1390098191, 165, -1.0
29344.938271137733, 50, 1.0
29345.714965659892, 61, -1.0
29349.33366206806, 241, -1.0
29349.860548260735, 66, 1.0
29350.00270944946, 70, -1.0
29351.632638067877, 97, -1.0
29352.09245634564, 70, 1.0
29352.70421795497, 142, -1.0
29354.963489936516, 50, 1.0
29354.980228260414, 157, -1.0
29356.21051362878, 157, -1.0
29357.66788231405, 43, -1.0
29359.390912033952, 102, 1.0
29361.834395680686, 29, -1.0
29365.7238738519, 154, -1.0
29368.43930819604, 87, -1.0
29375.343066832393, 81, -1.0
29378.09653924615, 126, -1.0
29389.002085727316, 163, -1.0
29389.99914273895, 117, -1.0
29391.32541537904, 75, 1.0
29394.84657622031, 126, -1.0
29394.929818649616, 114, 1.0
29395.932259614343, 89, 1.0
29396.105871202082, 32, -1.0
29398.886508898762, 119, 1.0
29399.035123069367, 113, -1.0
29400.174491691294, 68, -1.0
29401.45736922958, 83, -1.0
29402.71818148395, 53, -1.0
29403.612399654892, 75, -1.0
29410.190726546658, 92, 1.0
29410.924839794894, 105, 1.0
29414.616544666453, 117, -1.0
29415.293321884263, 159, -1.0
29416.908217842327, 161, -1.0
29420.334405448262, 161, -1.0
29420.79776854457, 153, 1.0
29421.885923023747, 35, 1.0
29422.17320381645, 165, -1.0
29429.855092713104, 114, 1.0
29431.44342251763, 35, 1.0
29431.675669604178, 119, -1.0
29434.004511933992, 100, -1.0
29437.692802606798, 123, -1.0
29438.620143172335, 153, 1.0
29439.332352752208, 235, 1.0
29439.528966485905, 97, -1.0
29439.88564244286, 146, 1.0
29442.00400500263, 82, -1.0
29446.481764497035, 139, 1.0
29447.07716987362, 52, 1.0
29452.43023833576, 103, 1.0
29452.946526175594, 124, 1.0
29454.064604359628, 155, -1.0
29457.882200691747, 71, 1.0
29458.60603795532, 81, -1.0
29460.207014644428, 84, -1.0
29461.35598603432, 46, -1.0
29463.06490880223, 45, -1.0
29464.801443415723, 103, -1.0
29464.865689163653, 32, -1.0
29465.074616168917, 99, -1.0
29469.036321958138, 83, -1.0
29470.604023342403, 111, -1.0
29474.324084553533, 64, -1.0
29474.58316035459, 233, 1.0
29475.003310259388, 100, 1.0
29477.3781112805, 42, -1.0
29478.300642943006, 164, 1.0
29483.928794469513, 182, 1.0
29484.45408416042, 34, -1.0
29485.971959401846, 119, -1.0
29486.94826203179, 198, -1.0
29489.175263232493, 68, 1.0
29491.066272529406, 99, 1.0
29492.35252232435, 56, -1.0
29492.36686507231, 54, -1.0
29494.27998788938, 26, -1.0
29503.61783161727, 153, 1.0
29504.50485769384, 114, -1.0
29506.235595404345, 141, -1.0
29508.07754878734, 67, -1.0
29508.809134964402, 100, -1.0
29509.028681019197, 64, -1.0
29509.928537288106, 62, -1.0
29510.641056325025, 46, -1.0
29512.642877368522, 155, -1.0
29517.161069610207, 138, -1.0
29520.91593853236, 141, 1.0
29523.994157910714, 161, -1.0
29526.832925680745, 177, -1.0
29526.839168766026, 141, -1.0
29528.35425318437, 113, 1.0
29535.049627070424, 126, -1.0
29537.217538416447, 105, -1.0
29538.44958481052, 83, -1.0
29541.280674108348, 133, 1.0
29545.044097518385, 50, -1.0
29545.20701867837, 181, -1.0
29547.30921714838, 146, -1.0
29551.5953686494, 95, -1.0
29551.709440070714, 35, -1.0
29554.3335666009, 114, -1.0
29555.518144614412, 81, -1.0
29556.876172863147, 161, -1.0
29559.043995314645, 68, 1.0
29561.06973399597, 26, -1.0
29561.816866632507, 198, -1.0
29562.497065731484, 106, 1.0
29567.18986920532, 76, -1.0
29567.92791768534, 137, 1.0
29569.95380637767, 177, -1.0
29571.331408536746, 65, 1.0
29575.29554282883, 116, 1.0
29576.909538724984, 40, -1.0
29591.56283589328, 141, -1.0
29592.02722268317, 112, -1.0
29593.858453678695, 62, 1.0
29598.050005091838, 80, -1.0
29603.88186392069, 80, -1.0
29607.579830695868, 87, -1.0
29614.0233651318, 89, -1.0
29614.075360990388, 84, -1.0
29616.840721100114, 68, 1.0
29618.448710937602, 163, 1.0
29619.11138857952, 202, -1.0
29620.2918110799, 51, 1.0
29625.604905408123, 32, -1.0
29628.64766809703, 133, -1.0
29631.546951284767, 44, -1.0
29632.402735828517, 65, -1.0
29633.372734621633, 137, 1.0
29635.11444310678, 116, -1.0
29636.075789064762, 48, -1.0
29637.87879407129, 40, -1.0
29637.958554700774, 84, 1.0
29638.283872787444, 71, 1.0
29643.04699266794, 43, 1.0
29643.553989553246, 34, 1.0
29643.570051423307, 109, 1.0
29644.72297155549, 146, -1.0
29646.228015324712, 155, 1.0
29648.529734575033, 64, -1.0
29650.06157560834, 188, -1.0
29650.32043097051, 103, 1.0
29656.902977031496, 163, 1.0
29659.795691969633, 119, -1.0
29660.309358826038, 106, -1.0
29662.031094348476, 152, 1.0
29663.29624059265, 99, -1.0
29665.002929074268, 105, 1.0
29666.068601726227, 98, 1.0
29666.20426159057, 148, 1.0
29666.40946427292, 40, 1.0
29674.76760723224, 163, -1.0
29679.395547014978, 64, -1.0
29680.474925222967, 163, 1.0
29681.77202590406, 149, -1.0
29682.238265262877, 76, -1.0
29684.737910922573, 177, -1.0
29686.16673420729, 60, -1.0
29687.00635863971, 163, 1.0
29689.363115422955, 67, -1.0
29691.482818049193, 84, -1.0
29691.612322621182, 157, -1.0
29692.23286727094, 94, -1.0
29693.29199209393, 98, -1.0
29693.878617761, 222, 1.0
29695.060252589716, 43, -1.0
29695.41159902334, 96, -1.0
29696.649321221586, 29, 1.0
29697.63610330863, 56, -1.0
29699.564259168135, 114, 1.0
29700.079757318177, 163, -1.0
29701.301987223917, 152, -1.0
29702.09023609671, 165, 1.0
29702.2440566546, 101, -1.0
29704.29909968892, 58, -1.0
29704.459027828165, 80, 1.0
29709.099237119633, 112, -1.0
29709.40340078168, 42, -1.0
29710.62123233701, 188, 1.0
29715.004328930532, 100, -1.0
29717.149598483917, 154, -1.0
29717.300156197234, 122, -1.0
29718.785889121333, 164, 1.0
29722.114403176547, 80, -1.0
29724.054152010627, 163, 1.0
29725.473071861972, 101, 1.0
29727.534536387895, 230, 1.0
29728.73731677304, 233, 1.0
29728.82647561047, 106, -1.0
29729.760615047184, 105, -1.0
29731.542265594962, 83, -1.0
29733.997248295538, 235, 1.0
29734.648410481965, 234, -1.0
29736.757415816854, 40, 1.0
29737.08067170192, 162, -1.0
29738.282226394025, 103, 1.0
29742.99051666046, 34, 1.0
29744.415992333394, 67, 1.0
29750.129570889636, 56, -1.0
29758.27381326141, 181, -1.0
29758.368390026582, 64, -1.0
29758.440348592158, 128, -1.0
29763.890516716623, 130, -1.0
29766.726547481918, 105, 1.0
29769.174861237196, 234, -1.0
29771.87170240153, 75, 1.0
29775.481849381704, 58, -1.0
29778.152382281678, 165, 1.0
29779.030177376088, 97, 1.0
29779.206559012073, 165, 1.0
29781.762165151053, 149, -1.0
29784.88009351394, 117, -1.0
29786.360236261706, 58, -1.0
29787.519925512835, 94, -1.0
29788.164752669683, 71, 1.0
29789.486501850886, 76, -1.0
29789.72095454867, 116, 1.0
29792.064052519556, 235, 1.0
29794.720101762105, 40, 1.0
29799.114809110208, 58, -1.0
29800.743551858268, 67, 1.0
29801.478449227627, 163, 1.0
29801.523638962357, 198, -1.0
29803.090145540576, 163, -1.0
29803.15968960389, 105, 1.0
29804.44994201868, 87, 1.0
29809.978424632798, 99, 1.0
29810.106730540876, 161, 1.0
29813.492092782217, 50, -1.0
29819.4602217944, 146, 1.0
29819.974336730258, 34, -1.0
29821.792096436246, 83, -1.0
29825.639447253336, 87, -1.0
29826.118161750324, 146, -1.0
29826.792588529657, 182, 1.0
29827.53227615859, 142, 1.0
29829.422317330096, 149, -1.0
29830.696469162995, 50, -1.0
29833.652906262054, 71, -1.0
29834.454004540927, 71, 1.0
29834.85707667792, 164, 1.0
29837.10114824656, 173, -1.0
29840.83076413769, 169, -1.0
29841.11533913848, 106, -1.0
29850.141531381472, 71, 1.0
29851.89566052819, 159, -1.0
29852.835663933278, 71, 1.0
29854.068804560724, 41, 1.0
29856.736918777133, 35, -1.0
29859.875794358963, 58, 1.0
29862.025145324922, 40, 1.0
29864.82545440145, 75, -1.0
29865.160266167873, 40, -1.0
29866.989876179752, 122, -1.0
29873.169345273975, 104, -1.0
29880.583129317685, 235, 1.0
29881.374330282466, 67, 1.0
29881.73701780381, 68, 1.0
29882.707428366935, 161, -1.0
29883.20340646455, 147, -1.0
29883.325808072215, 234, 1.0
29884.72999244855, 64, -1.0
29885.640688940664, 64, -1.0
29889.448114125218, 59, -1.0
29890.2313455868, 58, -1.0
29890.524570510846, 99, -1.0
29894.775153307084, 149, -1.0
29894.850974123972, 142, 1.0
29898.07640293654, 159, -1.0
29899.488065170266, 53, -1.0
29900.4980980153, 59, -1.0
29902.272179870564, 84, -1.0
29903.36886508496, 42, -1.0
29911.42008072028, 102, 1.0
29911.641172640484, 98, -1.0
29914.32223925622, 130, -1.0
29916.389687715262, 102, 1.0
29916.713049241138, 58, 1.0
29921.891762132003, 50, -1.0
29922.697301294655, 58, -1.0
29923.65384842146, 113, -1.0
29929.110622137225, 97, -1.0
29930.415331830303, 117, -1.0
29932.12768552026, 62, -1.0
29935.432137437296, 146, -1.0
29936.949205704143, 117, -1.0
29940.67888052037, 182, 1.0
29943.9570174, 102, -1.0
29944.008323778504, 74, 1.0
29949.653249529412, 58, -1.0
29952.50656299998, 198, -1.0
29952.989994582982, 34, 1.0
29954.38075333035, 58, 1.0
29954.58802893499, 163, 1.0
29954.68973449363, 149, -1.0
29955.382492751243, 154, -1.0
29956.171537996193, 96, -1.0
29958.813199092478, 32, -1.0
29958.843516258316, 150, -1.0
29959.02205107976, 58, -1.0
29959.899193613892, 113, -1.0
29961.142567410127, 103, -1.0
29962.998975649014, 142, 1.0
29963.29615803581, 46, -1.0
29963.424906327535, 164, -1.0
29965.652928221178, 164, 1.0
29968.52703217246, 100, -1.0
29970.040204353816, 126, -1.0
29971.935290937065, 70, 1.0
29974.392075332562, 50, -1.0
29975.877251385562, 146, -1.0
29979.739162073227, 198, 1.0
29980.858240812184, 71, 1.0
29983.17097961549, 106, 1.0
29986.164123331502, 41, 1.0
29989.054474822256, 44, -1.0
29989.381182397705, 117, -1.0
29992.57355119546, 100, -1.0
29993.16287567247, 235, 1.0
29999.877571270055, 59, -1.0
30001.759069584026, 149, -1.0
30002.447911293675, 103, 1.0
30002.915832554027, 74, -1.0
30004.04615561305, 114, 1.0
30004.498800235717, 42, -1.0
30005.14446321008, 113, -1.0
30006.112737272902, 146, -1.0
30007.102634748135, 44, -1.0
30009.43317625336, 98, -1.0
30011.877458955154, 34, -1.0
30012.530066743442, 45, 1.0
30012.994848795304, 87, -1.0
30013.799741185238, 76, -1.0
30015.594620810734, 126, -1.0
30017.352385068116, 27, -1.0
30020.923523634854, 147, -1.0
30022.323271722453, 40, 1.0
30023.18017750181, 147, -1.0
30026.45127729445, 146, -1.0
30028.454644942474, 235, 1.0
30028.90292284592, 68, -1.0
30029.593804329983, 60, -1.0
30033.318577711587, 83, -1.0
30034.124325700035, 116, 1.0
30038.68065798867, 40, 1.0
30039.350488791562, 71, 1.0
30041.936271252755, 64, -1.0
30043.328745046543, 222, 1.0
30047.62116703231, 159, 1.0
30050.05171650643, 26, -1.0
30057.40882762444, 64, -1.0
30058.125411097884, 161, -1.0
30059.355454332755, 59, -1.0
30062.24795089823, 116, 1.0
30062.49824068367, 177, -1.0
30065.005424524832, 58, 1.0
30068.955819609193, 71, 1.0
30069.67928100323, 235, -1.0
30078.218697746717, 75, 1.0
30080.160053477244, 103, 1.0
30080.304177800146, 102, 1.0
30081.27276120733, 154, -1.0
30083.508352006153, 161, 1.0
30084.60188975612, 40, -1.0
30088.427400573797, 114, -1.0
30090.14076391654, 166, -1.0
30090.75501141912, 106, -1.0
30094.455979270348, 222, 1.0
30095.753609818436, 40, -1.0
30102.39907745793, 126, 1.0
30103.513906082528, 177, -1.0
30105.396223097476, 142, 1.0
30105.52556826399, 142, -1.0
30107.118208926888, 153, 1.0
30108.58596116392, 141, -1.0
30110.38800962354, 146, -1.0
30111.19366109765, 34, -1.0
30112.219412794686, 63, 1.0
30112.480432895733, 163, 1.0
30114.007107995192, 64, -1.0
30115.059982451472, 163, -1.0
30116.539782395743, 233, 1.0
30117.175973058875, 66, 1.0
30126.44730343319, 67, -1.0
30127.397043370573, 59, 1.0
30129.953026126674, 234, -1.0
30135.835739192447, 64, -1.0
30138.06717893695, 169, -1.0
30142.95908585639, 50, -1.0
30145.15924795656, 163, -1.0
30147.327663705073, 71, 1.0
30147.60673007079, 95, -1.0
30148.94856852818, 58, 1.0
30149.146315178146, 26, -1.0
30149.97445362347, 157, -1.0
30153.264125143418, 116, -1.0
30154.013275911206, 73, 1.0
30154.57276694761, 113, -1.0
30156.043870258454, 75, -1.0
30158.904035593732, 162, -1.0
30159.381145435127, 32, -1.0
30160.780594148633, 153, 1.0
30164.714739418483, 55, -1.0
30169.34786801822, 43, -1.0
30169.384694627337, 52, -1.0
30170.290008061256, 96, -1.0
30171.38753161207, 109, 1.0
30172.4640188968, 42, -1.0
30174.840660092108, 152, -1.0
30176.139847507104, 114, -1.0
30185.615293898183, 67, 1.0
30186.21129081692, 41, -1.0
30187.82008769183, 146, 1.0
30189.374532531863, 95, 1.0
30195.791537921552, 242, -1.0
30197.946823987833, 52, -1.0
30198.27505721697, 40, -1.0
30198.7995930599, 234, -1.0
30199.019054081222, 101, -1.0
30203.471174103834, 233, -1.0
30204.937390161016, 123, -1.0
30207.94437860899, 233, 1.0
30210.200130102392, 234, 1.0
30211.566684149064, 110, -1.0
30211.96167371632, 67, 1.0
30215.650376136236, 177, -1.0
30215.779500367767, 222, 1.0
30216.097930875996, 122, -1.0
30217.543990426704, 101, -1.0
30217.99300657111, 81, -1.0
30219.2176325097, 177, -1.0
30223.135035810927, 80, 1.0
30224.99892975821, 35, 1.0
30225.278643166526, 128, 1.0
30225.529985588102, 70, 1.0
30225.78717158168, 152, -1.0
30227.977402998993, 165, -1.0
30228.435589865752, 177, -1.0
30229.785913315638, 28, -1.0
30229.907064384282, 59, -1.0
30230.297620191315, 111, -1.0
30231.102020399212, 110, -1.0
30232.853534303427, 126, 1.0
30233.901680447194, 163, 1.0
30236.551206112723, 63, 1.0
30239.27463873483, 27, -1.0
30240.1992973467, 187, 1.0
30240.24157177229, 82, -1.0
30246.58678521768, 86, -1.0
30247.039077703794, 126, -1.0
30247.55754701653, 27, -1.0
30248.591626478872, 28, -1.0
30251.149366917747, 71, 1.0
30251.307877555788, 159, -1.0
30251.78044058949, 163, -1.0
30255.071795255906, 70, 1.0
30256.030685042937, 130, -1.0
30257.402513334244, 82, -1.0
30257.847502902667, 74, 1.0
30258.91806300867, 74, -1.0
30259.794433893756, 83, -1.0
30261.32919893836, 116, 1.0
30264.109041860072, 45, -1.0
30266.068774882136, 88, -1.0
30266.17340232252, 161, 1.0
30267.083692063967, 61, -1.0
30267.88275129275, 234, -1.0
30276.109493373147, 58, -1.0
30276.552400096796, 114, -1.0
30276.570321378233, 142, -1.0
30277.434249083915, 53, -1.0
30277.43927106847, 103, 1.0
30277.5798109115, 169, -1.0
30278.689802503803, 31, 1.0
30280.69217933005, 108, -1.0
30281.06665124624, 61, -1.0
30281.321460023442, 114, -1.0
30281.57412318349, 28, -1.0
30282.91149174983, 74, -1.0
30285.009740050824, 83, -1.0
30285.74067335108, 133, 1.0
30288.31197614374, 148, -1.0
30291.64183075848, 159, -1.0
30295.005178369094, 75, -1.0
30305.069940778874, 165, -1.0
30305.422597513792, 44, -1.0
30308.21532269226, 241, 1.0
30312.091950820646, 233, 1.0
30312.317109628337, 87, -1.0
30313.901645908492, 76, 1.0
30316.81301058798, 70, 1.0
30317.565791888064, 114, -1.0
30317.86296282563, 233, 1.0
30319.754376584762, 163, -1.0
30321.128944692733, 92, 1.0
30323.930735334336, 88, -1.0
30326.248545114915, 123, -1.0
30328.544183887017, 152, -1.0
30330.77688327264, 87, -1.0
30332.461548312735, 153, 1.0
30333.642446741644, 141, -1.0
30334.14608274258, 165, -1.0
30335.060430749523, 114, -1.0
30335.47868445583, 58, -1.0
30335.551114642174, 235, -1.0
30336.566165561624, 117, -1.0
30337.354047929828, 56, -1.0
30337.765757358757, 95, -1.0
30338.003274711227, 66, 1.0
30343.093527381992, 177, -1.0
30344.66608788151, 163, -1.0
30345.613909617146, 233, 1.0
30346.43869726628, 75, 1.0
30347.56565119668, 102, 1.0
30352.483996192666, 86, -1.0
30353.516247344192, 149, 1.0
30354.613849240475, 34, 1.0
30357.275495340957, 114, -1.0
30360.47767276235, 92, -1.0
30363.713251209, 67, -1.0
30364.062493727757, 98, -1.0
30366.043618441683, 75, -1.0
30380.27852888425, 40, 1.0
30383.737959869173, 86, -1.0
30387.4248494915, 123, -1.0
30390.02312682126, 48, -1.0
30391.02437460338, 91, -1.0
30393.699355025507, 42, -1.0
30395.682068160335, 142, 1.0
30396.509762218786, 142, 1.0
30397.864901678255, 105, 1.0
30402.96736048733, 81, 1.0
30405.32075890357, 40, 1.0
30405.419340816374, 67, 1.0
30406.34292160946, 69, 1.0
30408.50933454563, 58, -1.0
30409.19816365095, 146, 1.0
30409.38888116702, 41, 1.0
30409.83828739721, 100, -1.0
30410.711051596747, 119, 1.0
30412.62533674023, 106, -1.0
30416.612055577058, 169, -1.0
30421.193982328638, 93, -1.0
30429.902271835275, 169, -1.0
30432.49876443188, 114, -1.0
30433.29111030881, 165, -1.0
30433.54660017808, 126, -1.0
30433.841589041454, 67, 1.0
30434.933818811667, 58, -1.0
30434.94232317908, 142, -1.0
30436.11592042549, 42, -1.0
30439.82223249718, 113, -1.0
30441.287736589507, 35, -1.0
30443.544258817565, 122, -1.0
30444.465246007563, 35, 1.0
30444.629271896883, 126, 1.0
30452.87918734036, 114, -1.0
30453.011435533124, 37, 1.0
30455.275730827092, 31, 1.0
30456.832006481032, 58, -1.0
30456.959941525573, 141, -1.0
30458.1921575731, 68, 1.0
30458.71402690237, 148, -1.0
30459.480255691968, 128, -1.0
30459.538066580953, 35, 1.0
30462.3088320635, 114, 1.0
30463.555791374878, 72, 1.0
30465.94250759899, 65, -1.0
30468.7896595586, 123, -1.0
30471.361624995454, 71, 1.0
30478.968958702644, 50, 1.0
30480.951763141245, 97, -1.0
30481.969591013192, 53, -1.0
30484.20353676721, 97, 1.0
30484.847583710707, 122, -1.0
30487.635275308574, 83, 1.0
30489.354170536368, 162, -1.0
30489.87394204858, 89, -1.0
30490.91709890235, 99, -1.0
30491.20337069368, 108, -1.0
30496.52860031201, 97, -1.0
30499.141452008345, 34, 1.0
30501.369805529495, 105, 1.0
30501.598287146066, 101, 1.0
30502.813348353022, 116, 1.0
30508.933727800733, 45, 1.0
30509.827597015916, 233, 1.0
30514.731111333025, 130, 1.0
30518.509233175766, 101, 1.0
30519.49566000371, 91, -1.0
30520.344065076635, 76, -1.0
30527.454518778297, 108, -1.0
30527.916945850273, 34, -1.0
30532.062630087952, 146, -1.0
30534.78366566971, 152, -1.0
30538.76946143608, 93, -1.0
30542.950071164396, 64, -1.0
30543.479571325384, 82, -1.0
30544.065887765824, 235, 1.0
30544.068698604, 71, 1.0
30544.24415809886, 45, 1.0
30545.036870737058, 148, -1.0
30545.043128263183, 71, 1.0
30545.38049554355, 112, -1.0
30545.886747694858, 40, -1.0
30546.618546006943, 153, -1.0
30548.13082391237, 42, -1.0
30550.35775755142, 123, -1.0
30551.887297914473, 106, -1.0
30554.703306331623, 107, -1.0
30555.79211901481, 71, 1.0
30557.98489028098, 27, -1.0
30559.637126099555, 52, -1.0
30562.938703715186, 233, -1.0
30563.9138270995, 162, -1.0
30564.31091832045, 113, -1.0
30566.89986246309, 105, -1.0
30566.928503793693, 114, -1.0
30569.56034344481, 119, -1.0
30570.46822811533, 142, -1.0
30580.76399227884, 153, -1.0
30584.488967031022, 58, 1.0
30588.740707480072, 168, 1.0
30589.59609854143, 87, -1.0
30592.233579245127, 35, -1.0
30593.043884221825, 165, -1.0
30593.204561356033, 81, -1.0
30594.957245950143, 158, 1.0
30595.508635542563, 81, 1.0
30596.34554912384, 62, -1.0
30596.933800650466, 75, 1.0
30597.77200607796, 89, -1.0
30601.929374884905, 165, -1.0
30602.74596889575, 88, -1.0
30608.12730024215, 119, -1.0
30608.90894722598, 68, -1.0
30609.357890951804, 40, -1.0
30612.958955805476, 29, 1.0
30613.431934125398, 154, -1.0
30613.53205964858, 53, -1.0
30614.564648797434, 101, -1.0
30614.889412950943, 108, -1.0
30615.835007489135, 71, 1.0
30616.671883826355, 142, 1.0
30618.646149239583, 56, 1.0
30620.58049357375, 165, -1.0
30622.807596605006, 111, -1.0
30623.15320067692, 222, -1.0
30623.9364835652, 162, -1.0
30625.826365936973, 116, -1.0
30626.41128987963, 40, 1.0
30629.11215310318, 58, -1.0
30629.200058666083, 74, -1.0
30632.490593286293, 61, -1.0
30633.538920565654, 100, 1.0
30635.8833861141, 234, -1.0
30636.735824055857, 105, 1.0
30638.312198382915, 123, -1.0
30639.046347065694, 233, -1.0
30640.955433070387, 84, -1.0
30642.739673129658, 63, 1.0
30643.711224797262, 37, 1.0
30645.941227935997, 130, -1.0
30646.251914805183, 154, -1.0
30646.810368108203, 48, -1.0
30653.68561609707, 119, -1.0
30654.71391353371, 105, 1.0
30655.320500392467, 71, 1.0
30658.366769540797, 105, 1.0
30659.043245365563, 42, -1.0
30659.193005604047, 164, -1.0
30659.66626106904, 71, 1.0
30664.50094453246, 155, -1.0
30667.410935842992, 40, 1.0
30667.64397901414, 99, 1.0
30668.50073252065, 116, -1.0
30668.616464750976, 104, -1.0
30671.41459054974, 164, -1.0
30671.66895980855, 89, -1.0
30672.71244024578, 87, -1.0
30673.050118629835, 163, 1.0
30673.681791176812, 154, -1.0
30674.537408838412, 104, -1.0
30675.59209044202, 222, 1.0
30679.041558282115, 44, -1.0
30680.515835237762, 59, 1.0
30680.945992164736, 94, -1.0
30689.16292733477, 96, -1.0
30689.46986573069, 101, -1.0
30691.39607604971, 146, -1.0
30691.867120115243, 103, -1.0
30696.456360064167, 64, -1.0
30698.533284855574, 113, -1.0
30698.763462211202, 142, 1.0
30698.792101747298, 126, -1.0
30700.162217930087, 59, 1.0
30703.143418127063, 93, -1.0
30705.914894046655, 122, -1.0
30706.228774725958, 53, -1.0
30707.879526948065, 86, -1.0
30709.94904038169, 58, -1.0
30713.00164156193, 111, -1.0
30713.290723860744, 98, -1.0
30715.903776338622, 163, -1.0
30716.411755807618, 128, -1.0
30717.537077794845, 89, -1.0
30718.31758115846, 164, -1.0
30720.143272495057, 163, 1.0
30723.924757680954, 59, 1.0
30724.98990675688, 34, 1.0
30725.417883862297, 87, -1.0
30727.8441851939, 67, 1.0
30728.77894441242, 58, -1.0
30730.105890017625, 48, 1.0
30730.48892612614, 88, -1.0
30730.71007050716, 43, 1.0
30731.852710960757, 27, 1.0
30732.016019955343, 142, -1.0
30732.918763081423, 101, 1.0
30733.99964255934, 163, 1.0
30739.64250865935, 100, 1.0
30740.32592462158, 233, 1.0
30740.442047244567, 152, 1.0
30742.038073228818, 67, 1.0
30742.55843386957, 173, -1.0
30744.592987570726, 112, 1.0
30746.047538924508, 103, 1.0
30748.435697337984, 100, -1.0
30750.158859741594, 26, -1.0
30752.210994326375, 54, -1.0
30753.217398715587, 105, 1.0
30753.290431262896, 71, 1.0
30753.54766103061, 142, -1.0
30755.54486696232, 146, -1.0
30755.69510998529, 37, -1.0
30755.843843756855, 40, -1.0
30757.649292820755, 150, -1.0
30759.10101810398, 114, -1.0
30762.67095894544, 165, -1.0
30763.42217923788, 114, 1.0
30768.31928217785, 198, -1.0
30768.322766811634, 71, 1.0
30769.124842697252, 105, 1.0
30771.261026058608, 233, 1.0
30773.127704065842, 48, -1.0
30775.436822418993, 101, 1.0
30775.540256134103, 103, 1.0
30776.508697381898, 62, -1.0
30776.687224241818, 44, -1.0
30780.21919123508, 159, -1.0
30782.900791711196, 64, -1.0
30784.819884010285, 114, -1.0
30784.829233511977, 50, -1.0
30785.91110954455, 92, 1.0
30786.142485157343, 112, -1.0
30789.27727934735, 87, 1.0
30791.998429164283, 64, -1.0
30792.726805603634, 58, 1.0
30792.77790231616, 81, -1.0
30794.068052628783, 126, -1.0
30795.574063751465, 59, -1.0
30797.877800201226, 108, -1.0
30798.159226054042, 188, -1.0
30798.26195384702, 70, -1.0
30799.014379337143, 228, -1.0
30799.29659774048, 64, -1.0
30801.832369496005, 152, -1.0
30802.101997513986, 99, 1.0
30804.174417492333, 58, -1.0
30805.034585273872, 163, -1.0
30806.011084671685, 71, -1.0
30808.338732283766, 120, -1.0
30812.05283790404, 101, 1.0
30815.530829195224, 40, 1.0
30817.87490744722, 87, 1.0
30820.306809909467, 91, -1.0
30825.891056731092, 222, -1.0
30830.94312586835, 44, -1.0
30831.30355312589, 241, -1.0
30844.613780716147, 101, 1.0
30848.99867677556, 234, -1.0
30850.434476805858, 75, -1.0
30851.92227419421, 86, -1.0
30853.14896987268, 101, 1.0
30854.55804409807, 89, -1.0
30856.102014319924, 188, -1.0
30858.646060993247, 71, 1.0
30873.722138878315, 167, -1.0
30876.286086155727, 104, -1.0
30888.432299369662, 108, -1.0
30889.36900390388, 130, -1.0
30892.74553700711, 59, 1.0
30893.23622041796, 48, 1.0
30894.932452348883, 50, -1.0
30896.175810404606, 45, -1.0
30899.87198828217, 43, 1.0
30901.709167822253, 35, -1.0
30904.189856396963, 40, 1.0
30904.364664125525, 40, 1.0
30905.84267513618, 235, 1.0
30905.90249188652, 154, -1.0
30908.99936696275, 41, 1.0
30911.276657073257, 67, 1.0
30911.93384233155, 122, -1.0
30912.268635754514, 35, -1.0
30913.979417035993, 84, -1.0
30917.04908838095, 163, 1.0
30918.657272108776, 116, -1.0
30920.223542514657, 37, -1.0
30921.379062968714, 159, 1.0
30921.387882188523, 126, 1.0
30921.899493571105, 89, -1.0
30923.406687785253, 42, 1.0
30924.131341170323, 103, 1.0
30926.20559403868, 163, -1.0
30926.233760299725, 188, -1.0
30930.141971344063, 149, 1.0
30930.96198858855, 50, 1.0
30931.15412519703, 27, -1.0
30932.622871043062, 75, -1.0
30936.694311368312, 99, 1.0
30937.389065642943, 43, 1.0
30937.66354005121, 44, -1.0
30939.51057824966, 73, 1.0
30940.940330531816, 137, 1.0
30942.02661399171, 171, 1.0
30942.73653189806, 103, 1.0
30943.00261522076, 149, 1.0
30943.1880756242, 146, -1.0
30944.017091334823, 107, -1.0
30946.294354945694, 66, -1.0
30947.298318656955, 165, -1.0
30947.722295247877, 114, 1.0
30947.94722734382, 141, 1.0
30948.548936319687, 105, 1.0
30948.60666183469, 100, 1.0
30949.42339374835, 117, -1.0
30950.89195067388, 126, -1.0
30952.273691062357, 142, 1.0
30952.405282752694, 126, 1.0
30953.151678655035, 114, -1.0
30959.110489235096, 182, 1.0
30959.453100490115, 86, -1.0
30963.015699837135, 40, 1.0
30964.953926556496, 142, -1.0
30966.9378963309, 106, 1.0
30967.4772706291, 106, -1.0
30968.69709106294, 91, -1.0
30971.0325736875, 114, 1.0
30971.991684761175, 81, -1.0
30974.82155599569, 182, 1.0
30977.814554691628, 222, -1.0
30978.023678108264, 71, -1.0
30978.267943027877, 152, -1.0
30979.280726848145, 68, -1.0
30979.978220284058, 70, 1.0
30980.66234221675, 155, -1.0
30986.78152148345, 162, -1.0
30987.264033043564, 51, 1.0
30987.45120660755, 52, 1.0
30988.712463967622, 71, -1.0
30991.2191156143, 146, -1.0
30992.864291085538, 124, -1.0
30994.773985854386, 40, 1.0
30995.81716883125, 87, 1.0
30996.487777383994, 109, -1.0
30998.898619186162, 153, -1.0
31011.81672014457, 67, 1.0
31012.19314808777, 34, -1.0
31014.288648725706, 41, -1.0
31014.906940554632, 43, -1.0
31016.93872102345, 91, -1.0
31023.022056744274, 114, -1.0
31024.234693031525, 165, -1.0
31028.17144095998, 87, 1.0
31030.22982135257, 32, -1.0
31034.9785691271, 67, -1.0
31036.439808337847, 157, -1.0
31037.158518750846, 68, -1.0
31037.45239731929, 75, -1.0
31042.30258117082, 91, -1.0
31044.777731240174, 130, -1.0
31045.494030331603, 70, -1.0
31045.793433552055, 111, -1.0
31047.443244446913, 230, 1.0
31048.71063974233, 50, -1.0
31051.202651507123, 71, 1.0
31052.233485650664, 153, 1.0
31058.607413966096, 71, -1.0
31062.844401111808, 113, -1.0
31064.06364025695, 91, -1.0
31066.670970040457, 173, -1.0
31067.6204654109, 126, -1.0
31068.661555319057, 130, -1.0
31073.474330683886, 80, 1.0
31073.50147720486, 165, -1.0
31075.291489041225, 105, -1.0
31076.003409968635, 163, 1.0
31076.402755741896, 152, -1.0
31076.80317424711, 44, -1.0
31077.9073937511, 104, -1.0
31078.931636354973, 114, 1.0
31080.685735537656, 98, -1.0
31080.759213781424, 163, 1.0
31080.978284383746, 142, 1.0
31081.74656664652, 114, -1.0
31082.775625270657, 35, 1.0
31085.18343287638, 75, 1.0
31086.618460856113, 126, -1.0
31088.75726100214, 58, -1.0
31091.32011815733, 57, 1.0
31091.956282744537, 100, 1.0
31097.48096891772, 35, -1.0
31098.77924396356, 69, -1.0
31101.36678437658, 60, -1.0
31102.85768707701, 75, 1.0
31103.94143440009, 40, 1.0
31105.672400345848, 34, -1.0
31109.602842321026, 163, 1.0
31109.971410891307, 113, -1.0
31112.495865250185, 101, 1.0
31112.68462901063, 234, 1.0
31115.332592212144, 56, -1.0
31116.01308880173, 114, 1.0
31116.392141080698, 101, -1.0
31120.95715518482, 95, -1.0
31122.38129672093, 116, 1.0
31122.520016449034, 155, -1.0
31123.523397287783, 48, -1.0
31124.961141759733, 71, -1.0
31131.238985124444, 116, -1.0
31134.819858598054, 83, 1.0
31138.1176479237, 46, -1.0
31147.757004453662, 168, 1.0
31148.689019568475, 26, -1.0
31151.21504239018, 71, -1.0
31155.298076407347, 126, -1.0
31156.77180689076, 44, -1.0
31157.39307386675, 92, 1.0
31160.368637366453, 81, -1.0
31161.066205159965, 116, 1.0
31168.599093572207, 97, 1.0
31170.609388089215, 56, -1.0
31173.438997086614, 133, 1.0
31175.268205461307, 126, -1.0
31175.310100980136, 97, 1.0
31176.074276004325, 137, -1.0
31176.792157003034, 94, -1.0
31177.259530027375, 76, 1.0
31177.44315144394, 173, -1.0
31178.087463618853, 155, 1.0
31178.981032124542, 142, 1.0
31182.25094694308, 163, -1.0
31182.613925271897, 187, -1.0
31183.799436556623, 233, 1.0
31185.06293770152, 103, -1.0
31185.451071185566, 39, 1.0
31186.07596296639, 162, -1.0
31187.63143493949, 198, -1.0
31190.377820041434, 101, 1.0
31190.98487357523, 142, 1.0
31191.995488979173, 87, 1.0
31193.81321667983, 45, -1.0
31194.860101203416, 103, -1.0
31200.864203441117, 87, -1.0
31207.27899541761, 80, -1.0
31220.010836849982, 87, -1.0
31220.157785292336, 75, 1.0
31220.77661679277, 61, -1.0
31221.289497932, 139, 1.0
31221.495754445037, 142, 1.0
31221.883126895013, 65, 1.0
31223.606629756032, 101, -1.0
31224.097788464096, 98, -1.0
31224.659768578025, 70, 1.0
31225.229820534827, 182, 1.0
31227.194586542275, 116, 1.0
31231.702257540714, 67, 1.0
31235.900543717657, 87, -1.0
31236.764436730584, 101, 1.0
31240.535271089662, 163, 1.0
31246.058499505823, 102, 1.0
31247.70424689395, 99, -1.0
31253.40928598021, 233, 1.0
31253.564763881008, 126, -1.0
31255.903867984453, 93, -1.0
31256.736231061663, 111, -1.0
31257.202660964093, 70, 1.0
31257.423974575642, 165, -1.0
31258.038298755848, 40, 1.0
31261.00908108772, 45, -1.0
31261.927078825578, 141, -1.0
31262.615708609424, 177, 1.0
31264.4382877236, 68, 1.0
31266.20649367045, 81, 1.0
31266.86548436203, 40, -1.0
31267.80219067324, 27, -1.0
31267.99143703658, 146, 1.0
31269.349770772875, 96, -1.0
31269.46445193754, 94, 1.0
31269.592171525073, 155, 1.0
31272.896982851384, 230, -1.0
31273.39687087678, 92, -1.0
31273.50820834026, 114, 1.0
31276.58759054607, 142, 1.0
31277.000204527496, 103, -1.0
31277.491441076923, 177, -1.0
31279.640643937888, 123, -1.0
31281.169706906294, 163, -1.0
31283.106894792458, 27, 1.0
31283.127582232824, 71, 1.0
31284.955499462543, 74, -1.0
31285.48068296957, 105, 1.0
31289.809926948034, 234, 1.0
31289.96260833, 233, -1.0
31290.803009519408, 146, -1.0
31301.185445580315, 101, 1.0
31301.390487246907, 114, -1.0
31301.605744921268, 101, -1.0
31302.681154670187, 63, -1.0
31302.869196247528, 100, -1.0
31304.393650612074, 71, -1.0
31305.016275937418, 164, 1.0
31305.45935235122, 68, 1.0
31307.774179976434, 105, -1.0
31307.785357161345, 36, 1.0
31308.903641824, 41, -1.0
31309.46651336198, 116, 1.0
31309.848048366777, 59, 1.0
31311.230059479523, 75, 1.0
31311.484517280947, 161, 1.0
31311.715658766603, 40, 1.0
31312.498609563485, 81, 1.0
31314.002195067664, 98, -1.0
31316.897334293986, 70, 1.0
31318.256888041036, 68, -1.0
31319.194751544375, 48, 1.0
31321.48324463849, 146, -1.0
31321.578213844983, 28, -1.0
31329.146794307395, 137, 1.0
31333.35063331954, 103, -1.0
31334.5563104662, 100, 1.0
31335.656603396703, 64, 1.0
31335.925541938093, 44, -1.0
31338.567399107604, 177, -1.0
31340.123554371257, 138, -1.0
31340.963715248603, 173, 1.0
31343.97836550475, 98, -1.0
31345.616677862276, 27, -1.0
31345.629168410564, 74, 1.0
31351.26219996448, 234, -1.0
31351.92231147387, 67, -1.0
31352.678499791014, 233, 1.0
31356.642084431012, 54, -1.0
31356.698068836584, 114, -1.0
31358.023009603756, 152, 1.0
31361.462736752088, 64, -1.0
31362.554051591203, 116, 1.0
31363.49269087925, 154, -1.0
31364.699264946845, 54, -1.0
31366.991957777987, 110, 1.0
31367.690523106372, 116, 1.0
31371.36989145368, 45, -1.0
31375.792792666827, 146, -1.0
31378.045508530664, 48, 1.0
31379.848021110945, 35, 1.0
31381.158971600627, 142, 1.0
31382.023356254933, 92, 1.0
31384.20644063443, 116, -1.0
31384.30172926102, 119, -1.0
31388.97122855957, 67, 1.0
31389.895483358767, 97, 1.0
31390.61516602596, 71, 1.0
31394.168253776286, 70, 1.0
31404.46472827238, 87, -1.0
31405.012427182264, 40, 1.0
31406.936932854773, 105, 1.0
31408.278102253906, 116, -1.0
31409.315777119853, 43, 1.0
31412.63510871974, 103, 1.0
31417.15566854758, 159, -1.0
31417.660013354325, 61, -1.0
31417.986926051803, 41, 1.0
31420.912438607833, 162, -1.0
31420.940709532413, 71, 1.0
31422.402396999318, 83, -1.0
31422.466154409954, 62, -1.0
31424.640834140333, 103, 1.0
31424.908218155393, 198, -1.0
31430.616924280283, 101, 1.0
31432.65559438125, 114, 1.0
31433.865448706692, 163, 1.0
31434.074039559626, 119, -1.0
31434.923412613633, 41, 1.0
31440.539180426855, 75, 1.0
31452.018140697644, 114, 1.0
31452.77683814585, 119, 1.0
31454.564843945933, 50, 1.0
31457.16408221848, 177, -1.0
31457.897532651543, 40, -1.0
31458.884353875907, 94, -1.0
31461.26147773435, 68, 1.0
31464.68285878846, 112, 1.0
31466.413155515882, 74, -1.0
31471.733215271423, 75, 1.0
31472.453465672443, 112, -1.0
31474.48305520253, 198, -1.0
31475.307302929272, 167, -1.0
31476.140225475312, 54, 1.0
31477.892615004956, 159, -1.0
31481.5334015038, 116, -1.0
31482.70762650362, 50, -1.0
31483.8176939488, 146, -1.0
31489.204424372852, 84, -1.0
31491.977442983974, 71, 1.0
31495.695952654143, 41, -1.0
31496.201818468562, 149, -1.0
31496.816229997872, 177, -1.0
31498.280928335964, 55, -1.0
31498.66488434745, 101, 1.0
31499.280903181414, 84, -1.0
31500.775488038133, 99, -1.0
31512.668842978823, 84, 1.0
31515.441874604345, 173, -1.0
31518.65037122832, 114, -1.0
31519.361625137193, 74, -1.0
31521.950965295164, 71, 1.0
31525.42595514306, 68, 1.0
31525.48938103774, 83, -1.0
31526.392848128085, 126, -1.0
31530.056675578846, 45, -1.0
31531.061155991185, 114, -1.0
31533.29285124001, 68, 1.0
31533.73140609033, 152, -1.0
31534.644752954915, 101, 1.0
31538.44657589581, 114, -1.0
31538.449344871842, 113, -1.0
31540.72357611109, 165, 1.0
31541.25354668657, 114, -1.0
31544.342323129655, 40, 1.0
31545.29778759151, 99, 1.0
31545.9754998392, 58, -1.0
31546.458441067567, 58, -1.0
31547.268128731692, 84, 1.0
31549.65406850102, 101, 1.0
31551.563209581396, 80, -1.0
31551.8454715743, 146, 1.0
31556.614329896056, 32, -1.0
31560.084446844012, 75, 1.0
31562.280456598113, 198, 1.0
31565.852654577615, 210, 1.0
31569.36402116795, 86, -1.0
31574.387035660224, 101, 1.0
31575.30501307361, 112, -1.0
31575.482163248536, 173, -1.0
31575.903334273775, 177, -1.0
31576.151674727844, 152, -1.0
31577.162964220082, 152, -1.0
31579.10698421726, 51, 1.0
31581.203895721897, 98, -1.0
31582.30005178976, 234, 1.0
31587.15175085487, 177, 1.0
31587.275970979284, 86, -1.0
31587.46147774868, 177, -1.0
31589.33548880532, 58, 1.0
31589.893394755374, 106, -1.0
31590.490452641767, 114, -1.0
31593.09290015258, 142, 1.0
31595.404512942154, 96, -1.0
31598.17173373299, 40, 1.0
31598.719976534918, 148, -1.0
31599.135920396533, 137, 1.0
31602.35144515303, 182, 1.0
31603.177125140708, 71, 1.0
31603.21755222607, 71, 1.0
31604.779277205722, 126, 1.0
31608.651923327612, 40, -1.0
31611.90850301196, 62, -1.0
31614.014384107668, 142, -1.0
31615.023834200354, 52, -1.0
31615.873932883318, 198, -1.0
31616.864111503943, 71, 1.0
31616.93088325385, 75, 1.0
31618.097029023535, 152, -1.0
31620.210159178067, 150, -1.0
31622.791134237556, 40, 1.0
31623.96100289555, 235, 1.0
31628.896999073255, 101, -1.0
31629.429327785103, 100, -1.0
31631.0826821495, 130, -1.0
31634.61192762839, 70, 1.0
31635.449075578934, 62, -1.0
31640.979020188723, 44, -1.0
31641.00247737078, 66, 1.0
31642.77676407883, 80, 1.0
31647.231499860478, 100, 1.0
31648.117832001473, 61, 1.0
31648.76430700112, 148, 1.0
31652.764370253608, 114, -1.0
31654.10427769652, 71, 1.0
31655.303712038378, 142, -1.0
31656.359223324245, 102, 1.0
31656.442826762373, 164, 1.0
31656.76477427763, 158, 1.0
31658.444352060236, 51, 1.0
31659.167965307384, 92, 1.0
31670.130730314748, 162, -1.0
31670.891060143673, 68, 1.0
31673.929643868934, 159, -1.0
31677.763181866452, 147, -1.0
31679.60987315589, 146, -1.0
31683.193843675785, 152, 1.0
31683.48277035457, 67, 1.0
31684.00678871293, 107, -1.0
31688.058265206277, 26, 1.0
31688.495144775807, 137, -1.0
31692.84952221737, 142, -1.0
31693.02029835838, 104, 1.0
31694.039823531304, 116, 1.0
31694.623409576354, 67, 1.0
31694.974349266384, 142, 1.0
31695.203547427267, 146, -1.0
31695.965100410915, 109, 1.0
31696.154413491975, 60, -1.0
31698.01774511519, 71, 1.0
31702.288991562513, 147, -1.0
31704.131881335463, 116, -1.0
31706.034799798403, 193, 1.0
31707.60131374883, 50, -1.0
31707.622878757105, 82, -1.0
31709.163039977386, 82, -1.0
31709.98985151603, 65, -1.0
31710.813727870856, 53, -1.0
31712.343153775146, 159, -1.0
31714.220617829884, 40, 1.0
31714.58497065244, 120, 1.0
31716.230037394896, 84, -1.0
31718.496273185516, 65, -1.0
31719.741355788574, 114, -1.0
31720.71916000826, 116, 1.0
31721.755535284967, 65, -1.0
31721.99927207013, 165, 1.0
31722.763382409285, 28, -1.0
31729.79059557188, 44, -1.0
31732.94196576939, 163, -1.0
31738.31062791119, 129, -1.0
31740.177947697804, 152, -1.0
31746.403800996413, 142, 1.0
31750.361042381122, 166, 1.0
31754.945403638045, 162, -1.0
31755.254549861416, 40, 1.0
31756.18207342894, 109, 1.0
31760.541271468228, 101, 1.0
31760.644022096534, 48, -1.0
31763.389370148747, 40, 1.0
31766.73472576947, 116, -1.0
31767.166368344282, 61, -1.0
31770.051453392185, 40, 1.0
31774.734732418725, 114, 1.0
31776.450729241482, 103, -1.0
31778.77900141118, 105, -1.0
31779.229205882722, 93, -1.0
31782.451591213507, 28, -1.0
31790.584913248855, 165, 1.0
31791.05512484131, 109, 1.0
31794.16195643835, 233, 1.0
31795.86877401496, 148, -1.0
31802.8440539764, 36, 1.0
31803.988414556094, 126, 1.0
31804.012157627065, 39, 1.0
31806.041868310593, 67, 1.0
31806.82254493365, 40, -1.0
31808.21818170778, 162, 1.0
31808.41119413781, 84, -1.0
31808.421822022625, 28, 1.0
31808.520900229705, 40, 1.0
31808.58325517122, 26, -1.0
31812.895854925024, 234, -1.0
31816.194604257547, 48, -1.0
31816.730919697373, 116, 1.0
31819.088481464998, 74, 1.0
31821.25638186033, 71, 1.0
31822.939615621024, 66, 1.0
31824.099209414395, 90, 1.0
31826.91430320024, 100, -1.0
31836.68122270234, 76, -1.0
31836.786145586353, 153, -1.0
31844.623863285873, 54, -1.0
31845.309682781583, 52, 1.0
31846.409318587426, 82, -1.0
31846.84750107284, 70, 1.0
31846.873461204348, 40, -1.0
31851.576196252503, 146, -1.0
31851.65611415046, 29, -1.0
31853.021134982053, 32, -1.0
31855.762397439197, 56, -1.0
31857.180249387628, 67, 1.0
31861.531223672213, 164, 1.0
31863.101946058585, 233, 1.0
31868.152939098356, 177, -1.0
31869.785783923886, 29, -1.0
31871.19672992399, 56, 1.0
31872.10949448037, 58, -1.0
31873.82872000632, 107, -1.0
31874.442010662224, 53, -1.0
31876.525361699412, 42, -1.0
31877.00882764873, 69, -1.0
31878.274703884257, 28, -1.0
31879.79100084158, 166, -1.0
31882.539969958554, 124, 1.0
31883.985921221447, 161, 1.0
31887.07228730252, 126, -1.0
31893.01037460999, 92, -1.0
31893.01580573159, 75, -1.0
31895.899729523626, 164, -1.0
31899.678482032814, 107, -1.0
31904.057566929925, 50, -1.0
31907.807047898477, 81, -1.0
31908.435628860345, 56, 1.0
31908.692802336915, 83, -1.0
31908.9036168115, 187, 1.0
31909.73465566228, 40, -1.0
31910.56412127027, 81, -1.0
31911.212713030283, 34, 1.0
31917.161561504232, 137, 1.0
31917.51526356051, 159, 1.0
31922.745458525827, 91, -1.0
31923.115648844876, 146, 1.0
31925.490231122356, 108, -1.0
31936.045934602826, 48, -1.0
31939.32077991236, 100, -1.0
31944.440873213345, 67, 1.0
31950.8529355381, 163, -1.0
31954.647448674456, 105, -1.0
31955.376948505203, 108, -1.0
31957.551960260316, 100, -1.0
31963.53628206139, 81, 1.0
31967.709028553614, 109, 1.0
31968.14215647641, 119, -1.0
31968.17057091823, 82, 1.0
31970.56300056251, 89, -1.0
31973.212816470736, 68, -1.0
31973.60994246765, 103, -1.0
31974.84517843119, 235, 1.0
31976.051636323282, 152, 1.0
31979.635618477525, 62, 1.0
31981.065389733325, 126, 1.0
31982.96522103323, 142, 1.0
31983.392747553266, 40, -1.0
31984.500663197574, 146, -1.0
31987.42028964746, 50, -1.0
31988.67920039105, 64, -1.0
31988.818322996107, 50, -1.0
31989.975659527376, 59, 1.0
31991.194835959883, 82, 1.0
31991.648983132174, 44, -1.0
31991.817495025072, 73, -1.0
31992.34011146442, 108, -1.0
31992.89405585994, 105, -1.0
31993.236261901828, 153, 1.0
32000.097903183065, 44, -1.0
32000.94835493575, 62, -1.0
32001.22250653654, 51, -1.0
32001.376069627517, 76, -1.0
32004.795645162936, 68, 1.0
32007.20532594981, 114, -1.0
32011.87273517585, 58, -1.0
32012.326954559798, 75, -1.0
32012.934891372308, 137, -1.0
32013.978010276664, 50, -1.0
32015.28106950328, 105, -1.0
32015.337146117723, 50, 1.0
32017.47793596847, 152, -1.0
32019.414850638343, 152, 1.0
32023.436972925516, 148, -1.0
32023.704485544735, 123, -1.0
32025.950740876247, 109, -1.0
32026.173129695133, 26, -1.0
32027.31153794713, 155, -1.0
32027.553748522296, 126, 1.0
32030.97851590142, 101, 1.0
32032.105909758946, 87, -1.0
32033.298074128346, 64, -1.0
32034.60707782327, 57, -1.0
32034.64472992429, 163, 1.0
32035.310605924893, 70, 1.0
32036.57419723864, 52, -1.0
32037.262430870174, 59, -1.0
32040.149277347013, 60, -1.0
32040.358796406737, 114, -1.0
32045.902825566238, 133, 1.0
32046.954824737873, 64, -1.0
32047.51431237012, 116, 1.0
32050.722750468234, 26, 1.0
32051.287981766938, 67, 1.0
32052.901687858863, 75, -1.0
32053.287173377947, 141, 1.0
32055.333569502563, 50, 1.0
32056.79253399057, 44, -1.0
32057.024330815893, 126, 1.0
32057.405233604855, 148, -1.0
32060.610345012774, 113, 1.0
32064.29020833405, 120, -1.0
32066.655929565157, 71, -1.0
32066.947806599866, 162, -1.0
32067.38177948968, 182, 1.0
32073.820586226422, 126, 1.0
32075.734735898935, 142, -1.0
32076.17793027222, 103, 1.0
32076.237273501625, 116, -1.0
32078.605806138843, 149, -1.0
32079.457758307584, 50, 1.0
32080.704837704416, 67, 1.0
32080.88845658015, 198, -1.0
32081.889252517558, 98, -1.0
32087.29081064107, 65, 1.0
32089.203213249704, 74, -1.0
32091.004749362743, 198, -1.0
32092.52342323666, 64, -1.0
32093.057420297886, 162, -1.0
32095.22288086875, 97, -1.0
32109.480896363646, 40, 1.0
32111.425010397328, 83, -1.0
32113.55512105037, 40, 1.0
32114.59426630241, 128, 1.0
32117.347194198854, 58, 1.0
32117.88086972883, 62, 1.0
32119.97372899962, 152, 1.0
32120.931337526537, 177, -1.0
32122.174974942543, 112, -1.0
32124.656235925744, 65, -1.0
32128.320731742744, 73, 1.0
32130.935688586196, 122, -1.0
32131.75708926237, 109, 1.0
32133.11366694408, 142, 1.0
32134.987879191896, 169, -1.0
32135.060250299153, 116, -1.0
32139.681936341407, 66, -1.0
32139.763643315873, 58, -1.0
32143.63795594251, 114, -1.0
32145.252648118218, 161, -1.0
32146.013451938972, 152, 1.0
32149.164888519925, 168, 1.0
32149.967202358526, 146, -1.0
32151.008665016285, 45, 1.0
32151.33224419242, 61, -1.0
32152.545400925468, 162, 1.0
32152.813323658535, 27, -1.0
32153.48475534394, 161, 1.0
32158.88096136989, 106, -1.0
32159.853273002886, 119, 1.0
32161.347844766828, 126, -1.0
32162.232958563054, 83, -1.0
32162.518992372392, 159, -1.0
32164.05853453402, 50, -1.0
32164.218961923496, 60, -1.0
32170.779667048297, 110, 1.0
32175.52884881986, 40, 1.0
32183.08762696244, 126, 1.0
32183.376355809305, 98, -1.0
32184.148387091696, 163, 1.0
32184.66570227466, 55, 1.0
32189.140134918474, 64, -1.0
32191.00288129042, 141, -1.0
32191.624456376907, 73, 1.0
32196.73172131299, 103, 1.0
32198.494310419275, 50, -1.0
32201.317560248517, 52, 1.0
32204.678191776788, 87, -1.0
32206.003682625993, 114, -1.0
32208.484184569646, 119, 1.0
32210.69589177037, 181, -1.0
32212.618182127328, 111, -1.0
32213.355255334798, 54, -1.0
32218.792155442687, 146, 1.0
32219.940038867448, 130, -1.0
32221.88492979279, 71, 1.0
32222.83494284932, 159, 1.0
32224.208580505903, 148, -1.0
32226.365830133713, 64, -1.0
32226.74758732825, 116, 1.0
32227.006718877314, 68, -1.0
32227.443516598432, 86, -1.0
32235.479629335, 44, -1.0
32235.676893605392, 60, -1.0
32237.901482058165, 40, 1.0
32238.38734663785, 44, -1.0
32239.92984833169, 68, 1.0
32240.341404900617, 126, -1.0
32248.75115120665, 45, -1.0
32252.365403634787, 58, -1.0
32253.284836436607, 159, -1.0
32254.43116368492, 126, -1.0
32254.495820640484, 126, 1.0
32257.03358680429, 64, -1.0
32260.827375897105, 163, 1.0
32262.067099007676, 59, -1.0
32264.618853688047, 52, -1.0
32265.12643743535, 26, -1.0
32267.643427090276, 59, -1.0
32268.499356549542, 82, -1.0
32271.341885277536, 75, 1.0
32271.50850705402, 105, 1.0
32271.584888364727, 100, 1.0
32272.210393975038, 101, 1.0
32272.514052311777, 91, -1.0
32274.93977024519, 29, -1.0
32280.315129539733, 100, 1.0
32281.61961515453, 52, -1.0
32281.98085609041, 44, -1.0
32284.68232425224, 68, 1.0
32285.659887130758, 99, 1.0
32289.26818771036, 173, -1.0
32289.401433101833, 72, 1.0
32289.898241184084, 41, 1.0
32293.76773511602, 101, -1.0
32298.585794010185, 149, 1.0
32301.5577388685, 56, 1.0
32301.559348046765, 123, -1.0
32302.72859446785, 28, -1.0
32307.213577634244, 97, -1.0
32308.003764311066, 29, 1.0
32308.016066834454, 34, -1.0
32308.598111619234, 114, -1.0
32308.949524034553, 234, 1.0
32311.73377630802, 235, 1.0
32317.725100634998, 80, -1.0
32318.143831919668, 149, -1.0
32320.245246422804, 165, 1.0
32323.683681288916, 235, -1.0
32324.463254460075, 165, -1.0
32324.928657522887, 146, -1.0
32327.903699220085, 126, 1.0
32330.97563017567, 114, 1.0
32332.265240501256, 233, 1.0
32332.690036016276, 88, -1.0
32333.150983014013, 126, -1.0
32334.382188140647, 29, -1.0
32335.053905946574, 153, -1.0
32335.10396230883, 168, 1.0
32335.77763645348, 40, 1.0
32335.844103721156, 28, -1.0
32338.70008060798, 45, -1.0
32339.315671363103, 64, -1.0
32339.431832819097, 59, 1.0
32339.85533355171, 126, -1.0
32344.350589160036, 142, 1.0
32344.855441581087, 50, 1.0
32344.909531230023, 163, -1.0
32345.61913566991, 67, 1.0
32349.953227105776, 162, -1.0
32352.35575777832, 66, 1.0
32356.11896398619, 44, -1.0
32357.097956362006, 52, -1.0
32357.231687168198, 233, 1.0
32357.829360463405, 52, -1.0
32358.821750635634, 114, -1.0
32358.896078999613, 146, -1.0
32362.446537492768, 116, 1.0
32364.187995689324, 116, -1.0
32365.374946729436, 168, -1.0
32368.315337486027, 64, -1.0
32371.05707802579, 40, 1.0
32371.83424645621, 118, 1.0
32374.54727023579, 147, -1.0
32375.51199015356, 43, 1.0
32376.737947080408, 71, 1.0
32378.828869884608, 94, -1.0
32389.99474648363, 114, -1.0
32392.81853716525, 108, -1.0
32395.379600791417, 32, 1.0
32395.659125311387, 155, 1.0
32398.18685317512, 28, -1.0
32399.928671284448, 187, -1.0
