61201.58284616543, 83, 1.0
61215.21259956614, 59, 1.0
61216.87672173797, 104, -1.0
61217.1148963262, 59, 1.0
61220.45345381681, 54, -1.0
61221.86559975497, 83, 1.0
61222.88971649138, 101, 1.0
61223.19480438633, 83, -1.0
61224.97573731378, 54, -1.0
61227.274339312266, 83, 1.0
61230.04574494817, 83, 1.0
61249.7641623087, 83, 1.0
61251.3852508933, 70, 1.0
61255.070833671314, 101, 1.0
61275.463253091155, 59, 1.0
61295.25325829588, 59, 1.0
61319.887752009236, 101, -1.0
61322.766400902256, 83, -1.0
61331.282363122824, 59, -1.0
61332.58782096615, 70, 1.0
61340.508341228946, 59, 1.0
61361.22326164605, 59, 1.0
61370.130640392876, 101, 1.0
61376.80624302969, 70, 1.0
61378.05801987304, 83, 1.0
61383.24638034851, 101, 1.0
61387.561899644366, 101, 1.0
61408.4772174924, 70, -1.0
61412.963673409315, 70, 1.0
61418.1739271662, 101, 1.0
61423.71587599368, 59, -1.0
61424.45979370959, 117, -1.0
61441.55381627397, 54, -1.0
61447.160000930235, 133, -1.0
61447.88525647787, 101, 1.0
61475.71653120838, 133, -1.0
61487.702818421225, 83, 1.0
61520.43957271621, 101, 1.0
61521.92932643044, 83, 1.0
61525.13514857508, 101, 1.0
61525.63994999908, 54, -1.0
61528.52713342925, 101, 1.0
61532.0790995359, 70, 1.0
61533.64858288341, 133, -1.0
61536.13030653735, 70, 1.0
61537.32043211722, 54, 1.0
61550.95926049215, 83, -1.0
61568.409377644995, 59, 1.0
61573.57855969775, 83, 1.0
61574.03720062956, 59, 1.0
61576.05207663501, 83, 1.0
61585.173162848325, 101, 1.0
61594.64398592777, 83, 1.0
61598.658683140326, 83, 1.0
61602.13850809936, 83, 1.0
61610.36760920155, 83, -1.0
61618.40654105826, 59, 1.0
61625.55407095416, 133, -1.0
61627.16198744228, 101, -1.0
61638.12241962382, 70, 1.0
61644.513812641766, 59, 1.0
61652.28304757731, 54, 1.0
61655.48176741207, 59, 1.0
61655.62942342791, 70, -1.0
61657.20275726179, 59, -1.0
61668.34803443833, 59, 1.0
61676.4276186899, 83, -1.0
61681.73319745936, 101, 1.0
61683.284299337996, 104, -1.0
61687.80269999511, 83, 1.0
61690.73799249553, 59, 1.0
61700.298557323906, 101, -1.0
61707.25920422692, 133, -1.0
61714.43869234378, 117, -1.0
61719.51538076457, 83, 1.0
61721.27544053719, 59, 1.0
61721.67640238949, 70, 1.0
61722.379539191024, 59, 1.0
61722.932472725995, 101, 1.0
61723.86578251747, 133, -1.0
61730.130742500805, 133, -1.0
61737.865649308835, 59, -1.0
61740.54979208032, 83, 1.0
61751.374984861766, 101, 1.0
61751.84766322599, 83, 1.0
61752.60446274271, 70, 1.0
61752.710004975146, 59, -1.0
61788.44136977313, 59, -1.0
61799.7989147522, 133, -1.0
61803.8187172919, 59, -1.0
61813.485740739336, 59, -1.0
61831.53021285367, 59, 1.0
61836.890427553895, 117, -1.0
61849.22292165297, 59, 1.0
61873.34172223456, 59, -1.0
61892.856723864475, 59, 1.0
61892.93399716439, 59, -1.0
61896.67337827498, 59, 1.0
61898.00962613909, 133, -1.0
61904.57712417932, 59, 1.0
61923.3303899905, 117, -1.0
61924.2346481676, 101, 1.0
61945.2146510342, 133, -1.0
61965.11108722405, 83, 1.0
61969.36880700274, 59, 1.0
61982.26760547494, 54, 1.0
62006.81638222588, 83, 1.0
62013.30116991862, 59, -1.0
62019.207986888134, 83, 1.0
62030.76674186102, 101, -1.0
62033.994695597765, 133, -1.0
62034.79961987941, 83, 1.0
62037.9366929587, 83, 1.0
62048.92052195325, 101, 1.0
62051.25710277472, 54, -1.0
62073.91209382065, 54, -1.0
62079.431145844086, 101, 1.0
62081.17860465428, 83, 1.0
62087.84353471044, 104, -1.0
62094.648236993955, 59, -1.0
62106.76940411745, 54, 1.0
62116.88955543529, 59, 1.0
62132.01013682389, 83, 1.0
62146.24791762248, 101, 1.0
62152.38772327041, 133, -1.0
62152.857581843775, 59, 1.0
62155.65976083437, 133, -1.0
62186.81845435717, 133, -1.0
62189.66445955989, 59, 1.0
62203.71392066967, 83, 1.0
62210.573275688854, 101, 1.0
62212.13842188473, 101, -1.0
62216.15878820047, 133, -1.0
62218.42766880294, 59, -1.0
62219.50118089318, 83, 1.0
62231.32480058013, 59, 1.0
62231.36143735162, 133, -1.0
62233.62921974387, 59, 1.0
62240.11321364861, 101, 1.0
62242.60743877127, 101, -1.0
62243.39176867103, 83, 1.0
62249.91017144904, 54, 1.0
62250.99072286662, 133, -1.0
62256.89036536682, 133, -1.0
62282.150008227865, 83, -1.0
62288.816739840804, 59, 1.0
62314.57760002893, 133, -1.0
62329.461845305676, 101, 1.0
62346.48258705426, 83, -1.0
62352.776184775365, 70, 1.0
62367.2335189982, 83, 1.0
62379.68239475217, 83, 1.0
62387.02983619339, 83, 1.0
62387.29693164477, 117, -1.0
62397.241731081, 54, -1.0
62405.07974048503, 101, 1.0
62418.91662144661, 59, 1.0
62423.591882614186, 83, -1.0
62426.129811122846, 101, -1.0
62426.907798387154, 59, 1.0
62434.51986126465, 59, 1.0
62438.17143819239, 83, 1.0
62445.08962849207, 133, -1.0
62450.64586472191, 54, -1.0
62457.229456018475, 59, -1.0
62468.26083274713, 83, 1.0
62491.83361355268, 59, 1.0
62512.28989114646, 59, -1.0
62514.34323638369, 59, 1.0
62515.66944257317, 59, -1.0
62519.26084891891, 83, 1.0
62532.94500462911, 104, -1.0
62533.42396862668, 83, 1.0
62535.496468185025, 101, 1.0
62543.973013120805, 101, 1.0
62548.30860469679, 59, 1.0
62558.420375089605, 101, -1.0
62567.9548120738, 83, 1.0
62569.55438274186, 101, 1.0
62571.91162920049, 59, -1.0
62581.00177099423, 133, -1.0
62598.78629186183, 83, 1.0
62604.35635046958, 59, 1.0
62619.79651184337, 83, -1.0
62622.141848657586, 83, -1.0
62628.07520773299, 101, 1.0
62646.57005778437, 83, 1.0
62677.71991444323, 133, -1.0
62682.13841110544, 59, -1.0
62694.899691493876, 59, 1.0
62694.96199017943, 83, 1.0
62701.97461853309, 83, -1.0
62711.15374011194, 59, -1.0
62713.02674580831, 59, 1.0
62722.4370597268, 133, -1.0
62723.16875371485, 101, 1.0
62742.75398092302, 59, -1.0
62750.67487898689, 133, -1.0
62758.89487181181, 101, 1.0
62770.34724737653, 83, 1.0
62777.2200982661, 83, -1.0
62797.23246700803, 83, 1.0
62798.51794029034, 54, -1.0
62805.817893511296, 133, -1.0
62806.688236858565, 54, 1.0
62812.806610064115, 133, -1.0
62815.252805273325, 133, -1.0
62823.91227942155, 83, -1.0
62826.46819157707, 83, 1.0
62832.43338787695, 59, -1.0
62837.677276722934, 133, -1.0
62838.208423553646, 59, 1.0
62843.06154089009, 101, 1.0
62843.99277846767, 104, -1.0
62849.952027661995, 101, 1.0
62851.694232244576, 54, 1.0
62866.910702599875, 59, -1.0
62872.64618439483, 59, -1.0
62889.34146850191, 104, 1.0
62894.46960909846, 54, -1.0
62902.85201628944, 59, -1.0
62907.10246810063, 133, -1.0
62907.95467535382, 54, 1.0
62908.72721878644, 70, 1.0
62925.909024094435, 133, -1.0
62936.410727370734, 83, 1.0
62977.65625553121, 59, 1.0
62979.67845493441, 70, 1.0
62979.73365904621, 83, 1.0
62981.35965259143, 83, -1.0
62984.22064520789, 83, 1.0
62995.32661809232, 101, -1.0
63000.68965676208, 101, 1.0
63019.2557105438, 83, 1.0
63021.54083833548, 83, 1.0
63032.62978487741, 54, -1.0
63040.53271687715, 59, -1.0
63052.99437793556, 83, 1.0
63053.46521320832, 59, -1.0
63064.48084988501, 83, 1.0
63067.81338944379, 59, 1.0
63088.56001759207, 133, -1.0
63101.9407874545, 54, 1.0
63106.51513485801, 59, 1.0
63117.49366935048, 83, 1.0
63124.525814013694, 54, 1.0
63131.92663133324, 54, 1.0
63135.52489935953, 101, 1.0
63151.3404398176, 54, -1.0
63152.54957640915, 101, -1.0
63154.25073724906, 59, -1.0
63161.272650181745, 59, -1.0
63182.240854448675, 59, -1.0
63197.79786697625, 59, 1.0
63202.394183592565, 59, 1.0
63203.51574259327, 59, -1.0
63216.92554900633, 101, 1.0
63223.578960876104, 83, 1.0
63228.30203597942, 54, -1.0
63231.96535695644, 117, -1.0
63243.84202469259, 59, 1.0
63254.105718740335, 117, -1.0
63265.31897692877, 54, -1.0
63268.559004835675, 101, 1.0
63278.67100342261, 83, -1.0
63279.1779459725, 104, -1.0
63309.33430336009, 59, 1.0
63320.221244448134, 83, 1.0
63327.362103378066, 83, 1.0
63328.53480410735, 59, -1.0
63334.13871147743, 59, -1.0
63338.27296732494, 101, 1.0
63341.539600355885, 83, -1.0
63350.22869347222, 101, 1.0
63358.33546669546, 59, -1.0
63367.89746835118, 101, 1.0
63377.62061841383, 117, -1.0
63388.78977605822, 70, 1.0
63390.592260860416, 59, -1.0
63394.9379238151, 54, -1.0
63398.43055641515, 59, 1.0
63401.0075613218, 54, 1.0
63403.791460704306, 83, -1.0
63408.839153358276, 83, 1.0
63411.5286941306, 101, -1.0
63418.430146373095, 101, -1.0
63434.638413865694, 59, -1.0
63456.371753439125, 101, 1.0
63467.389885863144, 83, 1.0
63468.15382067091, 54, 1.0
63469.917732182694, 83, 1.0
63479.10110336426, 83, -1.0
63481.14846300975, 101, 1.0
63481.4914120708, 117, -1.0
63487.77328133778, 59, 1.0
63505.761646491024, 83, -1.0
63514.12045894415, 59, 1.0
63546.71252448197, 54, -1.0
63558.254506370904, 54, 1.0
63560.78067017094, 59, 1.0
63609.60700852463, 83, 1.0
63609.67273319023, 59, 1.0
63615.36318735297, 101, 1.0
63616.60254189098, 59, 1.0
63619.00743115913, 59, -1.0
63633.70133620528, 54, -1.0
63648.221128070734, 83, -1.0
63652.495372273755, 83, 1.0
63673.10481541709, 59, 1.0
63684.85102689433, 101, 1.0
63690.89381047073, 59, -1.0
63694.9159081819, 104, -1.0
63699.404678776584, 83, -1.0
63700.88348608152, 133, -1.0
63722.70715590105, 117, -1.0
63723.31950991481, 59, 1.0
63723.35783870204, 101, -1.0
63723.63282464252, 59, 1.0
63725.37807069443, 133, -1.0
63763.17658167392, 117, -1.0
63791.45981666407, 83, 1.0
63791.84101673395, 59, 1.0
63822.487121480845, 83, 1.0
63823.64556122671, 54, 1.0
63827.95083185204, 59, 1.0
63836.72273772884, 59, 1.0
63859.73784814775, 83, 1.0
63860.65649288666, 101, 1.0
63865.56627892899, 54, -1.0
63883.72146576218, 59, 1.0
63889.950404102885, 59, 1.0
63895.99275208753, 83, 1.0
63903.74994456, 101, -1.0
63906.04799639803, 59, 1.0
63910.87981429758, 59, 1.0
63916.46790892254, 59, 1.0
63936.63486556849, 83, 1.0
63939.98952841466, 104, -1.0
63942.12587412605, 83, -1.0
63950.2263410777, 83, 1.0
63956.02229596869, 101, 1.0
63960.56162117822, 54, -1.0
63977.14341722213, 101, 1.0
63977.62387506404, 83, 1.0
63997.55461616313, 59, 1.0
64007.20178334508, 59, 1.0
64025.50660146563, 83, 1.0
64041.06173873283, 54, -1.0
64057.129778216935, 59, -1.0
64068.7126719176, 101, 1.0
64093.424141437325, 83, -1.0
64106.17745327374, 59, 1.0
64120.959485125306, 101, -1.0
64122.291181779285, 59, 1.0
64150.73297051864, 83, 1.0
64157.42716755617, 54, -1.0
64159.319540485114, 59, -1.0
64163.97638396082, 59, 1.0
64172.36954175526, 70, 1.0
64191.06550595939, 133, -1.0
64207.29618897644, 70, 1.0
64229.202110473714, 83, 1.0
64242.979764231335, 54, -1.0
64253.55940185819, 54, 1.0
64261.412726001035, 83, 1.0
64263.35750429353, 83, -1.0
64266.3660828798, 101, 1.0
64283.882486907445, 83, 1.0
64288.859687409065, 83, 1.0
64292.455975900004, 59, -1.0
64296.808097997084, 101, 1.0
64299.524267899535, 83, 1.0
64302.39238190993, 101, -1.0
64309.53288468147, 70, 1.0
64313.264185191394, 83, -1.0
64323.26782536976, 70, 1.0
64325.11177068605, 54, -1.0
64328.22688235788, 101, 1.0
64341.81292182876, 59, 1.0
64347.768098109875, 83, 1.0
64359.45309063595, 70, 1.0
64401.11601450824, 104, -1.0
64411.81282231838, 54, -1.0
64415.61985927734, 59, -1.0
64431.491982621694, 83, -1.0
64438.9840132036, 83, 1.0
64440.90818901743, 83, 1.0
64452.36786616703, 133, -1.0
64456.73655706209, 83, -1.0
64463.76523189204, 101, 1.0
64466.92236695971, 59, -1.0
64468.34728068018, 59, -1.0
64470.29177744649, 101, -1.0
64493.35614695931, 59, 1.0
64497.52445480126, 54, -1.0
64517.71135987577, 83, 1.0
64520.754140529825, 70, 1.0
64521.97140735257, 54, 1.0
64536.26932405824, 83, -1.0
64545.34272557344, 101, 1.0
64547.158236582414, 83, 1.0
64548.11463651879, 101, -1.0
64558.77991683205, 83, -1.0
64570.88319633043, 54, -1.0
64572.29515858109, 101, 1.0
64573.938688755, 59, 1.0
64607.21217061648, 83, 1.0
64630.30617956202, 83, 1.0
64634.26401302933, 101, 1.0
64654.24400565123, 133, -1.0
64654.87684796903, 83, -1.0
64660.30425441532, 83, 1.0
64681.31336168182, 133, -1.0
64699.47676239443, 83, 1.0
64733.250334548495, 59, 1.0
64734.13316561608, 83, 1.0
64737.924083766375, 101, 1.0
64743.0640706511, 54, -1.0
64750.2280775758, 133, -1.0
64755.183118962384, 101, -1.0
64769.241207877836, 117, -1.0
64779.503876360555, 54, 1.0
64780.25411873784, 133, -1.0
64786.05543674498, 101, -1.0
64787.77199477568, 83, -1.0
64790.213847428546, 101, 1.0
64791.81902964554, 133, -1.0
64794.22457563402, 133, -1.0
64800.11191432458, 101, 1.0
64800.85606364614, 70, -1.0
64802.21039416804, 101, 1.0
64804.133899165296, 59, 1.0
64817.845492886816, 54, 1.0
64818.61344288977, 59, 1.0
64819.20715215061, 133, 1.0
64825.40270465754, 83, 1.0
64884.561592549406, 59, 1.0
64896.26476899215, 133, -1.0
64896.43360287944, 101, 1.0
64900.40514702715, 59, -1.0
64916.708556405036, 83, -1.0
64918.215012651155, 83, 1.0
64928.8593578174, 59, -1.0
64942.20902813874, 101, 1.0
64951.704280825645, 133, -1.0
64955.41866652754, 59, -1.0
64960.1267315143, 70, -1.0
64975.70047963018, 133, -1.0
64976.644794932305, 133, -1.0
64989.04142522426, 133, -1.0
64989.27020021441, 54, 1.0
64989.99075756931, 59, -1.0
64999.801708515035, 59, 1.0
65011.55309017528, 117, 1.0
65015.024831183066, 83, -1.0
65016.565832613785, 59, 1.0
65021.5591753028, 70, 1.0
65026.32710707445, 59, 1.0
65043.55763214192, 133, -1.0
65068.08775923662, 83, 1.0
65079.221584060215, 59, 1.0
65085.20511801229, 59, -1.0
65090.03300997746, 101, 1.0
65092.62197732271, 59, -1.0
65095.874255460294, 101, 1.0
65096.82140458728, 104, -1.0
65107.765182757095, 83, 1.0
65111.03294645904, 104, -1.0
65112.76549859887, 83, 1.0
65124.677691335404, 101, 1.0
65126.467981791895, 54, 1.0
65136.03543188965, 59, 1.0
65136.453444146144, 59, -1.0
65138.348776742016, 104, -1.0
65144.135246490165, 101, 1.0
65160.6270414265, 133, -1.0
65165.131349300565, 83, 1.0
65193.96068411068, 101, 1.0
65213.67015406194, 70, -1.0
65230.771531772596, 59, 1.0
65248.01118615705, 59, 1.0
65264.46228490272, 83, 1.0
65271.37394011286, 101, 1.0
65271.92555363442, 117, 1.0
65271.973058311916, 59, -1.0
65273.7660639252, 101, -1.0
65275.965369398844, 59, 1.0
65312.95914044837, 59, 1.0
65321.9725963783, 133, 1.0
65352.01145593783, 59, -1.0
65367.44904819376, 70, 1.0
65375.75057848977, 59, 1.0
65376.96534204728, 133, -1.0
65382.581080750686, 104, -1.0
65389.746098133255, 59, 1.0
65390.90438696671, 70, -1.0
65405.61318237071, 70, 1.0
65423.12567795829, 104, 1.0
65426.843935479854, 101, 1.0
65430.63639295199, 104, -1.0
65463.29846133787, 59, -1.0
65477.54814172237, 70, 1.0
65483.928624688095, 83, 1.0
65489.37407619368, 59, -1.0
65500.83703373271, 70, -1.0
65505.55592115656, 83, -1.0
65510.96035733925, 104, 1.0
65513.52367878516, 59, 1.0
65515.37983357258, 101, 1.0
65523.71747143798, 70, -1.0
65532.89092861006, 104, 1.0
65546.94999325855, 117, -1.0
65560.29260104636, 83, 1.0
65577.36313170436, 59, 1.0
65578.30126343525, 59, -1.0
65581.13239800226, 59, 1.0
65593.46480586116, 133, -1.0
65595.50426566496, 133, -1.0
65600.28654815239, 59, 1.0
65606.62787841244, 101, 1.0
65607.7764122811, 117, 1.0
65608.88454897788, 101, -1.0
65647.07046752368, 133, -1.0
65648.2158505368, 70, -1.0
65651.43523071475, 83, 1.0
65663.21442178605, 101, 1.0
65663.95073141118, 59, 1.0
65667.66147863175, 59, -1.0
65677.86057567729, 101, 1.0
65693.04197080802, 59, 1.0
65700.66431544014, 101, 1.0
65715.51671771155, 104, -1.0
65748.10677236397, 101, 1.0
65760.02858923779, 70, -1.0
65766.15432899317, 101, 1.0
65791.82607740913, 59, -1.0
65816.84410368402, 59, -1.0
65848.00112792027, 59, 1.0
65849.56447127894, 59, -1.0
65851.01111408745, 133, -1.0
65857.30020724327, 83, -1.0
65859.43873197759, 59, 1.0
65863.511886645, 133, -1.0
65868.78606417892, 117, 1.0
65881.31129427926, 101, 1.0
65886.78586839943, 59, 1.0
65891.21788539743, 101, -1.0
65893.90082577478, 59, 1.0
65901.29905195632, 59, 1.0
65907.67246655647, 59, 1.0
65909.95728798328, 101, 1.0
65919.65868762137, 59, 1.0
65922.64411878538, 59, 1.0
65924.5937205414, 133, -1.0
65933.53518186502, 83, 1.0
65938.23120236839, 83, -1.0
65952.59704944174, 117, 1.0
65955.5600373975, 101, 1.0
65956.74844466858, 83, 1.0
65957.54221780495, 59, 1.0
65964.77228433233, 101, 1.0
65968.95321665704, 101, 1.0
65977.2350123798, 59, 1.0
65998.30162851297, 133, 1.0
66006.24284110853, 101, 1.0
66009.19537053726, 101, 1.0
66011.29858950042, 83, 1.0
66011.84597127742, 133, -1.0
66016.25990076619, 101, 1.0
66057.90676045325, 70, 1.0
66064.31663558491, 59, -1.0
66066.65370593555, 83, 1.0
66085.06578609422, 59, -1.0
66095.40357625092, 104, 1.0
66107.18819782237, 59, -1.0
66126.20004200639, 83, -1.0
66130.61033647657, 104, -1.0
66146.30192586726, 133, -1.0
66151.07262534543, 133, -1.0
66179.10125335146, 133, -1.0
66182.6085860232, 59, 1.0
66198.67862266877, 83, -1.0
66207.72592238762, 101, 1.0
66213.30831454619, 59, 1.0
66225.76762662928, 59, 1.0
66233.19584754897, 70, -1.0
66238.38109278698, 101, 1.0
66249.00310919413, 101, 1.0
66250.57466908597, 133, -1.0
66256.3543258541, 83, -1.0
66260.40279058363, 101, 1.0
66263.8116908991, 117, -1.0
66283.50463935123, 117, 1.0
66286.96800942505, 104, 1.0
66287.92125456293, 133, -1.0
66299.1173097742, 101, 1.0
66300.32492649203, 104, -1.0
66306.5952475696, 70, -1.0
66316.30240975018, 59, -1.0
66324.11862439678, 83, 1.0
66331.39397877335, 59, 1.0
66343.17410338436, 133, -1.0
66344.34646242463, 54, 1.0
66354.45366578482, 101, 1.0
66360.55815900252, 101, 1.0
66372.97120612413, 133, -1.0
66376.20929590841, 101, 1.0
66398.47624783036, 101, 1.0
66404.4481790652, 70, -1.0
66407.62923337471, 117, 1.0
66411.86022247934, 104, -1.0
66415.44177406399, 101, 1.0
66416.23644070467, 101, 1.0
66467.909810486, 104, 1.0
66472.60258197361, 101, -1.0
66481.63351172597, 133, -1.0
66487.1662007286, 59, 1.0
66501.28814504218, 59, 1.0
66506.38249477641, 59, 1.0
66526.41293395245, 59, 1.0
66545.36986218825, 101, 1.0
66547.88206053933, 59, 1.0
66552.42191371732, 59, -1.0
66562.47657461427, 101, -1.0
66562.90498978319, 101, 1.0
66565.73819828044, 133, -1.0
66571.54608730765, 59, 1.0
66574.22649790552, 59, 1.0
66590.7762161258, 101, 1.0
66597.86115470734, 59, 1.0
66608.02999125796, 101, 1.0
66611.42135552388, 83, -1.0
66612.8558531803, 83, 1.0
66625.32169175457, 59, 1.0
66636.25726900948, 101, 1.0
66647.02308419764, 59, 1.0
66661.4266750507, 83, -1.0
66664.36570784911, 59, 1.0
66678.43879569924, 101, 1.0
66682.72187292922, 101, 1.0
66684.5504663898, 101, -1.0
66691.26888816839, 101, 1.0
66696.10045538215, 101, 1.0
66702.33371841334, 101, 1.0
66703.40149834067, 101, 1.0
66720.60515504984, 101, 1.0
66721.49036236406, 101, 1.0
66726.55280034608, 59, -1.0
66731.65033560092, 59, 1.0
66734.36586829444, 83, 1.0
66735.62003340093, 117, -1.0
66752.29425846892, 83, 1.0
66757.07833760948, 59, 1.0
66764.18794407537, 59, 1.0
66769.81065236841, 59, 1.0
66770.60883521421, 83, -1.0
66799.52702484989, 101, 1.0
66799.65866327734, 59, 1.0
66806.44573694271, 101, 1.0
66815.99821756323, 104, -1.0
66824.47315748826, 59, -1.0
66832.03497389669, 59, -1.0
66840.29122852148, 59, 1.0
66853.15389581826, 59, -1.0
66853.52667426105, 59, 1.0
66855.0452767228, 117, -1.0
66865.37009818955, 70, 1.0
66869.68565376473, 83, -1.0
66876.04407398574, 70, -1.0
66877.2196071516, 133, -1.0
66880.49411195767, 133, -1.0
66881.0882598317, 59, 1.0
66902.0130212936, 133, -1.0
66902.416927745, 101, 1.0
66910.50518541681, 117, 1.0
66912.14771402586, 117, 1.0
66916.3644522104, 104, -1.0
66921.52099456446, 83, 1.0
66926.7759665825, 83, 1.0
66949.52020155545, 133, -1.0
66951.60056917285, 59, -1.0
66965.3340907303, 70, -1.0
66972.32955593386, 70, 1.0
66981.52111737078, 101, 1.0
66982.59873241135, 59, 1.0
66984.9017671084, 70, -1.0
66994.53464390013, 133, -1.0
66996.67122096471, 59, -1.0
67012.75165637837, 83, 1.0
67013.51585695014, 101, 1.0
67041.56539571693, 70, 1.0
67053.81347733701, 133, 1.0
67056.00810408441, 101, -1.0
67117.68478451198, 59, 1.0
67120.233187159, 59, -1.0
67128.9568517732, 59, 1.0
67136.04448207449, 59, 1.0
67156.47247550094, 83, -1.0
67162.47094264123, 101, 1.0
67164.32189745635, 59, 1.0
67176.57110343798, 70, -1.0
67179.46027643242, 83, -1.0
67181.61877004591, 70, -1.0
67183.00971360233, 101, 1.0
67194.46900461012, 70, -1.0
67197.80935233145, 59, 1.0
67198.16489332543, 59, 1.0
67224.66072330737, 59, 1.0
67267.09288110935, 83, -1.0
67267.84911476335, 59, -1.0
67275.05384479515, 59, 1.0
67288.08471613127, 70, -1.0
67306.00346336527, 133, -1.0
67310.29826517135, 59, 1.0
67310.63345827794, 133, -1.0
67322.74703258093, 59, 1.0
67339.05753001086, 117, 1.0
67357.24682819167, 133, -1.0
67359.8919268664, 104, 1.0
67368.19335319963, 54, 1.0
67373.3224786187, 59, -1.0
67380.14182313856, 59, 1.0
67432.33521548487, 83, -1.0
67437.51052994095, 133, -1.0
67445.87918344165, 59, 1.0
67454.80516385935, 133, -1.0
67455.86991951197, 104, -1.0
67469.69035344683, 117, 1.0
67469.96757734388, 59, 1.0
67472.95679097598, 83, -1.0
67477.53723503111, 59, 1.0
67484.3971668413, 101, 1.0
67494.99643351858, 59, 1.0
67496.47813104127, 54, 1.0
67498.09607108912, 101, -1.0
67504.89841864206, 59, -1.0
67521.76476068745, 104, -1.0
67529.81842734925, 117, 1.0
67543.69404049338, 59, -1.0
67558.6281938363, 59, 1.0
67585.39212837245, 133, -1.0
67592.82336377293, 117, 1.0
67605.82506518613, 59, 1.0
67615.99062276428, 101, -1.0
67619.92038776132, 117, 1.0
67627.46453197705, 59, 1.0
67647.26384903691, 133, 1.0
67647.47952708497, 101, 1.0
67649.14613880217, 59, -1.0
67656.42878489458, 83, 1.0
67675.99632557873, 59, 1.0
67683.64496787687, 59, 1.0
67702.77966877415, 101, 1.0
67719.1093143531, 133, -1.0
67727.36485650716, 59, 1.0
67748.59677919396, 104, -1.0
67760.83924226285, 133, -1.0
67766.92645936857, 83, -1.0
67768.05562255475, 59, 1.0
67775.16508136223, 59, 1.0
67780.29777459467, 104, -1.0
67783.90990246221, 70, 1.0
67786.55845520887, 133, -1.0
67788.81151767958, 59, 1.0
67808.87276497377, 133, 1.0
67814.89603488402, 117, 1.0
67824.3773983243, 59, 1.0
67827.91483794425, 117, -1.0
67854.41313569993, 54, 1.0
67863.18120073996, 83, 1.0
67880.02314058584, 101, 1.0
67885.20605167314, 117, 1.0
67889.0699317292, 83, 1.0
67891.56236388496, 133, -1.0
67902.92139787275, 83, -1.0
67905.07395478492, 59, -1.0
67925.25704303598, 59, 1.0
67928.45899995504, 133, -1.0
67931.47368561747, 59, -1.0
67934.43544451075, 59, -1.0
67940.23175993442, 104, -1.0
67981.96172034036, 59, 1.0
67983.82028511357, 101, -1.0
67986.30226554435, 101, 1.0
67998.70190726455, 59, 1.0
68020.73923592917, 104, -1.0
68025.64497229569, 59, -1.0
68027.41877351102, 59, 1.0
68040.68015596729, 133, -1.0
68042.84640321461, 101, 1.0
68053.82614261073, 83, 1.0
68058.70519364862, 59, -1.0
68066.78739550136, 83, 1.0
68074.06401960184, 83, 1.0
68104.75740288023, 59, 1.0
68124.53980313978, 83, 1.0
68134.62558895728, 59, 1.0
68134.98969817314, 101, 1.0
68159.90920270115, 59, 1.0
68160.13228063702, 117, 1.0
68182.07231461481, 101, 1.0
68183.47767496464, 83, 1.0
68201.63257819883, 70, -1.0
68207.38073156022, 70, -1.0
68210.47566175886, 70, -1.0
68222.45886755915, 83, 1.0
68240.77512507093, 59, 1.0
68249.74207474414, 59, -1.0
68251.1939504521, 101, 1.0
68262.59779509905, 101, 1.0
68265.16036382482, 104, -1.0
68290.93458945032, 117, 1.0
68301.4835060055, 70, 1.0
68303.51776839912, 83, -1.0
68315.58617966995, 133, -1.0
68322.444452034, 59, 1.0
68330.52326712773, 117, -1.0
68332.996465618, 54, 1.0
68335.43988313951, 104, -1.0
68354.10398174741, 101, 1.0
68361.6139711608, 101, -1.0
68365.2321257658, 83, 1.0
68366.8727179609, 104, -1.0
68376.31521619439, 59, -1.0
68391.77408212883, 59, 1.0
68399.5054689298, 59, 1.0
68405.05335651254, 59, 1.0
68408.47645492629, 59, -1.0
68422.69294074674, 59, -1.0
68451.95786136817, 59, 1.0
68486.004158846, 101, -1.0
68513.36553349442, 59, 1.0
68551.69619579749, 59, -1.0
68556.9949193125, 70, -1.0
68560.71645561172, 70, -1.0
68573.6295092694, 59, -1.0
68607.42186448869, 83, 1.0
68608.64469189764, 133, 1.0
68609.36793488415, 59, 1.0
68656.43377543509, 83, 1.0
68673.00533724873, 101, -1.0
68750.73101604042, 70, 1.0
68757.61311890004, 54, 1.0
68769.96750003617, 101, -1.0
68855.70726988396, 54, 1.0
68880.91200555257, 59, -1.0
68896.73413349602, 59, 1.0
68921.81830123511, 101, 1.0
68924.34344693404, 83, 1.0
68930.29988678945, 54, 1.0
68930.76543562718, 101, -1.0
68962.90000093983, 83, 1.0
69040.16149451779, 104, 1.0
69040.84155168751, 70, -1.0
69044.0004903172, 59, -1.0
69056.2733818896, 101, -1.0
69065.76640465175, 83, -1.0
69070.07259203501, 59, 1.0
69089.72509738289, 59, 1.0
69127.06458656199, 101, 1.0
69135.92039472531, 54, 1.0
69147.0840439176, 104, 1.0
69148.63894198359, 54, -1.0
69178.89225188509, 70, -1.0
69193.14777153532, 133, 1.0
69208.46479550493, 59, 1.0
69227.0729994152, 101, 1.0
69233.0194535769, 133, 1.0
69244.60926252065, 101, -1.0
69279.96740581372, 101, 1.0
69298.56183512081, 101, 1.0
69315.54905948792, 117, -1.0
69358.65766479951, 83, 1.0
69359.57723448893, 101, -1.0
69360.1568952114, 133, 1.0
69363.02279404289, 54, -1.0
69385.91078775837, 59, -1.0
69394.16624173977, 54, 1.0
69395.63555667592, 59, -1.0
69426.18933333468, 54, -1.0
69457.69685005471, 59, -1.0
69459.54569445469, 101, -1.0
69464.14034677981, 70, -1.0
69509.43842888014, 83, -1.0
69512.65960438566, 59, -1.0
69558.85943360621, 101, -1.0
69561.35021086052, 70, -1.0
69571.69242297535, 70, -1.0
69572.20667103006, 70, 1.0
69580.57354363316, 59, -1.0
69594.26510940718, 83, 1.0
69599.50820414176, 101, 1.0
69614.14857458802, 70, -1.0
69625.62333007391, 101, 1.0
69654.48989223212, 101, -1.0
69677.43573445379, 59, 1.0
69683.66153641787, 133, 1.0
69689.054940449, 101, 1.0
69689.45210953554, 133, -1.0
69697.55853459622, 101, -1.0
69699.23166675137, 101, -1.0
69701.517417492, 83, 1.0
69715.51792507574, 59, -1.0
69716.8449854495, 104, 1.0
69722.48821409844, 101, 1.0
69725.18480272261, 59, 1.0
69736.00768725811, 70, -1.0
69759.77567415196, 104, 1.0
69776.30267585728, 101, -1.0
69783.86196636794, 70, -1.0
69787.6846600506, 101, 1.0
69797.78067148442, 54, 1.0
69803.2439868738, 104, 1.0
69812.70709269236, 70, -1.0
69818.15142705923, 54, -1.0
69825.21670102415, 83, 1.0
69833.58345397405, 117, -1.0
69838.7998994111, 101, -1.0
69857.017856516, 101, 1.0
69879.02901365927, 59, -1.0
69896.8059834422, 83, 1.0
69919.34790911975, 104, 1.0
69922.58942923148, 59, -1.0
69932.84913625465, 54, -1.0
69935.60782622862, 83, 1.0
69952.68900593978, 59, 1.0
69967.10437231274, 70, -1.0
69986.77663819077, 83, 1.0
69989.42400218254, 54, 1.0
70001.13235555276, 101, 1.0
70017.78599218953, 101, 1.0
70038.46140666063, 59, 1.0
70077.45049803611, 59, -1.0
70078.52350491159, 54, 1.0
70082.71538527685, 70, 1.0
70096.71678983167, 54, 1.0
70100.87631519747, 59, -1.0
70101.4881916872, 83, -1.0
70140.97684290825, 101, 1.0
70157.67436566592, 133, 1.0
70168.09611734965, 133, 1.0
70172.27176356204, 101, -1.0
70189.11471349544, 101, 1.0
70208.11800290685, 101, -1.0
70210.87418685896, 54, 1.0
70218.49725861609, 70, -1.0
70259.8660788998, 54, -1.0
70267.42840974464, 133, 1.0
70304.08133217778, 133, 1.0
70309.52825117025, 59, -1.0
70310.52358661404, 59, 1.0
70335.02065281691, 83, 1.0
70343.24254772303, 70, -1.0
70343.45988267036, 54, 1.0
70366.16200034315, 101, -1.0
70367.61795416684, 117, -1.0
70384.77234232574, 101, 1.0
70413.67749527314, 83, 1.0
70421.11944343269, 54, 1.0
70436.57866243337, 101, -1.0
70439.93108763793, 70, -1.0
70441.62529997686, 101, -1.0
70473.49048905256, 59, -1.0
70481.59727180973, 70, 1.0
70528.98430364598, 83, 1.0
70554.3169247374, 101, 1.0
70565.4170035594, 101, -1.0
70628.50716435113, 70, -1.0
70680.31510723103, 54, 1.0
70680.8197687323, 133, -1.0
70693.60415409529, 101, 1.0
70694.85324557374, 101, 1.0
70743.92847401224, 59, 1.0
70792.12619443923, 83, 1.0
70831.20160433029, 117, 1.0
70834.82027749998, 83, 1.0
70842.53617143429, 70, -1.0
70849.31945856877, 59, 1.0
70858.5394879271, 54, 1.0
70880.1474322699, 104, 1.0
70891.31532947767, 101, -1.0
70895.4133478979, 59, -1.0
70895.85946468306, 101, 1.0
70905.00546412414, 101, 1.0
70918.36118312003, 133, 1.0
70936.35919588846, 54, -1.0
70969.70354960098, 117, -1.0
70993.02333620336, 104, 1.0
70996.18427104689, 101, 1.0
70998.11398291352, 83, -1.0
71004.20481568109, 59, 1.0
71014.05647064243, 59, -1.0
71022.38241447018, 133, -1.0
71028.08925627724, 54, 1.0
71028.84481138289, 83, 1.0
71032.31283471246, 101, -1.0
71036.95219630489, 70, -1.0
71044.55950052278, 117, 1.0
71092.27108836603, 101, -1.0
71104.06956366825, 101, 1.0
71106.21185913894, 59, -1.0
71121.56886810428, 117, 1.0
71181.85983767638, 70, -1.0
71207.97085489477, 133, 1.0
71232.45951801832, 101, -1.0
71283.81329492349, 54, 1.0
71298.91212777105, 59, -1.0
71343.71398869513, 59, -1.0
71400.23475497268, 83, 1.0
71421.36233559536, 59, 1.0
71439.20533832048, 117, 1.0
71469.11157284191, 83, 1.0
71490.44150002341, 59, 1.0
71507.56421647851, 59, -1.0
71519.63978803132, 83, 1.0
71528.54414260593, 54, -1.0
71549.47418733865, 54, -1.0
71586.40775990639, 70, 1.0
71611.32629962155, 101, -1.0
71615.08765678844, 117, -1.0
71621.48657891761, 59, -1.0
71624.52557373683, 59, -1.0
71632.13380364621, 59, 1.0
71633.40141281048, 104, 1.0
71641.1975308471, 54, 1.0
71682.88836681815, 101, 1.0
71709.92231446534, 117, -1.0
71710.62095620488, 117, -1.0
71721.00563368868, 101, -1.0
71727.99574852436, 117, -1.0
71734.4802323314, 83, 1.0
71740.23966379128, 59, -1.0
71758.36068291095, 133, 1.0
71760.07648321678, 117, 1.0
71764.63839495608, 70, -1.0
71778.9945312011, 101, -1.0
71876.62289210591, 54, 1.0
71903.87549871678, 101, -1.0
71912.24763707553, 70, -1.0
71913.56409560528, 117, -1.0
71979.91228694843, 83, 1.0
71992.6922308111, 101, 1.0
71995.22002248657, 101, -1.0
71998.74484906592, 59, 1.0
72039.2434901899, 59, -1.0
72088.43859609494, 104, 1.0
72091.6014738841, 104, 1.0
72152.32953118837, 133, 1.0
72159.73780856504, 59, -1.0
72166.7449281468, 133, 1.0
72205.53129628106, 59, -1.0
72207.09952028442, 101, -1.0
72248.13749021136, 59, -1.0
72400.55713983157, 70, -1.0
72474.1009444524, 70, -1.0
72484.4440148058, 117, 1.0
72500.15449119054, 59, 1.0
72535.79256257461, 104, 1.0
72573.10386710386, 133, 1.0
72601.453060874, 104, 1.0
72660.80613985105, 70, -1.0
72776.38235008468, 101, -1.0
72892.16893079529, 117, 1.0
72931.5075145938, 117, -1.0
72990.89894713661, 117, 1.0
73035.97132289744, 54, -1.0
73096.02841376672, 117, 1.0
73112.27269924004, 117, 1.0
73115.09753452514, 59, -1.0
73119.39662638177, 70, -1.0
73121.97586379688, 70, -1.0
73161.53111057408, 117, 1.0
73175.83068422037, 59, 1.0
73277.49253613417, 70, -1.0
73280.569742444, 104, 1.0
73291.23176472615, 101, -1.0
73345.00825562797, 59, -1.0
73347.49816804989, 59, -1.0
73396.50583357473, 70, -1.0
73421.17931245692, 101, -1.0
73483.61224463355, 133, 1.0
73506.59144967543, 104, 1.0
73528.59862511056, 101, -1.0
73543.9157484719, 117, -1.0
73568.60773640726, 59, -1.0
73578.34511250614, 54, -1.0
73591.09325100998, 70, -1.0
73601.26222363488, 54, -1.0
73654.75370049663, 59, 1.0
73676.64993174818, 104, -1.0
73676.66636261511, 59, -1.0
73688.06945218568, 70, -1.0
73723.26707912891, 133, 1.0
73749.04930798715, 101, -1.0
73810.42747822487, 101, -1.0
73896.95056530139, 117, -1.0
73983.63809783218, 104, -1.0
73992.84001631361, 59, -1.0
74004.18363185332, 59, 1.0
74024.06699739762, 104, -1.0
74048.84538548597, 83, 1.0
74120.14716952783, 54, -1.0
74234.04519157874, 59, -1.0
74234.33235592578, 59, -1.0
74246.73550753182, 104, -1.0
74263.52403694436, 117, 1.0
74329.0573027869, 54, -1.0
74329.2434271743, 70, -1.0
74432.58653851046, 59, 1.0
74444.88689201146, 117, -1.0
74460.66486191805, 101, -1.0
74501.94439271669, 83, 1.0
74548.61670489566, 59, -1.0
74750.56427530547, 83, 1.0
74782.11575072083, 70, 1.0
74782.63208398623, 70, -1.0
74910.76881016581, 104, 1.0
74938.42448587024, 117, 1.0
75017.62961449534, 117, 1.0
75019.94540741786, 59, -1.0
75040.2486749953, 101, -1.0
75118.14595032409, 59, 1.0
75122.5989477947, 133, 1.0
75169.52441157226, 117, 1.0
75185.63451728674, 59, -1.0
75215.6882014785, 59, 1.0
75216.80237253703, 59, -1.0
75227.11082941384, 83, -1.0
75258.09726267397, 117, 1.0
75305.36074430258, 70, 1.0
75346.79412064796, 59, 1.0
75375.33718255389, 59, -1.0
75406.64474241594, 83, 1.0
75497.42436736998, 101, -1.0
75504.16022488146, 104, -1.0
75516.42853617527, 101, -1.0
75558.48341302565, 59, -1.0
75595.81704657094, 101, -1.0
