25203.729646326487, 148, 1.0
25204.824534220625, 152, 1.0
25205.938733442912, 152, -1.0
25208.14836894676, 35, -1.0
25216.266070736372, 44, 1.0
25218.332472081136, 35, 1.0
25227.57955784866, 148, -1.0
25232.823204550485, 75, 1.0
25245.980091742884, 101, 1.0
25247.56092543545, 75, -1.0
25247.79362222408, 75, 1.0
25248.121794790055, 103, 1.0
25249.187092356482, 101, -1.0
25249.7949610404, 101, -1.0
25250.72160792736, 35, 1.0
25255.56621637016, 101, 1.0
25257.298607087472, 35, 1.0
25258.055059683546, 75, 1.0
25284.79448695169, 75, 1.0
25293.380741928635, 154, -1.0
25293.421338172553, 152, -1.0
25293.93617584973, 152, 1.0
25294.210964976613, 152, -1.0
25294.343343493394, 101, 1.0
25303.425361792117, 101, 1.0
25305.992745896514, 103, 1.0
25309.421547514936, 75, 1.0
25313.790454197886, 152, -1.0
25317.949947430887, 148, -1.0
25318.415520086324, 35, -1.0
25324.17712180545, 154, 1.0
25330.469366663376, 148, -1.0
25343.333408730865, 44, -1.0
25345.274459314995, 101, -1.0
25346.54447171143, 44, 1.0
25347.50694589393, 35, -1.0
25350.21297371213, 148, 1.0
25351.50549013618, 75, -1.0
25356.378230560797, 75, 1.0
25362.259507631552, 44, 1.0
25362.476674329868, 148, -1.0
25368.811942534412, 35, 1.0
25379.92823353993, 75, 1.0
25381.961237566244, 101, 1.0
25382.561205807877, 148, -1.0
25385.1464924051, 103, 1.0
25385.422880843547, 75, 1.0
25387.40636758837, 101, 1.0
25391.669130298655, 75, 1.0
25392.013793017682, 148, -1.0
25398.924613020034, 75, 1.0
25400.932183417633, 103, 1.0
25402.703102695392, 154, -1.0
25407.19203265855, 154, 1.0
25409.358349545797, 103, 1.0
25412.630253598192, 75, 1.0
25418.27007153931, 148, 1.0
25425.038186829, 101, -1.0
25457.62605414631, 101, -1.0
25459.360830723876, 75, 1.0
25469.96150666764, 44, -1.0
25470.006599437784, 103, -1.0
25486.819749070964, 75, 1.0
25492.470579143028, 75, -1.0
25496.754373281845, 101, 1.0
25500.160883195058, 44, -1.0
25518.363229548795, 35, -1.0
25519.524196415776, 75, 1.0
25520.33793484334, 148, -1.0
25523.0598430651, 103, -1.0
25534.76343209898, 75, -1.0
25535.10408263471, 103, 1.0
25538.713205653377, 75, -1.0
25564.827265383024, 152, -1.0
25587.019312898567, 75, 1.0
25597.616851998515, 154, -1.0
25599.42679603659, 35, -1.0
25607.366568870635, 103, 1.0
25607.453879828827, 152, 1.0
25610.889841087115, 75, 1.0
25613.312261557985, 101, 1.0
25618.5497841042, 35, -1.0
25633.77629930104, 152, 1.0
25647.661776926725, 75, 1.0
25648.922309725873, 103, 1.0
25656.50664471141, 44, -1.0
25678.718946400986, 103, 1.0
25679.202727245316, 152, -1.0
25680.377530335234, 35, -1.0
25690.67355873696, 148, -1.0
25693.271152905018, 152, -1.0
25694.695021196134, 44, -1.0
25699.626792788655, 35, 1.0
25706.060815483503, 44, -1.0
25714.702221495263, 75, -1.0
25732.565487829255, 152, -1.0
25744.230127092014, 44, -1.0
25747.25239151603, 75, 1.0
25750.74327040978, 152, -1.0
25751.926108668493, 75, 1.0
25752.309300952733, 103, 1.0
25754.332222699006, 103, 1.0
25762.783682027395, 75, 1.0
25762.94335672249, 75, 1.0
25764.1008189633, 103, 1.0
25764.346177492505, 148, -1.0
25768.728442208052, 152, -1.0
25772.237370129547, 75, 1.0
25772.915084840868, 154, -1.0
25779.812866189804, 35, 1.0
25783.948486023095, 103, 1.0
25784.020134925016, 44, -1.0
25786.277260552964, 103, 1.0
25790.345556950135, 35, -1.0
25809.819805806503, 75, -1.0
25810.020653200078, 75, 1.0
25811.852012817108, 44, -1.0
25815.983065799053, 154, 1.0
25819.535324163127, 35, -1.0
25831.14909321531, 103, 1.0
25836.72683438458, 152, -1.0
25845.94777177156, 75, -1.0
25848.220031230772, 35, 1.0
25848.424975212052, 148, -1.0
25853.269472575077, 35, 1.0
25853.62847525843, 35, 1.0
25855.80743436435, 154, 1.0
25858.648202317247, 35, 1.0
25860.26946134838, 44, -1.0
25870.953379343853, 75, -1.0
25872.311144535062, 75, -1.0
25881.039952760995, 35, -1.0
25881.366516016737, 148, -1.0
25881.978720725918, 44, -1.0
25891.86586132642, 101, -1.0
25894.86131830661, 148, -1.0
25895.002845826173, 101, -1.0
25895.836511915924, 152, -1.0
25900.74880649423, 103, 1.0
25903.795265006578, 75, 1.0
25909.73561081734, 75, 1.0
25913.570932689854, 101, 1.0
25915.06259117433, 152, -1.0
25917.248484762382, 44, -1.0
25918.90065666371, 148, -1.0
25919.196273959977, 103, 1.0
25929.729074884606, 44, -1.0
25929.785369508616, 75, 1.0
25932.317592710348, 101, -1.0
25955.979072503495, 75, 1.0
25959.992914345683, 103, -1.0
25963.5543102422, 154, -1.0
25964.19209384407, 152, -1.0
25965.92703563281, 152, 1.0
25975.485922414122, 35, -1.0
25982.60735948354, 75, 1.0
25988.984386430046, 44, -1.0
25989.241464696737, 148, -1.0
25993.983392944818, 103, 1.0
25994.201890494627, 101, -1.0
26005.87555702855, 148, -1.0
26022.93817031843, 154, -1.0
26024.292574659954, 75, 1.0
26028.077338135008, 152, -1.0
26028.504573953884, 103, 1.0
26030.063626638253, 103, 1.0
26037.43160823482, 152, -1.0
26053.75044559913, 152, -1.0
26057.71401497516, 103, 1.0
26058.911289375268, 103, 1.0
26060.12042433624, 103, 1.0
26065.275034671653, 75, 1.0
26067.582790233482, 75, 1.0
26070.90149106852, 154, -1.0
26075.177300944128, 148, -1.0
26077.059398849393, 103, 1.0
26077.104847487768, 152, -1.0
26078.41708471547, 75, -1.0
26080.690847935937, 35, -1.0
26091.83997645826, 154, 1.0
26092.347719077286, 44, 1.0
26094.61315136607, 35, -1.0
26101.318387670748, 35, -1.0
26107.14716741058, 35, -1.0
26112.31894009287, 103, 1.0
26113.132848763627, 154, 1.0
26114.89793116977, 152, 1.0
26131.235019970285, 44, -1.0
26134.42409236337, 103, -1.0
26154.370004758744, 75, 1.0
26155.874091295642, 103, 1.0
26156.247664839244, 35, 1.0
26157.19323716414, 154, -1.0
26162.76460893106, 75, 1.0
26170.450991295063, 101, 1.0
26171.582002993808, 148, -1.0
26174.84063729566, 101, 1.0
26175.240135174954, 75, 1.0
26178.95399240808, 44, -1.0
26183.535155114874, 75, 1.0
26188.37632521501, 154, -1.0
26193.639019167043, 75, 1.0
26202.106894596527, 101, 1.0
26204.190572506843, 152, -1.0
26205.00874606786, 103, -1.0
26208.061588958968, 103, 1.0
26214.379398155896, 154, 1.0
26217.549128492035, 148, -1.0
26229.489416753895, 44, -1.0
26230.035796051467, 103, 1.0
26234.730736313097, 152, -1.0
26236.133080789245, 101, -1.0
26239.078524076715, 35, -1.0
26242.67312128177, 103, 1.0
26244.877994920647, 75, 1.0
26245.713003122237, 75, 1.0
26249.8121869901, 148, -1.0
26251.446060675164, 101, 1.0
26255.898990583417, 35, -1.0
26257.1527053238, 103, -1.0
26263.61023475076, 101, 1.0
26266.360014580383, 148, 1.0
26267.347509431926, 35, -1.0
26269.91023525423, 103, 1.0
26271.464035921956, 35, 1.0
26273.48359772651, 154, 1.0
26279.294327513737, 35, -1.0
26287.562371090382, 152, -1.0
26292.599013493993, 101, 1.0
26293.626037777605, 103, 1.0
26294.50782859102, 101, 1.0
26303.673846827576, 152, -1.0
26315.61660164305, 35, -1.0
26316.51496403578, 152, -1.0
26320.240834058775, 44, -1.0
26321.334649725984, 148, -1.0
26328.568309321694, 44, -1.0
26359.642471232946, 75, 1.0
26364.282320084072, 103, 1.0
26367.486265510222, 35, -1.0
26368.197395114614, 75, 1.0
26380.10551231452, 101, 1.0
26387.022109344107, 75, -1.0
26388.17934395459, 152, -1.0
26393.256346197373, 101, -1.0
26395.83354065133, 154, 1.0
26396.027329580207, 75, 1.0
26399.316461392114, 44, -1.0
26399.93187357155, 103, 1.0
26403.763900638503, 35, 1.0
26408.276620367214, 75, 1.0
26414.618107614875, 154, 1.0
26415.30253606247, 103, 1.0
26426.25275560976, 103, -1.0
26426.340931025552, 75, 1.0
26427.459717906855, 148, -1.0
26428.18394298642, 148, -1.0
26430.814464012525, 75, 1.0
26433.988967904213, 75, -1.0
26436.910621073177, 75, 1.0
26444.42957002026, 152, -1.0
26444.46175636716, 75, 1.0
26451.936581490685, 154, -1.0
26464.179864392365, 154, 1.0
26472.957080394597, 75, 1.0
26479.627467237082, 75, -1.0
26495.57723724676, 35, -1.0
26503.359427488387, 75, 1.0
26511.56456657332, 148, -1.0
26512.740991514904, 103, 1.0
26515.35922864975, 101, -1.0
26517.75050315424, 75, 1.0
26535.851039829762, 75, 1.0
26540.0322375369, 75, 1.0
26541.438468426408, 101, 1.0
26542.41802279263, 103, 1.0
26544.406650383327, 152, -1.0
26548.739183869384, 75, 1.0
26549.58476925242, 148, -1.0
26552.656651076653, 101, 1.0
26555.686179173015, 148, -1.0
26558.865126625937, 152, -1.0
26563.8586334512, 75, 1.0
26564.899035403985, 152, -1.0
26565.53593473017, 152, -1.0
26571.543090297557, 35, 1.0
26579.249573137913, 75, -1.0
26581.93483271678, 152, 1.0
26583.554874914917, 44, -1.0
26589.33799241085, 103, 1.0
26589.71410555461, 44, -1.0
26590.58609787399, 75, -1.0
26596.151916021863, 152, 1.0
26601.023556421824, 152, -1.0
26603.105411491597, 35, -1.0
26604.835676903087, 148, 1.0
26607.4775264812, 44, -1.0
26610.850565237448, 152, -1.0
26616.317366329684, 103, 1.0
26619.950515036613, 44, -1.0
26620.32342219905, 75, 1.0
26635.635125834055, 103, 1.0
26649.456795530823, 103, 1.0
26662.52809244539, 75, 1.0
26663.931479457337, 75, 1.0
26674.406695069287, 44, -1.0
26675.299534264042, 75, -1.0
26685.653350842607, 75, -1.0
26698.16520144507, 44, -1.0
26699.88617282855, 35, -1.0
26715.63548855231, 103, 1.0
26717.438159300407, 148, -1.0
26717.646889937307, 148, -1.0
26718.721967283807, 152, -1.0
26731.76244283097, 152, -1.0
26732.10659079735, 148, -1.0
26733.378018393618, 44, 1.0
26745.01244904494, 75, -1.0
26748.486030932458, 148, 1.0
26750.286883881963, 152, -1.0
26750.585618176166, 35, -1.0
26774.915883337828, 75, 1.0
26778.36280553282, 35, -1.0
26788.607564460475, 35, -1.0
26791.681802184772, 103, 1.0
26794.14266775227, 103, -1.0
26797.803707200754, 152, 1.0
26798.030305778026, 35, -1.0
26811.86975718203, 35, -1.0
26815.08546931035, 75, 1.0
26817.490530576288, 35, 1.0
26835.023402739065, 44, 1.0
26841.77683028385, 101, 1.0
26849.012737190966, 35, 1.0
26849.785639353173, 152, -1.0
26852.220933381148, 35, -1.0
26858.172085664177, 101, 1.0
26860.77817360456, 152, 1.0
26862.246345923013, 35, -1.0
26863.232431541484, 152, -1.0
26867.869745135275, 35, -1.0
26873.705902511545, 148, -1.0
26881.230830822227, 103, 1.0
26885.671526283742, 148, -1.0
26891.54864583273, 101, 1.0
26898.41975278113, 103, 1.0
26906.50617452299, 75, 1.0
26919.063162187802, 75, 1.0
26920.354929932913, 44, -1.0
26920.944336300923, 75, 1.0
26924.093832059436, 152, -1.0
26935.853109844677, 35, -1.0
26937.68569997174, 148, -1.0
26940.324935996705, 44, -1.0
26940.781665691997, 103, 1.0
26943.6030617799, 35, -1.0
26944.55562232191, 101, 1.0
26946.15869113773, 44, -1.0
26948.41556764548, 148, -1.0
26955.28593015141, 35, 1.0
26958.477992238168, 103, -1.0
26961.89913506884, 103, 1.0
26965.39689968407, 101, -1.0
26971.486366891164, 35, 1.0
26976.982018908133, 103, 1.0
26981.5591078751, 35, -1.0
26986.621943591206, 103, 1.0
26988.443621031678, 35, 1.0
26990.932441447887, 101, -1.0
26992.472619021708, 103, 1.0
27002.500262320904, 35, 1.0
27005.33962560858, 44, -1.0
27020.54520387519, 35, -1.0
27021.5223312967, 154, 1.0
27023.868522753735, 103, -1.0
27025.139964689886, 148, -1.0
27027.898638084574, 75, 1.0
27045.595837356963, 44, 1.0
27053.732509421014, 75, 1.0
27059.10948998732, 154, -1.0
27059.404044096234, 35, -1.0
27062.44154440192, 75, 1.0
27065.78305448623, 103, 1.0
27076.42554028728, 148, -1.0
27077.178851755027, 44, -1.0
27091.434996333388, 44, -1.0
27092.36306276796, 35, 1.0
27100.04598282265, 44, 1.0
27100.236226462155, 75, 1.0
27102.432167190313, 75, 1.0
27103.80049084279, 101, -1.0
27107.436208403324, 75, 1.0
27109.85118968662, 152, -1.0
27110.487331017768, 75, 1.0
27110.52564220093, 152, -1.0
27115.387871663675, 148, -1.0
27115.49767831878, 75, 1.0
27116.84340587158, 152, 1.0
27133.55141059658, 152, -1.0
27139.62575900916, 103, 1.0
27141.602369485092, 148, -1.0
27142.084580146315, 75, 1.0
27158.612039926793, 103, 1.0
27160.51626813631, 103, -1.0
27163.748063521107, 35, -1.0
27166.389541103654, 75, 1.0
27168.065995417855, 75, 1.0
27175.673467026056, 44, -1.0
27185.93115373643, 103, 1.0
27186.902152878058, 103, 1.0
27189.65380401299, 75, -1.0
27194.808104276766, 152, -1.0
27198.302038483263, 152, -1.0
27199.372653608436, 152, -1.0
27199.642062605268, 75, 1.0
27200.112244743785, 152, -1.0
27203.233152913363, 103, -1.0
27204.964106613254, 35, 1.0
27205.167426282445, 75, 1.0
27205.753288902182, 103, 1.0
27213.24515813579, 154, 1.0
27225.119575191584, 75, 1.0
27228.852078346015, 101, -1.0
27230.424990059633, 154, 1.0
27249.73756528015, 101, -1.0
27253.251967005297, 75, 1.0
27259.028244428693, 154, 1.0
27285.534256597326, 148, 1.0
27289.898382611176, 75, 1.0
27295.164895402933, 103, 1.0
27296.18213794116, 101, 1.0
27303.369581306866, 44, -1.0
27306.682301356817, 154, 1.0
27308.193554690966, 35, -1.0
27316.949221421906, 75, 1.0
27317.670258607523, 44, -1.0
27325.836660497807, 152, 1.0
27326.865804807414, 75, -1.0
27337.030276321973, 44, -1.0
27340.524551429295, 152, 1.0
27341.967118448134, 154, 1.0
27343.197719494987, 44, 1.0
27361.610614795594, 152, -1.0
27369.43788314987, 103, -1.0
27372.621168393056, 44, -1.0
27375.835666619052, 152, -1.0
27379.3670261078, 152, -1.0
27387.1994402535, 152, -1.0
27392.289314700687, 103, 1.0
27399.787861759167, 101, -1.0
27402.721037410807, 75, 1.0
27402.98626972738, 101, -1.0
27406.55773654563, 154, -1.0
27406.797020996462, 152, -1.0
27408.196501205493, 103, 1.0
27408.806128929526, 152, -1.0
27415.66054250431, 75, -1.0
27418.438644300317, 75, -1.0
27425.845702712595, 75, -1.0
27426.33890333442, 101, 1.0
27433.448706260147, 75, 1.0
27440.477484159375, 101, 1.0
27442.15165047673, 103, 1.0
27445.58611141634, 152, -1.0
27446.92145012323, 148, 1.0
27449.972344550923, 103, -1.0
27454.0744040368, 103, -1.0
27455.159969611203, 154, -1.0
27468.297818275714, 101, -1.0
27468.961319814105, 152, -1.0
27469.821820128953, 103, 1.0
27470.513861180563, 152, -1.0
27470.775884376388, 154, 1.0
27475.483030404564, 44, -1.0
27481.264167245587, 152, -1.0
27484.479555200985, 152, -1.0
27485.59650995938, 103, 1.0
27485.668611664158, 35, -1.0
27488.76215108356, 35, -1.0
27491.764768967478, 154, -1.0
27501.44861626831, 152, -1.0
27508.180042660395, 152, 1.0
27509.900957643233, 101, -1.0
27513.041065436242, 152, -1.0
27513.792132515457, 75, 1.0
27519.847250677543, 152, -1.0
27522.792515569778, 154, -1.0
27523.21975302288, 75, 1.0
27523.745754642805, 148, -1.0
27535.950862384605, 75, 1.0
27544.644766389363, 75, 1.0
27548.036615763005, 75, -1.0
27553.75428815905, 148, -1.0
27563.830867370227, 75, 1.0
27565.545973148543, 75, 1.0
27567.8177041627, 75, 1.0
27578.328530066927, 35, -1.0
27584.430385552427, 103, 1.0
27584.913948917707, 75, 1.0
27590.155292385298, 103, 1.0
27590.41032683449, 103, 1.0
27591.353450957955, 35, 1.0
27597.488621336168, 148, -1.0
27601.952810850424, 75, 1.0
27604.496186681037, 101, -1.0
27604.567200480327, 148, -1.0
27604.759734945044, 35, 1.0
27638.675582369757, 75, 1.0
27656.573062984724, 152, 1.0
27658.861921430627, 101, 1.0
27662.138718045575, 44, -1.0
27663.753089728663, 75, 1.0
27669.440685720787, 152, 1.0
27677.15941892919, 148, -1.0
27677.904593042982, 35, -1.0
27687.017577118986, 75, 1.0
27707.737127304517, 35, -1.0
27717.984961665792, 75, 1.0
27722.886513745554, 154, -1.0
27726.113113585405, 75, 1.0
27738.636122672986, 44, -1.0
27742.074359288563, 35, 1.0
27746.802347496625, 152, -1.0
27750.362034717196, 75, 1.0
27752.11216562667, 44, -1.0
27760.283541529752, 154, -1.0
27760.773093798693, 35, -1.0
27760.800365936833, 148, -1.0
27762.415798089478, 148, 1.0
27765.36235171403, 154, 1.0
27768.352785880703, 35, 1.0
27771.947738827494, 75, 1.0
27781.35552840343, 152, -1.0
27786.171063966125, 75, 1.0
27797.47953447286, 75, 1.0
27805.71589505086, 103, 1.0
27808.452877943488, 152, 1.0
27809.52713386056, 35, -1.0
27811.578450384783, 35, -1.0
27815.000132546138, 148, -1.0
27815.249119002754, 35, -1.0
27819.805195282188, 44, -1.0
27852.916899218566, 44, 1.0
27853.15003664565, 101, 1.0
27856.49023053616, 35, 1.0
27861.292958620787, 154, 1.0
27866.932295342292, 44, 1.0
27867.083323747705, 75, 1.0
27869.565244227182, 44, -1.0
27869.68680511728, 35, 1.0
27871.98210341526, 152, -1.0
27875.874692425816, 75, -1.0
27877.13351342901, 103, 1.0
27882.398114962132, 101, -1.0
27907.765119313193, 75, -1.0
27912.58371064286, 148, -1.0
27914.3188820096, 35, -1.0
27915.92382067313, 154, 1.0
27924.134949657753, 35, -1.0
27927.55663878343, 44, -1.0
27933.73691187106, 75, 1.0
27934.687837699003, 44, -1.0
27936.396918172642, 101, -1.0
27938.07459883481, 152, -1.0
27950.27416188521, 35, -1.0
27958.674499743567, 44, -1.0
27971.81364240778, 103, 1.0
27973.75436047266, 103, 1.0
27988.84744130489, 103, -1.0
27992.30157114157, 75, 1.0
27992.817443481825, 152, 1.0
27994.109757595437, 152, 1.0
27994.655583861568, 35, 1.0
27995.509440485897, 148, 1.0
28008.333025403026, 148, 1.0
28010.88488844802, 152, -1.0
28013.58008700631, 152, -1.0
28026.158964814564, 148, -1.0
28026.742193129794, 154, 1.0
28036.366538059916, 101, 1.0
28045.143542810532, 101, 1.0
28050.424572773856, 152, 1.0
28051.857062691877, 75, 1.0
28056.327807690162, 148, -1.0
28057.407043064137, 75, -1.0
28063.373707309576, 101, 1.0
28070.020154118065, 154, -1.0
28070.07263061768, 152, -1.0
28070.850113128214, 35, -1.0
28077.925333627445, 75, 1.0
28083.943381447716, 152, 1.0
28084.259017344462, 44, 1.0
28087.146096924946, 152, -1.0
28087.184253760774, 152, 1.0
28093.12467871028, 152, 1.0
28095.56386764269, 148, -1.0
28097.35745995973, 75, 1.0
28098.246941947116, 103, 1.0
28108.182975511074, 152, -1.0
28112.66762736301, 35, -1.0
28128.525563425734, 101, 1.0
28128.97262941818, 152, 1.0
28131.685678176287, 103, 1.0
28132.088999801585, 103, 1.0
28135.44908245009, 103, 1.0
28136.52131976404, 148, 1.0
28142.767005955593, 75, 1.0
28145.093563355807, 101, -1.0
28146.985843949988, 44, -1.0
28155.344612593115, 103, 1.0
28157.41706919998, 152, -1.0
28158.72789714756, 152, -1.0
28167.344446757514, 35, -1.0
28170.520721344274, 35, -1.0
28173.099395789217, 152, -1.0
28177.67320976293, 154, -1.0
28187.78791903215, 101, 1.0
28188.115044543196, 75, 1.0
28197.449695227082, 35, -1.0
28198.822033832457, 152, -1.0
28214.075479032545, 152, -1.0
28214.814701748895, 75, 1.0
28215.413906919806, 75, 1.0
28218.631196673294, 152, 1.0
28223.484944057218, 152, 1.0
28227.865961748623, 44, -1.0
28228.707584757318, 75, 1.0
28239.655324721487, 75, 1.0
28241.03371888346, 75, -1.0
28242.055810385806, 152, 1.0
28247.329792778422, 152, 1.0
28248.242648589512, 101, 1.0
28255.731224923114, 154, 1.0
28256.877953831194, 148, -1.0
28258.16960510942, 35, 1.0
28262.862829404858, 44, -1.0
28264.59148727129, 154, 1.0
28267.412488642218, 35, -1.0
28279.41549732937, 75, -1.0
28280.09757076845, 101, 1.0
28280.355253621245, 152, -1.0
28290.214088288085, 152, -1.0
28290.910093618313, 103, -1.0
28292.951092352556, 101, 1.0
28318.80587231172, 103, 1.0
28319.16966491519, 75, 1.0
28328.481827629537, 44, -1.0
28348.57841607253, 103, 1.0
28364.405544953326, 152, -1.0
28367.042695391712, 101, 1.0
28372.405203699986, 103, 1.0
28381.742234833157, 35, -1.0
28385.3545629201, 75, 1.0
28387.04973551453, 148, -1.0
28394.79677834798, 152, 1.0
28398.93212172949, 101, -1.0
28403.45148145444, 103, 1.0
28405.023720923477, 75, 1.0
28405.83010911132, 103, 1.0
28406.086694398695, 75, 1.0
28418.39117099284, 35, -1.0
28423.94165339494, 152, -1.0
28424.83458078765, 148, -1.0
28442.782461079765, 103, 1.0
28448.55552364574, 75, 1.0
28449.862593061207, 103, 1.0
28453.854364967825, 75, 1.0
28456.238462273035, 35, -1.0
28463.627141108118, 75, 1.0
28465.034893241194, 35, -1.0
28468.927374339662, 35, 1.0
28473.53306855083, 154, 1.0
28474.07882551236, 44, 1.0
28475.07693865441, 103, 1.0
28477.970033966674, 103, -1.0
28478.406162468415, 101, -1.0
28479.176026678804, 75, 1.0
28479.19869910626, 101, 1.0
28487.085524924383, 75, 1.0
28494.39013625667, 152, -1.0
28502.96482802194, 44, -1.0
28505.377525272892, 101, 1.0
28508.265025170753, 103, 1.0
28508.682914766203, 75, -1.0
28510.180653716874, 101, 1.0
28515.68187991509, 154, 1.0
28515.933029508888, 44, -1.0
28517.42798236793, 44, -1.0
28521.92029599465, 152, 1.0
28523.793249697817, 75, 1.0
28524.571268667805, 103, 1.0
28531.83877142054, 152, 1.0
28532.579299470497, 75, 1.0
28534.62488012551, 152, 1.0
28542.632545867415, 75, 1.0
28545.995061252197, 101, -1.0
28550.566030215934, 148, -1.0
28560.60720934638, 152, -1.0
28577.992177675966, 101, -1.0
28578.715316294994, 75, 1.0
28579.586777444256, 148, -1.0
28585.49971203645, 154, 1.0
28596.094473297624, 152, -1.0
28600.52687820084, 152, -1.0
28606.672580266662, 75, 1.0
28620.788825740365, 35, 1.0
28622.644739224048, 103, 1.0
28631.99097040148, 35, -1.0
28637.202745373703, 103, 1.0
28640.79564697749, 152, 1.0
28641.7134103813, 103, 1.0
28645.788893444977, 152, 1.0
28649.518869993695, 35, -1.0
28650.665709585843, 152, -1.0
28653.07351665417, 148, -1.0
28684.791566175394, 75, 1.0
28687.373506363278, 75, -1.0
28697.407246945324, 103, 1.0
28698.398167853324, 101, -1.0
28700.309999046203, 148, -1.0
28702.146742652483, 75, -1.0
28713.855989723477, 154, -1.0
28720.141772617484, 75, 1.0
28721.464819407327, 152, -1.0
28733.941229946362, 101, 1.0
28737.091800963583, 152, -1.0
28740.75265153072, 152, -1.0
28742.581422560295, 154, -1.0
28743.964364745505, 75, 1.0
28762.53655006871, 35, -1.0
28765.338518122473, 75, 1.0
28766.497635416836, 154, 1.0
28768.54087729171, 44, -1.0
28776.09915772608, 35, 1.0
28779.416897657677, 75, 1.0
28782.5773506786, 75, 1.0
28786.01079765608, 75, 1.0
28786.374225664422, 152, 1.0
28812.225288833728, 148, -1.0
28824.084743460233, 35, 1.0
28838.267837413092, 75, -1.0
28840.560068474497, 103, 1.0
28842.872193339674, 103, 1.0
28845.948454217632, 103, -1.0
28852.193997276783, 44, 1.0
28852.313400057086, 75, 1.0
28858.578366020974, 103, 1.0
28863.67963576354, 103, 1.0
28870.283731973883, 75, 1.0
28880.338096108226, 101, 1.0
28880.706179229874, 35, -1.0
28885.981897103236, 75, -1.0
28887.080056932704, 154, -1.0
28912.137794548315, 103, 1.0
28916.117861390107, 101, -1.0
28929.37159405065, 101, 1.0
28938.683993024275, 152, 1.0
28942.127978007447, 75, 1.0
28946.1593146605, 35, -1.0
28947.781367731393, 44, 1.0
28951.245690528973, 152, -1.0
28963.383263689808, 152, -1.0
28966.12466124793, 148, 1.0
28969.4255293729, 103, 1.0
28972.919815755922, 103, 1.0
28984.278807201048, 103, 1.0
28985.63685407892, 101, 1.0
28997.211460029124, 101, 1.0
28999.386139509406, 35, -1.0
29002.028091618995, 152, 1.0
29002.181113020182, 101, 1.0
29005.844633490462, 75, -1.0
29006.808940101622, 35, -1.0
29010.9346402232, 101, -1.0
29020.38980892186, 75, -1.0
29023.425674586906, 101, 1.0
29030.94692163481, 75, -1.0
29035.805664200903, 35, -1.0
29037.561896455045, 103, 1.0
29039.477286070145, 35, -1.0
29049.37153781174, 154, -1.0
29050.57846886426, 152, 1.0
29052.46915014864, 101, -1.0
29056.552118132146, 101, 1.0
29058.062401631152, 75, -1.0
29065.483673214625, 35, -1.0
29074.89733756465, 75, 1.0
29075.50013336556, 152, -1.0
29082.28688065138, 152, -1.0
29086.837622502924, 75, 1.0
29087.070882694574, 35, -1.0
29090.273596195013, 44, -1.0
29094.66116040042, 152, -1.0
29100.853954782742, 152, 1.0
29101.473643482495, 35, -1.0
29105.616340172975, 148, -1.0
29115.596580676975, 148, -1.0
29116.253341766074, 101, -1.0
29118.528323084032, 152, 1.0
29121.39962436796, 75, -1.0
29140.952203526307, 103, 1.0
29157.990905470913, 148, -1.0
29158.46728434673, 152, -1.0
29161.781339427616, 103, 1.0
29164.081861120612, 148, -1.0
29169.143815887735, 75, 1.0
29177.866897354517, 35, -1.0
29192.417930596705, 35, -1.0
29195.775891147907, 154, 1.0
29202.3228685835, 35, -1.0
29209.00409149946, 101, 1.0
29213.479238057535, 101, 1.0
29215.984865960778, 35, -1.0
29216.734933663407, 35, 1.0
29233.522829773825, 35, -1.0
29235.75269871698, 75, -1.0
29236.579280791997, 154, -1.0
29239.778826970294, 101, 1.0
29239.92716329049, 75, -1.0
29243.17592488037, 44, -1.0
29248.1943512359, 101, -1.0
29253.177836039118, 35, -1.0
29259.92621829329, 35, 1.0
29260.40681943715, 101, 1.0
29263.091951888735, 101, 1.0
29267.656834737325, 101, 1.0
29271.065464495114, 44, -1.0
29273.97990053889, 35, 1.0
29274.64249725644, 101, 1.0
29283.531736478693, 154, -1.0
29287.524292159822, 35, 1.0
29289.016735032536, 75, -1.0
29293.411548496086, 103, 1.0
29304.67087942651, 75, 1.0
29319.801128292427, 103, 1.0
29335.75464881063, 101, 1.0
29336.251469575243, 75, 1.0
29346.11496218177, 101, 1.0
29354.851231562523, 101, 1.0
29356.273415540523, 35, -1.0
29358.575352855252, 75, 1.0
29367.842130842706, 35, -1.0
29368.458605265743, 103, -1.0
29369.097092890963, 154, -1.0
29400.658911372044, 101, 1.0
29401.229074705167, 103, 1.0
29402.18425759271, 148, -1.0
29403.73218012, 35, -1.0
29410.04131804164, 101, 1.0
29417.375823570124, 152, -1.0
29420.45778363593, 103, 1.0
29429.35665201758, 152, -1.0
29431.187268795973, 103, 1.0
29435.670954868005, 75, 1.0
29436.92684455625, 35, -1.0
29437.908105237515, 101, 1.0
29446.04734286882, 75, -1.0
29447.13220681061, 148, -1.0
29448.375734855872, 35, 1.0
29448.550111027256, 154, -1.0
29454.62570871983, 103, 1.0
29461.429129058826, 101, 1.0
29461.699101781902, 35, -1.0
29463.394824489616, 152, 1.0
29473.55663034664, 35, -1.0
29485.685293002898, 44, 1.0
29485.85248011858, 35, -1.0
29494.38697625323, 101, -1.0
29494.953842692586, 75, -1.0
29498.390116128674, 152, 1.0
29507.471360554504, 101, -1.0
29513.1905934044, 103, 1.0
29513.422886203047, 152, -1.0
29514.30523658767, 35, -1.0
29519.904905235337, 103, 1.0
29525.80975322379, 35, 1.0
29527.509094199373, 148, -1.0
29532.71738217371, 103, 1.0
29544.2228265831, 35, 1.0
29547.267920298425, 44, -1.0
29549.712524525963, 35, -1.0
29552.29260158913, 101, 1.0
29552.868500629564, 152, -1.0
29554.53610951622, 152, -1.0
29556.151058358497, 152, -1.0
29559.868608232202, 103, 1.0
29565.15146051654, 35, -1.0
29565.565324289593, 44, -1.0
29566.25106815513, 103, 1.0
29578.038031620898, 101, 1.0
29589.28790424971, 103, -1.0
29596.57243478262, 152, -1.0
29601.120949699503, 44, -1.0
29605.94484278033, 75, 1.0
29606.00454336963, 101, 1.0
29612.145332514854, 35, -1.0
29631.20096338442, 101, 1.0
29645.392759324226, 75, -1.0
29655.599298359113, 35, -1.0
29655.79622471424, 152, -1.0
29658.774486279926, 35, -1.0
29659.08895080107, 101, 1.0
29659.131007787175, 75, 1.0
29659.627416078503, 35, -1.0
29661.576714684797, 101, 1.0
29665.327269884976, 35, 1.0
29671.478445294157, 101, -1.0
29675.978114546968, 101, 1.0
29679.391397295298, 35, -1.0
29684.918324984912, 101, 1.0
29690.57318900243, 101, 1.0
29694.58551961598, 154, 1.0
29703.246210438218, 75, 1.0
29717.603572555072, 152, 1.0
29722.399929194577, 44, -1.0
29723.825636752546, 35, -1.0
29729.734064920012, 101, 1.0
29756.635131410178, 44, -1.0
29757.34908890868, 154, -1.0
29760.004784383756, 154, 1.0
29762.728592095587, 75, 1.0
29763.542114907705, 154, -1.0
29772.79318162331, 44, 1.0
29783.425148714232, 35, -1.0
29786.71896968452, 103, 1.0
29789.837618288882, 35, -1.0
29815.53488628478, 44, -1.0
29822.649093859345, 101, 1.0
29823.981922831357, 154, 1.0
29830.334968160525, 152, -1.0
29840.908400470405, 103, 1.0
29841.402720018013, 75, -1.0
29844.40666610507, 148, -1.0
29850.66343291611, 35, -1.0
29859.56247215969, 101, 1.0
29861.64455242073, 103, 1.0
29870.592061438576, 35, -1.0
29871.12012368166, 35, -1.0
29872.466377331642, 75, 1.0
29875.378123419745, 101, 1.0
29876.741836763, 101, 1.0
29882.123044761676, 35, -1.0
29893.58452450356, 44, -1.0
29912.827881453217, 44, 1.0
29918.06687382945, 75, -1.0
29921.81844111752, 101, 1.0
29938.881255354157, 75, 1.0
29943.34359201941, 148, -1.0
29943.576125006763, 101, 1.0
29944.497274408383, 101, 1.0
29948.607930161277, 103, -1.0
29953.455549360402, 101, -1.0
29956.949592309982, 101, 1.0
29968.240663346663, 148, -1.0
29971.766221079117, 35, -1.0
29986.83140145533, 148, -1.0
29990.63708849316, 148, -1.0
29990.78834476027, 35, -1.0
29991.016251565095, 148, -1.0
29991.807254432988, 35, 1.0
29995.53327752958, 75, -1.0
29998.70169351199, 101, 1.0
30003.23499874652, 44, -1.0
30003.62417780575, 75, 1.0
30011.287777214722, 154, 1.0
30015.47864116293, 44, -1.0
30019.688812387, 35, 1.0
30028.71975165762, 152, 1.0
30036.193277706432, 44, -1.0
30042.679338265025, 35, -1.0
30044.390910818784, 101, 1.0
30051.187111131785, 101, 1.0
30054.290640756368, 103, 1.0
30059.041176441777, 101, -1.0
30063.280087174768, 75, -1.0
30070.50878220021, 101, 1.0
30085.320775842643, 35, -1.0
30095.868366125287, 101, 1.0
30111.10402533085, 44, 1.0
30113.93970209742, 101, -1.0
30122.844016981468, 44, -1.0
30125.29519248685, 75, 1.0
30127.28569668969, 75, 1.0
30128.17008921056, 75, 1.0
30129.22105900597, 152, -1.0
30134.74075208607, 75, -1.0
30143.59638471245, 148, -1.0
30145.16418598855, 35, 1.0
30152.68818082228, 35, 1.0
30162.68012862809, 101, -1.0
30173.44256835419, 101, -1.0
30180.800932656937, 154, -1.0
30182.776777819552, 101, 1.0
30185.32806572719, 35, -1.0
30192.65088184636, 103, -1.0
30193.748175585722, 35, -1.0
30199.59529393518, 44, 1.0
30199.72390449364, 101, 1.0
30211.478407978124, 35, -1.0
30219.983861756235, 152, -1.0
30220.35945782923, 101, -1.0
30223.903718312366, 101, -1.0
30226.917603328864, 148, -1.0
30234.85280503164, 75, -1.0
30241.03960500046, 44, -1.0
30241.831091016094, 101, -1.0
30242.282704981968, 152, 1.0
30242.362195081383, 101, -1.0
30244.223280435064, 75, 1.0
30246.092723816837, 75, -1.0
30259.695836112573, 148, -1.0
30260.782989260173, 103, 1.0
30263.99328157162, 154, -1.0
30268.486769383126, 44, -1.0
30270.447919508184, 101, -1.0
30290.61623646818, 75, -1.0
30290.749635557087, 103, 1.0
30298.261520222077, 148, -1.0
30302.088545830342, 152, -1.0
30306.04567075929, 101, 1.0
30312.846045326634, 101, 1.0
30322.19053718607, 101, 1.0
30332.949409860295, 148, -1.0
30340.5678670216, 152, -1.0
30341.139057441607, 75, 1.0
30341.910152766108, 75, 1.0
30348.255075820925, 44, -1.0
30357.130167349747, 101, 1.0
30364.85129685908, 148, -1.0
30365.97502810452, 35, -1.0
30374.809342485525, 154, 1.0
30378.11519689141, 35, -1.0
30380.55331266811, 75, -1.0
30381.679348733767, 103, -1.0
30392.250378103625, 103, 1.0
30392.704855115728, 35, -1.0
30393.118520738783, 101, 1.0
30396.002959780588, 101, 1.0
30404.476993463144, 101, 1.0
30415.33141720512, 148, -1.0
30422.905498411823, 35, -1.0
30425.76374960286, 148, -1.0
30426.710694995378, 44, -1.0
30434.688421321087, 75, -1.0
30436.716422282607, 152, -1.0
30441.568393012258, 103, 1.0
30442.228722032698, 35, -1.0
30447.23973857349, 35, -1.0
30450.784881278098, 75, 1.0
30456.835189622783, 154, -1.0
30459.501883801004, 101, 1.0
30460.701037972496, 101, 1.0
30469.698943379597, 101, 1.0
30471.950566663938, 35, -1.0
30477.276563076914, 101, 1.0
30480.872609428654, 152, -1.0
30487.81900437054, 152, 1.0
30494.76566613176, 148, -1.0
30501.53981248438, 75, -1.0
30504.235826444285, 44, 1.0
30507.438138704772, 44, -1.0
30512.01199225967, 103, 1.0
30524.661128308187, 154, 1.0
30526.079929290227, 35, 1.0
30546.64469707639, 152, 1.0
30559.71974950744, 101, 1.0
30560.54038390719, 44, -1.0
30570.28561828222, 44, -1.0
30573.375706444705, 154, -1.0
30575.53082786564, 101, -1.0
30579.36700174853, 148, -1.0
30586.586147397575, 152, -1.0
30590.882416802757, 101, 1.0
30598.78609558812, 35, -1.0
30620.550822858546, 103, 1.0
30624.439219581123, 35, 1.0
30633.620205518553, 44, -1.0
30634.189677822353, 75, 1.0
30636.39434381742, 35, -1.0
30638.690230729124, 75, 1.0
30644.598396101166, 75, -1.0
30647.209017694804, 152, -1.0
30648.577751802855, 75, -1.0
30651.818319116308, 152, 1.0
30653.435553808482, 75, 1.0
30666.594983733186, 148, -1.0
30674.444820639757, 103, 1.0
30675.605147774295, 35, -1.0
30677.319661063208, 101, 1.0
30677.46581629216, 101, 1.0
30680.2651817335, 75, 1.0
30684.55578099995, 101, 1.0
30689.18576227966, 101, 1.0
30698.111285446194, 152, -1.0
30698.706018689092, 35, 1.0
30700.130645040146, 152, -1.0
30700.599034118106, 154, -1.0
30708.09439071278, 101, 1.0
30710.14961117006, 101, 1.0
30710.385586930657, 44, -1.0
30710.582177832883, 101, -1.0
30733.57717042718, 101, 1.0
30740.58306832413, 103, 1.0
30745.673666346524, 75, 1.0
30746.767399747605, 101, -1.0
30751.90791008764, 35, 1.0
30756.58677044411, 44, -1.0
30760.08930740773, 35, 1.0
30769.32618051128, 148, -1.0
30771.709938429936, 75, 1.0
30778.438829259198, 152, -1.0
30784.27256225856, 154, -1.0
30788.761006197168, 154, -1.0
30789.697869024116, 35, -1.0
30792.113517211088, 75, 1.0
30827.97514501167, 75, -1.0
30864.614671659045, 44, -1.0
30865.772768888688, 101, 1.0
30867.17961420118, 148, -1.0
30879.42996550247, 152, -1.0
30882.50602875516, 101, 1.0
30883.06020595145, 148, -1.0
30891.261830377553, 152, -1.0
30903.217243652547, 35, -1.0
30903.64111747496, 75, -1.0
30905.230652149352, 35, 1.0
30909.45189544682, 103, 1.0
30921.392744360935, 75, -1.0
30924.847036421383, 152, -1.0
30926.2911875733, 35, -1.0
30939.20204950837, 35, -1.0
30948.094431382393, 148, -1.0
30955.42807933772, 103, 1.0
30956.713272642224, 75, 1.0
30962.700814130636, 75, 1.0
30983.666077870646, 148, -1.0
30985.026671800548, 101, 1.0
30990.33685153656, 35, -1.0
30990.490011789683, 35, -1.0
30990.67997239459, 103, 1.0
30995.924778098917, 103, 1.0
30996.293799887317, 75, 1.0
31012.894150976994, 44, -1.0
31027.7747521145, 103, 1.0
31028.39820485527, 75, -1.0
31035.821594895802, 103, 1.0
31045.846360167594, 35, -1.0
31046.024580393452, 35, 1.0
31047.23581981164, 35, -1.0
31051.6485530772, 101, 1.0
31059.670794099267, 103, -1.0
31081.015521944904, 101, 1.0
31084.891684558726, 148, -1.0
31087.70720690422, 101, 1.0
31091.470866100783, 148, -1.0
31091.946130599885, 35, 1.0
31097.338746661862, 148, -1.0
31106.950734599508, 75, -1.0
31110.64775101531, 35, -1.0
31110.82433075631, 101, 1.0
31115.227511414647, 103, -1.0
31116.146182721764, 44, 1.0
31119.254346221365, 101, 1.0
31120.558025633414, 152, -1.0
31121.269846454263, 103, -1.0
31136.919155090516, 152, -1.0
31139.086912029055, 154, -1.0
31148.577179435037, 35, -1.0
31155.158278124905, 103, 1.0
31155.668872769726, 154, -1.0
31160.694656649688, 101, 1.0
31161.482086489603, 35, -1.0
31167.163818760924, 44, -1.0
31187.24037834037, 103, 1.0
31190.160694074195, 103, 1.0
31193.742136397334, 152, 1.0
31203.327070926156, 75, -1.0
31209.522632286382, 35, -1.0
31215.415163596717, 101, 1.0
31222.824316647606, 152, -1.0
31228.81131435646, 103, 1.0
31232.5381181298, 35, -1.0
31245.812465945677, 148, -1.0
31246.932249904698, 44, 1.0
31247.057583685284, 35, -1.0
31259.758839420854, 152, -1.0
31264.54262913357, 103, 1.0
31286.23161318063, 101, 1.0
31289.87239865502, 101, 1.0
31313.90852515637, 35, -1.0
31323.529234719823, 101, 1.0
31328.098478562944, 148, 1.0
31340.50619695375, 101, 1.0
31340.597717509052, 154, 1.0
31340.780372874164, 35, -1.0
31342.99657645766, 148, -1.0
31348.403284790093, 75, 1.0
31349.804812961127, 35, -1.0
31355.929718221956, 101, -1.0
31360.087794003088, 154, -1.0
31364.444608967802, 35, -1.0
31364.747785875556, 75, 1.0
31369.546137561058, 101, -1.0
31376.96907578308, 75, 1.0
31379.886338063003, 101, 1.0
31383.629357564976, 103, 1.0
31394.894008852745, 103, 1.0
31396.767834373815, 103, 1.0
31402.047072312835, 101, 1.0
31411.878939616807, 101, 1.0
31413.20338649785, 103, 1.0
31420.809079799015, 148, 1.0
31429.478169183214, 154, 1.0
31437.43310175936, 148, -1.0
31437.909762799347, 103, 1.0
31446.996876100453, 35, -1.0
31447.036280239, 148, -1.0
31455.368057846583, 35, -1.0
31455.75897016749, 35, -1.0
31456.462175265493, 101, 1.0
31456.479995153968, 148, -1.0
31458.711625816388, 152, 1.0
31471.487355178957, 75, 1.0
31474.133283974366, 101, 1.0
31477.257306673266, 101, -1.0
31479.42825798213, 35, -1.0
31482.83436049998, 101, -1.0
31488.326194197685, 103, 1.0
31488.38831651861, 75, -1.0
31488.921139944556, 152, -1.0
31510.34842048315, 101, -1.0
31522.10276739555, 103, 1.0
31523.26420831541, 101, -1.0
31530.02351057946, 35, -1.0
31531.20713650802, 101, 1.0
31548.254255212018, 101, 1.0
31553.335770473932, 154, 1.0
31556.469092507847, 35, 1.0
31557.038450725086, 75, 1.0
31569.164857034633, 154, -1.0
31571.45956906016, 101, 1.0
31582.935498427232, 75, 1.0
31588.741244447607, 154, 1.0
31594.01331944143, 154, -1.0
31601.81280983072, 154, 1.0
31612.078898858395, 101, 1.0
31617.492786579227, 154, -1.0
31620.559188312054, 101, -1.0
31621.05399371624, 154, -1.0
31628.63500343562, 35, -1.0
31630.480910954193, 101, 1.0
31636.312353566147, 75, 1.0
31637.859745769492, 103, 1.0
31642.16576740393, 44, 1.0
31642.699270357592, 152, -1.0
31649.101697527116, 148, -1.0
31653.283624018262, 101, -1.0
31653.938440320395, 35, -1.0
31653.953763885773, 103, 1.0
31656.620768380835, 75, 1.0
31683.818444271645, 103, 1.0
31684.452311322875, 152, -1.0
31684.851491105954, 75, 1.0
31687.562489795706, 148, 1.0
31694.843732607587, 35, 1.0
31699.181995744268, 75, -1.0
31699.75899996786, 148, -1.0
31703.1001329558, 101, -1.0
31710.539182458167, 154, -1.0
31711.182936283083, 103, -1.0
31717.37377919052, 148, -1.0
31718.75409237779, 35, -1.0
31721.885310813737, 101, 1.0
31736.02490304645, 35, 1.0
31746.452908525556, 35, -1.0
31747.511382838373, 154, -1.0
31762.149747266005, 103, 1.0
31767.302369679088, 75, 1.0
31768.056545638716, 101, 1.0
31779.917255885804, 103, 1.0
31790.753466906302, 101, 1.0
31796.416198947925, 35, 1.0
31798.89399546348, 148, -1.0
31801.910906176978, 35, -1.0
31805.468033123783, 103, 1.0
31807.047238495907, 35, 1.0
31810.708388891286, 154, -1.0
31813.099785821967, 35, -1.0
31818.596881757934, 75, 1.0
31819.496379977885, 75, 1.0
31820.356936242948, 154, 1.0
31832.64472072742, 101, -1.0
31840.06568875825, 148, -1.0
31845.340881093318, 152, -1.0
31847.520739754298, 75, -1.0
31850.554088215653, 148, -1.0
31855.53355211359, 35, -1.0
31858.258189852866, 44, -1.0
31859.839439609892, 35, 1.0
31864.346168224907, 44, -1.0
31869.87432588447, 101, -1.0
31875.103407129638, 152, -1.0
31879.536723785997, 101, 1.0
31882.304199934104, 35, 1.0
31892.122811994406, 103, -1.0
31897.081731901693, 154, -1.0
31902.61094171564, 35, -1.0
31903.234435957107, 101, -1.0
31906.522414041596, 101, 1.0
31907.23839418168, 35, -1.0
31907.277385111556, 101, 1.0
31907.49515277338, 148, -1.0
31922.76718230044, 75, 1.0
31926.459946779894, 154, -1.0
31936.629988058965, 148, -1.0
31962.536835830586, 103, 1.0
31963.633108916834, 103, -1.0
31966.212552563033, 154, 1.0
31969.846809960407, 154, -1.0
31974.523631328197, 101, 1.0
31983.707900887137, 35, -1.0
31984.91012018831, 152, -1.0
31985.51063339023, 103, 1.0
31986.855607413738, 75, -1.0
32002.610596233746, 75, -1.0
32007.017966300737, 152, -1.0
32013.66148777006, 35, -1.0
32016.57122867106, 103, 1.0
32024.392706538652, 103, 1.0
32029.429282744226, 101, 1.0
32032.895911094518, 35, -1.0
32033.21108391259, 35, 1.0
32035.588875352034, 35, -1.0
32042.22018700857, 152, -1.0
32043.603633169623, 152, -1.0
32043.959811457768, 154, -1.0
32047.451700225312, 35, -1.0
32050.317960592416, 101, -1.0
32054.58861081074, 103, -1.0
32074.317803924747, 75, 1.0
32075.350745266536, 103, 1.0
32076.423053999126, 101, 1.0
32078.219835414875, 75, 1.0
32078.87820344273, 75, 1.0
32084.27911565022, 103, 1.0
32088.65639182876, 148, -1.0
32098.438491316625, 35, -1.0
32098.44372377816, 101, 1.0
32102.80722204332, 75, 1.0
32103.596314888622, 35, -1.0
32105.07902602765, 152, -1.0
32105.352766387263, 103, 1.0
32116.517959544275, 154, -1.0
32121.78466869619, 75, -1.0
32124.187455211268, 75, -1.0
32131.728709059455, 103, -1.0
32141.619638224405, 35, 1.0
32143.861745497146, 148, -1.0
32150.413628936498, 75, -1.0
32155.834392779427, 35, 1.0
32157.62144120646, 152, -1.0
32157.79965070704, 44, -1.0
32158.78984697213, 35, -1.0
32174.880547473025, 103, 1.0
32178.058853960705, 75, 1.0
32178.82004493365, 75, -1.0
32183.238141028236, 152, -1.0
32185.4043589197, 152, -1.0
32192.085382189194, 103, 1.0
32194.501767915288, 101, -1.0
32195.378798883547, 35, -1.0
32214.824487826496, 101, 1.0
32215.734892769302, 35, -1.0
32224.36199959277, 148, -1.0
32227.934215464833, 75, 1.0
32229.940398819886, 101, -1.0
32233.831296370656, 148, -1.0
32242.1392484566, 35, 1.0
32251.068822032485, 35, -1.0
32255.782192927338, 148, -1.0
32269.611491932235, 103, -1.0
32281.21588798005, 75, 1.0
32281.88049782743, 148, -1.0
32283.1798575553, 101, 1.0
32287.393890734304, 103, 1.0
32290.104169046022, 152, -1.0
32291.627375203763, 35, -1.0
32310.16376840499, 44, -1.0
32313.170397437425, 75, -1.0
32314.80209726298, 101, -1.0
32319.666155481194, 103, 1.0
32320.76364447145, 75, 1.0
32321.68048138413, 75, -1.0
32325.862408315, 152, -1.0
32335.848724898828, 101, -1.0
32336.75221104328, 35, -1.0
32339.267377694792, 101, -1.0
32343.961274283763, 103, 1.0
32351.79618171198, 152, -1.0
32352.019702327678, 103, 1.0
32352.02877661358, 103, 1.0
32358.88757711984, 35, -1.0
32363.24024685702, 44, -1.0
32365.470121745817, 101, 1.0
32367.431830303907, 75, -1.0
32368.42644335447, 152, -1.0
32375.29277646456, 35, -1.0
32380.292436939893, 101, 1.0
32410.30788092793, 75, -1.0
32422.867951568853, 152, 1.0
32428.81912236816, 35, -1.0
32429.840271617566, 103, 1.0
32441.586277903123, 148, -1.0
32442.27942875334, 152, 1.0
32444.471705607968, 148, -1.0
32455.898271033235, 101, 1.0
32459.05299631429, 152, -1.0
32463.130615057373, 101, -1.0
32470.2330549941, 148, -1.0
32472.09278223828, 75, -1.0
32484.133121916224, 148, -1.0
32486.179011770866, 154, -1.0
32486.81323390163, 35, -1.0
32488.042422042723, 75, 1.0
32492.646433823327, 75, -1.0
32494.20593595852, 154, 1.0
32494.252994004524, 75, 1.0
32497.142271137192, 103, 1.0
32507.962701846984, 44, 1.0
32509.8645378244, 75, -1.0
32529.10328153193, 75, -1.0
32534.081997690228, 152, -1.0
32540.491281994466, 152, 1.0
32552.585119785916, 75, -1.0
32562.988299507193, 75, 1.0
32566.11110618883, 75, 1.0
32572.687475750732, 154, 1.0
32572.84207704637, 103, 1.0
32574.257041204513, 103, -1.0
32582.211026198827, 103, 1.0
32591.55726506941, 148, 1.0
32594.537060088765, 148, -1.0
32600.748558039537, 103, -1.0
32612.1789328763, 154, -1.0
32616.642733852364, 44, -1.0
32617.04738203576, 35, -1.0
32630.365215637605, 148, -1.0
32639.321528785535, 101, 1.0
32639.73127606666, 44, 1.0
32648.32006305725, 44, -1.0
32649.63704193822, 75, 1.0
32649.746187524986, 35, 1.0
32650.520892396642, 101, -1.0
32651.690093633122, 154, -1.0
32670.814407951795, 75, -1.0
32671.432310540917, 152, -1.0
32679.12458379688, 148, -1.0
32679.583518908148, 152, 1.0
32692.407258001618, 35, -1.0
32693.24884353777, 152, -1.0
32699.58871908209, 152, -1.0
32702.763750603128, 152, -1.0
32702.791740874367, 101, 1.0
32711.336899971328, 75, 1.0
32712.130452715533, 103, 1.0
32715.9142917358, 35, 1.0
32717.939418546244, 44, 1.0
32720.093890766915, 35, -1.0
32724.751264210397, 35, 1.0
32733.120149637172, 152, -1.0
32741.769780262053, 152, 1.0
32744.614179650856, 148, 1.0
32744.63142319366, 152, -1.0
32759.874313032335, 75, -1.0
32763.4428266775, 103, 1.0
32766.9148130649, 152, -1.0
32771.00434537753, 103, -1.0
32772.36248414143, 101, -1.0
32776.99321939437, 75, 1.0
32784.380032996865, 35, -1.0
32795.425533328176, 75, 1.0
32795.62432021035, 101, -1.0
32801.19394036643, 103, -1.0
32802.66423733278, 148, -1.0
32811.673660786844, 152, 1.0
32813.929173660224, 101, -1.0
32816.99908882883, 152, -1.0
32822.410777546174, 35, 1.0
32823.461728433336, 103, -1.0
32828.27154896111, 152, -1.0
32850.07384115653, 35, -1.0
32854.795362761884, 75, -1.0
32865.15658553342, 148, -1.0
32876.255432363156, 152, -1.0
32877.80204697665, 35, -1.0
32883.24794399336, 35, 1.0
32884.33825862366, 44, -1.0
32885.38934917343, 103, 1.0
32902.332884649215, 152, -1.0
32902.66234117313, 35, 1.0
32903.19714031268, 35, 1.0
32906.25997799878, 103, 1.0
32906.50680310457, 101, -1.0
32906.507311760535, 154, -1.0
32906.990085711455, 152, -1.0
32910.51720398081, 103, 1.0
32914.24450389096, 152, -1.0
32915.38239752476, 154, 1.0
32917.71311449194, 152, -1.0
32924.9967828651, 75, 1.0
32931.11103032611, 154, 1.0
32936.16075224611, 101, -1.0
32947.199189153536, 148, 1.0
32950.481401209356, 35, -1.0
32953.15537217714, 75, 1.0
32953.313885940035, 101, -1.0
32955.446532748145, 154, 1.0
32962.095696070835, 75, 1.0
32965.74415262351, 35, -1.0
32967.81567037354, 44, 1.0
32978.10211488062, 103, 1.0
32979.51615912021, 35, -1.0
32979.589824624534, 101, -1.0
32983.10272214133, 103, -1.0
32984.44181428051, 148, 1.0
32991.92918013574, 103, 1.0
32997.88472659011, 154, 1.0
33003.164371631894, 152, 1.0
33006.72475988553, 44, 1.0
33008.69222013248, 101, -1.0
33009.73409433281, 44, -1.0
33012.5700942809, 154, -1.0
33018.188035253545, 44, -1.0
33018.294157895754, 101, 1.0
33024.734962084556, 101, -1.0
33037.396628780465, 101, -1.0
33044.47272759732, 75, 1.0
33055.99411024168, 148, -1.0
33056.094657603666, 75, 1.0
33056.17144565467, 35, -1.0
33056.67871399544, 75, 1.0
33059.70516587881, 35, 1.0
33083.40821254444, 75, 1.0
33083.47251756556, 35, 1.0
33085.25832873726, 101, -1.0
33097.33761215976, 75, -1.0
33101.272362444215, 103, 1.0
33106.16303674214, 103, 1.0
33112.283052870494, 154, -1.0
33114.75905871935, 103, -1.0
33147.292806676815, 101, -1.0
33152.1488558164, 101, 1.0
33156.575910081454, 35, -1.0
33159.98852518196, 148, -1.0
33167.10105681222, 44, -1.0
33175.1866883726, 103, 1.0
33181.870273740635, 103, -1.0
33184.95747417096, 35, -1.0
33194.014764180065, 44, 1.0
33199.875650578535, 75, -1.0
33202.26240599241, 35, 1.0
33202.97882865422, 75, -1.0
33204.03678893076, 35, 1.0
33209.25991327179, 75, -1.0
33220.931066249235, 103, 1.0
33221.25856313538, 152, -1.0
33226.967411913225, 152, -1.0
33227.140467104255, 35, -1.0
33230.84693577351, 152, -1.0
33233.91822614592, 44, -1.0
33242.69760612669, 152, -1.0
33250.25828542866, 103, 1.0
33265.82379532677, 35, -1.0
33268.473819171966, 154, -1.0
33276.51528862495, 103, 1.0
33281.71841630133, 101, 1.0
33285.09186206343, 75, 1.0
33289.39825719373, 103, 1.0
33293.500052695104, 154, 1.0
33296.95111440554, 103, 1.0
33298.621560045365, 152, -1.0
33299.60782020763, 35, -1.0
33306.82772725202, 101, -1.0
33318.94917540753, 35, -1.0
33325.712075394375, 44, 1.0
33329.22896798049, 101, -1.0
33330.4039306933, 75, -1.0
33330.77604587311, 152, -1.0
33334.61119268617, 44, -1.0
33344.25286127065, 35, -1.0
33346.172158488116, 101, -1.0
33347.11187003, 148, -1.0
33348.266601601244, 152, 1.0
33353.35911373757, 75, 1.0
33357.618201687605, 103, -1.0
33359.70066633095, 103, 1.0
33360.02473991304, 148, -1.0
33367.56298765011, 35, -1.0
33372.31304277376, 101, -1.0
33375.42232272932, 101, 1.0
33380.368746063345, 75, 1.0
33381.93838418551, 75, 1.0
33391.603337913024, 152, -1.0
33398.28980761136, 35, -1.0
33399.45973061001, 148, -1.0
33402.30994582407, 44, -1.0
33402.97202170203, 152, 1.0
33409.21131699229, 152, -1.0
33415.63067992978, 75, -1.0
33418.66433296229, 101, -1.0
33420.57125852055, 35, -1.0
33424.23844873076, 75, 1.0
33427.09651574966, 154, 1.0
33432.91709764357, 35, 1.0
33434.59229660798, 44, -1.0
33436.86188334219, 101, 1.0
33455.54913134631, 35, 1.0
33457.488542512845, 75, 1.0
33458.92341565514, 35, -1.0
33460.75949733307, 148, -1.0
33461.725462516726, 154, -1.0
33468.882962049174, 152, -1.0
33470.578351706354, 152, -1.0
33478.29374476842, 75, 1.0
33482.77281643545, 152, -1.0
33486.885426783076, 152, 1.0
33498.68921714981, 35, -1.0
33502.44485262489, 152, 1.0
33511.57794669292, 148, -1.0
33526.09645380457, 35, -1.0
33530.07281854538, 103, 1.0
33530.47169792655, 75, -1.0
33538.45278621492, 101, 1.0
33541.74960718153, 101, 1.0
33542.17997899031, 148, -1.0
33549.329939769275, 148, -1.0
33549.92748833218, 152, -1.0
33559.84452202808, 152, -1.0
33573.03641169902, 35, 1.0
33573.30582257556, 35, -1.0
33581.745917727574, 148, -1.0
33588.61342683022, 152, 1.0
33591.13427114032, 75, 1.0
33595.65745662672, 152, 1.0
33597.16284548125, 148, -1.0
33597.677027087855, 75, 1.0
33610.37469274723, 35, -1.0
33621.47773307843, 75, -1.0
33622.48091064516, 103, 1.0
33627.6877794369, 75, 1.0
33633.74326615608, 152, -1.0
33634.497689596996, 75, 1.0
33636.83718016854, 148, -1.0
33641.218219828275, 154, 1.0
33645.07768148232, 75, 1.0
33653.10223161271, 103, 1.0
33661.088249004686, 44, 1.0
33662.780456488734, 101, -1.0
33668.32844303982, 101, -1.0
33671.86119223615, 35, 1.0
33674.50811246314, 101, 1.0
33677.1572845761, 152, -1.0
33677.82406578173, 44, 1.0
33678.390083445425, 103, -1.0
33694.543529071845, 75, 1.0
33698.45321474616, 75, 1.0
33704.592242828614, 35, 1.0
33704.89431233859, 152, -1.0
33720.61204524118, 75, 1.0
33724.02878971534, 148, -1.0
33725.59501153825, 35, -1.0
33728.080652547374, 75, -1.0
33732.74123305265, 75, -1.0
33732.781331739214, 154, -1.0
33737.88697504498, 75, 1.0
33743.76763215141, 35, -1.0
33748.167067664326, 75, -1.0
33756.67980152559, 44, -1.0
33771.13350102226, 103, 1.0
33779.76616284891, 75, -1.0
33782.70489590339, 101, -1.0
33784.87012682108, 75, -1.0
33787.97541237522, 148, -1.0
33796.445041671555, 103, -1.0
33801.052462508706, 103, -1.0
33806.151312033144, 75, 1.0
33806.647684188814, 152, -1.0
33808.13523753136, 148, 1.0
33811.39901353992, 154, -1.0
33813.23043963101, 101, -1.0
33815.33639519353, 154, -1.0
33816.8508788593, 35, -1.0
33826.54386399506, 148, -1.0
33833.557669467395, 75, 1.0
33841.20259426299, 75, 1.0
33842.93113358714, 75, 1.0
33845.00038677955, 75, 1.0
33870.04857541311, 103, 1.0
33872.13410704359, 101, -1.0
33879.27556233922, 35, 1.0
33886.70248905928, 101, -1.0
33887.39115600497, 154, 1.0
33894.857118233405, 44, -1.0
33908.97792039794, 154, -1.0
33913.42166660714, 103, 1.0
33914.452655189205, 152, -1.0
33916.68238339103, 44, -1.0
33927.80660002833, 148, -1.0
33932.042468769134, 44, -1.0
33935.234724315786, 154, -1.0
33937.213426566384, 44, -1.0
33943.266503273415, 44, -1.0
33945.440038586254, 148, -1.0
33945.82289160471, 152, -1.0
33958.93179806205, 35, -1.0
33964.31988898108, 44, 1.0
33971.4101567717, 44, 1.0
33973.4131055773, 75, 1.0
33973.941559528015, 75, 1.0
33982.15383130102, 103, -1.0
33985.02601573062, 75, 1.0
33987.03974709012, 35, -1.0
33990.46999442476, 35, 1.0
33992.18544449105, 35, -1.0
33999.51051548567, 103, 1.0
33999.74770711058, 154, 1.0
34000.346933583736, 152, -1.0
34017.60471846383, 152, -1.0
34020.376860653356, 101, -1.0
34023.082645221075, 152, 1.0
34025.68794375237, 152, 1.0
34028.03289599135, 101, -1.0
34041.98440170656, 75, -1.0
34050.778016152544, 148, -1.0
34051.23215614053, 75, 1.0
34057.13751275231, 101, -1.0
34064.99409441873, 101, 1.0
34067.979044923275, 101, -1.0
34070.76492271273, 103, -1.0
34071.313634028484, 35, -1.0
34071.62584003646, 152, -1.0
34073.381068055576, 101, -1.0
34079.51840383528, 154, -1.0
34080.045653407746, 148, 1.0
34080.425426529786, 75, -1.0
34081.013059228804, 101, 1.0
34095.099031327416, 154, -1.0
34097.44393538125, 103, -1.0
34098.28212883556, 35, 1.0
34103.1516715415, 75, -1.0
34103.6722638579, 75, 1.0
34111.59731377365, 75, 1.0
34119.10824046835, 101, -1.0
34127.27265341042, 152, 1.0
34127.43685014108, 101, 1.0
34131.927649004145, 152, 1.0
34133.74821922433, 101, -1.0
34145.63728790209, 35, 1.0
34150.08611582396, 75, 1.0
34153.589835034334, 75, 1.0
34153.59127897079, 101, -1.0
34153.737488002174, 35, -1.0
34159.09324515601, 35, 1.0
34161.35492630039, 103, -1.0
34161.84571249628, 75, 1.0
34175.628809768685, 35, 1.0
34176.01092710134, 152, -1.0
34183.242763037466, 101, 1.0
34184.50933064492, 148, 1.0
34191.54691772066, 101, -1.0
34194.585890554365, 103, -1.0
34195.21525267543, 101, -1.0
34219.01018867345, 103, 1.0
34226.31549020463, 75, 1.0
34234.2284298432, 75, -1.0
34235.32925748733, 101, 1.0
34244.20203859138, 75, 1.0
34248.27872361349, 154, -1.0
34253.847725454354, 75, 1.0
34258.725535471, 44, 1.0
34262.39741110837, 35, -1.0
34262.47824247178, 44, -1.0
34275.43112234856, 103, 1.0
34292.162862599274, 75, 1.0
34295.550459981205, 75, -1.0
34298.45261227581, 148, -1.0
34307.53355369012, 101, -1.0
34309.68064807284, 101, -1.0
34310.65799612995, 152, 1.0
34310.72833100751, 101, 1.0
34316.12815775626, 44, 1.0
34322.150270796046, 148, -1.0
34322.63756749515, 152, 1.0
34331.70666765563, 152, -1.0
34332.25414475285, 154, 1.0
34334.070391567926, 148, 1.0
34334.78214611031, 103, 1.0
34355.12499005461, 154, -1.0
34355.584239936186, 152, -1.0
34359.59416915487, 35, -1.0
34367.51370333195, 148, -1.0
34370.08968665541, 148, 1.0
34383.73285060569, 75, -1.0
34390.01245351431, 148, -1.0
34396.36994445407, 75, 1.0
34397.929939579066, 152, 1.0
34415.48644438484, 35, -1.0
34426.496496592204, 101, -1.0
34427.526775713945, 75, 1.0
34444.271768578445, 148, -1.0
34447.643556807845, 148, -1.0
34458.29387296533, 75, 1.0
34461.36390899302, 101, -1.0
34463.45810856312, 101, -1.0
34463.64204304408, 148, -1.0
34466.85891969412, 148, -1.0
34472.465904204524, 103, -1.0
34478.37968093683, 101, -1.0
34482.98432103437, 75, -1.0
34489.58460727101, 75, -1.0
34493.98949676034, 148, -1.0
34511.206853453186, 148, -1.0
34523.74421212599, 103, -1.0
34527.44807220836, 103, -1.0
34531.57051483901, 148, -1.0
34531.95028853882, 103, -1.0
34544.62222658213, 101, -1.0
34557.96709294262, 101, 1.0
34559.51270655364, 152, -1.0
34570.33289157301, 154, 1.0
34572.02825078766, 75, -1.0
34572.65203298932, 148, -1.0
34578.10717321303, 154, -1.0
34585.96640899002, 75, 1.0
34587.41135969093, 148, -1.0
34592.4254848149, 75, -1.0
34595.117826153706, 75, 1.0
34596.945283217785, 148, 1.0
34597.35564177021, 154, 1.0
34603.438831652704, 103, 1.0
34611.47318989876, 75, 1.0
34617.99158590653, 44, -1.0
34626.128569848304, 35, 1.0
34628.717454831094, 152, -1.0
34637.27450722465, 103, 1.0
34641.33617170355, 152, -1.0
34644.18917904081, 152, -1.0
34647.104567431124, 103, 1.0
34648.21179615395, 154, 1.0
34650.711158956554, 75, -1.0
34662.70625938823, 44, 1.0
34666.635543507364, 35, -1.0
34667.37220544349, 75, -1.0
34673.65374879748, 75, 1.0
34681.1349473236, 35, -1.0
34681.860164722304, 75, 1.0
34682.583604641004, 75, 1.0
34691.80602060509, 154, 1.0
34692.07942320252, 35, 1.0
34706.5780294126, 152, -1.0
34706.753677041655, 35, -1.0
34708.32995417985, 152, -1.0
34716.307104236395, 148, -1.0
34720.43137020262, 101, 1.0
34738.51529447353, 101, 1.0
34746.14549230356, 101, -1.0
34746.2145847084, 44, -1.0
34748.304197907055, 35, -1.0
34756.62347138944, 148, -1.0
34766.829424562224, 75, 1.0
34768.11075694875, 154, -1.0
34768.66448663465, 75, 1.0
34771.32731888785, 44, 1.0
34777.272886495346, 101, -1.0
34778.31741840943, 101, -1.0
34778.78444357983, 101, -1.0
34782.946093628205, 44, -1.0
34783.60146051423, 35, 1.0
34787.79256130642, 35, 1.0
34790.11584428935, 148, -1.0
34793.93769879814, 154, 1.0
34798.618781307014, 35, -1.0
34801.27973160519, 75, 1.0
34817.26367621737, 152, 1.0
34821.370453177384, 75, 1.0
34826.796394071374, 103, 1.0
34839.86933678873, 152, -1.0
34840.90931749073, 103, 1.0
34842.80874237009, 35, -1.0
34845.5917936121, 101, -1.0
34845.68362187736, 103, 1.0
34854.599097953855, 103, -1.0
34860.292499188654, 35, 1.0
34870.29867783339, 154, -1.0
34872.02063811847, 154, -1.0
34875.77605013429, 152, -1.0
34902.686616682964, 35, 1.0
34908.67118536693, 35, 1.0
34909.34515755229, 75, 1.0
34911.862395507305, 101, -1.0
34914.35566217203, 101, -1.0
34918.81069749716, 103, -1.0
34920.288417414406, 35, -1.0
34922.0106287457, 101, -1.0
34929.58524914533, 101, 1.0
34930.35663959049, 154, -1.0
34931.635834046894, 35, 1.0
34932.16206862523, 35, -1.0
34935.15785652183, 152, 1.0
34937.62069929307, 101, -1.0
34942.265706916914, 152, 1.0
34948.43411306335, 75, 1.0
34950.534653941606, 148, -1.0
34959.058091250416, 75, 1.0
34962.922844011875, 75, 1.0
34978.11553454046, 154, -1.0
34978.32737149153, 148, 1.0
34986.780387703235, 75, -1.0
34987.80144696882, 75, -1.0
34993.734687948556, 75, 1.0
34999.742010456044, 152, -1.0
35001.3603622277, 103, -1.0
35001.92275765878, 103, 1.0
35006.527756772084, 75, 1.0
35008.831285861575, 103, -1.0
35011.89404885761, 103, -1.0
35012.765862537846, 35, -1.0
35012.882073258865, 35, -1.0
35017.307813962754, 35, -1.0
35018.74566401585, 154, 1.0
35018.87395917314, 35, -1.0
35022.91119834659, 148, -1.0
35030.10354874214, 75, -1.0
35032.1716632672, 35, -1.0
35042.19559274539, 154, 1.0
35045.836202475795, 152, -1.0
35047.611731341705, 152, -1.0
35050.922579596634, 103, 1.0
35062.814982752796, 44, 1.0
35064.802864897894, 148, -1.0
35076.22923291494, 75, -1.0
35079.57238552957, 101, -1.0
35086.48323015513, 35, -1.0
35094.11633949666, 35, 1.0
35096.49029745808, 148, -1.0
35097.184577918844, 101, -1.0
35107.918227929, 75, 1.0
35120.396850843405, 103, -1.0
35121.188280950104, 152, 1.0
35123.56107224159, 103, 1.0
35123.67599197284, 35, -1.0
35126.37773576664, 75, 1.0
35126.707082429166, 152, -1.0
35136.05192728175, 35, -1.0
35141.37209149427, 152, -1.0
35141.92935858902, 103, -1.0
35149.76567454304, 75, 1.0
35151.64135290231, 154, -1.0
35155.69945177393, 103, 1.0
35161.47703854798, 75, 1.0
35161.66266710863, 101, -1.0
35162.287393520804, 152, 1.0
35174.86042057621, 154, -1.0
35188.54200907191, 148, 1.0
35194.494697128626, 75, 1.0
35197.29863223388, 35, 1.0
35198.381131708455, 75, -1.0
35207.66091421503, 152, 1.0
35214.02456851307, 154, -1.0
35215.20894493838, 75, 1.0
35219.52399248794, 35, -1.0
35219.55758744201, 75, 1.0
35220.791789087045, 101, -1.0
35224.92432526428, 101, -1.0
35230.019001962006, 103, 1.0
35243.885761899444, 35, -1.0
35248.89192986289, 44, -1.0
35249.46006348639, 35, -1.0
35250.25317497197, 148, -1.0
35260.18967140707, 103, -1.0
35260.959199850666, 75, 1.0
35267.463004204204, 152, -1.0
35269.115034454306, 152, -1.0
35271.70306196493, 152, -1.0
35275.79406928357, 101, -1.0
35276.23060292161, 101, -1.0
35277.093907015354, 35, -1.0
35277.57534021707, 152, -1.0
35278.72119643335, 152, 1.0
35280.015287167356, 148, -1.0
35285.21178739364, 75, -1.0
35286.04020812861, 35, -1.0
35300.53745502096, 35, 1.0
35314.932207034784, 148, -1.0
35321.35512316741, 75, -1.0
35323.12978928772, 103, 1.0
35328.12145315299, 154, -1.0
35329.988710289865, 148, -1.0
35330.89515108361, 152, 1.0
35354.289960191585, 44, -1.0
35355.27792648025, 75, -1.0
35357.60669903083, 103, -1.0
35358.25115457825, 103, 1.0
35373.20865768802, 152, -1.0
35373.59755031597, 152, -1.0
35377.578399160964, 75, 1.0
35378.932222943564, 152, -1.0
35382.31368473472, 103, 1.0
35389.91214316708, 103, 1.0
35395.820781343864, 103, -1.0
35397.88019172299, 35, 1.0
35397.99264912538, 101, 1.0
35404.47053938098, 152, -1.0
35405.58017404079, 154, 1.0
35406.711001700874, 103, -1.0
35409.65356674737, 35, 1.0
35411.904855705565, 75, 1.0
35411.97311411087, 101, -1.0
35430.2781799747, 154, -1.0
35444.3047750412, 103, 1.0
35449.64572431911, 44, 1.0
35456.628907399616, 75, -1.0
35459.70767576736, 75, -1.0
35471.55203150303, 75, -1.0
35481.71855278071, 75, -1.0
35483.245763855964, 148, -1.0
35490.08000313178, 44, -1.0
35508.49793865868, 101, -1.0
35513.44292704981, 75, 1.0
35514.88881113933, 148, -1.0
35523.60604860385, 103, -1.0
35526.1675294784, 35, -1.0
35528.35918734099, 35, 1.0
35533.13540624321, 152, -1.0
35534.60251762016, 75, 1.0
35538.02448883294, 75, 1.0
35539.40795940935, 154, -1.0
35541.84356853019, 103, -1.0
35548.24739124715, 35, -1.0
35552.73575050655, 101, -1.0
35556.43944353453, 75, -1.0
35560.228620833426, 103, 1.0
35560.70929630814, 152, -1.0
35565.2789974172, 44, -1.0
35566.83630613931, 148, 1.0
35573.57572184506, 101, -1.0
35575.95466184596, 75, -1.0
35577.71433853971, 75, 1.0
35578.93597788589, 35, -1.0
35579.23840817772, 35, -1.0
35582.83301513118, 152, 1.0
35586.06961780336, 75, 1.0
35594.08103714727, 154, 1.0
35600.75411806605, 101, -1.0
35604.212932955474, 154, -1.0
35609.80989764795, 75, 1.0
35616.96812834252, 35, -1.0
35619.86242741443, 152, 1.0
35620.97672580579, 35, -1.0
35630.49399756134, 35, -1.0
35635.465416036175, 154, 1.0
35640.34304378471, 75, 1.0
35651.55547319761, 152, 1.0
35652.732574708905, 75, 1.0
35663.6678888172, 101, 1.0
35664.16714773801, 152, -1.0
35664.43971080795, 148, -1.0
35668.057719607474, 152, -1.0
35668.8795500706, 44, -1.0
35678.18573698016, 148, -1.0
35678.999572178276, 35, -1.0
35691.28899765011, 35, -1.0
35693.51214314799, 154, -1.0
35698.80685808078, 103, 1.0
35707.49814552721, 35, 1.0
35710.57773445535, 103, 1.0
35718.91785245552, 75, 1.0
35719.6466746359, 152, -1.0
35722.51323736107, 103, -1.0
35723.091359978294, 35, -1.0
35726.736538352925, 35, 1.0
35739.67368464202, 103, -1.0
35742.368131643416, 35, -1.0
35746.79500036829, 154, -1.0
35747.06547927688, 152, -1.0
35747.53898654961, 35, -1.0
35751.359541317, 101, -1.0
35758.797540754626, 101, -1.0
35782.929507612236, 75, -1.0
35787.92778240207, 103, 1.0
35790.493431231196, 103, -1.0
35799.2731083314, 75, -1.0
35804.34739006964, 75, -1.0
35804.680978367745, 35, -1.0
35804.80684988982, 101, -1.0
35805.60764216837, 75, 1.0
35807.771953711264, 75, 1.0
35809.38500313648, 152, 1.0
35812.2731669057, 75, -1.0
35814.59032553735, 44, -1.0
35814.87150842846, 154, -1.0
35815.604733412016, 101, -1.0
35823.37563677624, 103, -1.0
35827.27168942316, 35, -1.0
35827.44042266558, 154, -1.0
35830.92885079014, 35, 1.0
35836.56663558024, 44, 1.0
35852.76753000673, 75, 1.0
35867.21504725053, 75, -1.0
35867.6251424465, 35, -1.0
35870.24123236492, 75, -1.0
35885.71729507136, 152, -1.0
35886.07067981496, 35, -1.0
35887.67403252143, 152, 1.0
35894.9434377279, 103, 1.0
35895.02704975849, 75, 1.0
35901.92010057561, 152, -1.0
35902.11261099509, 152, -1.0
35902.53100138846, 152, -1.0
35914.224621897614, 75, -1.0
35916.05760923838, 152, 1.0
35919.04776488074, 35, -1.0
35919.372794796145, 154, 1.0
35921.53143980447, 152, -1.0
35922.02610272697, 35, -1.0
35923.81883483967, 35, -1.0
35923.94316362031, 35, -1.0
35932.53904821867, 75, 1.0
35936.22059313087, 44, -1.0
35939.13374662723, 152, -1.0
35958.685672374566, 148, -1.0
35967.33763490207, 75, -1.0
35971.91366527682, 103, 1.0
35976.63493838528, 101, 1.0
35984.28803491033, 148, -1.0
35994.54708092988, 35, -1.0
35995.33013986069, 44, 1.0
35999.50400823837, 35, -1.0
36004.958177834866, 152, -1.0
36005.72818646433, 75, 1.0
36007.33583784345, 103, -1.0
36012.82359769827, 101, 1.0
36019.38874704797, 152, -1.0
36021.7320078151, 35, -1.0
36025.47909282599, 75, -1.0
36027.89987207323, 44, 1.0
36029.718527449964, 75, -1.0
36034.63810458257, 35, -1.0
36042.43781074221, 44, -1.0
36042.76658253634, 35, -1.0
36044.96540401537, 75, -1.0
36048.64443242432, 152, -1.0
36049.713239864206, 101, 1.0
36055.704591328395, 101, -1.0
36061.39903323857, 75, 1.0
36062.34809094058, 75, -1.0
36066.10790847184, 75, -1.0
36072.90555657828, 75, 1.0
36078.248867618626, 35, -1.0
36092.28241353625, 35, -1.0
36094.885849480925, 75, 1.0
36097.39303099397, 35, -1.0
36101.99393714471, 75, 1.0
36103.31799815991, 75, 1.0
36106.619156026594, 101, 1.0
36109.65650615193, 101, -1.0
36117.757840795544, 154, -1.0
36118.998689204636, 35, -1.0
36125.21003514006, 154, -1.0
36130.898087676054, 103, 1.0
36133.07016254616, 75, 1.0
36139.1911686109, 44, -1.0
36162.854690885506, 35, 1.0
36172.84636830788, 44, 1.0
36183.74974827783, 148, -1.0
36185.70913026252, 75, 1.0
36188.10863860401, 154, -1.0
36193.01274470433, 44, -1.0
36197.839395728384, 148, -1.0
36198.606122200494, 152, -1.0
36199.78351391341, 35, -1.0
36201.0583391715, 101, -1.0
36203.97326794161, 101, -1.0
36206.64474485084, 44, 1.0
36215.96230655445, 44, 1.0
36217.87133396467, 35, -1.0
36218.44423856154, 152, -1.0
36220.27895564038, 103, -1.0
36221.55341936655, 75, -1.0
36222.20021933969, 44, -1.0
36230.58479433903, 148, -1.0
36235.307017687046, 44, -1.0
36240.613352044435, 101, -1.0
36245.002481428906, 101, -1.0
36254.2791036679, 154, -1.0
36255.202611723944, 35, -1.0
36255.92384407195, 101, -1.0
36257.58399305544, 154, 1.0
36260.74281222837, 101, 1.0
36261.314432332205, 75, -1.0
36263.19336014865, 44, -1.0
36277.491162578764, 148, -1.0
36277.67692054329, 75, -1.0
36284.65155773454, 75, 1.0
36289.756112907475, 101, 1.0
36290.64123210432, 44, -1.0
36296.83739946211, 101, -1.0
36297.152795546186, 75, -1.0
36297.574517247805, 75, -1.0
36307.10317460412, 75, 1.0
36311.990820571846, 44, 1.0
36313.3789529767, 44, 1.0
36337.49258717975, 152, -1.0
36340.33072377223, 152, 1.0
36341.23395643751, 35, 1.0
36341.82774632002, 75, 1.0
36345.383113606134, 152, -1.0
36351.58399862746, 35, 1.0
36352.30834946926, 44, -1.0
36360.24570631686, 154, 1.0
36362.69913688615, 152, -1.0
36373.321043193624, 101, -1.0
36373.40398453001, 75, -1.0
36392.59883104168, 44, -1.0
36393.01736403956, 35, -1.0
36394.010060407345, 101, -1.0
36395.7361629129, 44, -1.0
36397.2025387137, 154, -1.0
36397.68723069629, 44, 1.0
36398.150560414266, 75, 1.0
36403.47303826727, 75, 1.0
36404.90607519133, 101, 1.0
36411.98926152465, 35, -1.0
36419.97254400513, 152, -1.0
36423.94213110156, 103, -1.0
36429.81647341052, 44, -1.0
36430.58793896423, 44, -1.0
36440.212442563374, 75, 1.0
36440.47334717269, 148, -1.0
36442.347232565284, 75, 1.0
36442.43708585173, 75, -1.0
36443.495946469564, 101, 1.0
36445.27417025119, 44, -1.0
36453.149838937214, 75, -1.0
36455.80367499286, 75, -1.0
36458.77485544154, 101, 1.0
36461.457452115545, 103, -1.0
36462.911922954794, 154, 1.0
36469.730110498946, 148, 1.0
36484.43705963144, 35, -1.0
36488.57869261229, 35, 1.0
36489.42197903439, 101, -1.0
36490.38867756396, 75, 1.0
36490.526590939786, 75, -1.0
36491.87636599451, 44, -1.0
36492.54836845629, 75, 1.0
36494.98875696236, 75, 1.0
36507.41090235498, 44, -1.0
36517.216369539376, 101, 1.0
36523.8403348048, 44, -1.0
36526.5000921225, 148, -1.0
36529.639408997034, 35, -1.0
36530.00668193871, 35, -1.0
36537.409738944276, 101, -1.0
36538.044665106005, 103, -1.0
36539.15026333933, 75, 1.0
36540.74402682723, 75, 1.0
36549.01642555748, 152, -1.0
36550.1256088877, 101, -1.0
36553.94348607372, 152, -1.0
36561.96650345241, 35, 1.0
36563.19320171831, 152, -1.0
36565.49423606075, 152, -1.0
36573.33864485654, 44, -1.0
36580.303591222524, 148, -1.0
36581.09854666198, 44, 1.0
36583.87109178308, 101, -1.0
36584.89559920892, 75, 1.0
36592.46391606253, 75, 1.0
36594.571040242816, 101, -1.0
36596.323869305525, 103, 1.0
36598.68867310236, 154, -1.0
36599.69804823601, 75, -1.0
36600.28633912768, 35, 1.0
36602.49015178818, 148, 1.0
36604.10905902661, 103, 1.0
36611.90672211367, 103, -1.0
36614.37235155177, 75, -1.0
36622.031519650125, 101, -1.0
36623.34796317343, 44, -1.0
36643.92481711103, 75, -1.0
36643.94434278917, 101, -1.0
36650.25839001125, 44, -1.0
36650.56717232738, 154, 1.0
36651.66972965109, 44, -1.0
36655.982092900216, 44, -1.0
36656.63967213172, 75, -1.0
36657.45315152321, 101, -1.0
36662.81985596208, 44, 1.0
36663.693352766786, 101, 1.0
36666.1611778061, 35, -1.0
36669.31638329283, 44, -1.0
36673.092561725134, 103, -1.0
36679.1910517068, 75, -1.0
36681.57470204578, 148, -1.0
36681.87446309612, 44, 1.0
36688.86733650639, 152, 1.0
36694.04606859925, 101, 1.0
36700.15685971619, 75, -1.0
36706.229711541375, 101, 1.0
36709.39880585715, 101, -1.0
36709.5325375439, 154, -1.0
36713.89855731563, 75, 1.0
36723.9491589896, 148, -1.0
36730.26089250611, 44, -1.0
36733.81418148456, 101, -1.0
36746.13903061689, 103, 1.0
36749.260955134334, 103, 1.0
36751.79507618933, 35, -1.0
36755.20346308743, 75, 1.0
36765.79540186304, 148, -1.0
36770.95110027785, 154, 1.0
36773.521608767755, 35, -1.0
36778.96629507552, 75, 1.0
36779.90318517267, 101, -1.0
36782.30797663022, 152, 1.0
36793.232165877, 35, -1.0
36802.050551063396, 44, 1.0
36804.46697535108, 75, 1.0
36805.41479770994, 35, -1.0
36809.912531985065, 101, -1.0
36816.758836327455, 148, -1.0
36817.64956660389, 75, -1.0
36819.26567313852, 75, -1.0
36821.632131464445, 152, -1.0
36825.89764605918, 35, 1.0
36828.49969260541, 103, -1.0
36836.2709638675, 75, -1.0
36841.27731255808, 148, -1.0
36851.16423213258, 35, 1.0
36852.409850493765, 101, 1.0
36857.135067870506, 35, -1.0
36857.69059866843, 101, 1.0
36858.5539971433, 103, -1.0
36861.07732923237, 103, 1.0
36864.480797855824, 44, -1.0
36868.04598230576, 44, -1.0
36870.249195804194, 152, 1.0
36872.17506441143, 101, 1.0
36885.69100845044, 75, 1.0
36893.0158005835, 154, -1.0
36893.95632295378, 101, -1.0
36896.96743165549, 35, -1.0
36897.37099101427, 75, 1.0
36902.858003451765, 103, -1.0
36908.61701582457, 75, 1.0
36909.82131948465, 35, -1.0
36911.89462736882, 44, -1.0
36920.433717953056, 154, -1.0
36921.89665871316, 152, -1.0
36923.779390470496, 35, -1.0
36928.690426788286, 44, 1.0
36929.47114342158, 44, -1.0
36934.25260090448, 44, -1.0
36950.44871622348, 35, 1.0
36963.4724884646, 44, -1.0
36968.15199680258, 44, -1.0
36974.96287240236, 152, -1.0
36975.69430146641, 35, -1.0
36975.828825079654, 154, 1.0
36982.23310827492, 75, -1.0
36985.39016451672, 75, 1.0
36993.326483355966, 152, -1.0
36997.496439635994, 148, 1.0
37004.31739256198, 103, -1.0
37014.284651659735, 101, -1.0
37017.47717408893, 101, 1.0
37017.77027120337, 75, -1.0
37020.8744892331, 44, 1.0
37021.124279828095, 154, 1.0
37021.32961538865, 154, 1.0
37021.35205227199, 75, -1.0
37022.45382616593, 154, 1.0
37023.97634527936, 44, -1.0
37024.59254422207, 154, 1.0
37027.155530081174, 148, 1.0
37027.94192164657, 44, -1.0
37029.40937472821, 148, -1.0
37029.5611481021, 152, -1.0
37043.71611378077, 154, -1.0
37047.10363466805, 152, -1.0
37052.87253861387, 148, -1.0
37060.217875995375, 35, -1.0
37062.471327379026, 75, 1.0
37066.757681773015, 154, 1.0
37070.98856066701, 101, 1.0
37081.73983868545, 44, -1.0
37084.92817322339, 75, -1.0
37085.20410794831, 44, -1.0
37099.1593152523, 103, -1.0
37099.82681854006, 152, -1.0
37102.70361658266, 103, -1.0
37104.65046278651, 75, -1.0
37111.23150390223, 148, 1.0
37111.36122848107, 101, -1.0
37114.05838466758, 148, -1.0
37117.90027813099, 152, -1.0
37118.735365668974, 101, 1.0
37128.93882358777, 101, -1.0
37138.20655362654, 75, 1.0
37147.00398752313, 75, -1.0
37147.81501367927, 35, 1.0
37147.920079183976, 148, -1.0
37152.16261336033, 148, -1.0
37161.81483255574, 44, -1.0
37162.79466912285, 152, -1.0
37165.77274422772, 154, 1.0
37167.1690169558, 152, -1.0
37168.2397727292, 101, -1.0
37169.80827303785, 35, 1.0
37177.72870947064, 75, -1.0
37179.322998618125, 148, -1.0
37183.61192241584, 35, 1.0
37186.66783786236, 101, -1.0
37188.23490865767, 152, -1.0
37190.23017624982, 101, 1.0
37190.24302576511, 101, -1.0
37195.004924430345, 75, 1.0
37195.86609055101, 35, 1.0
37198.89268853479, 152, 1.0
37198.923458594305, 103, -1.0
37204.658529724045, 75, 1.0
37211.95871433323, 152, -1.0
37212.67193792258, 75, -1.0
37213.67697891447, 35, -1.0
37216.24642438091, 75, -1.0
37221.305695311414, 152, 1.0
37222.296187012704, 44, -1.0
37224.58424486586, 35, 1.0
37227.34917206605, 44, -1.0
37235.33228010048, 44, -1.0
37236.98382095387, 101, -1.0
37238.71262841173, 35, -1.0
37241.8555425557, 75, -1.0
37246.4643462043, 154, 1.0
37253.05757366937, 75, 1.0
37254.39587798159, 152, -1.0
37261.8949669295, 154, -1.0
37263.108177494374, 44, -1.0
37263.26891660443, 44, -1.0
37265.789657354624, 75, -1.0
37267.09898538685, 101, -1.0
37270.88022330097, 35, -1.0
37272.12008763569, 75, 1.0
37273.87309778235, 44, -1.0
37284.69261011149, 154, -1.0
37296.884966177735, 35, -1.0
37298.968520844115, 75, 1.0
37301.64961646831, 44, -1.0
37318.87662280335, 44, -1.0
37325.84549153478, 101, 1.0
37327.43719651709, 75, 1.0
37329.86398328702, 152, -1.0
37331.800659786844, 101, -1.0
37332.40930838228, 148, 1.0
37339.46662289397, 75, -1.0
37339.98348474177, 44, -1.0
37342.0084203532, 75, -1.0
37344.88869546373, 75, -1.0
37346.345578390545, 44, 1.0
37347.66839827764, 148, -1.0
37348.078943873996, 44, -1.0
37353.85273180044, 75, 1.0
37355.85419162475, 75, 1.0
37357.33863334634, 148, -1.0
37357.40334178917, 75, -1.0
37361.42604228506, 148, 1.0
37366.10446352909, 35, -1.0
37376.74888845717, 103, -1.0
37377.09203404469, 35, 1.0
37386.46094747703, 101, -1.0
37390.71213867969, 75, 1.0
37392.49922150104, 152, -1.0
37400.382808263326, 148, -1.0
37406.07747488141, 148, -1.0
37407.0868209009, 75, -1.0
37407.18436748097, 101, -1.0
37410.465672018116, 101, -1.0
37414.72755576165, 152, -1.0
37418.10877966911, 75, -1.0
37421.34049301342, 75, 1.0
37421.66000364296, 35, 1.0
37422.330108984796, 35, -1.0
37427.776096002985, 44, -1.0
37428.50600021697, 44, -1.0
37435.18540715871, 103, -1.0
37435.648575473926, 75, 1.0
37438.06524106489, 101, 1.0
37452.61845538388, 75, 1.0
37453.78691905635, 35, 1.0
37458.09085480848, 101, -1.0
37459.01035430464, 35, -1.0
37461.454393459564, 103, -1.0
37464.42824036268, 44, -1.0
37471.50016751383, 35, -1.0
37471.59312305982, 101, -1.0
37474.84467362379, 103, -1.0
37476.472472793634, 44, -1.0
37482.645223030326, 35, -1.0
37489.25634379569, 101, 1.0
37489.4401270643, 75, 1.0
37496.25971948821, 101, -1.0
37499.71949002809, 154, 1.0
37506.54147118872, 101, 1.0
37514.814736543856, 75, 1.0
37514.98394101883, 75, 1.0
37519.872319538146, 148, -1.0
37519.94883790849, 148, 1.0
37527.04736585499, 35, -1.0
37527.6390217849, 101, -1.0
37535.84385815272, 75, -1.0
37545.10012584872, 101, 1.0
37545.986317158764, 75, 1.0
37547.03002838936, 101, 1.0
37561.20449553761, 75, -1.0
37562.40750030998, 35, -1.0
37562.99161836302, 148, -1.0
37565.41266843503, 75, 1.0
37568.795857223864, 75, -1.0
37585.99079178661, 35, 1.0
37587.440514265465, 75, -1.0
37587.98247893315, 154, 1.0
37598.4291553531, 152, -1.0
37606.79676061694, 101, -1.0
37609.196585906335, 35, 1.0
37620.50018131522, 35, 1.0
37623.64807365491, 101, -1.0
37629.84431909613, 154, -1.0
37639.53017907143, 152, 1.0
37641.70510866151, 148, -1.0
37647.001123183836, 44, -1.0
37647.53213435346, 75, 1.0
37651.479731490384, 35, 1.0
37653.328911955774, 75, -1.0
37657.445191788625, 101, -1.0
37667.71034983545, 75, -1.0
37668.759643180834, 101, 1.0
37669.69805856556, 103, -1.0
37673.23975809862, 148, -1.0
37673.62548606547, 75, -1.0
37683.1554531277, 101, -1.0
37686.372807212276, 101, 1.0
37687.592646375895, 103, -1.0
37689.504735773146, 75, 1.0
37691.77025130847, 75, -1.0
37694.51787041221, 152, -1.0
37699.1995980869, 44, 1.0
37701.780880126404, 75, -1.0
37703.347118827434, 75, -1.0
37705.73435867947, 101, -1.0
37707.612767960316, 75, -1.0
37711.66477256821, 101, -1.0
37720.24432000373, 75, 1.0
37720.713392494225, 75, 1.0
37731.87279452699, 101, -1.0
37750.97631398983, 101, -1.0
37751.159969146014, 75, 1.0
37769.17582914293, 75, 1.0
37770.57731511238, 44, -1.0
37770.58512416635, 152, -1.0
37779.47347847599, 75, 1.0
37799.11015434093, 101, 1.0
37806.6157546902, 44, -1.0
37808.13305340768, 101, -1.0
37809.8430713633, 75, 1.0
37810.50319866939, 103, -1.0
37810.61060908339, 101, -1.0
37812.166265940636, 152, -1.0
37818.71124527808, 101, -1.0
37820.19516143715, 35, -1.0
37822.42962783423, 101, -1.0
37833.171474337054, 101, -1.0
37834.75797445757, 35, -1.0
37835.36831624786, 101, 1.0
37836.3530789435, 44, -1.0
37847.24875296692, 75, -1.0
37855.443176998335, 35, -1.0
37857.338951319645, 101, -1.0
37859.41317804651, 75, 1.0
37867.981225119394, 101, -1.0
37870.205658850195, 152, 1.0
37877.751705537376, 75, 1.0
37880.11215823171, 44, 1.0
37882.75168952474, 75, 1.0
37885.49764748305, 35, 1.0
37889.763249196534, 35, -1.0
37895.07096405365, 152, -1.0
37895.39259299841, 101, 1.0
37895.65635971884, 101, 1.0
37896.40707511885, 44, -1.0
37898.26049545846, 75, -1.0
37899.658392868776, 148, -1.0
37902.99134357181, 148, -1.0
37911.091601430926, 35, -1.0
37914.288097759614, 44, -1.0
37922.849792492154, 103, -1.0
37929.12832541969, 152, 1.0
37931.99304674689, 152, -1.0
37944.31947273375, 75, -1.0
37955.20339606261, 101, 1.0
37955.56346341558, 35, -1.0
37957.41659905597, 154, 1.0
37962.696700582834, 103, -1.0
37970.702638240335, 152, -1.0
37976.203775461574, 101, 1.0
37977.53394799309, 35, -1.0
37977.870116730344, 152, -1.0
37978.60290905988, 152, -1.0
37982.3882485875, 103, -1.0
37985.3208664802, 101, -1.0
37995.13625507868, 75, -1.0
37996.798253817, 75, -1.0
38008.594931687745, 44, -1.0
38015.21345791761, 75, -1.0
38022.50461674709, 152, -1.0
38030.36871163965, 148, 1.0
38030.40685700451, 148, 1.0
38032.01336513045, 44, -1.0
38038.02215877616, 35, -1.0
38039.82038636724, 75, -1.0
38041.858992255984, 101, -1.0
38042.82789195625, 35, -1.0
38051.958942647674, 101, -1.0
38053.05935266767, 103, 1.0
38058.189076458824, 154, 1.0
38061.5297668978, 148, -1.0
38062.284103183156, 101, -1.0
38073.92939624161, 35, -1.0
38086.83203474271, 75, 1.0
38093.80379670545, 152, -1.0
38099.20313722422, 35, -1.0
38099.40565934044, 154, 1.0
38105.92515755074, 75, -1.0
38119.52306655966, 35, -1.0
38122.3192834335, 35, -1.0
38123.30399228895, 75, -1.0
38124.08832307797, 101, -1.0
38126.51163990893, 152, -1.0
38134.270381031325, 75, -1.0
38137.4244858627, 44, -1.0
38140.99549900288, 44, -1.0
38143.27069117231, 154, 1.0
38144.27681267784, 152, 1.0
38144.28155782471, 75, -1.0
38145.27850161814, 152, -1.0
38151.690164730215, 44, 1.0
38156.568866681235, 148, -1.0
38157.79470785933, 35, -1.0
38160.867847160116, 154, 1.0
38161.23917656456, 75, 1.0
38161.860154434544, 75, -1.0
38163.944463127016, 154, 1.0
38164.40240425346, 148, -1.0
38168.43242513701, 35, -1.0
38168.73558618686, 101, 1.0
38170.02928227506, 152, -1.0
38179.68989493374, 148, 1.0
38179.77219244667, 44, 1.0
38186.36966595487, 35, -1.0
38187.19134440024, 75, 1.0
38190.45993930099, 44, -1.0
38196.936730800866, 101, 1.0
38204.350852761396, 154, 1.0
38206.62496655655, 75, 1.0
38212.15191368861, 75, -1.0
38217.814191432175, 75, -1.0
38219.2761325381, 103, -1.0
38220.6036011262, 152, -1.0
38222.79713314477, 148, -1.0
38237.44883554269, 101, -1.0
38238.274178953325, 154, 1.0
38259.777478613054, 44, -1.0
38263.032053632945, 75, 1.0
38269.23096563238, 44, -1.0
38271.885153473966, 101, -1.0
38272.64554945762, 103, -1.0
38277.44889186892, 75, -1.0
38278.017897522426, 152, -1.0
38284.806312657216, 101, 1.0
38290.456183369664, 35, 1.0
38303.9758894166, 35, -1.0
38314.9872256592, 35, -1.0
38319.09568096459, 35, -1.0
38319.87889580222, 75, -1.0
38322.677014640714, 35, 1.0
38326.80211871956, 75, -1.0
38327.53616625953, 75, -1.0
38328.20497072, 101, -1.0
38331.10162735359, 152, -1.0
38335.41214251633, 44, -1.0
38340.972974238895, 101, 1.0
38341.93045319842, 44, -1.0
38351.39473513507, 148, -1.0
38369.86662770667, 152, -1.0
38371.259245510715, 35, 1.0
38375.19361419444, 154, 1.0
38376.052203645406, 44, -1.0
38380.365774282094, 75, -1.0
38384.23837188299, 35, 1.0
38384.89133878751, 75, -1.0
38386.29932974974, 35, -1.0
38389.05369404008, 35, -1.0
38392.35698797282, 101, -1.0
38394.31253156738, 44, -1.0
38396.191227663454, 101, -1.0
38400.50806556021, 154, 1.0
38404.70037539459, 101, -1.0
38405.14711698863, 152, -1.0
38406.3707481252, 75, 1.0
38410.401226623486, 75, -1.0
38412.08808110129, 101, -1.0
38413.35873405511, 101, -1.0
38413.78929301595, 101, -1.0
38418.22301759842, 101, 1.0
38420.74104469204, 152, -1.0
38424.495055756204, 35, -1.0
38427.10112746099, 75, -1.0
38444.978539737924, 152, 1.0
38447.82218997891, 75, -1.0
38457.02632054259, 152, -1.0
38462.03860888598, 101, 1.0
38472.12380758924, 35, -1.0
38476.01050065052, 75, -1.0
38482.11306990305, 35, -1.0
38483.83346385523, 75, -1.0
38483.985226988996, 44, -1.0
38484.153738506386, 103, -1.0
38489.30272651506, 44, 1.0
38489.31472306112, 44, -1.0
38492.90105745116, 75, -1.0
38493.929083696254, 101, -1.0
38495.88582502983, 148, -1.0
38499.1517515386, 44, -1.0
38499.57323053983, 148, -1.0
38501.80617253341, 75, 1.0
38503.121408941835, 35, -1.0
38505.53723755621, 148, -1.0
38508.78663465491, 35, 1.0
38510.26185551475, 35, -1.0
38513.90468326605, 75, 1.0
38514.65228056433, 75, 1.0
38518.36056445112, 44, -1.0
38518.56809485484, 44, -1.0
38521.67045082567, 152, -1.0
38526.937479718785, 35, 1.0
38527.04107498772, 75, 1.0
38530.625997398296, 75, -1.0
38534.89494693111, 154, 1.0
38535.407994967965, 75, -1.0
38535.975571206014, 35, 1.0
38539.139488434565, 35, 1.0
38541.21820223187, 152, 1.0
38548.09250706414, 101, -1.0
38548.09565355368, 152, -1.0
38552.95008577808, 101, -1.0
38555.709673493955, 75, -1.0
38558.97205511504, 35, -1.0
38559.03694003029, 75, 1.0
38562.2305852724, 152, 1.0
38563.506145273685, 35, -1.0
38566.164741287306, 35, -1.0
38566.94959854164, 101, 1.0
38568.90313177378, 35, 1.0
38569.061290612684, 103, -1.0
38570.40720477424, 44, -1.0
38571.817243114914, 35, -1.0
38572.8917533004, 148, -1.0
38575.98916555552, 101, -1.0
38579.54998113079, 44, -1.0
38584.799541930646, 152, -1.0
38599.47915571367, 154, 1.0
38603.11884081271, 75, -1.0
38604.74612812172, 154, -1.0
38604.796808966574, 75, 1.0
38605.82830022664, 101, -1.0
38606.474306158416, 148, -1.0
38614.733847859585, 101, 1.0
38616.66625355129, 75, -1.0
38630.15711758096, 103, -1.0
38632.103391260796, 103, -1.0
38635.42253911975, 75, -1.0
38643.269251456804, 152, -1.0
38645.71929881486, 75, -1.0
38646.452931679945, 75, 1.0
38646.63769106468, 75, -1.0
38646.96198718447, 101, 1.0
38650.06199112756, 44, 1.0
38650.337544611815, 154, 1.0
38650.38472760499, 75, -1.0
38654.513007603, 152, 1.0
38660.15584946825, 101, -1.0
38660.78038776577, 101, -1.0
38675.6666021467, 101, 1.0
38678.92662539961, 44, -1.0
38679.21271429424, 101, -1.0
38680.71910645774, 75, -1.0
38681.79348578626, 101, -1.0
38684.35006221613, 44, -1.0
38685.78985454952, 75, 1.0
38685.79484691499, 75, -1.0
38704.42443630351, 44, -1.0
38706.93150299294, 44, -1.0
38708.64726826505, 75, 1.0
38712.594382814874, 75, 1.0
38713.49388735898, 44, -1.0
38721.617630473826, 75, -1.0
38723.55138075631, 75, 1.0
38729.719512550044, 148, -1.0
38732.99350089596, 75, 1.0
38733.060810152696, 152, -1.0
38733.727109758176, 101, 1.0
38739.598025286716, 44, -1.0
38740.06965631042, 101, -1.0
38743.96771983242, 35, -1.0
38744.761416822905, 152, 1.0
38749.83120706694, 152, -1.0
38754.46367294959, 101, 1.0
38756.86935926567, 148, -1.0
38761.25132091792, 152, -1.0
38764.04122337106, 75, -1.0
38768.24924915386, 152, -1.0
38768.90756973658, 103, 1.0
38769.05116975908, 152, -1.0
38770.461838575524, 101, 1.0
38783.88004590665, 75, -1.0
38785.170356708346, 75, -1.0
38787.4153939267, 75, -1.0
38789.06233446464, 75, 1.0
38789.12340810651, 44, -1.0
38795.976147433736, 103, -1.0
38796.761458999186, 103, -1.0
38796.813821441036, 35, 1.0
38797.011482322705, 148, -1.0
38797.32085194872, 44, -1.0
38798.03880359982, 75, -1.0
38798.86821088624, 75, 1.0
38805.1037677044, 154, -1.0
38810.137723757616, 101, 1.0
38814.358871535864, 35, 1.0
38814.83250870051, 148, 1.0
38816.000791578386, 152, -1.0
38816.905492675134, 75, 1.0
38819.933048720115, 35, -1.0
38820.5752597668, 44, -1.0
38823.42776981651, 44, -1.0
38828.627829436635, 75, 1.0
38828.82185660877, 103, -1.0
38831.83242533682, 152, -1.0
38839.02532964241, 75, 1.0
38841.30455249693, 44, 1.0
38842.588606461446, 101, -1.0
38855.46224893004, 101, 1.0
38858.09733579868, 35, 1.0
38865.63855411737, 103, -1.0
38868.05950231877, 44, 1.0
38871.83539291842, 152, -1.0
38877.01657475432, 154, -1.0
38878.08295698723, 44, -1.0
38880.3671644978, 75, 1.0
38880.7237196764, 44, 1.0
38887.57878154779, 101, -1.0
38890.231836956744, 44, -1.0
38907.8767797048, 101, -1.0
38910.11209407233, 75, 1.0
38913.26721997814, 44, -1.0
38913.60374449487, 75, 1.0
38922.66543390764, 35, 1.0
38937.18187455924, 148, -1.0
38938.38898425889, 148, -1.0
38945.05399747118, 44, -1.0
38954.037160827174, 75, 1.0
38957.92645126273, 154, -1.0
38970.031579886665, 75, -1.0
38971.57374166311, 75, -1.0
38974.834270530715, 75, -1.0
38977.05134762956, 44, 1.0
38983.93487794114, 103, 1.0
38988.25686955495, 44, -1.0
38988.78581641886, 75, -1.0
38990.45181841431, 35, -1.0
38996.20881589728, 101, 1.0
38996.827290181776, 44, -1.0
39001.17184556241, 103, 1.0
39001.460641409925, 75, -1.0
39002.31477054263, 44, -1.0
39002.39827609232, 75, 1.0
39017.64823663578, 103, -1.0
39023.73413788214, 152, 1.0
39025.80411768494, 101, -1.0
39026.60615524278, 44, -1.0
39031.09894841142, 101, 1.0
39033.01009943397, 75, -1.0
39033.96913417431, 101, -1.0
39034.17417627151, 101, 1.0
39037.97729374781, 148, 1.0
39041.7940593787, 35, -1.0
39045.05878914225, 101, -1.0
39048.17736891207, 75, -1.0
39054.78319570105, 35, -1.0
39056.708418788185, 101, 1.0
39059.227944374565, 101, -1.0
39061.402574969274, 44, -1.0
39061.92554285015, 75, -1.0
39063.0206745834, 148, 1.0
39068.80540197371, 154, 1.0
39080.29808726317, 152, -1.0
39085.79752463063, 101, -1.0
39090.26188281384, 154, -1.0
39094.71575113881, 35, 1.0
39103.257634891575, 75, -1.0
39111.31759765696, 101, 1.0
39113.53784319831, 101, -1.0
39117.8207125762, 101, 1.0
39136.4598419191, 75, 1.0
39137.620636536216, 75, 1.0
39140.57710319623, 154, -1.0
39146.91905350697, 35, 1.0
39147.097015101965, 75, -1.0
39148.034924046675, 101, -1.0
39153.78283317958, 152, -1.0
39157.2570800247, 44, 1.0
39169.02842156212, 35, -1.0
39169.650492653476, 44, -1.0
39171.26891397983, 103, -1.0
39179.165972462324, 152, -1.0
39189.53217404221, 44, -1.0
39195.1147692628, 44, -1.0
39201.09539495478, 101, -1.0
39205.490979625225, 101, 1.0
39209.52974294589, 101, 1.0
39214.062198366104, 152, -1.0
39219.02019045037, 75, -1.0
39221.0418745638, 154, 1.0
39223.518361784656, 44, -1.0
39224.473155093816, 35, -1.0
39234.01036448914, 103, -1.0
39239.630640795935, 75, -1.0
39246.60145549003, 154, 1.0
39249.67902386406, 35, -1.0
39251.85902700649, 44, -1.0
39252.31514767936, 101, 1.0
39252.923880399314, 44, 1.0
39253.46145039893, 75, -1.0
39255.324603275876, 101, 1.0
39256.583661686076, 75, 1.0
39260.651938823234, 75, -1.0
39270.4750709722, 101, 1.0
39280.86088529528, 35, -1.0
39283.36312045111, 75, -1.0
39283.65343338627, 103, -1.0
39283.7879852884, 44, 1.0
39287.250945924185, 101, -1.0
39288.22924151644, 148, -1.0
39291.045302733706, 154, 1.0
39293.6801042075, 35, -1.0
39295.031949403856, 148, -1.0
39303.0321075928, 101, -1.0
39309.675604351425, 152, -1.0
39315.46089477006, 103, -1.0
39330.35332064616, 35, -1.0
39331.214259772365, 152, -1.0
39331.918644067344, 44, -1.0
39346.3271625487, 152, -1.0
39346.42534342666, 101, -1.0
39346.51117083823, 101, -1.0
39350.01825559282, 101, -1.0
39351.4238206696, 75, 1.0
39355.13463385878, 75, -1.0
39358.34228029218, 75, -1.0
39362.376706291674, 101, -1.0
39369.91265829239, 154, -1.0
39371.85500084688, 148, -1.0
39383.771100461236, 101, -1.0
39387.94246312342, 152, -1.0
39401.886699769675, 44, -1.0
39403.30737941737, 103, -1.0
39406.647988764795, 75, 1.0
39413.75848535995, 152, -1.0
39414.36151476696, 75, -1.0
39416.65583170605, 75, -1.0
39417.298010859966, 148, -1.0
39418.37586425638, 101, -1.0
39418.38290426109, 154, 1.0
39424.245975516125, 75, -1.0
39424.97662809737, 154, 1.0
39430.93538392174, 101, -1.0
39431.06372892913, 152, 1.0
39438.2092669923, 103, -1.0
39448.253307687024, 35, 1.0
39456.663676563076, 152, -1.0
39462.27560548808, 35, -1.0
39465.69230994536, 75, -1.0
39466.20820042139, 154, 1.0
39474.47598389875, 152, -1.0
39474.52996878091, 35, 1.0
39483.77280143934, 75, 1.0
39491.154219500815, 152, -1.0
39494.55713566754, 154, 1.0
39504.62035014745, 152, -1.0
39508.226291830455, 101, -1.0
39522.86378464652, 101, -1.0
39522.87229931616, 75, 1.0
39524.40414471375, 101, 1.0
39524.413707396794, 44, -1.0
39531.93369097286, 154, 1.0
39533.23610617355, 35, -1.0
39537.42421565817, 75, -1.0
39544.1118058843, 154, 1.0
39545.43103088811, 35, -1.0
39550.289239990874, 75, -1.0
39557.822901093474, 103, 1.0
39557.892832587095, 101, 1.0
39559.76890699317, 75, 1.0
39561.55341901813, 75, -1.0
39561.96869421183, 152, 1.0
39563.47849014224, 101, 1.0
39564.55691648305, 103, -1.0
39568.17342617009, 75, 1.0
39572.28318699258, 103, -1.0
39573.142754422784, 152, -1.0
39579.43817137886, 35, -1.0
39594.23857573286, 101, -1.0
39594.3596209389, 148, -1.0
