39602.500235285916, 103, -1.0
39602.502737155366, 142, 1.0
39604.08048412064, 39, -1.0
39605.54062948296, 34, -1.0
39605.62830340029, 149, 1.0
39605.6995820602, 142, -1.0
39608.704599161356, 164, -1.0
39608.92192556201, 76, -1.0
39609.19795364975, 241, -1.0
39609.65305510896, 84, -1.0
39610.06598088978, 87, -1.0
39610.83045985595, 160, -1.0
39612.608034829995, 100, 1.0
39613.19192246691, 123, -1.0
39615.238990038146, 116, 1.0
39615.55092458826, 97, 1.0
39615.94283685986, 27, -1.0
39616.13411826689, 67, 1.0
39616.203186282444, 95, 1.0
39616.35210826224, 114, -1.0
39616.42663486921, 122, -1.0
39616.72516253613, 164, 1.0
39617.31151061112, 56, -1.0
39623.34363646766, 50, -1.0
39623.628767135844, 51, -1.0
39627.62348813283, 142, -1.0
39630.15255721898, 93, -1.0
39630.67578337879, 105, -1.0
39632.1768900761, 55, -1.0
39633.14412428334, 165, 1.0
39640.30486712088, 164, 1.0
39640.54338333726, 113, -1.0
39641.09364536614, 114, -1.0
39644.468603770416, 40, -1.0
39645.093754889305, 233, -1.0
39645.5149582805, 53, -1.0
39647.49934719051, 36, -1.0
39648.34747433633, 35, -1.0
39649.712321685714, 99, -1.0
39650.08898792863, 146, 1.0
39656.21722852122, 104, -1.0
39656.82568309406, 101, 1.0
39657.09421724066, 165, -1.0
39658.817941591784, 37, -1.0
39659.11991616639, 75, 1.0
39659.1467760956, 164, -1.0
39661.24417387626, 99, 1.0
39661.59444596401, 154, -1.0
39661.84770310137, 50, -1.0
39663.16090668262, 103, 1.0
39664.515003404464, 82, -1.0
39664.948903017954, 34, -1.0
39665.21075321392, 58, -1.0
39665.42944151073, 164, -1.0
39666.873491961924, 130, 1.0
39668.08886894852, 149, -1.0
39669.08377842079, 164, -1.0
39669.14610664044, 87, -1.0
39669.36937260613, 167, -1.0
39669.41138578671, 103, -1.0
39669.84529488397, 157, -1.0
39673.29403344296, 207, -1.0
39675.29651925115, 99, -1.0
39676.18934697749, 163, 1.0
39678.10016685828, 68, -1.0
39679.93795739601, 164, 1.0
39683.164681626506, 146, -1.0
39683.38806594045, 152, 1.0
39683.73417613992, 64, -1.0
39684.30864268919, 82, -1.0
39684.77290205492, 102, -1.0
39685.83851156219, 99, 1.0
39688.57218101179, 51, -1.0
39689.94321345124, 34, -1.0
39691.54429188984, 97, -1.0
39692.31825883274, 164, 1.0
39695.28628607596, 114, -1.0
39696.10476761199, 34, -1.0
39698.6918543711, 128, -1.0
39703.64075115344, 116, 1.0
39704.026261476305, 155, -1.0
39705.34875449949, 142, -1.0
39705.78889908829, 164, -1.0
39706.31798606648, 104, 1.0
39708.1015452427, 230, -1.0
39708.448140333836, 99, 1.0
39710.07123177138, 92, -1.0
39710.07673433218, 40, -1.0
39710.706510300835, 73, 1.0
39711.101351759644, 169, -1.0
39713.79027310356, 53, 1.0
39715.301235858904, 130, -1.0
39715.41320837849, 84, -1.0
39716.25941232297, 68, 1.0
39717.55101131666, 101, 1.0
39718.82228363074, 50, 1.0
39721.01788947579, 155, -1.0
39721.79466997736, 230, 1.0
39723.09392500955, 27, -1.0
39723.74041279805, 228, 1.0
39726.738744094895, 31, 1.0
39726.97143726168, 142, -1.0
39731.8192932052, 68, 1.0
39732.20034249113, 116, -1.0
39736.21653274345, 119, -1.0
39739.23238890767, 84, 1.0
39739.91857015086, 84, 1.0
39741.720303316746, 37, -1.0
39742.11480276649, 155, -1.0
39742.64375854205, 155, -1.0
39743.07269741337, 116, 1.0
39743.17816307209, 80, -1.0
39743.403190835554, 88, -1.0
39743.48654569418, 35, 1.0
39744.39693316474, 109, 1.0
39744.74526394316, 154, -1.0
39745.05049944614, 105, 1.0
39746.140870093135, 165, 1.0
39746.1682470414, 32, -1.0
39747.32629221971, 228, -1.0
39747.842224152664, 81, -1.0
39748.17326831795, 123, -1.0
39749.21608931743, 142, -1.0
39750.55168456567, 53, 1.0
39750.66420438967, 59, -1.0
39751.24354014534, 90, -1.0
39753.697464368255, 116, -1.0
39754.5260161781, 234, -1.0
39755.20807687018, 163, 1.0
39756.02445651822, 157, 1.0
39756.12522846998, 153, -1.0
39757.86965893844, 58, -1.0
39758.201179519, 74, 1.0
39761.886512106925, 51, -1.0
39762.1321370428, 142, 1.0
39763.28097816251, 163, -1.0
39763.42548921743, 202, -1.0
39767.048998936676, 152, -1.0
39767.12872254187, 103, 1.0
39767.39898866938, 169, 1.0
39769.49794357258, 81, -1.0
39770.67344288993, 81, 1.0
39773.10667635603, 162, 1.0
39773.6598707115, 80, -1.0
39780.83460397387, 234, -1.0
39783.76894413615, 152, -1.0
39785.906548732164, 108, -1.0
39787.611295199684, 114, -1.0
39788.414583828395, 39, 1.0
39789.28235651092, 100, -1.0
39789.98930552695, 153, 1.0
39790.45880582426, 35, -1.0
39791.428746021265, 114, 1.0
39791.87081880337, 50, -1.0
39795.272034913025, 51, -1.0
39796.16404769743, 44, -1.0
39796.430420798504, 61, 1.0
39796.88986655498, 101, 1.0
39797.10946500905, 58, -1.0
39798.69754206246, 161, -1.0
39801.41698611978, 177, 1.0
39801.97522791065, 102, -1.0
39801.98420013936, 100, 1.0
39801.9848925525, 28, 1.0
39802.614689168084, 114, 1.0
39804.20007904269, 94, -1.0
39804.60299251651, 228, 1.0
39804.99013535005, 67, 1.0
39805.778147833254, 101, -1.0
39806.409551092525, 168, -1.0
39808.083177542365, 68, -1.0
39808.764297968024, 113, 1.0
39810.83493219191, 64, 1.0
39811.943367382744, 163, 1.0
39812.44912459213, 164, -1.0
39812.94283379152, 177, -1.0
39813.96490911417, 169, -1.0
39814.983715427115, 91, -1.0
39815.79981416885, 142, 1.0
39816.207527505416, 75, -1.0
39817.30734919121, 44, 1.0
39822.06357909079, 202, -1.0
39823.30446103084, 124, -1.0
39826.25242827916, 142, 1.0
39828.29731933757, 165, -1.0
39828.80099361266, 92, -1.0
39828.93158060409, 148, -1.0
39831.11186915809, 152, -1.0
39831.12386713009, 29, 1.0
39831.6997585775, 126, -1.0
39831.73551790133, 198, -1.0
39832.13771230713, 159, 1.0
39833.77907410095, 114, 1.0
39834.31562622947, 48, -1.0
39835.46669721588, 169, 1.0
39836.472992286326, 116, -1.0
39836.85662802583, 81, -1.0
39838.45842435895, 162, 1.0
39838.950282910904, 198, -1.0
39839.52967193977, 33, 1.0
39840.78152686688, 69, -1.0
39840.84413270417, 28, -1.0
39841.26062711749, 59, -1.0
39841.95004906856, 100, -1.0
39842.098756044186, 62, 1.0
39843.96971524941, 69, -1.0
39845.24802856644, 35, 1.0
39845.732414205064, 99, 1.0
39846.15333513758, 69, -1.0
39847.41311218574, 173, -1.0
39848.35789973318, 154, -1.0
39850.95601749106, 40, -1.0
39851.06097212624, 103, 1.0
39851.22475549328, 27, -1.0
39851.547987747705, 65, -1.0
39852.11245746849, 92, -1.0
39855.116396317266, 162, 1.0
39855.27147038335, 27, -1.0
39856.12499007247, 52, -1.0
39856.24550450025, 126, 1.0
39856.71174175549, 142, 1.0
39860.48089173318, 71, -1.0
39863.84863483322, 87, -1.0
39866.52313813771, 51, -1.0
39867.3334151052, 116, 1.0
39868.361256265, 119, -1.0
39869.270771375785, 165, -1.0
39871.25138959939, 44, -1.0
39872.49440086598, 95, 1.0
39872.85864463235, 55, -1.0
39873.39241529416, 160, 1.0
39875.332567491314, 87, 1.0
39875.40452524429, 169, 1.0
39875.408305250705, 158, 1.0
39875.97753195523, 99, -1.0
39878.0680978975, 107, -1.0
39878.503819704005, 40, 1.0
39879.64295900584, 181, -1.0
39879.97323208091, 158, -1.0
39884.44752050177, 177, -1.0
39885.929762558095, 31, 1.0
39886.35969669524, 75, -1.0
39886.846422855655, 154, -1.0
39887.10343684285, 59, -1.0
39887.302397362684, 146, 1.0
39887.69314428719, 86, 1.0
39888.267759601615, 169, 1.0
39891.23445166436, 55, -1.0
39893.13389102961, 83, 1.0
39893.61989410696, 198, 1.0
39893.9987699512, 97, -1.0
39894.263200012094, 233, -1.0
39894.70487257803, 45, -1.0
39896.38437509278, 68, -1.0
39900.30816553055, 40, 1.0
39900.53279313704, 69, 1.0
39901.26593738388, 97, -1.0
39901.889873201566, 32, -1.0
39902.48307971037, 169, 1.0
39903.25149538651, 40, -1.0
39903.67083498187, 84, -1.0
39903.89526063943, 193, -1.0
39904.9979188601, 64, 1.0
39906.41809516912, 169, 1.0
39911.08074229071, 40, 1.0
39911.97095446731, 228, 1.0
39911.9846922348, 75, -1.0
39912.33444379565, 43, -1.0
39913.553954947274, 142, 1.0
39914.674714807916, 44, 1.0
39916.82419096333, 34, -1.0
39917.62375267197, 164, 1.0
39917.777455176605, 35, -1.0
39919.649478022795, 126, 1.0
39920.49554901317, 173, -1.0
39921.84949917296, 164, 1.0
39922.15894179382, 173, 1.0
39922.83745069302, 126, 1.0
39923.320944275096, 74, 1.0
39926.77801527849, 81, -1.0
39928.334994980614, 48, 1.0
39929.11094730045, 222, -1.0
39929.78820122075, 154, -1.0
39929.91640395827, 155, -1.0
39931.67303655201, 95, 1.0
39935.73799165689, 228, 1.0
39935.75562527597, 58, 1.0
39935.83611006924, 75, 1.0
39936.21380915613, 182, 1.0
39936.434483236924, 233, 1.0
39936.97118699642, 37, -1.0
39938.01880230944, 180, -1.0
39939.246145684614, 142, 1.0
39939.25443326324, 40, -1.0
39941.71240262714, 65, -1.0
39942.66049951675, 71, -1.0
39942.97758650661, 241, -1.0
39946.0409121269, 165, -1.0
39946.767220043876, 27, 1.0
39947.43544763949, 34, -1.0
39950.06342878439, 74, 1.0
39950.629708890396, 58, 1.0
39951.472223601486, 128, 1.0
39955.26116836221, 58, -1.0
39955.99937280947, 76, -1.0
39956.47487420108, 169, 1.0
39959.405601425766, 99, -1.0
39960.685538856174, 98, -1.0
39961.466459771866, 94, -1.0
39961.86111005633, 59, -1.0
39961.891195699245, 173, -1.0
39963.92774000472, 193, -1.0
39964.064247270915, 233, -1.0
39964.873299446204, 116, -1.0
39964.88154228851, 63, -1.0
39966.603590215855, 68, 1.0
39966.65837842157, 123, -1.0
39966.87541958647, 198, -1.0
39967.01889243452, 29, 1.0
39967.49669097251, 234, 1.0
39968.00002133525, 152, -1.0
39969.81030425515, 182, 1.0
39969.89694342737, 29, -1.0
39970.164508932925, 123, -1.0
39970.21611045419, 97, 1.0
39970.807877803665, 71, -1.0
39972.597605183444, 27, 1.0
39975.419459585486, 71, -1.0
39976.31013696557, 122, -1.0
39976.397982069575, 233, -1.0
39976.649070784, 39, 1.0
39977.92962815079, 106, 1.0
39977.940248538864, 141, -1.0
39979.305928130045, 75, 1.0
39979.425332746745, 108, -1.0
39981.34270685904, 110, -1.0
39983.49092832962, 164, -1.0
39983.68392270811, 163, -1.0
39983.7481612478, 105, -1.0
39986.0355459935, 117, -1.0
39986.060751646044, 235, -1.0
39987.35923233646, 75, 1.0
39988.1535218895, 169, -1.0
39990.015328260844, 148, 1.0
39991.339594057565, 81, 1.0
39991.78916344918, 137, -1.0
39992.949788727936, 53, 1.0
39993.33406597173, 101, -1.0
39994.20011769108, 45, -1.0
39994.23988506395, 71, -1.0
39997.56124226404, 139, -1.0
39998.40295044807, 164, 1.0
39999.80302182022, 198, -1.0
40000.627947441346, 114, -1.0
40000.803413654954, 109, -1.0
40003.37706947684, 64, -1.0
40004.29076593532, 45, -1.0
40004.50606232212, 65, -1.0
40004.85779041691, 235, -1.0
40005.064703465134, 39, 1.0
40005.94490711873, 105, -1.0
40007.402672241515, 70, -1.0
40009.180541409245, 101, -1.0
40009.21712853622, 75, 1.0
40009.83631279062, 48, 1.0
40011.707376324535, 168, -1.0
40012.38707688577, 75, -1.0
40014.14792472135, 123, 1.0
40017.161522024304, 105, 1.0
40022.16526603881, 53, 1.0
40022.75317651041, 152, 1.0
40023.78847598895, 94, -1.0
40026.4757662433, 142, 1.0
40029.2188293337, 153, 1.0
40029.91820617141, 92, -1.0
40030.992007018525, 52, 1.0
40031.387988429335, 119, 1.0
40031.58893244082, 164, 1.0
40032.94236381182, 36, 1.0
40033.07872666327, 64, -1.0
40033.738048263665, 35, -1.0
40034.13852844748, 40, 1.0
40036.371038583115, 164, -1.0
40038.29203102536, 142, -1.0
40039.75385798966, 81, -1.0
40040.06875319114, 101, 1.0
40040.33733037608, 65, 1.0
40045.63839523554, 48, 1.0
40046.84416666216, 60, 1.0
40049.08138436325, 41, -1.0
40049.134503351925, 103, 1.0
40049.26140724868, 93, -1.0
40049.677500712205, 59, -1.0
40050.276553816926, 116, -1.0
40051.60315480303, 84, 1.0
40051.74105270461, 83, -1.0
40055.66079744193, 82, -1.0
40059.99386108333, 44, 1.0
40060.40842516524, 40, -1.0
40060.702174780046, 99, -1.0
40061.18472105208, 182, -1.0
40061.45836261302, 100, -1.0
40061.85768113568, 142, -1.0
40062.849616455904, 116, 1.0
40063.430039216444, 177, -1.0
40065.102621585895, 73, -1.0
40065.95890063253, 64, 1.0
40067.03445409781, 146, 1.0
40070.078133045834, 55, -1.0
40071.46587870295, 66, 1.0
40071.499704271824, 193, -1.0
40071.77260892231, 71, 1.0
40071.8004447753, 100, 1.0
40074.58167384716, 41, -1.0
40075.22853001967, 164, 1.0
40076.142090573834, 84, -1.0
40078.0590755731, 142, 1.0
40079.29414413143, 123, -1.0
40079.66658424139, 27, -1.0
40079.70269754683, 114, -1.0
40080.39046801081, 41, -1.0
40080.39636284885, 34, -1.0
40080.453315637096, 59, -1.0
40080.80051351479, 133, -1.0
40081.79995979536, 159, 1.0
40083.00976996357, 48, -1.0
40083.62301998115, 116, 1.0
40084.09550802511, 40, 1.0
40087.43669388941, 40, -1.0
40088.3200308917, 146, -1.0
40088.59830974987, 177, -1.0
40088.63122174891, 169, 1.0
40088.766490379, 235, -1.0
40089.530726955934, 114, -1.0
40089.74228188066, 42, -1.0
40091.2311266244, 32, -1.0
40091.46124773218, 58, 1.0
40091.66604397862, 67, -1.0
40091.67210814099, 170, 1.0
40093.59713545681, 146, 1.0
40093.642802760645, 153, -1.0
40095.45216068993, 98, 1.0
40095.69270481911, 111, -1.0
40097.30945624632, 111, -1.0
40097.51469273721, 155, -1.0
40098.975552892174, 81, -1.0
40102.87820273296, 71, -1.0
40103.7782386686, 42, -1.0
40103.93977903782, 109, -1.0
40104.44274246811, 28, 1.0
40104.645018788084, 50, 1.0
40105.11321599009, 98, 1.0
40106.92279843638, 133, 1.0
40107.517286004084, 126, -1.0
40109.40871626813, 83, -1.0
40111.108119241326, 142, -1.0
40112.422363940444, 104, 1.0
40113.89649359095, 162, 1.0
40114.14049064197, 58, 1.0
40114.21934776087, 82, 1.0
40114.8452395336, 75, 1.0
40118.14210506608, 71, 1.0
40119.41073579579, 165, 1.0
40121.02991010834, 29, 1.0
40121.930753372166, 34, -1.0
40122.8610364139, 122, -1.0
40123.43664738601, 137, -1.0
40124.534899186, 95, -1.0
40125.06285121067, 50, -1.0
40126.79264100618, 158, -1.0
40129.51639996409, 160, -1.0
40130.11675756965, 35, 1.0
40130.79521755504, 120, 1.0
40130.985550148594, 36, -1.0
40131.09386443559, 67, 1.0
40133.367941032215, 117, -1.0
40133.63978843097, 36, 1.0
40134.57707031051, 193, -1.0
40135.20477648893, 155, 1.0
40135.821902329735, 43, -1.0
40137.5273790474, 35, -1.0
40139.20188238764, 60, -1.0
40139.46394251746, 51, 1.0
40140.31488086531, 70, 1.0
40140.768542269834, 50, -1.0
40143.08678951208, 52, 1.0
40144.114416392586, 142, -1.0
40148.85563170772, 228, 1.0
40149.27559585635, 97, -1.0
40149.740188403004, 67, 1.0
40149.79295876983, 65, -1.0
40151.97656590877, 142, -1.0
40153.80609842487, 67, 1.0
40154.077791636606, 64, 1.0
40156.158400975175, 165, -1.0
40157.93468732728, 50, -1.0
40159.040488990555, 74, 1.0
40161.113534437776, 100, 1.0
40163.851541990785, 97, 1.0
40164.682974928895, 228, -1.0
40166.62849612992, 64, 1.0
40167.77504531949, 74, -1.0
40168.11682959629, 123, -1.0
40169.046129379945, 81, -1.0
40169.84055553815, 142, -1.0
40170.70118576202, 148, -1.0
40175.87377572234, 165, 1.0
40176.69426956722, 59, 1.0
40176.695132731504, 106, -1.0
40177.143588346386, 113, -1.0
40177.49355204294, 81, -1.0
40177.69246699642, 141, -1.0
40179.40660872423, 117, 1.0
40181.26624446075, 35, -1.0
40183.22130136072, 103, -1.0
40183.5252622247, 58, -1.0
40184.421934361846, 52, 1.0
40186.86235474668, 230, -1.0
40189.75635626832, 116, 1.0
40191.75918142468, 99, -1.0
40191.81060864199, 210, 1.0
40192.998097425916, 142, -1.0
40193.3458690428, 146, 1.0
40193.77904659569, 35, -1.0
40195.48437992342, 123, -1.0
40199.23519167609, 33, 1.0
40201.20769050819, 35, 1.0
40201.443639108205, 111, -1.0
40202.53351071965, 81, -1.0
40203.549961159064, 148, -1.0
40203.68674335252, 43, 1.0
40204.31867269415, 86, -1.0
40209.05205604803, 116, 1.0
40209.6447360288, 109, 1.0
40210.80349052558, 59, 1.0
40211.24539105679, 177, -1.0
40211.70533066157, 142, -1.0
40213.367786868876, 66, -1.0
40215.753720454624, 110, -1.0
40216.213873652654, 64, -1.0
40216.42421085957, 165, -1.0
40216.955220685406, 130, -1.0
40220.06086697081, 165, -1.0
40220.57363341737, 109, 1.0
40221.07561582019, 148, -1.0
40224.34699446399, 32, -1.0
40225.39244891214, 146, -1.0
40225.90405745011, 50, -1.0
40226.78142403094, 46, -1.0
40226.80555973713, 67, 1.0
40226.916967068595, 71, -1.0
40227.11460039471, 27, 1.0
40227.62618124271, 93, -1.0
40230.24559643715, 154, -1.0
40232.307158250056, 154, -1.0
40233.51717811966, 67, 1.0
40234.381546387565, 123, 1.0
40234.680355604374, 235, -1.0
40239.706545507215, 95, 1.0
40240.465556307325, 202, -1.0
40242.02899666954, 55, 1.0
40243.00119730003, 39, -1.0
40244.312037205746, 80, 1.0
40247.96185074494, 93, -1.0
40247.982762916916, 142, 1.0
40250.27921102045, 60, -1.0
40251.03213233962, 35, -1.0
40256.12981191509, 130, 1.0
40256.80833252687, 64, -1.0
40257.22082965766, 62, -1.0
40258.391675203726, 64, -1.0
40259.00240947796, 39, -1.0
40260.24714006197, 180, -1.0
40260.60837770971, 109, -1.0
40262.021201152, 87, 1.0
40267.18394096943, 88, -1.0
40267.20204539495, 152, -1.0
40269.34835373319, 100, 1.0
40269.530355742085, 171, -1.0
40271.538211212144, 65, 1.0
40275.85048576353, 182, -1.0
40277.783086762574, 163, -1.0
40279.15001738291, 146, 1.0
40279.30489279347, 109, -1.0
40281.35894710644, 122, -1.0
40281.48494884798, 52, 1.0
40281.91275130365, 27, 1.0
40282.48031450714, 110, 1.0
40284.21710090717, 171, 1.0
40285.57869273407, 128, -1.0
40286.08157445724, 159, -1.0
40286.346443827715, 34, -1.0
40286.89286482022, 34, -1.0
40287.652747184824, 167, 1.0
40289.73399141292, 155, 1.0
40290.11398381719, 59, -1.0
40291.22727826325, 181, -1.0
40291.288251503225, 43, 1.0
40294.04404496761, 58, -1.0
40294.14069800718, 119, 1.0
40295.35039564845, 163, -1.0
40297.483323526, 130, -1.0
40298.29554110683, 45, -1.0
40298.406580323106, 32, 1.0
40298.978779078854, 198, 1.0
40300.65655268745, 45, -1.0
40300.902429413814, 139, 1.0
40301.57364729906, 105, 1.0
40301.69011169087, 72, -1.0
40303.05936007107, 71, 1.0
40303.88318880703, 74, 1.0
40304.37867686912, 101, -1.0
40305.38000815695, 45, 1.0
40308.07203377972, 171, -1.0
40309.122716569414, 83, 1.0
40309.83527270589, 180, -1.0
40311.12409744046, 58, 1.0
40311.20713181581, 39, 1.0
40314.26325505096, 114, -1.0
40314.34351031921, 152, -1.0
40316.87168859819, 95, -1.0
40316.9013597674, 83, 1.0
40317.05151567084, 59, 1.0
40317.084843257115, 63, -1.0
40317.7617051561, 152, -1.0
40318.98942459545, 64, -1.0
40319.218325903064, 101, 1.0
40322.28635874668, 99, -1.0
40322.693080054036, 165, -1.0
40324.90158385485, 43, 1.0
40324.973950893174, 109, -1.0
40325.19953637851, 193, -1.0
40327.15903212361, 35, -1.0
40328.996452791165, 103, -1.0
40331.85611287372, 48, -1.0
40331.937526677924, 28, 1.0
40332.557471505366, 43, -1.0
40332.66051698055, 40, 1.0
40333.80147487014, 67, 1.0
40333.94282983866, 123, -1.0
40333.979762807205, 41, -1.0
40336.42195424612, 235, -1.0
40337.73627554279, 234, 1.0
40338.77902415547, 182, -1.0
40339.25407107855, 40, 1.0
40339.74515186435, 71, 1.0
40340.15066498945, 234, 1.0
40340.16872060474, 99, 1.0
40341.67530459187, 45, 1.0
40342.120262042896, 45, -1.0
40342.24978342712, 75, -1.0
40342.4149109632, 81, -1.0
40344.44450989314, 75, -1.0
40344.531142352054, 75, -1.0
40344.68004160833, 111, 1.0
40346.001686017895, 45, 1.0
40347.07786441383, 45, -1.0
40347.506593987106, 100, 1.0
40347.56917525793, 114, 1.0
40348.06392569893, 40, -1.0
40348.96574050697, 75, 1.0
40351.95132786374, 235, 1.0
40352.735283135815, 86, -1.0
40353.54583222558, 29, 1.0
40353.92832298051, 98, -1.0
40355.744293048876, 149, -1.0
40356.13470726565, 45, -1.0
40357.080963813285, 149, 1.0
40357.52289676547, 126, -1.0
40360.77822459283, 76, 1.0
40361.16056349558, 92, -1.0
40362.343174261216, 43, -1.0
40362.36032364736, 123, 1.0
40365.579275757875, 54, 1.0
40366.15359102358, 85, -1.0
40366.85263908535, 153, -1.0
40367.06936794521, 58, -1.0
40369.250485718374, 75, 1.0
40369.36213772533, 66, 1.0
40369.36776502319, 114, 1.0
40369.813951357355, 109, 1.0
40370.75160647401, 52, 1.0
40370.92251071752, 97, -1.0
40372.86771926867, 80, -1.0
40373.7130752578, 44, 1.0
40373.755303705904, 29, -1.0
40376.52226374459, 40, 1.0
40379.07215411038, 142, -1.0
40380.35484113053, 29, 1.0
40380.659084396306, 75, -1.0
40382.721602204736, 83, 1.0
40382.81397475398, 97, 1.0
40383.7146650589, 146, 1.0
40387.33056887296, 34, -1.0
40389.75285859249, 124, 1.0
40390.97165281982, 45, -1.0
40392.0491960153, 58, -1.0
40392.86334111739, 87, 1.0
40392.943219637455, 73, -1.0
40393.36553904292, 32, 1.0
40395.543181655434, 159, 1.0
40395.788097863646, 103, 1.0
40397.48021733359, 83, -1.0
40397.80317375117, 29, -1.0
40399.5915701915, 80, 1.0
40399.69160538072, 114, -1.0
40400.18730579175, 84, -1.0
40401.92865928106, 141, -1.0
40403.58938133224, 87, -1.0
40405.198036984904, 36, 1.0
40407.3115865513, 32, -1.0
40408.35842232644, 98, -1.0
40409.79727470513, 126, -1.0
40410.26455882124, 71, -1.0
40410.45034273055, 58, 1.0
40410.98431466618, 109, -1.0
40411.81949164228, 27, 1.0
40411.87341270798, 103, 1.0
40411.99608197795, 44, 1.0
40413.037626776546, 234, 1.0
40413.324913714336, 154, 1.0
40414.22855680575, 169, -1.0
40414.329529405564, 42, 1.0
40417.48221701765, 142, 1.0
40418.53340196587, 234, -1.0
40418.61772087624, 97, -1.0
40419.44029805017, 162, 1.0
40420.19892445519, 31, -1.0
40420.78027828583, 142, 1.0
40420.91013574402, 171, 1.0
40421.23251675819, 100, 1.0
40421.79487150261, 65, -1.0
40422.741919480664, 148, -1.0
40422.9758617209, 153, -1.0
40423.544228684856, 116, -1.0
40425.54470744889, 37, 1.0
40425.76421303564, 182, 1.0
40428.08366225038, 154, 1.0
40428.830090415846, 114, -1.0
40431.01612651091, 83, 1.0
40433.00224630024, 154, -1.0
40434.72608139424, 228, -1.0
40435.52544720418, 26, 1.0
40436.04129464003, 114, -1.0
40436.62940967029, 30, -1.0
40437.60380334462, 103, 1.0
40437.75994567875, 154, -1.0
40438.471519926294, 126, 1.0
40439.1197469387, 153, -1.0
40440.70224505741, 82, -1.0
40440.834685503985, 148, -1.0
40441.074822863266, 93, -1.0
40443.175456862686, 64, 1.0
40443.40641020476, 65, -1.0
40445.653197334395, 114, -1.0
40446.781429749666, 59, 1.0
40447.14642052693, 58, -1.0
40447.39870492771, 122, -1.0
40448.027966292044, 126, -1.0
40449.17206009708, 68, 1.0
40450.48109106453, 73, -1.0
40451.36600347808, 67, 1.0
40451.46527697767, 104, -1.0
40452.12757520293, 234, 1.0
40454.42452905039, 233, -1.0
40454.46126204434, 75, 1.0
40454.939484991686, 114, 1.0
40455.109390112615, 71, -1.0
40455.35442378798, 165, 1.0
40455.4795164183, 105, -1.0
40458.27656588885, 142, 1.0
40461.18127748226, 114, 1.0
40461.845613922895, 161, -1.0
40462.25316483191, 100, 1.0
40465.57401573017, 182, -1.0
40469.088890059815, 152, 1.0
40469.088990513024, 81, -1.0
40469.797250336545, 64, -1.0
40472.282020782404, 148, -1.0
40473.17743565319, 52, -1.0
40474.083478109, 52, -1.0
40475.65623728943, 228, 1.0
40476.07417581029, 59, -1.0
40478.41599001961, 155, -1.0
40478.82146204403, 50, -1.0
40478.98514555255, 202, -1.0
40478.996044002684, 86, -1.0
40479.160865636746, 230, 1.0
40479.796841863885, 87, 1.0
40482.57874121472, 116, 1.0
40483.037258264325, 101, -1.0
40484.30632276542, 164, 1.0
40485.42968935763, 234, 1.0
40486.787588895226, 168, -1.0
40488.59413748713, 162, 1.0
40489.118840995056, 152, -1.0
40489.5164539796, 108, -1.0
40489.66317438934, 222, 1.0
40491.76830449121, 35, -1.0
40494.03091853058, 43, 1.0
40496.491467093554, 116, -1.0
40496.715984123264, 108, -1.0
40498.50008130246, 119, 1.0
40499.11393172702, 59, -1.0
40502.99170233725, 152, -1.0
40504.558887520594, 67, -1.0
40506.79417022006, 116, 1.0
40508.48524141697, 113, 1.0
40510.37851816891, 222, -1.0
40510.52450016682, 81, -1.0
40511.409474475055, 116, 1.0
40511.85911884687, 82, -1.0
40511.914532507115, 162, 1.0
40513.63971444904, 155, 1.0
40513.914042354336, 159, 1.0
40514.40804063308, 158, -1.0
40514.608774717286, 40, -1.0
40516.82708232595, 88, -1.0
40516.984581533085, 48, -1.0
40523.348546288995, 148, 1.0
40523.43691604034, 118, -1.0
40523.68352149205, 64, 1.0
40524.05005532913, 63, 1.0
40524.76789775374, 142, 1.0
40525.561504447855, 130, 1.0
40527.06059019828, 53, 1.0
40527.26613771902, 116, 1.0
40527.46388918198, 116, -1.0
40527.82854286689, 40, -1.0
40528.26380851937, 75, 1.0
40528.73333993567, 116, 1.0
40529.22317345296, 75, -1.0
40529.7862759868, 92, -1.0
40530.21363019004, 103, 1.0
40530.862743730446, 64, -1.0
40532.520700025496, 109, -1.0
40535.40293921943, 33, 1.0
40536.34173078419, 35, -1.0
40537.85307616773, 102, -1.0
40538.39812193796, 166, -1.0
40539.22198472207, 70, -1.0
40540.49659246659, 163, 1.0
40542.28681501105, 152, -1.0
40542.454351693006, 52, 1.0
40542.725536541344, 100, 1.0
40542.876058545226, 222, -1.0
40547.85371975445, 45, 1.0
40548.67802510522, 141, -1.0
40548.77073315044, 158, -1.0
40551.43035695358, 177, 1.0
40551.65929139881, 193, -1.0
40552.43414583297, 114, -1.0
40557.90783692213, 67, 1.0
40558.9989739125, 37, -1.0
40561.26889133258, 116, -1.0
40562.86423922579, 126, 1.0
40563.19397741212, 130, -1.0
40564.16322684498, 188, -1.0
40567.94419300699, 123, -1.0
40568.03908410819, 34, -1.0
40568.88305147851, 153, 1.0
40569.53751001084, 72, -1.0
40571.48961003691, 99, -1.0
40572.59298544219, 100, -1.0
40573.35111894828, 70, 1.0
40573.77415452861, 198, 1.0
40574.35283812142, 55, -1.0
40574.66056074688, 42, -1.0
40575.73603115376, 105, 1.0
40576.478120296924, 35, -1.0
40578.01128835553, 70, 1.0
40578.099378887804, 99, -1.0
40578.43381415631, 68, -1.0
40578.69408194794, 45, 1.0
40579.91184334672, 164, -1.0
40580.93616354446, 82, -1.0
40584.412151796394, 40, -1.0
40590.72218136581, 105, -1.0
40590.8069793775, 59, 1.0
40591.715067908845, 114, 1.0
40591.81398972813, 59, 1.0
40592.06733305067, 68, -1.0
40592.872187315166, 181, -1.0
40594.76065931782, 146, -1.0
40597.14904899012, 45, 1.0
40598.24436467741, 91, -1.0
40598.915747035775, 97, 1.0
40599.80045209435, 157, -1.0
40601.29526615256, 242, 1.0
40603.011655702445, 100, 1.0
40603.27332825827, 112, -1.0
40603.55913451796, 154, 1.0
40603.728259603566, 53, -1.0
40607.795516663224, 81, -1.0
40610.10764929006, 137, 1.0
40611.77331380665, 100, 1.0
40611.87683053554, 64, -1.0
40613.875073513336, 114, 1.0
40618.73659715355, 198, 1.0
40619.684356585276, 163, -1.0
40620.886426287936, 146, 1.0
40622.432432776244, 164, 1.0
40622.574177699, 62, -1.0
40626.15588636858, 27, -1.0
40627.07771198926, 84, 1.0
40631.11999735103, 52, 1.0
40633.262737755256, 177, 1.0
40634.17300504137, 33, 1.0
40634.58471736476, 122, -1.0
40634.997016049296, 65, 1.0
40637.466269074706, 84, -1.0
40637.54095165461, 105, -1.0
40639.22461705067, 51, -1.0
40639.65216961833, 43, 1.0
40640.508383590924, 35, -1.0
40642.26711033141, 40, 1.0
40644.81100375787, 142, -1.0
40645.084649231816, 101, 1.0
40645.44479060348, 111, -1.0
40647.626800600716, 101, 1.0
40649.35345094026, 198, -1.0
40650.128214707576, 40, -1.0
40650.41746350593, 152, -1.0
40651.7036949626, 68, 1.0
40657.056350970954, 188, -1.0
40657.14892917489, 111, -1.0
40658.00174596899, 113, 1.0
40658.55470243022, 105, 1.0
40659.1259072095, 103, -1.0
40659.29912956889, 58, 1.0
40660.694221763595, 40, 1.0
40661.71338307933, 75, -1.0
40663.94526774171, 141, 1.0
40664.13739671151, 58, -1.0
40664.28353159384, 141, -1.0
40665.28169146808, 58, -1.0
40666.029164496635, 161, -1.0
40669.044739470824, 75, -1.0
40670.23750981584, 61, 1.0
40674.84205715131, 114, -1.0
40678.05068300287, 55, -1.0
40678.54765013565, 34, -1.0
40679.52216806938, 114, 1.0
40680.429856107046, 106, -1.0
40681.02313626134, 59, 1.0
40682.64999499291, 62, -1.0
40683.88456228817, 228, 1.0
40684.87568921025, 59, 1.0
40685.27798312081, 108, -1.0
40686.8746344666, 35, 1.0
40687.10664926643, 169, 1.0
40688.04897873126, 40, 1.0
40688.174791756566, 50, -1.0
40689.06344799056, 48, -1.0
40689.660004011326, 153, 1.0
40690.480171020725, 146, -1.0
40692.53660484644, 93, -1.0
40693.137010286664, 123, -1.0
40695.332642034846, 169, -1.0
40695.43504234299, 98, -1.0
40695.842725566814, 105, -1.0
40696.310557289136, 163, 1.0
40696.84894845584, 54, 1.0
40697.37760225528, 100, -1.0
40697.72657266926, 128, 1.0
40698.17760432664, 81, 1.0
40698.50611197849, 233, 1.0
40698.54551398866, 154, 1.0
40699.20034693672, 99, 1.0
40700.20663192308, 33, 1.0
40700.22116003072, 59, -1.0
40700.31565335025, 76, -1.0
40702.60636175847, 73, -1.0
40702.73685125496, 101, -1.0
40704.566282909116, 64, -1.0
40704.90808983969, 168, -1.0
40705.01980112633, 68, 1.0
40708.03257114416, 68, -1.0
40708.50884641631, 58, -1.0
40708.808291813715, 81, -1.0
40710.41038595174, 69, 1.0
40710.45730358097, 81, -1.0
40711.818392557754, 33, 1.0
40712.046165347434, 113, 1.0
40713.118013875835, 95, -1.0
40714.87221920849, 202, -1.0
40715.96732343756, 137, -1.0
40716.11165715431, 46, -1.0
40717.37445712017, 45, 1.0
40718.56003457249, 126, 1.0
40718.77843307915, 36, 1.0
40720.32137187352, 99, 1.0
40720.63982352431, 68, -1.0
40721.41384854106, 126, -1.0
40723.562300917605, 142, -1.0
40724.09544831734, 36, 1.0
40725.45744854493, 65, 1.0
40726.12553107663, 34, -1.0
40729.343085531524, 37, 1.0
40732.884368722174, 177, -1.0
40734.60792979228, 233, 1.0
40737.51938625716, 234, -1.0
40738.15431192936, 148, -1.0
40738.339119827826, 39, -1.0
40738.959692313816, 100, 1.0
40740.49371020899, 104, -1.0
40740.77196185303, 40, 1.0
40743.95638683314, 48, 1.0
40744.17702429368, 148, -1.0
40744.617874099014, 40, -1.0
40745.49884586948, 133, 1.0
40747.46244027709, 126, 1.0
40748.578406227236, 53, -1.0
40749.56237564651, 242, 1.0
40750.2252888609, 87, -1.0
40750.4037379668, 228, -1.0
40752.163894603225, 100, 1.0
40752.24103206387, 161, -1.0
40752.59031408922, 169, 1.0
40753.376157238745, 50, 1.0
40753.62311230272, 148, -1.0
40755.06294095883, 80, -1.0
40755.1846895432, 68, 1.0
40755.63892967392, 92, -1.0
40758.4642894588, 56, 1.0
40759.63578080521, 40, 1.0
40759.839976478965, 59, -1.0
40761.1905497951, 152, -1.0
40763.21943253303, 153, -1.0
40767.342566396124, 148, -1.0
40769.33637360507, 99, 1.0
40769.481644575506, 59, 1.0
40771.541562812556, 101, 1.0
40772.65813762913, 103, 1.0
40773.10681673897, 54, -1.0
40774.46724988479, 36, -1.0
40775.80219154258, 122, -1.0
40778.747296660724, 40, -1.0
40779.27417683287, 35, 1.0
40779.759393625085, 161, -1.0
40780.02047656337, 64, 1.0
40780.878879366275, 128, 1.0
40781.06969316669, 165, -1.0
40782.48588403028, 35, -1.0
40785.69378787005, 228, -1.0
40785.942047674194, 105, -1.0
40786.88905926153, 59, -1.0
40786.98902803114, 75, 1.0
40787.12849746092, 98, 1.0
40788.004029578515, 118, -1.0
40788.96361427088, 188, 1.0
40789.45452768292, 85, -1.0
40789.74047059163, 154, 1.0
40791.24199938802, 75, 1.0
40791.8813839429, 165, 1.0
40792.192022778014, 141, -1.0
40792.42164815629, 100, -1.0
40793.18344827436, 53, -1.0
40793.705343319736, 233, 1.0
40794.6345370367, 90, -1.0
40795.502200383984, 108, -1.0
40796.539353211774, 40, 1.0
40796.91784774222, 80, -1.0
40797.719713251725, 40, 1.0
40798.1007516431, 177, -1.0
40801.70567437448, 155, -1.0
40804.09514630616, 142, 1.0
40805.022738376, 154, -1.0
40805.051194738815, 67, 1.0
40805.38912365052, 62, -1.0
40805.428042787215, 68, 1.0
40807.0001555353, 92, 1.0
40808.56185280335, 59, -1.0
40809.00035926426, 87, 1.0
40809.003458787556, 80, 1.0
40810.33365264052, 83, -1.0
40813.371570897434, 114, 1.0
40813.82867353818, 230, 1.0
40815.82150163228, 120, 1.0
40817.79261621349, 163, 1.0
40818.11257668181, 222, -1.0
40821.756980081605, 148, -1.0
40822.516443872984, 105, 1.0
40823.413220850656, 33, 1.0
40825.921888171004, 119, -1.0
40826.36930768042, 40, -1.0
40827.26920771146, 93, -1.0
40827.903119866176, 34, 1.0
40828.63327078856, 228, -1.0
40829.10917381663, 75, 1.0
40829.189145005315, 109, -1.0
40829.36236997902, 34, -1.0
40830.77442669979, 146, 1.0
40831.357930262624, 142, -1.0
40831.566255687845, 126, -1.0
40832.34587891344, 142, 1.0
40835.30621953538, 64, -1.0
40836.390723970246, 40, 1.0
40836.657622081, 108, -1.0
40838.54283542828, 116, -1.0
40838.63208222153, 59, -1.0
40841.324012164565, 64, -1.0
40841.84591859618, 104, -1.0
40842.43738268286, 123, -1.0
40845.76722970649, 75, -1.0
40846.084426234906, 103, 1.0
40847.07618929474, 68, 1.0
40847.37883973551, 45, -1.0
40849.62367908419, 67, 1.0
40851.41306358162, 54, 1.0
40853.98103740241, 137, -1.0
40854.124089792545, 148, -1.0
40854.658335796994, 116, -1.0
40855.69562335067, 34, 1.0
40856.89331903536, 142, -1.0
40859.750123606624, 39, 1.0
40860.070688636086, 101, 1.0
40860.8080421281, 42, -1.0
40861.265776989996, 123, 1.0
40861.562540780855, 63, -1.0
40862.14939356262, 128, -1.0
40867.24232909442, 160, -1.0
40867.33132665657, 166, -1.0
40868.134776368635, 59, -1.0
40868.53468607175, 92, -1.0
40868.939870102724, 126, -1.0
40870.50530507602, 154, -1.0
40871.04031731378, 146, 1.0
40871.34568811894, 58, -1.0
40871.46430108826, 110, -1.0
40872.53635090492, 148, -1.0
40872.743163144994, 40, -1.0
40873.65674296417, 138, 1.0
40874.85046054435, 55, -1.0
40875.312414965694, 84, 1.0
40876.21176818871, 71, -1.0
40877.01119208267, 26, -1.0
40877.4088785072, 73, -1.0
40879.37430487161, 116, 1.0
40879.71696456746, 58, 1.0
40880.529473251736, 58, -1.0
40881.48451204573, 106, -1.0
40881.81581955321, 109, -1.0
40884.3375880343, 114, -1.0
40885.831917292, 162, 1.0
40886.64437704758, 74, 1.0
40886.8736437852, 116, 1.0
40889.85394583398, 98, -1.0
40891.06239830591, 59, 1.0
40892.32120874125, 70, 1.0
40892.723339185075, 101, -1.0
40896.48976874846, 228, -1.0
40897.875270380086, 82, -1.0
40898.2164144422, 59, -1.0
40899.91591047859, 76, 1.0
40900.32372745696, 59, 1.0
40900.831813350436, 146, 1.0
40901.819488588495, 64, -1.0
40902.60713804822, 123, 1.0
40902.96235676467, 149, 1.0
40906.88831613709, 29, -1.0
40907.21694848874, 50, -1.0
40910.227056689844, 32, -1.0
40910.837750268176, 116, 1.0
40912.51967445194, 73, 1.0
40913.292602721165, 114, 1.0
40913.90416809071, 44, 1.0
40916.02372261849, 73, 1.0
40917.45700678587, 193, -1.0
40918.14182785721, 84, -1.0
40918.461382375426, 68, -1.0
40918.860486950616, 146, -1.0
40920.10624159324, 46, -1.0
40920.31925580219, 72, 1.0
40920.722239542396, 193, -1.0
40921.833789509874, 84, 1.0
40922.212698979005, 34, 1.0
40923.31891619323, 70, 1.0
40923.58680485087, 48, -1.0
40927.18484567048, 45, 1.0
40928.559723614264, 193, -1.0
40928.95751457995, 90, -1.0
40929.32354910381, 165, -1.0
40930.06067397787, 35, -1.0
40930.47865144028, 234, 1.0
40930.785191698895, 123, -1.0
40933.44404632144, 28, -1.0
40935.28324041745, 51, 1.0
40935.431136238854, 158, -1.0
40937.622791887065, 116, 1.0
40937.688849494574, 69, 1.0
40939.83214168857, 168, -1.0
40940.91242568666, 71, 1.0
40941.65701790926, 198, -1.0
40942.12355982723, 163, 1.0
40942.50520921558, 26, 1.0
40943.225780579174, 48, -1.0
40943.25006378309, 85, -1.0
40943.63563099028, 35, 1.0
40944.00647305524, 35, 1.0
40944.921896193926, 177, -1.0
40945.743086031194, 81, -1.0
40947.343295020175, 71, 1.0
40949.112861823494, 44, -1.0
40950.36612530703, 46, 1.0
40950.638324110594, 166, -1.0
40953.056965663745, 123, -1.0
40953.7906435509, 228, -1.0
40955.17386163426, 120, 1.0
40955.25188205281, 198, 1.0
40959.062050644774, 74, 1.0
40959.80232476526, 67, -1.0
40961.53214054756, 235, -1.0
40962.21447209526, 116, -1.0
40963.96277709748, 181, -1.0
40964.3859733951, 59, -1.0
40965.13795699906, 26, 1.0
40965.546092809716, 70, -1.0
40965.7918618413, 87, -1.0
40966.06517206752, 64, -1.0
40966.18895001324, 90, -1.0
40968.202194409394, 101, -1.0
40969.946581303324, 71, 1.0
40971.0069238858, 142, -1.0
40973.282994188834, 51, 1.0
40974.868343132104, 177, -1.0
40975.90594930251, 87, 1.0
40978.02010606353, 35, 1.0
40978.65173604099, 74, -1.0
40979.255940007824, 40, -1.0
40979.31581009245, 169, 1.0
40979.52432735357, 173, -1.0
40979.72809918645, 60, 1.0
40980.744128463855, 173, 1.0
40981.58463591565, 181, -1.0
40982.7243389757, 165, 1.0
40984.15878625286, 86, -1.0
40984.274086621386, 71, -1.0
40988.5361230858, 167, -1.0
40988.62914443565, 67, 1.0
40989.23767996362, 99, 1.0
40989.74899590016, 71, -1.0
40991.66253987304, 116, 1.0
40994.696053958425, 28, 1.0
40996.091062891595, 48, -1.0
40996.68248021777, 113, 1.0
40998.84001884905, 101, -1.0
41001.77329403976, 75, 1.0
41002.6296485101, 40, 1.0
41003.433863300204, 164, -1.0
41004.55546812795, 83, -1.0
41005.27025317264, 102, -1.0
41005.92630413424, 149, 1.0
41006.35473985417, 75, -1.0
41006.54773833539, 52, 1.0
41008.50691308128, 69, 1.0
41008.938962309265, 103, -1.0
41009.500570981196, 182, -1.0
41009.920980919414, 48, 1.0
41010.853352656944, 164, 1.0
41011.15939177606, 40, 1.0
41011.522893398396, 32, 1.0
41012.494091765766, 33, -1.0
41015.99304407378, 34, -1.0
41016.26298633115, 36, -1.0
41017.61574329621, 104, 1.0
41017.96329438717, 161, -1.0
41018.04201966416, 142, -1.0
41018.29486672097, 32, 1.0
41018.42451465546, 46, -1.0
41021.1277839499, 198, -1.0
41024.06824905679, 111, -1.0
41024.398316107676, 177, -1.0
41025.46628231841, 27, -1.0
41025.91170335797, 75, -1.0
41026.51470235658, 126, 1.0
41028.153650406304, 117, -1.0
41028.47366495257, 104, 1.0
41028.88273227408, 101, 1.0
41029.33142497503, 148, -1.0
41029.67529050941, 228, -1.0
41030.1417641274, 26, 1.0
41030.459894324646, 155, -1.0
41031.461402018154, 154, 1.0
41032.162285158476, 83, 1.0
41032.39261360335, 73, 1.0
41032.96485643927, 130, 1.0
41037.59966200177, 100, -1.0
41037.82944163195, 88, -1.0
41038.31023806407, 164, 1.0
41039.99400137896, 71, 1.0
41042.46450223268, 188, -1.0
41044.483774757384, 30, -1.0
41045.0610513636, 51, -1.0
41045.56223393885, 63, -1.0
41046.85122384828, 73, 1.0
41047.063166409265, 148, -1.0
41047.55884723586, 152, -1.0
41048.3838823487, 103, -1.0
41048.83494060152, 142, -1.0
41049.31935465175, 86, 1.0
41049.47938349084, 71, 1.0
41049.74154134787, 148, 1.0
41051.087727652615, 29, 1.0
41051.596102958996, 149, -1.0
41053.05835303328, 103, 1.0
41053.14686061583, 53, 1.0
41053.340409290926, 63, 1.0
41054.1603055751, 116, 1.0
41054.426784125906, 198, -1.0
41054.943983111734, 106, -1.0
41055.58035854263, 126, -1.0
41055.6625517432, 97, -1.0
41056.75350776434, 148, -1.0
41059.53343198544, 122, -1.0
41059.65311904669, 71, -1.0
41062.57631213465, 34, -1.0
41063.1846633732, 99, 1.0
41063.39968722881, 182, 1.0
41066.44727579688, 164, 1.0
41066.51664941353, 167, 1.0
41067.33430196829, 142, -1.0
41069.845528062986, 161, -1.0
41071.1210292288, 154, -1.0
41071.33608414676, 162, -1.0
41071.99435831008, 142, -1.0
41072.58405390263, 155, 1.0
41072.72099690732, 126, 1.0
41075.11689933695, 233, -1.0
41076.159147593484, 40, 1.0
41076.32106850138, 233, -1.0
41077.102704549, 123, -1.0
41078.39382010891, 114, 1.0
41078.89055143885, 149, 1.0
41082.24425292032, 165, 1.0
41082.56539302876, 148, -1.0
41083.94135492352, 52, -1.0
41084.27985464656, 149, 1.0
41086.387052427184, 233, -1.0
41088.738103520314, 228, -1.0
41090.001664115756, 68, 1.0
41091.19684046653, 76, 1.0
41092.44892004116, 114, -1.0
41093.08725720478, 97, 1.0
41093.936013437036, 202, -1.0
41094.61311799209, 230, -1.0
41095.118641160276, 198, -1.0
41097.29343717386, 103, -1.0
41097.501477575905, 97, -1.0
41097.55427535189, 165, -1.0
41102.34178038283, 138, 1.0
41104.5366675406, 130, 1.0
41106.25350660861, 159, 1.0
41108.41040114536, 76, -1.0
41109.518420008535, 230, 1.0
41109.69488062275, 228, -1.0
41110.113123521194, 74, 1.0
41110.46007883689, 28, 1.0
41110.75009295448, 154, -1.0
41111.69472854076, 142, -1.0
41112.75485120378, 67, 1.0
41118.16191878196, 163, -1.0
41118.21584055835, 153, 1.0
41118.362324465095, 96, -1.0
41119.01974764186, 83, -1.0
41122.323967176715, 164, 1.0
41122.36240943437, 98, 1.0
41123.00624211949, 58, -1.0
41123.83254034871, 35, -1.0
41125.72243622263, 123, -1.0
41125.97184883893, 59, -1.0
41127.78021728241, 233, 1.0
41129.45398401856, 98, 1.0
41129.66519614095, 87, -1.0
41130.42137107214, 64, 1.0
41132.732812611655, 234, -1.0
41133.19709713706, 149, 1.0
41133.20663927903, 123, 1.0
41133.28946168304, 34, -1.0
41134.362019206674, 152, 1.0
41136.097328422526, 63, -1.0
41139.46498966784, 133, -1.0
41139.66436864258, 153, -1.0
41140.50244809261, 40, -1.0
41141.98414022589, 35, -1.0
41142.161554013626, 71, 1.0
41142.72475160649, 50, 1.0
41143.71159433796, 29, 1.0
41145.30887047096, 165, 1.0
41146.32328536672, 139, -1.0
41146.79942060595, 161, -1.0
41147.9150029962, 71, -1.0
41148.02124725298, 52, -1.0
41148.395630231396, 71, 1.0
41148.88062225912, 126, 1.0
41150.44106838275, 90, -1.0
41151.37645478897, 35, -1.0
41152.07142397138, 123, 1.0
41152.96224170226, 97, 1.0
41154.974760029916, 158, -1.0
41155.33009385452, 58, -1.0
41157.084626980286, 71, 1.0
41157.165383308085, 68, 1.0
41158.08587890819, 162, -1.0
41158.47134226177, 126, 1.0
41159.23017204742, 54, 1.0
41159.29593632706, 139, -1.0
41161.09081151803, 116, 1.0
41161.551542727546, 161, 1.0
41162.29028763901, 75, 1.0
41163.23046453295, 41, 1.0
41163.666494875266, 74, 1.0
41165.18606511673, 66, -1.0
41166.62073077161, 101, 1.0
41167.73826668208, 235, 1.0
41168.00971371476, 58, -1.0
41168.7230128057, 35, 1.0
41168.76437245378, 142, 1.0
41169.0607482176, 42, 1.0
41169.10951971874, 105, -1.0
41170.85137662527, 100, 1.0
41171.63529640234, 67, 1.0
41175.82601982626, 98, 1.0
41175.84544439536, 87, 1.0
41176.07925481763, 153, 1.0
41178.14948299804, 40, 1.0
41179.09126315123, 27, -1.0
41179.492274352386, 152, 1.0
41180.12100136683, 76, 1.0
41182.6622334429, 67, 1.0
41184.405779796914, 50, -1.0
41184.65583176366, 101, -1.0
41185.20073500706, 87, -1.0
41185.72968948066, 103, 1.0
41186.49068066839, 103, 1.0
41186.57566539909, 233, -1.0
41187.1002426647, 105, -1.0
41189.68115016333, 109, -1.0
41190.69252325966, 29, 1.0
41190.87917937637, 64, -1.0
41192.77516951739, 70, -1.0
41193.00282518672, 34, 1.0
41194.70628200098, 103, -1.0
41195.26505850824, 202, -1.0
41195.45243233709, 71, 1.0
41195.60927421387, 68, 1.0
41196.086432061034, 146, 1.0
41196.53829394576, 114, 1.0
41197.21272699191, 94, 1.0
41199.062218138126, 126, -1.0
41199.25874576441, 74, 1.0
41199.615211518016, 71, -1.0
41200.81065959351, 142, -1.0
41202.22864850307, 37, -1.0
41202.37627357082, 31, -1.0
41202.47724585722, 59, 1.0
41203.50474843698, 45, -1.0
41208.66679673234, 90, -1.0
41212.45113789813, 97, 1.0
41212.588080082445, 222, -1.0
41214.554563623446, 193, -1.0
41216.18262545948, 74, 1.0
41219.14859609885, 37, -1.0
41219.25120987387, 152, 1.0
41219.601794585484, 100, -1.0
41219.74334278179, 54, -1.0
41220.24879328743, 113, 1.0
41221.1141785791, 163, -1.0
41221.56155395779, 66, -1.0
41221.675842172044, 58, -1.0
41222.048385354654, 114, -1.0
41222.65461474782, 114, -1.0
41222.8323385445, 100, 1.0
41224.148443526356, 100, -1.0
41224.82216977629, 53, -1.0
41225.238314433074, 141, -1.0
41225.355619409296, 42, -1.0
41225.36586835493, 105, 1.0
41227.03069235266, 29, -1.0
41227.797250550546, 40, -1.0
41231.58962275891, 83, -1.0
41232.60672760445, 46, -1.0
41233.70612475346, 123, -1.0
41233.78135623305, 54, -1.0
41235.632439981266, 103, -1.0
41236.36746086484, 40, 1.0
41236.75308391268, 50, 1.0
41238.7880280232, 58, -1.0
41239.001847297266, 36, -1.0
41239.071524565385, 142, -1.0
41239.51903925525, 69, 1.0
41239.826549529025, 165, 1.0
41239.9492443856, 153, -1.0
41240.28243898342, 233, -1.0
41240.74354111335, 63, -1.0
41241.255853131144, 94, 1.0
41242.238945177654, 155, -1.0
41242.8724749723, 146, -1.0
41244.05534503723, 114, 1.0
41245.39524009222, 73, 1.0
41245.5549019983, 32, -1.0
41250.007191285964, 114, 1.0
41250.947679859106, 36, 1.0
41250.98899792369, 71, -1.0
41252.36200330896, 44, -1.0
41253.10203443188, 40, -1.0
41255.83618342475, 152, 1.0
41256.1773947315, 139, 1.0
41257.277917929656, 241, -1.0
41258.76118111625, 165, 1.0
41261.008754730574, 152, -1.0
41261.20197274413, 85, -1.0
41262.610906569316, 29, -1.0
41264.7301999927, 235, -1.0
41264.85893511186, 163, 1.0
41267.61533651295, 103, -1.0
41268.208174014195, 60, 1.0
41268.36688678181, 146, -1.0
41268.61829655945, 159, -1.0
41268.85914878387, 46, 1.0
41269.33780968687, 141, -1.0
41270.03669405777, 81, -1.0
41271.64263706173, 123, -1.0
41272.44497147661, 27, 1.0
41273.00235513373, 235, -1.0
41273.024285896914, 63, -1.0
41274.18871359277, 64, -1.0
41275.187127486184, 164, -1.0
41275.730815630755, 230, -1.0
41279.2411992026, 101, -1.0
41280.242603022874, 108, 1.0
41281.59612914321, 103, 1.0
41282.5545203386, 163, -1.0
41283.48114965687, 109, 1.0
41286.65838592286, 235, -1.0
41287.69456146356, 68, 1.0
41287.80037568296, 118, -1.0
41288.49759916293, 114, -1.0
41288.590910728664, 126, 1.0
41288.76089849583, 67, 1.0
41289.69889726143, 29, 1.0
41289.75651024928, 169, -1.0
41291.1590766184, 173, -1.0
41292.96822449478, 154, 1.0
41293.524830580034, 80, 1.0
41294.26902801895, 169, 1.0
41295.88990537022, 230, -1.0
41296.568730159466, 81, 1.0
41296.585534648846, 59, 1.0
41297.77338551888, 167, 1.0
41299.30913710026, 149, -1.0
41299.50002136547, 75, 1.0
41300.70367106258, 148, -1.0
41300.761364639126, 40, 1.0
41301.35081799, 99, -1.0
41301.73887468794, 148, -1.0
41302.13162725155, 100, 1.0
41302.30083717487, 67, 1.0
41306.479377129785, 64, -1.0
41306.75936892027, 228, -1.0
41306.784997463816, 53, -1.0
41307.1487070391, 108, -1.0
41308.73328321098, 100, 1.0
41309.08775414687, 39, 1.0
41310.33966834515, 123, -1.0
41311.34428863219, 158, -1.0
41311.82895832828, 141, 1.0
41315.03936717919, 39, -1.0
41315.862698163706, 69, -1.0
41318.20001101356, 124, 1.0
41319.445399562064, 84, 1.0
41319.45656172544, 158, -1.0
41325.360617402446, 105, 1.0
41325.79949149002, 198, -1.0
41326.20457595766, 98, -1.0
41326.55909584164, 64, -1.0
41326.923660142675, 64, -1.0
41328.4306130444, 34, -1.0
41328.46410799524, 100, -1.0
41329.252701131154, 81, 1.0
41329.340333412285, 233, -1.0
41330.93742172354, 104, -1.0
41332.271665431006, 46, 1.0
41333.32288024111, 58, 1.0
41334.433516860634, 180, -1.0
41334.54755592181, 92, -1.0
41334.785204938285, 88, -1.0
41337.60832371037, 169, -1.0
41337.90102562859, 234, -1.0
41338.78876350412, 126, 1.0
41338.87914292204, 101, 1.0
41340.681944947064, 228, 1.0
41341.96233898879, 142, 1.0
41342.549465791075, 69, 1.0
41343.44485126983, 33, 1.0
41343.798667469666, 234, -1.0
41346.50125129347, 157, -1.0
41347.46248958531, 100, -1.0
41347.88291877869, 86, -1.0
41348.2770977584, 179, -1.0
41348.43818591535, 164, -1.0
41350.88514066582, 71, -1.0
41351.77338763374, 103, -1.0
41352.02115665373, 40, -1.0
41356.38094003663, 122, -1.0
41356.77130829425, 116, -1.0
41357.38023897132, 146, 1.0
41358.506625390946, 155, -1.0
41358.78098488202, 30, -1.0
41359.00337340383, 153, -1.0
41359.5132932432, 230, -1.0
41362.31570241623, 101, -1.0
41364.53868757004, 164, 1.0
41364.71916711319, 198, 1.0
41367.665257123736, 142, -1.0
41367.88399110609, 71, 1.0
41369.131323089765, 32, -1.0
41370.331705199256, 142, 1.0
41370.501017251394, 58, 1.0
41370.87477752432, 59, 1.0
41371.11810590718, 118, -1.0
41372.67198731196, 102, -1.0
41374.08016421269, 45, -1.0
41376.89848555468, 222, 1.0
41377.62329548195, 69, 1.0
41378.6712378556, 154, -1.0
41380.99379357631, 71, -1.0
41381.16509128609, 43, 1.0
41381.6460386617, 233, 1.0
41382.54609065072, 101, -1.0
41382.57532849681, 222, -1.0
41383.168411690014, 198, -1.0
41383.29437508114, 51, -1.0
41386.61750030107, 72, 1.0
41387.75736625221, 60, 1.0
41388.56996870811, 228, -1.0
41388.65923311157, 137, -1.0
41391.32233940994, 50, 1.0
41392.0551269742, 100, -1.0
41393.90636230915, 99, 1.0
41395.91541837969, 99, 1.0
41397.11743578552, 70, -1.0
41398.66574125875, 116, 1.0
41400.49437476824, 43, -1.0
41400.55927063432, 101, 1.0
41404.34582933419, 146, -1.0
41406.25663014328, 165, -1.0
41406.63555847484, 75, 1.0
41406.79139101139, 58, -1.0
41409.94725227162, 116, -1.0
41412.16469835725, 86, -1.0
41412.23304534041, 105, 1.0
41414.6694730685, 193, -1.0
41414.76047718306, 142, -1.0
41415.00018873497, 116, 1.0
41416.208181673785, 146, 1.0
41416.48841055942, 39, -1.0
41416.92395339509, 109, 1.0
41417.80747331443, 233, -1.0
41417.8152692572, 126, 1.0
41419.16546103194, 228, 1.0
41419.67348334775, 43, -1.0
41421.12920327395, 75, -1.0
41421.70718982558, 242, 1.0
41421.89823699959, 73, -1.0
41423.72933663981, 72, -1.0
41424.35646500665, 84, -1.0
41426.41865396388, 230, 1.0
41426.456959747324, 97, -1.0
41427.36403410064, 164, -1.0
41427.909058802434, 138, 1.0
41428.43069426836, 55, -1.0
41429.57816019393, 81, -1.0
41430.39928137052, 50, -1.0
41430.796297658155, 142, -1.0
41431.70215668153, 68, 1.0
41432.24417124936, 105, -1.0
41432.83575232157, 148, -1.0
41433.05554948413, 141, -1.0
41434.43501391892, 72, -1.0
41434.482156133316, 165, -1.0
41434.85134928764, 80, 1.0
41435.32627599485, 148, 1.0
41436.070719392585, 100, -1.0
41438.397248648325, 67, 1.0
41438.88749505038, 123, -1.0
41439.916382996984, 71, -1.0
41440.38367485856, 64, -1.0
41440.44151746217, 123, 1.0
41445.14242895593, 29, 1.0
41446.5036493584, 113, -1.0
41447.625853655125, 228, -1.0
41447.65112903979, 146, -1.0
41448.502956757555, 84, -1.0
41452.58108754451, 119, -1.0
41455.858697000156, 116, 1.0
41456.67033017042, 142, -1.0
41458.61666901893, 90, -1.0
41458.71270225505, 75, 1.0
41459.914655189095, 117, -1.0
41460.90816847312, 152, 1.0
41462.51367586015, 97, -1.0
41463.0944915604, 56, 1.0
41463.09666238571, 141, 1.0
41464.466514072345, 88, 1.0
41464.88557740302, 80, -1.0
41465.515341890015, 126, -1.0
41465.85331634981, 57, 1.0
41468.36486880544, 114, 1.0
41469.618455582546, 165, 1.0
41470.58140250072, 46, 1.0
41474.77705612173, 113, 1.0
41475.09057686372, 193, -1.0
41475.2050279258, 123, -1.0
41475.8548514556, 158, 1.0
41477.87041468597, 103, -1.0
41478.40902777785, 39, 1.0
41478.57861617221, 65, 1.0
41479.85579294978, 166, -1.0
41482.39223118704, 157, 1.0
41482.69001343052, 50, 1.0
41483.73944848849, 126, -1.0
41486.78050553658, 58, 1.0
41489.661447731996, 167, 1.0
41490.98790977102, 164, 1.0
41491.290800458126, 105, -1.0
41491.82942889356, 114, 1.0
41492.22711974438, 35, -1.0
41497.36993207929, 27, 1.0
41497.41003779253, 35, 1.0
41500.74796989677, 123, -1.0
41503.57879020195, 74, -1.0
41505.802099644075, 42, -1.0
41506.08722011932, 235, -1.0
41507.13165491823, 87, 1.0
41509.27201692268, 188, -1.0
41509.84750573535, 32, 1.0
41512.45881188764, 153, -1.0
41513.151822829044, 154, -1.0
41514.51193362695, 87, -1.0
41516.83071115222, 155, -1.0
41517.07343060662, 130, 1.0
41517.8320241224, 173, 1.0
41518.224504102094, 58, 1.0
41521.02807354341, 108, -1.0
41522.46324146532, 163, 1.0
41523.1277512343, 40, -1.0
41524.027454736875, 235, 1.0
41525.55003037566, 101, -1.0
41525.69547105101, 83, 1.0
41526.50759654144, 75, 1.0
41526.97931274671, 45, 1.0
41527.70455475676, 69, 1.0
41528.22066849309, 161, 1.0
41529.7097717295, 101, -1.0
41529.881745058985, 86, -1.0
41533.17108457353, 148, -1.0
41534.37201736838, 154, -1.0
41536.25434093282, 152, -1.0
41537.363508769056, 71, -1.0
41539.60146097666, 69, -1.0
41540.00364867573, 67, 1.0
41540.66653327913, 54, -1.0
41540.687034868395, 80, -1.0
41541.0151596203, 62, 1.0
41541.77502513752, 179, -1.0
41545.68427011762, 154, -1.0
41547.11053116745, 73, -1.0
41553.30204264467, 152, -1.0
41554.21439576088, 67, 1.0
41554.26062365488, 56, -1.0
41554.585488240205, 128, 1.0
41555.34827324325, 207, -1.0
41555.84721765611, 64, -1.0
41560.08188072879, 133, 1.0
41563.07634179718, 164, 1.0
41564.71964611462, 102, -1.0
41565.10328360705, 233, 1.0
41566.01910965553, 84, 1.0
41566.22293826465, 68, 1.0
41567.0710969734, 68, -1.0
41567.474513184214, 169, -1.0
41568.22162829855, 146, 1.0
41569.91138650699, 153, -1.0
41570.496164338816, 75, -1.0
41570.559574257255, 123, -1.0
41571.22793119807, 116, -1.0
41571.65949001355, 94, 1.0
41571.81994558907, 109, -1.0
41572.79033094165, 76, 1.0
41573.33955176649, 81, -1.0
41574.48540047656, 241, -1.0
41574.50450021475, 66, -1.0
41575.65464548081, 58, -1.0
41575.91777581077, 130, -1.0
41576.20904611059, 80, 1.0
41576.33095620367, 165, -1.0
41579.55470163537, 154, -1.0
41579.7452271008, 126, 1.0
41582.34501853135, 154, -1.0
41582.87331989355, 40, -1.0
41583.11214800668, 163, -1.0
41584.17380541802, 117, -1.0
41584.97227387454, 123, -1.0
41585.054499318045, 160, -1.0
41586.80551888418, 153, 1.0
41589.525666965725, 64, -1.0
41589.895146408264, 41, 1.0
41590.24743999324, 123, -1.0
41591.31193036929, 114, 1.0
41592.38358875953, 235, -1.0
41593.095878233886, 193, -1.0
41593.13958011241, 146, -1.0
41594.17955855062, 161, -1.0
41594.76964343811, 123, -1.0
41594.99043875745, 87, -1.0
41596.15491115187, 75, -1.0
41596.63675396709, 67, 1.0
41598.38180921929, 103, -1.0
41598.47753745927, 68, 1.0
41598.664791563904, 68, 1.0
41598.74191823472, 35, 1.0
41598.916004401704, 80, 1.0
41601.4089746473, 59, -1.0
41601.84483759897, 142, 1.0
41603.57013052441, 46, -1.0
41605.51545327224, 193, -1.0
41606.01461852314, 148, -1.0
41606.69239874424, 101, -1.0
41607.88634297044, 40, -1.0
41612.27160000305, 146, 1.0
41614.374692077836, 58, 1.0
41615.653743167415, 113, 1.0
41616.761865740664, 40, -1.0
41616.91505062919, 58, -1.0
41617.33227589229, 52, -1.0
41618.90353433319, 35, 1.0
41620.06094547673, 152, 1.0
41623.42822168527, 99, 1.0
41623.76706651122, 158, -1.0
41624.62120746404, 112, -1.0
41626.35989681149, 162, 1.0
41628.01052023039, 35, -1.0
41628.05794277224, 66, -1.0
41629.89826624704, 58, 1.0
41630.48816071117, 119, -1.0
41630.89669214453, 116, -1.0
41631.33592304194, 33, 1.0
41631.99181512638, 198, -1.0
41636.24548144965, 71, 1.0
41637.450635029, 101, -1.0
41637.779283497286, 89, 1.0
41638.269094941934, 111, 1.0
41638.47691518703, 67, 1.0
41640.092725781404, 33, 1.0
41641.261263017186, 142, 1.0
41644.95047299479, 100, -1.0
41645.3114304382, 72, -1.0
41646.09083054968, 35, 1.0
41647.939722760064, 119, -1.0
41648.77363151972, 58, 1.0
41650.04239218288, 130, 1.0
41650.3429117559, 71, -1.0
41652.958725369244, 59, 1.0
41653.5352057467, 73, 1.0
41654.889149064125, 234, 1.0
41659.32474541349, 67, -1.0
41659.43688320182, 45, -1.0
41659.86089124619, 52, 1.0
41660.04341770953, 198, -1.0
41661.134647885534, 152, -1.0
41661.34580826166, 116, -1.0
41664.76953383331, 168, -1.0
41664.81046437699, 40, -1.0
41666.04153286406, 84, -1.0
41667.36464595553, 29, -1.0
41667.37021517605, 153, -1.0
41668.060536345365, 230, -1.0
41668.078392629875, 149, 1.0
41668.81165318408, 68, 1.0
41668.902978140606, 142, -1.0
41668.97375044041, 84, -1.0
41670.366056071456, 86, -1.0
41672.66441989602, 75, 1.0
41672.863656353606, 95, -1.0
41673.146609234704, 126, -1.0
41675.79377147622, 154, 1.0
41675.93482244892, 177, -1.0
41676.598713523366, 41, -1.0
41676.94215329117, 114, 1.0
41677.80406491597, 82, 1.0
41679.66895417225, 117, -1.0
41679.72787766189, 142, -1.0
41679.8902627214, 146, 1.0
41681.33052915835, 82, -1.0
41682.41765964861, 171, 1.0
41686.51599516193, 60, 1.0
41687.33088289352, 167, 1.0
41687.469186668255, 163, 1.0
41689.7058596942, 113, -1.0
41690.86830479585, 58, -1.0
41691.532644640305, 52, -1.0
41692.30731604018, 155, -1.0
41693.21438103255, 36, -1.0
41693.38321012954, 141, -1.0
41695.16105138693, 84, -1.0
41696.30077154281, 163, -1.0
41697.692964835755, 58, 1.0
41698.181202677384, 181, -1.0
41700.92599360224, 46, -1.0
41701.444066363125, 82, 1.0
41702.67897851815, 142, -1.0
41702.801750758896, 163, 1.0
41702.98321452958, 97, 1.0
41703.71119735248, 69, -1.0
41703.858477465146, 142, -1.0
41704.70719740201, 29, 1.0
41704.72312825762, 83, 1.0
41708.55134610846, 99, 1.0
41710.90481176841, 119, -1.0
41712.25801544986, 58, -1.0
41713.147274931005, 230, 1.0
41713.469252661496, 165, 1.0
41713.53308062202, 177, -1.0
41714.49060051857, 75, 1.0
41715.18387815325, 235, 1.0
41715.841283981725, 163, -1.0
41719.53946644629, 164, -1.0
41720.38971435491, 153, -1.0
41720.44354125706, 81, -1.0
41723.03767373711, 84, 1.0
41723.30816874788, 89, 1.0
41723.31318647195, 35, -1.0
41724.47667962346, 59, -1.0
41724.49531944469, 80, 1.0
41725.37977732119, 87, 1.0
41725.51097619246, 154, 1.0
41725.86027618469, 70, -1.0
41726.52120215691, 181, -1.0
41727.52045377389, 116, -1.0
41727.63568141617, 31, 1.0
41728.95643477704, 177, -1.0
41729.991192419635, 51, 1.0
41732.59167028044, 58, 1.0
41733.14322788172, 71, -1.0
41734.141354481406, 148, -1.0
41734.57840660089, 67, 1.0
41735.08787189802, 109, -1.0
41735.953395890334, 126, 1.0
41737.63335321967, 45, -1.0
41738.56576852262, 88, -1.0
41742.32156169916, 28, -1.0
41743.11862021108, 29, 1.0
41745.59468786832, 105, -1.0
41745.61725769882, 155, 1.0
41746.40893926665, 168, 1.0
41747.70032919355, 101, 1.0
41747.99047686621, 235, -1.0
41748.768621026196, 155, 1.0
41749.291412694285, 142, -1.0
41749.524626936116, 95, 1.0
41750.00021521143, 167, -1.0
41750.166896331546, 36, -1.0
41751.01250904663, 146, -1.0
41751.796415547935, 70, -1.0
41753.14286827299, 40, -1.0
41753.43978730725, 59, -1.0
41754.04941083956, 68, -1.0
41755.34430241813, 28, -1.0
41756.11466680783, 103, 1.0
41758.408861271826, 34, -1.0
41759.512049472876, 59, -1.0
41761.83444628507, 83, -1.0
41763.90923256679, 152, -1.0
41764.14344647505, 32, -1.0
41764.80665875644, 99, -1.0
41769.749347829034, 152, -1.0
41770.238484378424, 104, -1.0
41770.83530225188, 56, 1.0
41771.98289030819, 101, -1.0
41773.043720975074, 42, -1.0
41773.85922695313, 40, -1.0
41776.16548952843, 84, -1.0
41776.321504317864, 54, -1.0
41777.6696938576, 29, -1.0
41781.741416709076, 165, 1.0
41783.446060766895, 99, -1.0
41784.599301530165, 101, 1.0
41785.99324789666, 81, 1.0
41787.74241878541, 133, -1.0
41788.49931005497, 35, -1.0
41789.29072165263, 87, 1.0
41790.20999219992, 53, 1.0
41790.35515816226, 50, -1.0
41790.779339529116, 158, -1.0
41790.84028679568, 53, -1.0
41791.60753578651, 87, 1.0
41791.973901002384, 41, -1.0
41793.47162241894, 35, 1.0
41794.20640020431, 92, 1.0
41796.52728091551, 33, 1.0
41797.48777695989, 152, -1.0
41797.72179067589, 138, 1.0
41798.64901401094, 233, 1.0
41799.26855670753, 40, 1.0
41804.280369751206, 64, -1.0
41804.684001685804, 101, -1.0
41806.07608315971, 75, 1.0
41807.862016214385, 39, -1.0
41808.202293803646, 163, 1.0
41809.78233399367, 83, 1.0
41810.2688995939, 87, -1.0
41812.074817505294, 233, -1.0
41812.82533794212, 97, 1.0
41814.93055686, 86, -1.0
41815.02837893185, 234, 1.0
41815.44697388347, 53, -1.0
41817.46426614926, 87, 1.0
41818.10233894046, 99, 1.0
41819.29140951558, 50, 1.0
41819.35857215633, 114, 1.0
41821.07834560587, 64, -1.0
41821.34313813951, 100, -1.0
41821.67520376771, 164, -1.0
41822.78042976535, 165, -1.0
41823.28033084893, 64, -1.0
41825.42673988699, 159, 1.0
41825.729420941825, 159, -1.0
41827.6318093346, 97, -1.0
41828.862125205305, 36, 1.0
41829.25796192734, 142, 1.0
41831.11472068153, 86, -1.0
41831.20648776918, 235, -1.0
41831.29902815586, 58, -1.0
41832.613048358275, 63, -1.0
41832.63251841104, 116, -1.0
41833.983352584124, 169, -1.0
41834.49128795405, 103, 1.0
41834.84470286927, 165, 1.0
41835.25588138304, 100, -1.0
41835.70566386195, 44, 1.0
41836.731394917966, 88, -1.0
41838.370100954984, 233, -1.0
41838.559936942205, 167, -1.0
41838.92933288643, 44, 1.0
41840.695158227994, 81, -1.0
41841.002455531896, 161, -1.0
41841.04929140264, 154, 1.0
41841.059290428864, 130, -1.0
41843.81345293043, 101, 1.0
41844.12428751824, 63, 1.0
41844.420981823954, 32, 1.0
41845.0285664672, 84, 1.0
41845.44689676613, 103, 1.0
41846.2933124859, 41, -1.0
41846.83001938264, 45, -1.0
41847.38879420181, 158, 1.0
41848.242951180226, 126, -1.0
41848.244803639114, 65, 1.0
41848.33115013804, 193, -1.0
41849.00913818841, 165, -1.0
41849.22904443607, 71, -1.0
41851.548944358976, 36, 1.0
41851.66610808715, 43, 1.0
41853.823789621565, 40, -1.0
41856.92446145698, 119, -1.0
41858.606232772276, 45, 1.0
41861.13117326736, 28, -1.0
41861.89540762398, 99, -1.0
41862.869852720134, 133, 1.0
41863.76774957037, 63, -1.0
41863.78695588422, 198, 1.0
41866.31698440616, 59, 1.0
41868.74109829596, 69, -1.0
41869.10231874652, 148, 1.0
41870.09002437068, 113, -1.0
41870.21075156382, 73, -1.0
41871.29667043456, 148, -1.0
41873.18651891405, 177, -1.0
41873.33027729337, 36, -1.0
41873.4043052837, 75, 1.0
41873.42631589316, 82, -1.0
41874.74521181098, 51, -1.0
41874.79461613109, 110, 1.0
41877.01479166622, 83, 1.0
41877.036646083994, 108, -1.0
41877.45337754388, 75, -1.0
41878.704004786414, 142, 1.0
41879.81010292398, 51, -1.0
41882.1302482234, 126, 1.0
41883.36935760625, 72, -1.0
41885.52047441176, 92, 1.0
41885.809974978685, 81, -1.0
41886.127336732105, 72, 1.0
41889.37141927422, 99, -1.0
41889.72745728948, 142, 1.0
41890.35779170302, 58, 1.0
41891.02818673131, 45, -1.0
41891.40284525494, 73, 1.0
41895.15607362731, 177, 1.0
41896.20234795554, 104, -1.0
41896.558016858406, 163, 1.0
41896.986646250756, 67, -1.0
41897.817972443074, 110, -1.0
41899.97960051168, 100, 1.0
41900.56542469674, 180, -1.0
41901.101041602735, 148, -1.0
41902.26394146917, 40, -1.0
41902.56691118224, 30, 1.0
41903.06333010141, 163, -1.0
41904.5302037498, 126, -1.0
41906.07450515966, 58, 1.0
41911.20306626244, 101, -1.0
41914.19220103175, 82, 1.0
41914.30486489652, 83, 1.0
41914.613902394536, 66, 1.0
41916.00660550801, 37, -1.0
41916.17846674955, 98, -1.0
41916.591891619006, 116, 1.0
41917.02316181637, 93, 1.0
41918.54048528254, 40, 1.0
41918.93250302049, 35, -1.0
41919.067246263425, 114, -1.0
41921.53286449772, 40, -1.0
41922.09991324286, 154, -1.0
41923.74121656398, 88, -1.0
41929.7180690516, 40, -1.0
41929.94988299218, 82, 1.0
41930.045431991755, 105, 1.0
41931.13000458029, 160, 1.0
41932.658003409204, 103, 1.0
41933.1194746251, 149, 1.0
41933.66886305733, 50, -1.0
41934.053078677855, 106, 1.0
41936.6061194786, 142, -1.0
41937.60072536456, 103, -1.0
41938.33327508737, 97, 1.0
41938.656726513385, 74, 1.0
41938.81692977471, 114, 1.0
41940.50120198091, 128, 1.0
41941.255919040086, 141, -1.0
41941.325502034364, 48, -1.0
41941.977058359706, 146, 1.0
41945.14906405149, 71, -1.0
41945.56098454385, 142, -1.0
41945.88402774159, 95, -1.0
41949.84066122285, 152, -1.0
41950.27491071121, 83, 1.0
41954.09411304328, 67, 1.0
41954.69839949247, 116, -1.0
41956.77241338473, 80, -1.0
41958.051621304905, 84, -1.0
41960.15164738942, 152, 1.0
41960.26209170247, 51, 1.0
41961.50478554753, 99, 1.0
41962.08990101199, 35, -1.0
41962.13281915239, 101, 1.0
41962.56399481365, 98, -1.0
41962.664271053305, 50, -1.0
41963.18654583031, 177, -1.0
41963.63769303793, 58, -1.0
41963.87278268306, 164, 1.0
41963.91417267174, 182, 1.0
41964.12198923054, 59, 1.0
41965.72937000268, 101, -1.0
41972.86088342248, 142, -1.0
41974.06079262876, 126, 1.0
41975.90350142184, 43, -1.0
41975.995754124095, 133, -1.0
41981.242134184045, 166, -1.0
41982.130983220566, 119, 1.0
41982.73914347167, 168, 1.0
41983.28141233448, 169, 1.0
41983.590943089635, 154, -1.0
41983.679855120994, 159, -1.0
41985.68905324204, 123, -1.0
41986.106186173136, 101, 1.0
41986.97457500834, 28, 1.0
41987.78720078992, 93, -1.0
41988.12008494397, 102, -1.0
41988.60573679786, 169, 1.0
41989.09436327213, 153, -1.0
41991.166270354566, 123, -1.0
41991.22226910087, 116, 1.0
41991.359438828214, 169, -1.0
41991.539844625426, 31, -1.0
41991.68660552075, 234, -1.0
41992.23752539141, 95, 1.0
41992.53881811755, 101, 1.0
41995.14000081299, 116, 1.0
41995.425082989634, 154, -1.0
41996.6950551531, 167, -1.0
41998.62694703521, 58, 1.0
41999.52695999314, 45, 1.0
42001.00841840991, 146, 1.0
42002.40966404929, 116, 1.0
42003.71570363713, 82, 1.0
42008.07068944551, 40, -1.0
42008.610587600844, 228, -1.0
42008.69122795007, 82, -1.0
42008.741230646265, 71, 1.0
42010.39583030259, 110, -1.0
42010.87741903767, 228, -1.0
42011.51881768137, 80, 1.0
42014.869468332756, 167, -1.0
42017.07952194181, 123, -1.0
42017.68546950396, 101, 1.0
42018.22757891123, 101, 1.0
42020.25321873947, 163, -1.0
42020.560633852496, 116, 1.0
42020.64270874155, 198, 1.0
42020.969872387526, 35, 1.0
42020.97266099119, 94, -1.0
42021.56691671306, 34, -1.0
42022.79627422158, 154, -1.0
42022.97885145254, 113, 1.0
42023.39891626401, 58, -1.0
42024.927159655635, 182, -1.0
42025.21536802457, 105, -1.0
42025.34241935493, 75, 1.0
42025.36402822797, 36, -1.0
42025.59197389868, 123, -1.0
42026.42688573065, 98, 1.0
42030.77016449256, 81, -1.0
42031.035344722324, 65, 1.0
42031.19222879733, 106, -1.0
42031.47079715626, 70, 1.0
42032.43597156056, 177, 1.0
42032.625544314884, 86, -1.0
42033.05882799082, 119, -1.0
42033.10596590589, 165, 1.0
42037.92647605549, 67, 1.0
42037.97107860202, 48, -1.0
42038.001003049634, 164, -1.0
42043.287362403404, 80, 1.0
42043.58805201917, 68, 1.0
42044.94916783659, 105, -1.0
42046.16774313912, 60, 1.0
42046.177761149505, 158, -1.0
42047.2055720106, 164, -1.0
42048.05534566854, 163, -1.0
42048.79271308785, 142, 1.0
42049.62308269084, 75, 1.0
42050.23646342816, 52, -1.0
42052.12857987279, 40, -1.0
42053.68579574627, 181, -1.0
42053.99658870102, 74, 1.0
42056.14683935677, 157, -1.0
42060.76239910392, 162, 1.0
42062.89978831156, 70, -1.0
42063.07369511837, 66, -1.0
42065.4165849531, 123, -1.0
42065.75661019155, 111, 1.0
42067.40083734048, 111, -1.0
42067.81099380356, 142, -1.0
42069.0843671659, 101, -1.0
42069.28176832882, 68, 1.0
42069.59158089846, 80, 1.0
42071.04509722342, 36, -1.0
42074.64468408098, 100, -1.0
42075.00160372058, 40, 1.0
42077.54008916477, 58, 1.0
42077.96230805039, 40, 1.0
42078.504565255826, 65, 1.0
42079.72151905503, 167, 1.0
42081.02608923417, 28, -1.0
42081.92016301333, 123, 1.0
42082.14429268122, 75, 1.0
42083.143777341946, 161, -1.0
42083.2851621598, 126, -1.0
42083.85983856444, 40, -1.0
42084.73065852699, 181, -1.0
42085.24915512631, 164, 1.0
42087.339825894436, 26, 1.0
42087.43575739779, 123, -1.0
42088.03595854649, 146, 1.0
42089.21735496293, 116, -1.0
42089.6280499577, 106, -1.0
42089.94058698941, 101, -1.0
42091.14395302271, 71, 1.0
42091.45823014861, 90, 1.0
42091.56388526837, 159, 1.0
42094.25330639991, 222, 1.0
42095.5700039887, 59, -1.0
42098.12477527596, 103, 1.0
42098.510720792736, 241, -1.0
42100.80309718805, 152, 1.0
42101.47163397753, 50, -1.0
42105.645586649945, 157, 1.0
42105.73194859709, 122, -1.0
42106.2912972788, 126, 1.0
42112.156455372395, 157, 1.0
42112.705056256644, 114, 1.0
42116.51974012892, 173, 1.0
42117.76730481774, 56, -1.0
42118.56665503888, 75, 1.0
42118.67442434655, 142, 1.0
42120.194574694375, 182, -1.0
42120.912992435966, 160, 1.0
42121.158291215026, 35, -1.0
42122.34714310113, 142, -1.0
42122.534792690036, 137, 1.0
42122.56962304837, 74, -1.0
42124.143835593626, 34, -1.0
42125.10704580217, 148, -1.0
42125.65877618244, 29, -1.0
42125.88510209987, 117, -1.0
42127.54918034089, 35, -1.0
42128.45685962828, 35, -1.0
42129.06547554812, 152, 1.0
42129.25471072755, 44, -1.0
42130.09890868713, 52, 1.0
42131.06201106263, 116, -1.0
42133.43015714976, 92, -1.0
42134.32808061968, 164, -1.0
42134.46020287487, 160, 1.0
42135.16436284428, 45, 1.0
42135.98884075581, 43, 1.0
42136.45004918368, 164, 1.0
42136.62998530533, 234, 1.0
42138.78996069205, 66, 1.0
42139.539194526624, 114, 1.0
42139.626123268026, 31, 1.0
42145.624648180274, 164, -1.0
42145.8203921632, 193, -1.0
42146.927132810684, 69, 1.0
42147.82799603141, 105, -1.0
42147.95836217331, 152, 1.0
42150.455335964805, 101, -1.0
42150.73763838103, 114, -1.0
42151.63193212025, 35, -1.0
42154.55476117304, 165, 1.0
42155.05484726225, 130, 1.0
42155.31683597235, 114, 1.0
42155.42497582675, 35, 1.0
42157.1472831675, 161, -1.0
42157.44477855756, 159, -1.0
42157.78091587698, 41, 1.0
42157.989783063436, 180, -1.0
42159.26541450455, 67, 1.0
42161.0397076535, 142, -1.0
42161.670933347916, 64, -1.0
42163.073636875815, 153, -1.0
42164.22352759395, 105, -1.0
42164.706200887966, 101, 1.0
42164.71615547709, 35, -1.0
42165.575123459785, 157, -1.0
42166.985339508545, 152, -1.0
42168.68965884123, 50, -1.0
42169.173828327795, 169, -1.0
42169.47330636208, 116, -1.0
42170.43153310879, 146, 1.0
42173.174498892855, 101, 1.0
42173.46152895546, 29, 1.0
42174.07594215596, 58, -1.0
42174.30665621257, 112, 1.0
42174.938921223744, 69, 1.0
42175.35455572092, 114, 1.0
42177.124347968675, 82, -1.0
42177.82049203728, 39, -1.0
42178.373839874854, 164, 1.0
42179.05471744061, 108, -1.0
42179.432461818506, 98, 1.0
42180.584678066116, 67, -1.0
42180.894141245815, 161, -1.0
42180.90440434783, 45, 1.0
42181.122512811526, 116, -1.0
42181.308756105595, 159, 1.0
42182.013452777064, 160, -1.0
42186.4212139211, 234, 1.0
42188.49815488784, 177, -1.0
42189.085448488026, 165, 1.0
42189.12387928917, 141, -1.0
42189.187057525705, 106, -1.0
42189.58301349011, 113, -1.0
42190.150743312224, 142, -1.0
42191.32300007114, 198, -1.0
42191.70417364185, 95, 1.0
42191.88781986156, 65, 1.0
42192.62188304459, 107, -1.0
42194.184853263505, 58, -1.0
42197.82084195879, 116, 1.0
42201.00301441273, 146, 1.0
42203.73339632095, 99, -1.0
42204.85056172533, 65, -1.0
42204.8730519154, 103, 1.0
42205.30033323607, 97, -1.0
42206.720905029084, 137, -1.0
42207.44112644085, 137, -1.0
42207.667730518995, 160, -1.0
42209.65255466237, 99, 1.0
42209.86382041796, 100, -1.0
42209.92938237033, 222, 1.0
42210.4435727095, 233, -1.0
42211.80106857047, 100, -1.0
42212.2880328414, 101, 1.0
42212.4026292865, 114, -1.0
42213.91711297445, 59, 1.0
42214.46486997159, 67, 1.0
42214.48296754253, 142, -1.0
42214.59913743237, 165, -1.0
42215.22578887465, 68, 1.0
42216.31913884818, 52, -1.0
42216.94208714441, 98, -1.0
42217.01637910769, 168, -1.0
42217.3637003934, 94, -1.0
42220.251914927765, 51, 1.0
42220.37801222053, 114, 1.0
42220.68486645786, 54, 1.0
42225.30301304087, 71, 1.0
42226.46333424283, 88, -1.0
42226.62643616225, 64, -1.0
42227.68673932779, 67, 1.0
42227.91249257185, 73, -1.0
42228.18833663482, 43, 1.0
42228.34736068087, 164, -1.0
42229.41634759389, 160, -1.0
42232.19909419956, 162, 1.0
42232.916126795666, 36, 1.0
42234.343532764215, 66, -1.0
42234.416840568076, 152, -1.0
42234.68677861012, 56, -1.0
42238.72425827151, 114, 1.0
42239.333266010035, 230, 1.0
42240.27967874682, 163, 1.0
42241.194445262256, 228, -1.0
42241.46093272577, 171, 1.0
42242.22057554455, 33, -1.0
42246.05613625547, 110, -1.0
42246.77293375597, 182, -1.0
42247.22946623773, 73, 1.0
42247.801344801825, 81, 1.0
42248.08548775958, 101, 1.0
42248.53790678437, 126, -1.0
42248.82826734202, 45, 1.0
42248.82914811315, 83, 1.0
42250.15655013964, 152, -1.0
42250.430707204825, 64, -1.0
42254.3699943836, 180, -1.0
42255.16644989049, 53, -1.0
42256.668831406576, 68, 1.0
42256.82094424149, 160, -1.0
42260.21423571156, 59, 1.0
42262.17996835428, 126, -1.0
42265.55047273789, 58, -1.0
42267.102276286205, 35, 1.0
42267.68980983797, 152, 1.0
42271.53551361163, 29, -1.0
42275.65688412142, 32, 1.0
42280.43984519253, 153, -1.0
42281.325999499946, 99, -1.0
42283.379945382236, 100, 1.0
42284.16701414759, 28, -1.0
42285.29848187647, 44, -1.0
42288.99363981467, 165, 1.0
42290.42231054362, 165, -1.0
42292.98932514263, 70, -1.0
42293.59295649346, 57, 1.0
42295.07362561588, 59, -1.0
42295.51715468303, 92, -1.0
42295.66045861521, 158, -1.0
42297.04720269179, 152, -1.0
42297.295778894586, 40, -1.0
42298.27297173932, 149, 1.0
42298.64557779219, 72, 1.0
42298.8368628151, 67, 1.0
42299.69943842284, 141, -1.0
42300.22737889694, 45, -1.0
42302.11772694218, 105, -1.0
42304.6827601134, 100, -1.0
42304.75410011009, 163, 1.0
42304.923504308936, 40, 1.0
42306.61791870456, 126, 1.0
42309.26726815481, 75, -1.0
42310.530998490525, 235, 1.0
42311.76703035421, 70, -1.0
42313.43864440746, 84, -1.0
42313.661854633596, 52, -1.0
42313.79702383363, 193, -1.0
42313.873007202186, 53, -1.0
42314.238502712906, 164, -1.0
42314.92537598935, 75, 1.0
42315.23094576533, 179, -1.0
42315.71404384214, 235, -1.0
42316.582373888916, 34, 1.0
42317.625344169915, 117, -1.0
42318.577777702936, 230, 1.0
42319.279790528686, 169, 1.0
42320.62642748971, 33, -1.0
42321.71522534212, 29, 1.0
42322.43193117171, 169, -1.0
42322.6312160561, 95, 1.0
42322.775863133254, 146, 1.0
42323.93537231051, 202, -1.0
42324.69393889832, 153, 1.0
42327.73935789033, 35, -1.0
42329.16272597299, 101, 1.0
42329.428186210105, 123, 1.0
42331.605972364676, 71, 1.0
42332.842383381605, 76, 1.0
42335.692163967855, 101, 1.0
42336.09055859866, 58, -1.0
42336.25237526659, 109, -1.0
42336.28869325979, 180, -1.0
42336.58256416181, 99, -1.0
42336.78364638213, 34, -1.0
42337.17461800773, 109, -1.0
42337.27414716846, 51, 1.0
42338.13198266618, 142, 1.0
42339.5012000763, 68, -1.0
42340.97530634923, 98, -1.0
42342.26273617602, 164, -1.0
42342.751625072255, 53, 1.0
42342.948576177594, 113, -1.0
42344.75194787889, 126, 1.0
42347.19023623053, 87, 1.0
42347.517893788965, 87, -1.0
42347.752025057875, 46, -1.0
42348.0439056308, 111, -1.0
42348.6318475242, 181, -1.0
42348.72124548453, 53, 1.0
42349.602522364, 155, 1.0
42350.40801119579, 64, -1.0
42351.28264652193, 157, -1.0
42353.11349044053, 107, 1.0
42354.320733038694, 29, 1.0
42355.8070319044, 71, 1.0
42356.69772760065, 71, 1.0
42357.09984673565, 50, -1.0
42359.47026399644, 75, -1.0
42361.73755107925, 41, -1.0
42362.33847728637, 138, 1.0
42363.2876348047, 123, -1.0
42363.44625154289, 43, -1.0
42364.03869982099, 169, -1.0
42364.44369016952, 114, -1.0
42365.07298603815, 84, -1.0
42366.76149185562, 43, -1.0
42368.856146267906, 67, -1.0
42370.3378880925, 105, 1.0
42374.22015395504, 126, 1.0
42375.23616188432, 100, 1.0
42377.48031951794, 99, 1.0
42378.27657533515, 113, -1.0
42378.365074186644, 105, -1.0
42378.40013740014, 63, -1.0
42379.22257445632, 83, 1.0
42380.03228402688, 81, 1.0
42380.28746712597, 70, 1.0
42380.93511580221, 61, 1.0
42381.995933225044, 182, -1.0
42383.49739799496, 37, 1.0
42384.262836699294, 101, -1.0
42384.489419135134, 84, 1.0
42384.578637720944, 153, 1.0
42386.05744751628, 148, -1.0
42387.225468436634, 80, -1.0
42387.47980434676, 90, -1.0
42388.095302922804, 193, -1.0
42390.262452606534, 75, -1.0
42390.43087622525, 105, -1.0
42390.47019987944, 163, -1.0
42390.76023660784, 109, -1.0
42391.59362287262, 116, 1.0
42392.43308009884, 165, -1.0
42392.51038980241, 170, 1.0
42398.683855122355, 54, 1.0
42400.28480637253, 83, -1.0
42402.23802658152, 58, -1.0
42405.419828683946, 64, 1.0
42407.04233916765, 67, 1.0
42409.43247029236, 43, 1.0
42410.77217011138, 81, -1.0
42413.70045018849, 64, -1.0
42415.90965582553, 138, 1.0
42416.29847086168, 87, 1.0
42418.17774391717, 142, 1.0
42418.66341366038, 40, -1.0
42418.810812330645, 123, 1.0
42418.89289621305, 152, 1.0
42421.57794776096, 90, -1.0
42422.04297999617, 83, 1.0
42423.5740690157, 123, -1.0
42423.92689821581, 234, -1.0
42424.47188728091, 116, 1.0
42424.824879596614, 154, -1.0
42424.85496821681, 50, -1.0
42427.6418371261, 90, 1.0
42429.80470608705, 118, -1.0
42431.10120654679, 53, -1.0
42432.97159452945, 65, -1.0
42433.56510256289, 114, -1.0
42435.3134050744, 88, -1.0
42435.763465029195, 75, -1.0
42436.02855300357, 70, 1.0
42436.07870321957, 36, 1.0
42436.09874817777, 155, 1.0
42436.31427737018, 39, -1.0
42436.53842454864, 155, -1.0
42439.09028213606, 128, -1.0
42439.517692591515, 58, 1.0
42440.094596030314, 123, -1.0
42441.19329586805, 235, 1.0
42441.47905462645, 87, 1.0
42441.86627835031, 165, -1.0
42441.9271001154, 70, -1.0
42444.084147030815, 64, -1.0
42444.42961242485, 74, 1.0
42444.735729207816, 146, -1.0
42447.39206532094, 155, 1.0
42447.515797596614, 230, 1.0
42448.23390395854, 42, -1.0
42453.33411207324, 109, 1.0
42453.57233984053, 75, 1.0
42454.59594689711, 114, 1.0
42455.236066559526, 105, 1.0
42456.5645722356, 63, -1.0
42456.66646398266, 75, -1.0
42457.043977525995, 50, -1.0
42457.20566040887, 50, 1.0
42457.21372632653, 93, -1.0
42458.13667799134, 107, 1.0
42458.42438983111, 28, -1.0
42458.58622398862, 181, -1.0
42460.63346666092, 34, -1.0
42462.061945300295, 133, 1.0
42462.3834417118, 51, -1.0
42462.79364199004, 71, 1.0
42463.52432576853, 58, -1.0
42463.63339184353, 84, -1.0
42464.20409430543, 114, 1.0
42468.79997509222, 173, -1.0
42469.7844955634, 84, -1.0
42470.77328165274, 101, -1.0
42473.70188211682, 99, -1.0
42474.67353393364, 148, -1.0
42475.288464632176, 45, -1.0
42476.20846130371, 85, -1.0
42477.8527015225, 163, -1.0
42478.37230888757, 63, -1.0
42481.173103514535, 86, -1.0
42481.28879293185, 67, -1.0
42482.54714476373, 45, 1.0
42485.57614211401, 81, 1.0
42486.931620856056, 164, 1.0
42487.0894008145, 99, -1.0
42489.33564220025, 50, 1.0
42489.615399517876, 230, -1.0
42491.084184418636, 148, -1.0
42491.619151056024, 83, 1.0
42492.673711787116, 71, 1.0
42494.07511947095, 109, 1.0
42494.898218502516, 165, 1.0
42497.75667921867, 128, 1.0
42497.78149263508, 105, 1.0
42498.34802124865, 233, -1.0
42499.408055198975, 80, 1.0
42499.930058014084, 163, -1.0
42504.97664261716, 142, -1.0
42506.2836918785, 62, 1.0
42506.66605644893, 123, 1.0
42509.04332691355, 159, -1.0
42509.973148079946, 67, -1.0
42511.45076435531, 69, 1.0
42511.858215825516, 88, -1.0
42512.26828859566, 73, -1.0
42516.29160098035, 230, 1.0
42516.8748056433, 234, 1.0
42516.88069292021, 164, -1.0
42517.04748164042, 105, 1.0
42518.64779877615, 68, 1.0
42519.16853254363, 116, -1.0
42523.61997550583, 69, -1.0
42525.96814339569, 105, -1.0
42526.80114921255, 123, 1.0
42529.29786215231, 46, -1.0
42529.65642353352, 141, -1.0
42531.33179063167, 71, 1.0
42531.857558133845, 59, 1.0
42532.34284639298, 82, 1.0
42537.76277959244, 88, -1.0
42539.57274599809, 168, -1.0
42540.4080617984, 139, -1.0
42540.75869637247, 70, -1.0
42540.85931815397, 234, 1.0
42541.49225816145, 54, 1.0
42542.55716644141, 104, -1.0
42542.594347981205, 116, -1.0
42545.61862294519, 114, 1.0
42547.28312459327, 54, 1.0
42547.57298706156, 67, 1.0
42547.601352607795, 142, -1.0
42547.79992055341, 198, -1.0
42548.18661609318, 155, -1.0
42549.30978012338, 164, 1.0
42549.5063913161, 56, -1.0
42549.58158498652, 169, 1.0
42549.59130950412, 35, -1.0
42549.76810677842, 58, -1.0
42552.28901473972, 58, 1.0
42552.69137858572, 154, -1.0
42552.9819220752, 118, -1.0
42553.04361465596, 29, -1.0
42553.93923193649, 202, -1.0
42554.858221411436, 62, 1.0
42555.9482781195, 97, -1.0
42556.22890979496, 27, -1.0
42556.2427204574, 114, 1.0
42557.13261673017, 114, 1.0
42557.5120164525, 126, -1.0
42558.53311111459, 91, 1.0
42559.97856379604, 148, -1.0
42561.43441829167, 45, 1.0
42562.28467341952, 40, -1.0
42562.495043597715, 235, -1.0
42562.51907719628, 98, -1.0
42564.395066975405, 64, -1.0
42564.4107312518, 54, -1.0
42565.29939515242, 33, 1.0
42566.76781445395, 198, 1.0
42567.03154042262, 230, 1.0
42570.73909978708, 89, -1.0
42571.59497238741, 92, -1.0
42571.894689686, 149, -1.0
42576.78943431876, 99, 1.0
42579.92497997268, 105, -1.0
42581.58746849649, 83, 1.0
42583.707189518645, 71, -1.0
42583.71439946972, 165, -1.0
42586.2553981952, 50, -1.0
42586.45132638965, 80, -1.0
42587.04924626253, 100, 1.0
42587.27160647527, 146, 1.0
42587.48118627264, 82, -1.0
42589.19086986415, 116, 1.0
42589.96019865183, 50, -1.0
42590.07754957231, 36, -1.0
42590.36171172231, 35, 1.0
42592.38420609143, 85, -1.0
42593.55833167991, 37, -1.0
42595.48143314158, 84, -1.0
42598.250993682785, 154, 1.0
42598.293997034474, 83, 1.0
42598.32213176913, 103, -1.0
42598.615408514954, 160, -1.0
42599.592909176376, 70, -1.0
42604.08522550815, 126, 1.0
42604.18960620653, 141, -1.0
42604.75915009925, 34, -1.0
42605.334418755076, 73, 1.0
42607.590125847375, 164, 1.0
42608.42641292912, 75, 1.0
42609.34627430856, 116, 1.0
42609.96073918015, 210, 1.0
42611.08880778048, 158, 1.0
42613.182870031946, 64, -1.0
42615.50095710232, 100, -1.0
42617.31068169653, 118, 1.0
42617.45285392323, 42, 1.0
42618.3323708343, 152, 1.0
42621.32913385834, 54, -1.0
42623.51051766419, 97, 1.0
42627.77352394052, 233, 1.0
42627.89800918487, 94, 1.0
42627.898916420905, 142, 1.0
42628.00017323356, 34, -1.0
42628.29927482709, 69, 1.0
42629.20992773473, 73, -1.0
42631.23406377441, 107, 1.0
42632.802140017084, 36, 1.0
42634.133219854295, 137, 1.0
42634.66284198402, 86, -1.0
42634.98935964382, 116, 1.0
42635.821874688416, 101, -1.0
42639.71727914571, 75, 1.0
42640.91279495699, 137, -1.0
42642.987842119925, 101, 1.0
42644.873124624944, 64, -1.0
42645.568269966025, 163, -1.0
42645.833076110175, 67, 1.0
42647.3209142184, 67, 1.0
42647.92416201765, 28, 1.0
42649.82745181316, 146, 1.0
42649.93445109893, 116, -1.0
42650.39996389497, 193, -1.0
42651.06349993251, 35, 1.0
42652.231934532625, 163, 1.0
42652.9492985727, 141, -1.0
42655.63589129487, 101, 1.0
42656.80013294566, 68, 1.0
42657.308894706905, 81, 1.0
42657.3199079215, 84, -1.0
42657.989369402785, 113, -1.0
42658.925537524454, 173, -1.0
42659.35105033644, 106, 1.0
42660.38270373262, 84, 1.0
42662.11479603754, 114, 1.0
42663.25991755827, 56, 1.0
42667.25121565766, 28, -1.0
42668.095031604535, 88, -1.0
42668.9147364335, 164, -1.0
42669.59371965583, 35, -1.0
42669.636732739265, 45, -1.0
42669.7384338001, 163, 1.0
42671.14907513327, 83, 1.0
42673.01986619369, 153, 1.0
42673.035668078985, 159, 1.0
42673.660638508096, 181, -1.0
42674.64573472227, 59, -1.0
42674.920999491944, 171, -1.0
42675.7376585415, 159, -1.0
42676.170870866896, 198, 1.0
42676.770388861856, 48, -1.0
42678.171682019965, 228, 1.0
42678.751452661854, 88, -1.0
42678.860171844775, 163, 1.0
42680.632392431115, 58, -1.0
42680.922323081686, 99, 1.0
42680.95787162928, 85, -1.0
42681.19158703148, 146, -1.0
42681.681019822114, 71, 1.0
42683.14777281157, 152, -1.0
42683.93724007385, 106, 1.0
42684.579043010635, 50, -1.0
42686.56653906171, 154, 1.0
42687.94124395061, 177, 1.0
42688.194349544334, 126, -1.0
42688.604574838886, 103, 1.0
42690.561079609666, 41, 1.0
42691.566627816894, 161, -1.0
42692.62886923042, 35, -1.0
42693.02825860086, 99, -1.0
42694.92357777632, 153, 1.0
42695.902662267275, 81, 1.0
42696.399957208465, 165, 1.0
42696.46106467327, 100, 1.0
42696.784022413995, 34, -1.0
42697.68851961807, 51, 1.0
42698.35812957706, 130, 1.0
42700.1105201165, 26, 1.0
42700.5312255813, 89, -1.0
42700.71061735848, 50, -1.0
42702.69486379098, 34, -1.0
42704.60813850399, 150, 1.0
42706.36801489329, 81, -1.0
42706.44220824195, 90, -1.0
42706.74127089469, 69, 1.0
42707.55019494246, 99, -1.0
42707.689661724384, 228, 1.0
42707.86074714837, 67, -1.0
42708.508843600124, 84, 1.0
42708.76791273215, 161, -1.0
42709.30180477678, 165, 1.0
42710.8871647613, 74, 1.0
42711.78523204015, 54, -1.0
42718.037457536986, 123, -1.0
42718.11285061625, 81, -1.0
42720.309491943495, 141, -1.0
42721.629864286944, 182, 1.0
42721.73423723692, 155, 1.0
42722.06230954238, 113, -1.0
42722.15674554842, 100, -1.0
42722.41480882542, 59, -1.0
42722.473887345164, 99, -1.0
42722.99341985773, 116, 1.0
42723.370435594785, 76, 1.0
42725.71217366455, 70, 1.0
42726.68304653422, 92, 1.0
42727.57118075539, 59, -1.0
42727.75794800527, 87, -1.0
42729.1676037575, 94, -1.0
42729.280434136344, 113, 1.0
42729.30662980237, 69, 1.0
42729.54934903429, 141, -1.0
42729.6287135613, 166, 1.0
42729.8041397683, 106, -1.0
42730.66860769044, 235, -1.0
42731.88008003692, 116, 1.0
42732.77541754832, 50, -1.0
42733.1253128599, 90, -1.0
42735.261861828956, 40, -1.0
42735.742818695566, 58, 1.0
42736.98731476624, 141, -1.0
42737.84985923315, 152, 1.0
42738.37751992875, 235, -1.0
42743.61657491992, 52, -1.0
42743.76675367073, 168, -1.0
42744.705027485514, 36, 1.0
42744.9350370517, 75, -1.0
42745.49145978196, 157, -1.0
42747.43019517126, 100, 1.0
42749.61366921315, 64, -1.0
42753.03682622969, 100, -1.0
42753.98286173931, 158, 1.0
42756.269062558385, 162, 1.0
42756.63733028808, 142, 1.0
42756.78451163146, 113, 1.0
42756.91346569855, 36, 1.0
42757.55890634774, 165, -1.0
42758.21768894294, 84, 1.0
42764.584949204436, 80, -1.0
42766.06663930906, 44, -1.0
42766.76538129476, 159, -1.0
42769.02899865269, 40, -1.0
42769.075576046365, 33, 1.0
42769.66002002065, 84, 1.0
42770.291314419, 89, 1.0
42771.04936568903, 123, -1.0
42771.51150917108, 81, -1.0
42772.89144530268, 83, 1.0
42773.22963810591, 90, -1.0
42773.786554467915, 233, 1.0
42774.738693806015, 116, 1.0
42775.1174522044, 102, -1.0
42775.656779495985, 42, -1.0
42776.91529971965, 81, -1.0
42777.117763425726, 62, -1.0
42777.21526884108, 88, -1.0
42777.949224697666, 153, -1.0
42777.98704381089, 116, 1.0
42779.102184143645, 193, -1.0
42779.38331853252, 84, -1.0
42779.87534041041, 105, -1.0
42780.74643872685, 35, -1.0
42781.646674636446, 26, 1.0
42782.72064079369, 95, 1.0
42783.40906143506, 81, -1.0
42785.92217502679, 64, -1.0
42788.03404083636, 114, 1.0
42788.6734215819, 116, 1.0
42789.69073923267, 163, 1.0
42795.08208760772, 173, -1.0
42795.824936074954, 75, -1.0
42795.88595372544, 177, -1.0
42796.66289821661, 45, -1.0
42798.461487621025, 113, 1.0
42798.88559971845, 62, 1.0
42798.92886293632, 104, -1.0
42801.4470115472, 52, -1.0
42802.476252409775, 105, -1.0
42802.81868945312, 164, 1.0
42802.94751396359, 177, -1.0
42803.23842901521, 85, -1.0
42804.00341613291, 158, 1.0
42804.789401849834, 97, -1.0
42804.96081959276, 87, -1.0
42805.233968101216, 110, -1.0
42807.14737818138, 29, 1.0
42809.431412643215, 222, -1.0
42812.07027077826, 233, 1.0
42812.12780575705, 165, 1.0
42812.82473420205, 100, -1.0
42813.84378273714, 92, -1.0
42816.491877651046, 161, 1.0
42817.076269636025, 34, -1.0
42817.921760342564, 50, -1.0
42818.039813136646, 142, 1.0
42818.32372697262, 54, 1.0
42818.65701965988, 228, 1.0
42819.07538283498, 162, 1.0
42819.31851958854, 126, -1.0
42819.448387077384, 48, 1.0
42819.492999338196, 41, -1.0
42823.116326085306, 114, 1.0
42826.451255297594, 69, -1.0
42828.13992762355, 98, -1.0
42828.14155817055, 155, 1.0
42828.241150123715, 164, -1.0
42828.71039396323, 68, 1.0
42829.673797781514, 124, -1.0
42829.784647397864, 90, -1.0
42832.798213582566, 75, -1.0
42833.70291135099, 188, 1.0
42834.08641124437, 59, -1.0
42836.26091249314, 152, -1.0
42838.40226488732, 56, -1.0
42838.50062625628, 114, 1.0
42838.783247119325, 165, -1.0
42839.22049424345, 159, 1.0
42840.0475285654, 148, -1.0
42840.249748225346, 42, -1.0
42840.42771364658, 164, -1.0
42840.56855169028, 71, -1.0
42841.06230899999, 105, -1.0
42841.945977765485, 233, -1.0
42841.99717130463, 80, 1.0
42842.05306891557, 93, -1.0
42843.02566516257, 72, 1.0
42845.05352760683, 34, 1.0
42845.18539035282, 51, 1.0
42845.77271529097, 45, -1.0
42845.98007923838, 109, -1.0
42846.87375545092, 64, 1.0
42847.07004749501, 116, 1.0
42847.16460589009, 106, -1.0
42847.655521094064, 71, -1.0
42847.88423912582, 74, 1.0
42848.69098537908, 84, 1.0
42849.67558708941, 148, -1.0
42849.938411560164, 235, -1.0
42850.56095879825, 126, 1.0
42852.50514415308, 35, 1.0
42853.1379642615, 142, 1.0
42856.763526274815, 34, -1.0
42856.90635878262, 82, 1.0
42858.00016966146, 123, 1.0
42862.249520228186, 75, 1.0
42862.72527084857, 164, -1.0
42862.77459662293, 165, -1.0
42866.47062313687, 64, 1.0
42868.470248690035, 152, 1.0
42869.15918119005, 59, -1.0
42870.62726629565, 169, 1.0
42874.04484850765, 165, -1.0
42874.74627560595, 114, 1.0
42878.02953408859, 101, -1.0
42878.80264059307, 198, -1.0
42879.225772931786, 34, 1.0
42884.508654543795, 81, -1.0
42887.685352172324, 152, 1.0
42888.20550154528, 29, 1.0
42888.424020882274, 130, 1.0
42889.56903167908, 71, -1.0
42890.327951675325, 35, -1.0
42891.067848141654, 95, 1.0
42891.24888624537, 116, 1.0
42892.274707092576, 62, 1.0
42894.07261528702, 58, -1.0
42895.40078614536, 164, -1.0
42897.14998770981, 116, -1.0
42898.31479347691, 158, 1.0
42899.20243906517, 169, -1.0
42902.063266255675, 92, -1.0
42902.8619823372, 107, 1.0
42903.37188026628, 65, -1.0
42903.46419483112, 90, -1.0
42903.61170762403, 123, -1.0
42903.677591689186, 36, -1.0
42903.75306638563, 153, -1.0
42905.758193424634, 40, 1.0
42906.82608044281, 126, 1.0
42907.164655605215, 123, -1.0
42907.83635806238, 103, 1.0
42909.46585561695, 198, -1.0
42911.561779607175, 155, -1.0
42913.243404834575, 100, -1.0
42913.51762892824, 71, 1.0
42914.97961483842, 117, -1.0
42915.19307610671, 87, -1.0
42915.819234721646, 109, 1.0
42917.792630717246, 233, 1.0
42918.058323925994, 75, 1.0
42918.993151286224, 169, 1.0
42920.43388865596, 35, 1.0
42920.515488497345, 103, -1.0
42923.11429095927, 40, -1.0
42924.02417431975, 141, -1.0
42924.23406256072, 152, 1.0
42926.05301988415, 52, -1.0
42927.54985538002, 161, -1.0
42928.16981554369, 52, -1.0
42929.4316178547, 33, 1.0
42930.58559383914, 55, -1.0
42932.64031179673, 69, 1.0
42932.741156438045, 163, -1.0
42933.5790477587, 118, 1.0
42934.687774498874, 35, 1.0
42935.026089951585, 90, -1.0
42935.75736596639, 74, -1.0
42936.73254814662, 39, 1.0
42937.61303442018, 110, -1.0
42937.62865020208, 88, -1.0
42938.2051588741, 116, -1.0
42939.07348104531, 50, 1.0
42942.75208595082, 119, -1.0
42942.80543090534, 69, 1.0
42943.45422121536, 62, -1.0
42946.986780172534, 152, -1.0
42947.70729224467, 53, -1.0
42948.62346212177, 50, -1.0
42949.215780151855, 116, 1.0
42950.2792675339, 103, 1.0
42950.331568664194, 33, -1.0
42951.23534578954, 123, -1.0
42952.25227994916, 35, 1.0
42952.87542212627, 101, 1.0
42953.97098843352, 100, 1.0
42954.59036392222, 154, -1.0
42956.0028916141, 87, -1.0
42956.15983148929, 81, 1.0
42959.44453083806, 126, -1.0
42960.04917369178, 102, -1.0
42961.312102039316, 230, -1.0
42963.73383768694, 169, -1.0
42964.77325805658, 234, -1.0
42965.64304633007, 98, -1.0
42966.29903398425, 161, -1.0
42966.343411760085, 114, -1.0
42967.5494318498, 99, -1.0
42968.6490632862, 137, 1.0
42969.349878579415, 87, -1.0
42970.60880592186, 28, 1.0
42970.82600255013, 146, -1.0
42971.00197176491, 94, -1.0
42971.13758726482, 68, 1.0
42971.41181777207, 43, 1.0
42971.82613336847, 69, 1.0
42972.196098810455, 83, -1.0
42972.8528218149, 168, 1.0
42973.71102772923, 80, 1.0
42973.90830114458, 126, -1.0
42974.544083473505, 43, 1.0
42975.4157126338, 71, 1.0
42975.98303969997, 70, 1.0
42976.8431373124, 148, -1.0
42979.10608804163, 155, -1.0
42980.191339076424, 69, 1.0
42981.91340519679, 228, 1.0
42983.39852695083, 160, -1.0
42983.45412337168, 100, 1.0
42984.48426746488, 169, 1.0
42984.895163705645, 109, 1.0
42985.4226495538, 234, 1.0
42985.72225291151, 160, -1.0
42986.41757120314, 160, -1.0
42986.633380473504, 84, 1.0
42988.09078297712, 164, -1.0
42989.93901120369, 142, -1.0
42990.14089330597, 51, 1.0
42990.69426495471, 142, 1.0
42993.28883587203, 34, -1.0
42993.54407345622, 157, -1.0
42994.21229432994, 83, -1.0
42995.78057441566, 39, 1.0
42995.96407480359, 43, 1.0
42996.266089532466, 42, -1.0
42997.43795570669, 123, -1.0
42997.679722127505, 29, -1.0
42998.052010318985, 159, -1.0
42998.948637548056, 154, 1.0
42999.42078261425, 56, -1.0
42999.77044729828, 71, -1.0
42999.91707985438, 105, -1.0
43002.9003433801, 67, 1.0
43003.626003523335, 28, 1.0
43004.35991763185, 35, 1.0
43008.12546675595, 69, 1.0
43009.64994435414, 68, -1.0
43012.26608530704, 114, -1.0
43012.53804643096, 75, -1.0
43015.285999789005, 169, -1.0
43020.21987992796, 149, 1.0
43020.56743084761, 87, -1.0
43020.950024083424, 100, -1.0
43021.39129658483, 75, -1.0
43021.43935774104, 86, -1.0
43023.12012609528, 193, -1.0
43023.16385391155, 157, -1.0
43023.19119626948, 75, 1.0
43023.51840508064, 155, -1.0
43024.09105384036, 56, 1.0
43024.54737199532, 106, -1.0
43025.436919630025, 94, -1.0
43025.507872967246, 146, -1.0
43026.29598606726, 177, 1.0
43027.447525862124, 44, -1.0
43028.98603055598, 123, -1.0
43029.5670869254, 117, -1.0
43029.62831175525, 27, -1.0
43030.29576265232, 80, -1.0
43031.599016395034, 142, 1.0
43033.007478142215, 36, -1.0
43035.09887808218, 100, -1.0
43038.70899677152, 155, -1.0
43039.19204392366, 163, -1.0
43039.497417370156, 50, -1.0
43040.98912797701, 100, -1.0
43041.56112356977, 39, -1.0
43041.571111881036, 75, 1.0
43041.66393684265, 64, 1.0
43043.565242823446, 75, -1.0
43043.92653214058, 40, 1.0
43044.62825610633, 114, -1.0
43044.81178099492, 106, -1.0
43045.87602198797, 41, -1.0
43046.36142495803, 56, -1.0
43046.99274038206, 228, -1.0
43048.136152924504, 120, 1.0
43049.4413135161, 27, 1.0
43053.280449475584, 169, 1.0
43053.937632211055, 111, -1.0
43055.94997553516, 94, -1.0
43056.006453657086, 74, -1.0
43057.42743393111, 83, -1.0
43059.2593180559, 202, -1.0
43059.31952906555, 68, 1.0
43060.435746972405, 222, 1.0
43062.0770500887, 188, -1.0
43062.87765943606, 101, -1.0
43063.093845244264, 30, -1.0
43064.65815960966, 114, 1.0
43064.857177880054, 59, -1.0
43065.28165606604, 141, -1.0
43067.74407620108, 222, -1.0
43069.03563559109, 193, -1.0
43069.659782106006, 84, 1.0
43069.857939846974, 40, -1.0
43069.94600860753, 71, 1.0
43070.30072013504, 188, 1.0
43071.53376148699, 119, -1.0
43072.007254625845, 188, -1.0
43072.01286861867, 97, -1.0
43073.39742554029, 128, 1.0
43073.869310155, 123, 1.0
43074.057261772505, 161, 1.0
43075.22869333515, 73, -1.0
43075.85866032468, 52, 1.0
43076.08843263055, 101, -1.0
43076.5060114502, 62, 1.0
43077.64584663976, 101, 1.0
43078.11044066319, 35, 1.0
43078.31809925678, 142, 1.0
43079.59769911104, 177, -1.0
43080.38695986765, 87, -1.0
43080.501433479854, 83, -1.0
43081.52537307261, 114, -1.0
43082.496214844454, 44, 1.0
43083.88838862467, 169, -1.0
43084.28319507975, 81, -1.0
43085.82911330265, 234, 1.0
43086.70288073657, 116, 1.0
43087.39622093309, 99, -1.0
43087.52295453551, 89, 1.0
43088.4322678766, 142, -1.0
43089.77440382258, 148, -1.0
43092.02384276593, 67, 1.0
43094.16514757788, 50, -1.0
43095.543380568655, 92, -1.0
43096.22287619353, 29, -1.0
43097.00569495707, 90, -1.0
43097.42108301076, 82, -1.0
43097.60618047197, 75, -1.0
43098.44339407972, 34, -1.0
43099.02700861831, 83, -1.0
43100.65683281899, 153, 1.0
43100.83147241508, 198, -1.0
43101.77755232052, 234, -1.0
43102.82244336441, 35, 1.0
43103.12393876755, 182, -1.0
43103.16949055893, 163, -1.0
43103.18074390685, 163, 1.0
43105.04845071799, 98, 1.0
43105.36834145078, 173, 1.0
43106.41647555758, 95, -1.0
43106.58810445584, 169, -1.0
43108.047959774376, 84, -1.0
43111.13070785562, 45, -1.0
43111.70579051471, 146, -1.0
43113.90473272548, 52, 1.0
43115.05159589561, 114, 1.0
43118.884348055515, 52, -1.0
43118.908549284075, 58, -1.0
43120.338207128414, 101, 1.0
43122.286247413074, 193, -1.0
43124.05143821926, 56, -1.0
43124.48242546459, 222, 1.0
43125.596242844316, 72, -1.0
43125.88273462904, 159, -1.0
43128.092767063165, 158, -1.0
43128.99008410408, 46, -1.0
43129.215585593825, 58, 1.0
43130.33311105886, 96, -1.0
43131.09734005598, 34, -1.0
43131.92672845508, 109, 1.0
43132.2650083991, 110, 1.0
43132.47575539049, 84, -1.0
43132.724378995896, 114, -1.0
43132.79805895538, 75, 1.0
43133.013822713794, 173, 1.0
43133.2869792292, 161, -1.0
43134.98900967084, 35, -1.0
43135.77160788696, 228, -1.0
43136.56354647199, 198, -1.0
43138.2808827176, 120, 1.0
43138.61752071153, 230, -1.0
43139.75682677986, 72, 1.0
43142.66125989122, 167, -1.0
43145.06248355463, 233, -1.0
43145.91305361012, 163, 1.0
43150.02698809992, 71, -1.0
43152.90351307455, 94, -1.0
43153.06873892378, 56, -1.0
43153.76097817271, 99, -1.0
43154.41520632066, 146, 1.0
43154.80322989875, 35, 1.0
43155.24793532501, 35, 1.0
43155.920123079355, 180, -1.0
43156.660273368594, 69, 1.0
43158.47532227287, 52, 1.0
43159.64751301656, 109, -1.0
43159.834284105986, 99, -1.0
43161.60568716497, 53, -1.0
43162.1187958932, 36, 1.0
43163.9238705565, 158, -1.0
43164.931907830774, 108, -1.0
43165.0450948746, 110, -1.0
43165.26940664451, 29, -1.0
43166.08886373941, 83, 1.0
43167.94115666702, 60, -1.0
43170.59669046252, 114, -1.0
43170.70520918461, 162, 1.0
43170.724309896075, 142, 1.0
43173.91964379631, 114, 1.0
43174.14031071703, 87, -1.0
43174.20575197456, 164, -1.0
43176.059893292615, 107, 1.0
43177.53485360288, 104, -1.0
43181.17666144475, 230, -1.0
43184.77093750913, 114, -1.0
43184.8463803116, 90, -1.0
43188.04047640121, 45, -1.0
43188.572006925155, 90, 1.0
43188.786394196104, 169, -1.0
43190.070339658116, 163, -1.0
43190.08987261986, 142, 1.0
43190.68048734258, 113, -1.0
43193.41966546342, 99, 1.0
43193.68777439859, 50, 1.0
43194.843464769874, 119, -1.0
43195.034591875316, 114, -1.0
43195.55889314889, 101, -1.0
43199.61085327883, 114, -1.0
