39604.87687440179, 198, 1.0
39605.95737782932, 102, 1.0
39606.85406089797, 112, -1.0
39607.50412560204, 157, 1.0
39607.878924144214, 67, -1.0
39608.77832471955, 65, 1.0
39609.76074170878, 106, -1.0
39610.88912552716, 59, -1.0
39611.32938060779, 180, -1.0
39613.493225794206, 230, 1.0
39613.836249483626, 98, -1.0
39613.93978933726, 75, 1.0
39615.22198335936, 116, -1.0
39617.40598000895, 65, 1.0
39617.80018354859, 111, -1.0
39617.833971532316, 75, 1.0
39618.42490207623, 26, 1.0
39619.94311981306, 67, -1.0
39620.06300177455, 40, 1.0
39620.51620556775, 104, -1.0
39621.86768627574, 92, -1.0
39622.81551442985, 114, -1.0
39624.52437924878, 31, 1.0
39626.882629485866, 45, 1.0
39631.130344812016, 81, -1.0
39631.43518729706, 230, -1.0
39636.432874389415, 62, -1.0
39636.558675413085, 103, -1.0
39637.91055856271, 165, -1.0
39637.976343882816, 27, -1.0
39638.62131146352, 76, -1.0
39638.747664864626, 162, -1.0
39639.07675105105, 177, 1.0
39639.2310865874, 70, 1.0
39639.618985541965, 233, -1.0
39640.04403048397, 130, -1.0
39640.41248401588, 71, -1.0
39642.63911361986, 163, -1.0
39643.996920968886, 80, -1.0
39644.133133211864, 61, 1.0
39644.58804654577, 91, -1.0
39644.65774326108, 42, 1.0
39646.643075057866, 28, 1.0
39647.28059450702, 40, -1.0
39647.293437652974, 84, -1.0
39647.444747918584, 153, -1.0
39648.73493560542, 36, -1.0
39648.743224439895, 43, 1.0
39652.78091739125, 73, -1.0
39652.911690280205, 124, -1.0
39653.33688408277, 169, -1.0
39654.42842627792, 40, 1.0
39654.613021046716, 53, 1.0
39654.79878144504, 73, 1.0
39655.58485509925, 114, 1.0
39657.08148739806, 142, 1.0
39658.340851651934, 141, 1.0
39660.51209864981, 81, 1.0
39660.88984348641, 181, 1.0
39662.01148320959, 90, -1.0
39663.05169263412, 65, 1.0
39663.25788767216, 234, 1.0
39664.33283097607, 97, -1.0
39664.53186865865, 119, -1.0
39664.89841079196, 37, -1.0
39665.21929427123, 35, 1.0
39665.51353711606, 71, 1.0
39667.52855294246, 126, -1.0
39669.94669301217, 118, -1.0
39670.1671582106, 228, -1.0
39670.93891874521, 165, -1.0
39671.39921928506, 113, -1.0
39671.637995306846, 233, -1.0
39675.098728702775, 58, 1.0
39677.66824961888, 165, 1.0
39678.05992691214, 146, 1.0
39678.233053452175, 114, 1.0
39678.81434919082, 155, -1.0
39678.881430925576, 163, 1.0
39680.00648584124, 181, 1.0
39681.167583095754, 51, 1.0
39682.50406949453, 142, 1.0
39683.507439649424, 65, 1.0
39683.93563865514, 92, -1.0
39684.221074766574, 137, 1.0
39684.327061728094, 82, -1.0
39684.332592902916, 101, -1.0
39686.179963732066, 99, -1.0
39686.514382826135, 163, 1.0
39688.884020218786, 155, -1.0
39691.02175529257, 69, -1.0
39691.44513233466, 133, 1.0
39691.76836174336, 162, 1.0
39692.386295676544, 106, 1.0
39693.7919004085, 50, -1.0
39693.879808472084, 116, 1.0
39694.069163359876, 152, 1.0
39694.94181898712, 122, -1.0
39696.91811964456, 120, 1.0
39697.972529092636, 165, -1.0
39699.211370468, 146, 1.0
39699.34530747085, 169, -1.0
39699.56043309087, 116, -1.0
39699.99856983866, 58, 1.0
39701.08587158997, 169, 1.0
39702.76755863967, 83, 1.0
39705.47512326978, 101, 1.0
39705.72912244261, 76, -1.0
39706.06521107335, 58, 1.0
39706.24345749595, 44, -1.0
39714.26856055613, 233, 1.0
39718.9010967732, 162, 1.0
39718.96804205352, 100, -1.0
39720.04194944521, 61, -1.0
39721.33371443189, 84, 1.0
39721.564252797376, 50, 1.0
39721.640078116674, 234, -1.0
39723.36949980815, 162, -1.0
39724.44289242179, 67, -1.0
39725.102458521564, 58, -1.0
39725.55166835728, 164, -1.0
39726.871370139226, 114, -1.0
39727.831254736346, 103, 1.0
39728.67653687953, 59, 1.0
39728.952129112746, 60, -1.0
39730.70803552106, 188, -1.0
39731.29378711685, 80, -1.0
39732.763411959866, 146, -1.0
39733.427012430744, 164, -1.0
39733.897900816824, 71, -1.0
39738.150715747324, 163, 1.0
39740.66502187986, 29, 1.0
39740.736210831055, 69, -1.0
39742.08758945761, 148, 1.0
39743.12662847841, 163, 1.0
39743.66000566442, 173, -1.0
39744.90269622101, 126, -1.0
39746.572767471676, 50, -1.0
39747.305058917584, 109, -1.0
39748.50262262405, 233, -1.0
39749.220151196234, 141, -1.0
39749.623886622474, 87, 1.0
39749.68233924907, 165, -1.0
39750.05030352153, 163, -1.0
39751.06509491497, 71, 1.0
39751.79782503796, 153, -1.0
39754.99514428352, 99, 1.0
39755.04441959626, 126, 1.0
39755.23843765039, 46, 1.0
39757.0720513736, 68, -1.0
39757.27477133855, 71, -1.0
39757.35954593615, 146, 1.0
39757.595442542835, 146, -1.0
39757.99744111654, 230, -1.0
39760.89266730434, 40, 1.0
39761.932896593746, 198, -1.0
39763.298553230634, 116, -1.0
39765.040117036864, 75, 1.0
39765.97091194338, 103, -1.0
39767.29784056508, 148, 1.0
39769.021831854116, 75, 1.0
39770.562071527136, 163, 1.0
39772.14085320839, 31, -1.0
39775.10369479241, 222, -1.0
39775.25557361451, 133, 1.0
39776.036659874575, 32, 1.0
39778.91503956133, 63, -1.0
39780.36044666032, 233, -1.0
39780.4437237901, 155, 1.0
39780.44763089067, 55, -1.0
39780.90363697827, 151, 1.0
39781.190975126, 56, 1.0
39781.85324638068, 177, -1.0
39783.49784295141, 36, 1.0
39783.569570330445, 235, -1.0
39786.31203117362, 75, 1.0
39787.79338264678, 148, -1.0
39787.86401888897, 113, -1.0
39788.573073744454, 35, 1.0
39790.09219390178, 41, 1.0
39790.10986640085, 159, -1.0
39790.70373800615, 97, 1.0
39791.53432899114, 235, -1.0
39791.95108712647, 187, -1.0
39792.49780544029, 153, -1.0
39792.83383115895, 31, 1.0
39793.66818994592, 53, -1.0
39794.17834319583, 116, 1.0
39794.854090272755, 75, 1.0
39795.79547978159, 170, 1.0
39795.88962427106, 103, -1.0
39796.16497160969, 59, 1.0
39797.628117010456, 142, 1.0
39799.13041573932, 48, -1.0
39800.355272531975, 126, -1.0
39801.317250859785, 35, 1.0
39801.58462646572, 39, -1.0
39801.614594332066, 43, 1.0
39803.21664926068, 163, -1.0
39807.47106321236, 103, 1.0
39807.703673857344, 130, -1.0
39807.86266944929, 97, 1.0
39808.48023631117, 61, 1.0
39808.653097162154, 165, -1.0
39808.74577626352, 163, -1.0
39808.87658043312, 165, -1.0
39811.09157967995, 71, -1.0
39812.65427223766, 146, -1.0
39814.245741935294, 155, -1.0
39815.62190992404, 41, 1.0
39816.39704941983, 55, -1.0
39816.764250700595, 73, -1.0
39817.35678104579, 103, -1.0
39819.3285364503, 177, 1.0
39820.822473565626, 149, -1.0
39821.92083611747, 146, 1.0
39824.43050713598, 133, 1.0
39826.09301324079, 173, 1.0
39826.143535785115, 58, 1.0
39827.5743225504, 101, -1.0
39828.9196849481, 75, -1.0
39830.14101119547, 40, -1.0
39830.40024966789, 177, 1.0
39830.88763743683, 146, 1.0
39832.21355477485, 40, 1.0
39834.87143413538, 164, -1.0
39835.766637170105, 92, 1.0
39838.49392909646, 99, -1.0
39840.224892786704, 44, -1.0
39840.87916396811, 35, -1.0
39841.558711762125, 153, -1.0
39841.974568899175, 36, 1.0
39842.244056737436, 74, 1.0
39842.27299152966, 163, -1.0
39843.96952299013, 70, 1.0
39844.926822899826, 40, 1.0
39846.51398196261, 142, 1.0
39846.51605449608, 130, -1.0
39848.32873392775, 182, 1.0
39848.474540190495, 152, 1.0
39851.2021027821, 48, -1.0
39852.75050348152, 111, -1.0
39852.8523378189, 27, -1.0
39853.27859197799, 230, 1.0
39855.617478680295, 165, -1.0
39857.21201182443, 173, -1.0
39857.54398982081, 126, 1.0
39861.102198672255, 235, 1.0
39861.8986278696, 71, 1.0
39863.75778078934, 81, -1.0
39865.37405288292, 171, 1.0
39865.61022872013, 109, -1.0
39866.34288575668, 157, -1.0
39869.43280093674, 29, 1.0
39872.038386578155, 63, 1.0
39872.280812019366, 126, 1.0
39872.361858862554, 119, -1.0
39874.550786192885, 188, -1.0
39874.66892733527, 80, -1.0
39875.231731987675, 40, -1.0
39877.53235316366, 48, -1.0
39881.568173736705, 41, -1.0
39882.346067282226, 137, 1.0
39882.64872957022, 90, 1.0
39887.60189937358, 70, 1.0
39887.975970587024, 180, -1.0
39888.29231674498, 59, -1.0
39890.2051906584, 34, -1.0
39890.45624064698, 67, -1.0
39891.44462155359, 75, 1.0
39893.116192313566, 31, -1.0
39893.913846576936, 171, -1.0
39894.12854666422, 128, -1.0
39894.21965399101, 58, -1.0
39894.27151463813, 88, -1.0
39894.59604741446, 97, -1.0
39894.74054338708, 69, 1.0
39894.86665025552, 126, -1.0
39894.957482563186, 116, -1.0
39894.984523415806, 76, -1.0
39895.83093839302, 75, -1.0
39899.31498599076, 171, -1.0
39901.117318754885, 87, -1.0
39901.84083448618, 148, 1.0
39902.38412479107, 165, -1.0
39904.04509924261, 58, 1.0
39904.77912518289, 97, -1.0
39906.462807150005, 97, -1.0
39906.60633609079, 75, 1.0
39909.75440324099, 167, -1.0
39911.151804085595, 33, -1.0
39912.304420744884, 44, -1.0
39912.6530875291, 71, -1.0
39913.03156094376, 40, 1.0
39913.20437120736, 58, 1.0
39915.54939233664, 167, -1.0
39916.092580842946, 163, 1.0
39916.76013990294, 198, 1.0
39920.61640979415, 85, -1.0
39928.08009967129, 155, 1.0
39930.00415050967, 137, 1.0
39931.41598649867, 82, 1.0
39931.76110132223, 87, -1.0
39932.90055382684, 110, -1.0
39934.815452715535, 71, 1.0
39937.18486172935, 40, 1.0
39937.515716750466, 228, -1.0
39938.624292126035, 73, -1.0
39938.93657182896, 27, 1.0
39939.15477387689, 44, -1.0
39939.694136482336, 163, 1.0
39940.166975605476, 40, 1.0
39942.596155939464, 29, 1.0
39943.39748097059, 46, -1.0
39943.5511727816, 163, -1.0
39944.79340765881, 71, 1.0
39945.28980066222, 162, -1.0
39946.82884425969, 142, 1.0
39947.215115742874, 100, -1.0
39947.98124161958, 30, -1.0
39949.38999989773, 173, 1.0
39949.59311346288, 233, -1.0
39951.322501773866, 45, -1.0
39951.66495448169, 68, -1.0
39951.913010313125, 87, 1.0
39952.87153963372, 28, 1.0
39955.081422887764, 35, 1.0
39955.782436110996, 139, -1.0
39956.556475255806, 36, -1.0
39956.93271479113, 104, 1.0
39957.276410530416, 75, -1.0
39957.46694700278, 97, 1.0
39958.48678802105, 154, -1.0
39958.80970166146, 35, -1.0
39962.10577855388, 32, 1.0
39962.97094426189, 149, 1.0
39963.006397239056, 87, 1.0
39963.10256053876, 31, -1.0
39964.802857045805, 26, -1.0
39966.939924463266, 151, 1.0
39970.22185844857, 139, -1.0
39970.47670847154, 114, 1.0
39971.20078524072, 165, 1.0
39971.427105015624, 29, -1.0
39971.44449472785, 114, 1.0
39971.682262957234, 68, -1.0
39971.898073296696, 75, 1.0
39971.997229044835, 73, -1.0
39972.27345646129, 40, 1.0
39973.27948070429, 193, 1.0
39974.366916008046, 35, -1.0
39974.62288215967, 116, 1.0
39975.10368514399, 103, -1.0
39977.166820608574, 89, -1.0
39977.75632478846, 48, -1.0
39978.00429345614, 167, -1.0
39981.32703311941, 119, -1.0
39982.61531115295, 164, -1.0
39984.2749113682, 54, -1.0
39984.634078777526, 180, -1.0
39986.05044494636, 106, -1.0
39986.14978369643, 45, -1.0
39987.03083308612, 100, 1.0
39987.34911857693, 101, -1.0
39987.766840334894, 37, -1.0
39989.970989981724, 88, -1.0
39990.20352428485, 114, 1.0
39991.12341646424, 71, -1.0
39991.403522673005, 45, -1.0
39991.634389841456, 146, 1.0
39992.35069079543, 75, -1.0
39993.79672578684, 105, -1.0
39994.00318439551, 234, -1.0
39996.74163470875, 109, 1.0
39997.27356653802, 71, -1.0
39999.35557830551, 67, 1.0
39999.753303730926, 100, -1.0
40001.05825158659, 120, 1.0
40004.12947618172, 164, -1.0
40004.92604331229, 159, 1.0
40006.72287498958, 158, -1.0
40007.59339697287, 101, -1.0
40007.80571943519, 75, -1.0
40007.94587892153, 89, 1.0
40008.48812259473, 177, -1.0
40009.82771289088, 101, 1.0
40010.23421040042, 87, -1.0
40010.31597305204, 84, -1.0
40011.3004219398, 123, -1.0
40011.77633797887, 104, -1.0
40011.776384424855, 234, -1.0
40012.99183576039, 60, 1.0
40015.21218279744, 155, -1.0
40016.545691993975, 105, 1.0
40019.823514539436, 75, 1.0
40020.154308421836, 106, -1.0
40020.78074412475, 99, 1.0
40022.29739124337, 40, -1.0
40022.71043708299, 147, -1.0
40022.98836384197, 165, -1.0
40023.63333408116, 90, -1.0
40029.66484745592, 44, -1.0
40029.75548626628, 39, 1.0
40029.959540786534, 58, -1.0
40034.73708503215, 60, -1.0
40035.14991614341, 40, 1.0
40035.23952978082, 142, 1.0
40036.17447437672, 91, -1.0
40036.703260791335, 235, -1.0
40036.86068013657, 82, 1.0
40037.579348846426, 65, 1.0
40037.929973052924, 165, -1.0
40038.24923565457, 75, 1.0
40038.91114141825, 60, -1.0
40040.054102887356, 32, -1.0
40040.52702374546, 151, 1.0
40042.03566289823, 50, 1.0
40042.498964711296, 35, -1.0
40042.87475589859, 110, -1.0
40042.95780071842, 71, -1.0
40043.37897762324, 159, -1.0
40043.942286628255, 133, -1.0
40044.32709144737, 142, -1.0
40044.48934237442, 69, 1.0
40046.50014303205, 35, -1.0
40047.02654737997, 92, -1.0
40047.417219616334, 98, -1.0
40048.732516266406, 230, 1.0
40048.793203004054, 67, 1.0
40049.33712755461, 165, -1.0
40049.736493347424, 99, -1.0
40050.57946683905, 73, -1.0
40050.91095756079, 66, 1.0
40051.535918363246, 72, 1.0
40052.459785386694, 29, 1.0
40052.90002514884, 75, 1.0
40054.02910726277, 58, 1.0
40055.109354110755, 119, 1.0
40055.26032505649, 84, -1.0
40057.003802090985, 100, 1.0
40058.28718728273, 142, -1.0
40058.92347931428, 66, 1.0
40059.111127669574, 28, -1.0
40059.22828433059, 101, 1.0
40060.06448468069, 29, -1.0
40060.754535718406, 72, -1.0
40061.2345701085, 70, -1.0
40062.60512168084, 56, -1.0
40064.56806071154, 162, 1.0
40065.16303205231, 40, 1.0
40065.37441473827, 68, -1.0
40066.35976279651, 67, 1.0
40066.72897092894, 67, -1.0
40069.827447416494, 157, 1.0
40069.99937356212, 101, 1.0
40072.97760299405, 59, -1.0
40074.750224203264, 228, -1.0
40075.66439190491, 165, -1.0
40076.151969718005, 39, -1.0
40076.38711627877, 83, 1.0
40076.43622274307, 114, 1.0
40077.833934311, 36, 1.0
40079.58333263495, 40, -1.0
40082.85582837266, 100, 1.0
40085.14240585007, 75, 1.0
40087.43510342228, 58, 1.0
40089.114356383536, 66, 1.0
40090.151333958616, 102, -1.0
40091.091476406466, 111, -1.0
40093.02903823244, 87, -1.0
40094.296704824286, 148, -1.0
40094.899306100415, 45, -1.0
40096.27418938646, 165, 1.0
40096.72450841776, 100, -1.0
40100.159021777756, 72, -1.0
40100.23350749952, 146, -1.0
40102.00585869283, 75, 1.0
40103.60924289846, 148, -1.0
40104.37378428065, 40, 1.0
40104.689092377936, 100, 1.0
40105.52113183973, 101, 1.0
40105.96678258448, 70, -1.0
40106.10707005191, 69, 1.0
40108.788700284385, 142, -1.0
40108.84533868981, 233, 1.0
40109.934303842805, 35, -1.0
40111.65766119096, 72, 1.0
40112.88709745522, 53, -1.0
40113.39501692177, 177, -1.0
40113.436869223726, 233, -1.0
40113.74374352019, 162, 1.0
40114.02883945294, 235, 1.0
40115.175169137685, 141, 1.0
40115.90261605454, 137, -1.0
40115.92294396206, 59, -1.0
40117.08892281006, 119, -1.0
40117.94154595496, 148, -1.0
40119.73816212948, 159, -1.0
40119.867792717094, 114, 1.0
40122.091685847285, 87, 1.0
40123.41038159067, 138, -1.0
40124.18915659205, 188, 1.0
40124.34889001232, 138, -1.0
40126.0264531783, 233, -1.0
40127.487586847456, 146, 1.0
40128.01389165607, 130, 1.0
40128.4488175059, 103, 1.0
40129.26881909559, 50, -1.0
40129.60830953467, 84, 1.0
40130.10051980811, 75, -1.0
40130.616103820525, 40, -1.0
40131.92936863995, 111, 1.0
40133.81437065636, 146, 1.0
40135.84365123405, 62, 1.0
40136.06858057563, 141, -1.0
40141.93059073406, 154, -1.0
40142.743724025226, 152, 1.0
40143.092076387664, 42, 1.0
40143.66044023076, 241, 1.0
40145.13345830832, 160, -1.0
40145.46880061619, 101, 1.0
40145.930367208515, 75, -1.0
40146.33693862322, 71, 1.0
40148.99327997408, 163, 1.0
40149.85396760991, 162, -1.0
40151.78513157258, 153, -1.0
40153.80253153349, 181, -1.0
40155.87902895382, 32, 1.0
40157.14672801695, 162, -1.0
40157.86436341795, 84, -1.0
40158.74387588891, 114, 1.0
40159.53885242518, 64, -1.0
40159.85536866169, 74, 1.0
40159.878435603656, 66, -1.0
40161.836658523476, 43, -1.0
40162.39154412381, 35, 1.0
40163.416195742866, 83, -1.0
40164.30979851684, 126, -1.0
40170.436714518466, 59, -1.0
40170.98357146059, 37, -1.0
40171.42096632964, 99, 1.0
40171.75713780217, 102, -1.0
40175.82095483852, 101, 1.0
40175.91019734299, 113, -1.0
40176.93019975718, 28, 1.0
40178.41549405536, 80, -1.0
40178.63534235385, 69, 1.0
40179.37884190984, 69, -1.0
40180.36860771823, 53, -1.0
40180.95704729593, 81, -1.0
40181.239741372774, 165, 1.0
40181.41347034788, 81, -1.0
40183.811638769504, 228, -1.0
40185.5831787776, 103, -1.0
40187.193821494, 148, 1.0
40188.086628009965, 46, -1.0
40188.37331986867, 99, 1.0
40189.95449231978, 105, 1.0
40190.22109892658, 162, -1.0
40191.9960346722, 148, -1.0
40194.95815157829, 103, 1.0
40195.47541981783, 163, -1.0
40195.74371267226, 71, 1.0
40195.92039870251, 83, 1.0
40196.131007639364, 35, -1.0
40199.323477520775, 102, 1.0
40199.99976825508, 102, -1.0
40200.47322981193, 28, 1.0
40200.49813153259, 165, -1.0
40201.057982296494, 167, -1.0
40201.56500685674, 155, -1.0
40203.105992225945, 60, -1.0
40204.10024179379, 80, 1.0
40204.20952710861, 73, 1.0
40205.50036226073, 105, -1.0
40205.98252716187, 234, -1.0
40206.18400823758, 137, -1.0
40208.226532350054, 242, -1.0
40208.8232819748, 64, -1.0
40212.68647968796, 130, 1.0
40214.49424061518, 34, 1.0
40214.85256713955, 101, -1.0
40217.76477581739, 53, -1.0
40218.24385218887, 59, -1.0
40221.13890495256, 151, 1.0
40222.22583023873, 45, -1.0
40223.32434432076, 119, 1.0
40223.397308169915, 109, 1.0
40223.6414457246, 75, -1.0
40223.804778153935, 76, -1.0
40224.19155429837, 165, -1.0
40227.539743112124, 114, -1.0
40227.744076882125, 81, -1.0
40227.78368712004, 177, -1.0
40229.36888956731, 53, 1.0
40231.05506508032, 100, -1.0
40234.60740956745, 75, -1.0
40236.27875464167, 34, 1.0
40238.369586683984, 109, -1.0
40240.69027499609, 101, -1.0
40240.83252660224, 82, 1.0
40241.26558410766, 171, -1.0
40241.64889787078, 154, 1.0
40241.82620480228, 154, 1.0
40242.50816507904, 50, -1.0
40242.956750015735, 84, 1.0
40243.2686100203, 142, 1.0
40243.379143073704, 130, -1.0
40245.34031258868, 126, 1.0
40247.22977810834, 230, 1.0
40248.95551983225, 235, 1.0
40250.90108317796, 97, 1.0
40250.94935698901, 228, -1.0
40251.2297903166, 67, 1.0
40252.7361491828, 82, 1.0
40253.52606921945, 162, 1.0
40254.33128059585, 89, 1.0
40255.62274331093, 28, -1.0
40257.87378644326, 169, -1.0
40258.39615164665, 210, -1.0
40259.87191520319, 103, 1.0
40260.56041497692, 35, 1.0
40260.83647141551, 182, -1.0
40260.96298507194, 101, -1.0
40261.065633333375, 228, -1.0
40262.050945679024, 58, -1.0
40262.79699201176, 163, -1.0
40263.16992559189, 109, 1.0
40264.87148441509, 40, -1.0
40265.11842278213, 138, 1.0
40267.445098300246, 72, 1.0
40269.736940043855, 133, 1.0
40270.795161320464, 68, 1.0
40270.84470799477, 165, -1.0
40272.674796434425, 101, 1.0
40272.92922707138, 124, -1.0
40273.916919537805, 40, -1.0
40277.09729964176, 99, -1.0
40277.78826327654, 155, -1.0
40279.28907093256, 158, 1.0
40279.90084002411, 162, -1.0
40283.56457517527, 32, 1.0
40284.20138598812, 148, 1.0
40285.59248790306, 126, -1.0
40286.62116176759, 119, -1.0
40286.63460165165, 66, -1.0
40288.90511941736, 228, 1.0
40290.17980308117, 75, 1.0
40291.17513517763, 152, 1.0
40294.36242041, 68, -1.0
40294.60427135837, 54, -1.0
40295.71935566236, 58, -1.0
40296.29537027866, 119, 1.0
40297.705502027304, 58, 1.0
40298.14713106052, 158, -1.0
40299.44954223873, 99, 1.0
40299.90627495664, 235, -1.0
40300.46724852195, 233, -1.0
40303.28891790197, 101, 1.0
40303.9802676133, 233, -1.0
40304.78525967797, 242, -1.0
40305.71373794618, 72, 1.0
40306.71650463219, 40, 1.0
40307.571073887266, 32, 1.0
40308.86513571316, 82, -1.0
40309.14890781418, 159, -1.0
40309.3107556758, 26, 1.0
40310.126339942566, 154, 1.0
40311.99718534802, 31, 1.0
40314.72094427659, 181, -1.0
40315.12318504238, 202, -1.0
40319.01261826702, 137, -1.0
40319.845492647204, 98, 1.0
40320.87431535825, 105, 1.0
40321.27322383794, 101, -1.0
40321.6836583871, 235, 1.0
40321.72935254069, 162, 1.0
40322.702196528524, 162, 1.0
40326.46843124817, 64, -1.0
40328.034022311505, 152, -1.0
40328.62478658198, 151, 1.0
40329.43168121135, 69, -1.0
40330.371143381155, 114, -1.0
40331.693415911, 235, 1.0
40334.61472620523, 28, 1.0
40334.736810552124, 89, 1.0
40336.28451243677, 103, 1.0
40336.67175902597, 188, -1.0
40337.86213426718, 75, -1.0
40338.530498406195, 114, -1.0
40341.91172071833, 81, 1.0
40342.187451262835, 103, 1.0
40343.300017961374, 68, 1.0
40344.814208124764, 188, -1.0
40345.59173936408, 235, 1.0
40345.96301127497, 42, -1.0
40346.439091282664, 97, -1.0
40347.23949257506, 153, 1.0
40348.88802983624, 113, -1.0
40349.047999311086, 35, -1.0
40350.349052808175, 40, 1.0
40351.359199096994, 33, -1.0
40352.055829192046, 234, 1.0
40353.09845907973, 146, -1.0
40354.25704759844, 157, 1.0
40354.38324970736, 182, 1.0
40355.20242057651, 43, 1.0
40355.61102853246, 177, 1.0
40356.81321467865, 29, -1.0
40357.05152449067, 228, -1.0
40358.25748044944, 35, 1.0
40359.80629134779, 228, -1.0
40360.2053314934, 159, -1.0
40360.86431896514, 30, -1.0
40361.943018695056, 75, -1.0
40363.24927697366, 146, -1.0
40365.21191912477, 147, -1.0
40365.547820201384, 120, 1.0
40366.08419878656, 100, 1.0
40366.46634468611, 130, -1.0
40367.25947215948, 169, 1.0
40367.62514677207, 146, -1.0
40367.9258555109, 63, -1.0
40368.996864228924, 141, 1.0
40369.093537608336, 40, -1.0
40369.67583346513, 163, -1.0
40370.2874334842, 142, -1.0
40371.2803356792, 75, 1.0
40371.989867498945, 126, 1.0
40374.13418448638, 118, -1.0
40375.790820929666, 170, 1.0
40378.27801669464, 116, 1.0
40380.07897416778, 98, -1.0
40382.19193424935, 110, -1.0
40382.29191121783, 114, -1.0
40382.67850331957, 116, -1.0
40383.35246313619, 126, 1.0
40385.37600090859, 88, -1.0
40386.07050655222, 58, 1.0
40386.45397680384, 64, 1.0
40386.59480931725, 155, -1.0
40389.590672165235, 146, 1.0
40392.430302906796, 75, 1.0
40393.35676967328, 177, -1.0
40393.94250593614, 95, -1.0
40395.188535470916, 29, -1.0
40396.54516701462, 116, 1.0
40397.577985241114, 87, -1.0
40400.17749119653, 40, -1.0
40401.208962835626, 84, 1.0
40401.66812080961, 171, -1.0
40402.363405018084, 71, -1.0
40402.40290275711, 235, 1.0
40404.05061586657, 33, -1.0
40404.10856405074, 59, -1.0
40405.32087259763, 91, -1.0
40405.70730449429, 35, -1.0
40406.00945466425, 43, 1.0
40406.25567422613, 146, 1.0
40406.373554592756, 58, 1.0
40409.6047518386, 58, 1.0
40409.786291805416, 141, 1.0
40410.8202437061, 152, -1.0
40411.34785691628, 80, -1.0
40412.11069960563, 97, -1.0
40415.197148581414, 146, 1.0
40415.41688634327, 81, -1.0
40416.06820393562, 81, -1.0
40416.39555409005, 162, 1.0
40416.464983157486, 68, 1.0
40417.35047508244, 73, -1.0
40417.79889754809, 71, 1.0
40418.48922028054, 137, 1.0
40419.23807930255, 95, 1.0
40421.2497466119, 114, 1.0
40421.47322500624, 66, -1.0
40421.909826021714, 58, -1.0
40424.57667199163, 40, 1.0
40427.79369252518, 105, -1.0
40428.042023640104, 87, -1.0
40429.74110078074, 108, -1.0
40430.314564589615, 100, 1.0
40430.441416767324, 130, -1.0
40431.661039165614, 35, -1.0
40432.531804885206, 117, 1.0
40432.944199208134, 35, 1.0
40434.18566856549, 114, 1.0
40435.5172461041, 40, -1.0
40435.9471432976, 35, -1.0
40438.26306424407, 35, -1.0
40439.21899560263, 110, -1.0
40441.922368124324, 142, -1.0
40442.03174390774, 45, -1.0
40442.07030702966, 109, 1.0
40442.28954097246, 69, -1.0
40442.693580035724, 74, -1.0
40443.595907231094, 35, 1.0
40443.65043521254, 103, 1.0
40443.91166092474, 126, -1.0
40444.03612342176, 142, -1.0
40445.03824028094, 73, -1.0
40445.136970193045, 114, 1.0
40446.49719466209, 55, 1.0
40446.59626652994, 96, -1.0
40446.915331449934, 147, -1.0
40447.28115324971, 163, 1.0
40447.78540182359, 98, -1.0
40448.68270642196, 59, -1.0
40449.323965906486, 35, 1.0
40451.127865716, 40, 1.0
40452.55756349565, 87, -1.0
40455.210366223924, 202, -1.0
40458.63307182921, 148, -1.0
40460.15622567759, 113, -1.0
40460.39990723595, 109, -1.0
40460.68615760033, 101, 1.0
40460.71863907469, 81, -1.0
40461.15150388743, 71, 1.0
40463.589868489216, 109, -1.0
40466.167885604285, 154, 1.0
40466.337440139876, 40, -1.0
40468.160111878075, 94, 1.0
40468.57360827683, 123, 1.0
40471.66620611281, 101, -1.0
40472.56146371885, 83, -1.0
40473.481459580325, 84, 1.0
40475.272908240215, 28, -1.0
40475.91691242387, 233, -1.0
40479.20201653733, 95, 1.0
40479.52091259701, 157, -1.0
40479.69582822207, 46, -1.0
40481.486378856236, 62, -1.0
40481.95243502495, 146, 1.0
40482.912124192604, 84, -1.0
40483.60761082183, 119, 1.0
40483.745110476324, 155, 1.0
40484.90691867914, 35, -1.0
40485.78338967617, 44, -1.0
40486.25734275936, 164, -1.0
40488.63221821351, 63, -1.0
40488.79873767377, 75, 1.0
40490.207988867, 152, 1.0
40490.54665363996, 71, 1.0
40490.829443110444, 76, -1.0
40492.05451856899, 102, -1.0
40492.44796753865, 98, -1.0
40493.25365948799, 122, -1.0
40497.56613820636, 51, -1.0
40499.359127732845, 108, 1.0
40500.03970110742, 85, -1.0
40500.96002195483, 173, 1.0
40501.992254658806, 164, -1.0
40502.790763591394, 161, 1.0
40504.652811673135, 101, -1.0
40504.9917747448, 33, 1.0
40505.14355652787, 126, -1.0
40506.17817663877, 35, 1.0
40506.7264343913, 139, 1.0
40507.075597291994, 75, 1.0
40507.78420338328, 170, -1.0
40508.217101099304, 142, 1.0
40509.27060714488, 241, -1.0
40509.65969932635, 81, -1.0
40510.10213086591, 139, -1.0
40511.387332292674, 100, 1.0
40512.180184897894, 101, 1.0
40513.02089888941, 75, -1.0
40515.24147432496, 114, -1.0
40516.25721214412, 152, -1.0
40516.29836678533, 35, -1.0
40516.43741383561, 40, -1.0
40518.22446291162, 102, 1.0
40518.55415980507, 130, 1.0
40518.77594552988, 45, 1.0
40520.782871669864, 233, -1.0
40521.45503549174, 28, -1.0
40523.29787909075, 107, -1.0
40523.60876605207, 74, -1.0
40524.56617080819, 163, 1.0
40525.074950621405, 141, 1.0
40525.41450636536, 168, 1.0
40528.830975266916, 152, -1.0
40529.29979244696, 50, -1.0
40530.891595883804, 65, -1.0
40531.81996217529, 101, 1.0
40535.486594788614, 88, -1.0
40535.7686906006, 163, 1.0
40536.267578201376, 66, 1.0
40537.40384326322, 75, -1.0
40539.44225990151, 113, -1.0
40540.81082914787, 56, -1.0
40541.29376740593, 141, 1.0
40542.47283131313, 68, 1.0
40546.343723883285, 108, -1.0
40548.41194358664, 235, -1.0
40549.77197280821, 46, -1.0
40551.57542983526, 73, -1.0
40551.59036995252, 52, -1.0
40552.43975636311, 72, 1.0
40553.23513371474, 187, -1.0
40554.69454512163, 106, -1.0
40556.330898418295, 173, 1.0
40556.3448068558, 130, -1.0
40560.26530977238, 59, -1.0
40560.769904624714, 165, -1.0
40564.56463100206, 123, 1.0
40566.449986005464, 182, -1.0
40570.198288282096, 164, 1.0
40571.13228079693, 58, 1.0
40571.79044981393, 40, 1.0
40571.81635344063, 39, -1.0
40571.91874946529, 52, -1.0
40576.88494149743, 99, -1.0
40577.8640658914, 142, -1.0
40578.004037579194, 142, 1.0
40578.020489469505, 71, 1.0
40579.62978127507, 71, -1.0
40580.430931508396, 146, 1.0
40580.57912123677, 182, 1.0
40581.08610596566, 39, -1.0
40584.47541676071, 114, 1.0
40584.7937547185, 222, -1.0
40584.99211107259, 207, -1.0
40585.85001334784, 70, -1.0
40586.248753401065, 169, 1.0
40586.77633072055, 72, 1.0
40589.88293545081, 75, 1.0
40591.57418532545, 84, 1.0
40592.24072334531, 105, -1.0
40592.74815594257, 163, -1.0
40594.74168726879, 119, -1.0
40595.29717132936, 122, -1.0
40596.02623860658, 103, 1.0
40597.52544662033, 101, 1.0
40600.30870662182, 53, -1.0
40600.76607405565, 70, -1.0
40601.27334492567, 72, -1.0
40601.30343576651, 71, -1.0
40601.51651198141, 113, -1.0
40601.706848127804, 82, -1.0
40601.733702160476, 99, -1.0
40604.3785230675, 40, 1.0
40604.68530424319, 111, -1.0
40604.94516990215, 108, -1.0
40605.42237263682, 151, 1.0
40606.907192935534, 36, 1.0
40608.73090376513, 40, -1.0
40609.1710206997, 103, -1.0
40610.568335266755, 60, 1.0
40613.590534757335, 126, -1.0
40613.659312755924, 164, 1.0
40614.02419254875, 137, 1.0
40614.58408490542, 142, -1.0
40615.5693491777, 35, 1.0
40615.97209800674, 198, -1.0
40616.088234337345, 159, -1.0
40616.75744884198, 114, -1.0
40618.04136643486, 73, 1.0
40620.05830586428, 80, -1.0
40622.330398539234, 40, -1.0
40624.493906838885, 165, 1.0
40624.80213785747, 34, 1.0
40625.35981440987, 59, -1.0
40626.741615197185, 233, 1.0
40626.780435434826, 159, -1.0
40627.25811263495, 126, -1.0
40627.8902129639, 155, -1.0
40628.48720143843, 39, -1.0
40628.524473329606, 198, -1.0
40629.56084289599, 108, -1.0
40631.46083250128, 52, -1.0
40632.04459417516, 50, 1.0
40634.84121269239, 165, 1.0
40635.04869669939, 65, -1.0
40637.72569431154, 228, -1.0
40638.07719499507, 160, -1.0
40640.1797686424, 67, 1.0
40640.558196599304, 61, 1.0
40641.16976113709, 40, -1.0
40641.68858740828, 130, 1.0
40641.82093160172, 105, -1.0
40646.54656188372, 32, -1.0
40647.11103380499, 40, 1.0
40647.29637489426, 51, 1.0
40648.72242969535, 105, 1.0
40649.34086264537, 26, 1.0
40649.514915857275, 101, -1.0
40650.69761298236, 152, 1.0
40651.62339436361, 101, -1.0
40652.01744633175, 95, -1.0
40652.23596758439, 222, -1.0
40653.17487147865, 33, 1.0
40653.77798416874, 54, -1.0
40654.06276638605, 35, -1.0
40654.60223392198, 39, 1.0
40655.027797198774, 88, -1.0
40658.780461070404, 101, -1.0
40661.73929858624, 45, -1.0
40661.86229256927, 130, -1.0
40662.42372990657, 28, -1.0
40662.90034534236, 71, -1.0
40663.45336309377, 182, 1.0
40664.602031925984, 53, -1.0
40664.7120165728, 70, 1.0
40665.44082734472, 80, 1.0
40666.84666894058, 104, -1.0
40668.00675867958, 43, 1.0
40669.19572482998, 235, 1.0
40669.76172951288, 116, -1.0
40671.880747314644, 68, 1.0
40672.07125320754, 160, -1.0
40672.3120460794, 39, -1.0
40673.30107711627, 146, 1.0
40673.73905360413, 90, -1.0
40673.90027980234, 101, 1.0
40676.745663844544, 170, -1.0
40676.81879501304, 105, 1.0
40677.61078209678, 58, 1.0
40679.46421303162, 182, 1.0
40682.761653724, 105, 1.0
40682.87628922539, 28, -1.0
40683.95661391304, 103, 1.0
40684.21431822786, 113, -1.0
40685.46370437491, 64, 1.0
40686.63203625794, 67, -1.0
40686.73167638447, 90, -1.0
40687.433429320605, 103, 1.0
40687.53839509535, 35, 1.0
40694.5137885475, 45, 1.0
40695.40363170161, 101, -1.0
40695.41390666839, 59, 1.0
40695.61196776018, 27, 1.0
40695.915321900444, 106, 1.0
40697.35986627319, 87, 1.0
40699.49896499936, 102, -1.0
40699.80416787381, 155, 1.0
40702.01394521529, 100, -1.0
40702.4762418094, 58, -1.0
40703.58828402373, 163, -1.0
40704.68990515357, 69, -1.0
40704.80403615119, 149, 1.0
40705.346926262704, 163, -1.0
40708.16718243508, 71, 1.0
40708.299485904325, 100, -1.0
40712.13404124947, 137, 1.0
40713.15802046745, 155, -1.0
40716.237246379256, 83, -1.0
40717.82104115034, 148, 1.0
40718.1840637667, 165, -1.0
40721.993860901486, 40, -1.0
40723.04225977531, 40, 1.0
40723.14769229544, 27, -1.0
40724.369941240366, 45, -1.0
40724.39684026598, 155, -1.0
40724.80199497119, 35, 1.0
40726.37362117418, 130, 1.0
40727.03095870171, 58, 1.0
40727.07779670006, 43, 1.0
40728.38673341495, 53, -1.0
40728.76905592494, 113, -1.0
40729.95219571296, 124, -1.0
40730.877137591546, 75, 1.0
40732.815864940916, 101, 1.0
40732.82957143829, 45, -1.0
40733.21340821187, 35, 1.0
40734.79327299202, 59, 1.0
40735.56334654313, 111, 1.0
40736.14269439937, 99, -1.0
40736.9039304668, 75, 1.0
40739.04542361716, 158, -1.0
40740.11631711807, 109, -1.0
40740.13135884102, 69, -1.0
40740.47020472049, 106, -1.0
40740.844195137484, 40, -1.0
40741.47012715282, 222, -1.0
40741.89786424766, 95, 1.0
40741.99582158643, 152, -1.0
40745.64534640025, 114, -1.0
40746.043578909084, 41, -1.0
40746.696764692584, 230, -1.0
40746.88336433826, 126, -1.0
40748.264733967095, 109, 1.0
40749.90374795991, 41, -1.0
40750.77403635981, 40, 1.0
40752.86820614592, 29, -1.0
40753.12290040574, 40, -1.0
40755.40745690979, 149, -1.0
40755.58248031738, 64, -1.0
40755.79911560903, 162, -1.0
40756.08744910183, 202, -1.0
40758.210726275254, 165, 1.0
40758.21369361787, 163, -1.0
40758.9715855291, 66, 1.0
40761.710419438976, 37, -1.0
40761.85101951644, 241, -1.0
40763.26506804693, 35, 1.0
40764.9640958956, 94, 1.0
40765.5338918348, 44, -1.0
40766.581599288205, 88, -1.0
40767.995213348564, 84, 1.0
40769.788440858065, 152, 1.0
40771.16038473691, 167, -1.0
40772.71673263387, 161, -1.0
40774.528141669434, 80, -1.0
40777.470567158736, 164, -1.0
40780.08682005713, 108, -1.0
40780.38897507282, 59, 1.0
40780.622147864626, 84, 1.0
40782.294130325325, 60, -1.0
40783.62310503142, 141, 1.0
40785.69635659021, 65, -1.0
40786.55870209711, 40, 1.0
40786.83694540615, 35, -1.0
40788.31745486331, 119, -1.0
40789.38914251962, 75, 1.0
40790.070456673595, 81, -1.0
40790.26228778707, 27, -1.0
40790.48651607835, 155, -1.0
40790.54075691218, 102, -1.0
40790.564128006125, 103, -1.0
40790.88408136627, 149, -1.0
40790.926951435846, 65, 1.0
40791.1918407733, 56, -1.0
40792.56296605928, 96, -1.0
40792.777163914434, 164, 1.0
40793.07619881528, 187, -1.0
40793.684297739004, 146, 1.0
40794.342528920315, 126, -1.0
40795.893766479014, 173, -1.0
40797.79456094988, 75, 1.0
40798.28410043886, 40, 1.0
40798.59395560505, 146, 1.0
40798.66345447658, 233, -1.0
40800.22872737192, 116, -1.0
40805.542541213166, 165, 1.0
40807.86621375754, 50, -1.0
40810.75079599453, 37, -1.0
40814.32724013766, 84, 1.0
40814.5581967168, 181, -1.0
40814.66803240202, 167, -1.0
40816.09676537122, 108, 1.0
40817.61247156379, 106, -1.0
40818.11895432888, 152, 1.0
40820.159807024036, 119, -1.0
40820.49407185182, 80, 1.0
40820.70968906808, 35, 1.0
40821.56703390873, 163, -1.0
40823.03603595383, 119, 1.0
40824.44684941838, 173, -1.0
40824.63489722417, 34, 1.0
40830.18392610144, 98, -1.0
40831.099436169614, 198, -1.0
40831.401293635805, 36, -1.0
40833.518621173855, 51, 1.0
40834.20926665328, 76, -1.0
40837.62169925738, 100, 1.0
40838.05971538767, 81, 1.0
40838.4163616093, 67, 1.0
40839.1507202786, 233, 1.0
40839.253517796395, 100, -1.0
40842.16945173763, 104, 1.0
40843.11422401517, 101, 1.0
40845.71619676549, 43, 1.0
40848.19595097463, 34, -1.0
40849.396230541235, 81, -1.0
40849.45916898506, 137, 1.0
40849.932421916346, 148, -1.0
40850.040862751084, 75, 1.0
40850.18726852658, 116, -1.0
40850.250277754254, 163, 1.0
40850.38021793303, 234, -1.0
40850.830035321786, 52, -1.0
40853.74623846781, 26, 1.0
40854.40052206845, 28, -1.0
40858.56189614945, 163, -1.0
40860.717241765684, 60, -1.0
40862.123691689114, 81, -1.0
40862.54665872228, 177, -1.0
40864.24568372683, 40, -1.0
40864.42986521315, 75, 1.0
40865.718939323975, 233, 1.0
40865.81339195749, 146, -1.0
40869.27533625188, 35, 1.0
40869.640179341135, 53, 1.0
40872.92103767306, 35, -1.0
40872.96362564941, 165, -1.0
40874.0298930466, 72, 1.0
40876.18678447248, 87, -1.0
40877.64091930928, 181, 1.0
40880.00131803952, 44, -1.0
40881.01914348435, 146, 1.0
40881.96893118687, 198, -1.0
40883.55248890626, 101, -1.0
40883.66797892559, 100, 1.0
40883.94840731304, 34, 1.0
40887.967973967214, 163, 1.0
40887.994386019105, 69, 1.0
40888.268688204014, 230, -1.0
40888.315885182004, 114, 1.0
40889.189403409495, 171, -1.0
40889.45729896417, 119, -1.0
40889.88771490645, 233, -1.0
40891.031677048435, 137, 1.0
40893.05219827641, 141, 1.0
40893.12179804052, 76, -1.0
40895.54342362555, 64, 1.0
40895.576717988966, 154, 1.0
40897.02804025063, 28, 1.0
40899.3562122464, 162, 1.0
40900.696353119056, 31, -1.0
40900.85230940723, 50, -1.0
40900.88556029402, 46, -1.0
40901.335808838936, 162, 1.0
40901.43843644693, 119, -1.0
40901.73108885959, 163, -1.0
40902.16399383807, 146, 1.0
40902.680432129746, 153, -1.0
40903.17700608361, 177, 1.0
40903.58630159486, 69, -1.0
40905.22998671449, 84, 1.0
40905.54352727516, 155, 1.0
40907.89488385867, 34, 1.0
40911.26249521446, 81, -1.0
40912.21377502528, 105, -1.0
40912.308322321, 142, 1.0
40912.614924187066, 103, 1.0
40913.704448570774, 100, -1.0
40915.5560027538, 105, 1.0
40916.555690118825, 155, 1.0
40918.09296798305, 35, -1.0
40918.369752248975, 101, -1.0
40921.34836854646, 228, -1.0
40921.44460554821, 103, -1.0
40923.30353865541, 154, 1.0
40923.44313063084, 40, 1.0
40924.845113386735, 102, -1.0
40927.78024115358, 234, -1.0
40930.47977525827, 138, 1.0
40930.981963483064, 72, -1.0
40931.3172679747, 202, -1.0
40932.45876848526, 167, 1.0
40932.47109158148, 75, 1.0
40932.6639647074, 198, -1.0
40933.26118591353, 123, 1.0
40934.54300699676, 103, 1.0
40936.460943414386, 105, 1.0
40936.9970914519, 50, -1.0
40937.01088909898, 60, -1.0
40937.18552002148, 109, 1.0
40938.73116676602, 118, -1.0
40940.30125768945, 64, 1.0
40941.67774661033, 87, -1.0
40944.7205540292, 177, -1.0
40944.73993241265, 202, -1.0
40945.99831197878, 163, 1.0
40947.19550797157, 68, 1.0
40947.34661911402, 71, -1.0
40948.1783807849, 73, 1.0
40948.98625393079, 141, -1.0
40949.12630076932, 173, -1.0
40950.23595673841, 97, -1.0
40951.696329043996, 166, 1.0
40953.60610293095, 104, -1.0
40954.363226477406, 207, -1.0
40956.31075335577, 53, -1.0
40957.1397583739, 50, -1.0
40958.00003874809, 210, -1.0
40960.02850957885, 138, 1.0
40960.84400846595, 59, 1.0
40962.40871791817, 42, -1.0
40962.86434479013, 141, 1.0
40963.88764359614, 130, -1.0
40967.58837514974, 41, 1.0
40967.64444280908, 81, 1.0
40968.00074361156, 159, 1.0
40969.241033930324, 67, 1.0
40970.07935231515, 230, 1.0
40970.1141254, 53, 1.0
40970.45040614418, 114, 1.0
40971.56662884694, 155, -1.0
40972.04561056202, 64, 1.0
40973.4053494253, 74, 1.0
40975.11896227779, 114, 1.0
40975.407689683554, 50, -1.0
40976.025883180664, 74, -1.0
40976.49229821636, 58, -1.0
40977.669196888186, 100, -1.0
40978.32943468772, 39, -1.0
40978.418072240805, 71, -1.0
40978.631152146976, 84, 1.0
40979.42970118281, 110, 1.0
40979.679911559964, 80, -1.0
40982.50005135429, 160, 1.0
40984.746791542995, 53, -1.0
40985.57592162065, 40, 1.0
40988.4117114224, 71, -1.0
40989.541021038196, 98, 1.0
40989.90482428709, 97, 1.0
40989.90916191808, 126, 1.0
40991.16127051479, 228, -1.0
40991.27078162952, 167, -1.0
40993.132486104136, 40, -1.0
40993.4279169086, 80, 1.0
40994.17374928183, 68, -1.0
40994.661525215415, 51, 1.0
40994.836126220995, 92, -1.0
40995.07268938336, 95, 1.0
40997.40715562674, 146, 1.0
40998.3272996587, 126, -1.0
40998.99816807048, 40, 1.0
41000.158965658135, 75, -1.0
41000.62069664293, 81, -1.0
41001.01284742066, 116, 1.0
41002.22252711665, 146, 1.0
41003.1527514016, 97, -1.0
41005.21545772602, 68, -1.0
41005.33409790215, 58, 1.0
41009.51683558742, 53, -1.0
41009.599989912655, 110, 1.0
41009.9936109179, 109, -1.0
41011.81294962791, 126, -1.0
41014.65276685701, 71, 1.0
41014.92737250568, 69, -1.0
41016.87043755753, 165, 1.0
41019.01886486321, 40, 1.0
41019.895379672824, 114, -1.0
41019.92023003095, 164, -1.0
41022.873032453, 35, -1.0
41025.0265882867, 105, 1.0
41025.655199969675, 112, 1.0
41026.69324314405, 59, 1.0
41028.07501763417, 65, 1.0
41029.483836132626, 122, -1.0
41030.699915501595, 116, -1.0
41032.283462953186, 137, 1.0
41034.769094023126, 146, 1.0
41035.51387044195, 142, -1.0
41036.173233882524, 105, 1.0
41036.45424737428, 153, -1.0
41040.419175335606, 44, -1.0
41041.426130239925, 58, -1.0
41042.5759033697, 159, 1.0
41042.655229527845, 68, 1.0
41043.883528148785, 75, -1.0
41045.588469337665, 83, 1.0
41047.517495561406, 235, -1.0
41051.692093393816, 123, 1.0
41051.79603410209, 51, -1.0
41052.02293040135, 28, 1.0
41056.27710677038, 94, -1.0
41056.92295580714, 114, 1.0
41057.107046060555, 91, 1.0
41057.29124091685, 43, 1.0
41057.46795647783, 36, -1.0
41058.77770716436, 152, -1.0
41059.87331270262, 81, -1.0
41062.36320998572, 108, 1.0
41062.75532287432, 141, -1.0
41063.176083552295, 40, 1.0
41063.81901672194, 177, -1.0
41064.847221579395, 169, 1.0
41066.47619586521, 39, -1.0
41067.56106164324, 170, -1.0
41068.90533785079, 111, 1.0
41069.11064780606, 228, -1.0
41070.09211220857, 59, 1.0
41070.79020593859, 75, 1.0
41071.24885023971, 102, -1.0
41071.88618488013, 90, -1.0
41074.2484540283, 105, -1.0
41074.85279871928, 114, -1.0
41075.95955267084, 40, -1.0
41077.04697321117, 92, 1.0
41078.70782367288, 111, -1.0
41078.765676908144, 80, -1.0
41080.298207830434, 73, -1.0
41080.498490057966, 88, -1.0
41081.995997974955, 59, -1.0
41082.0140277839, 71, -1.0
41083.370371306104, 36, 1.0
41084.96656325639, 163, 1.0
41088.41848234687, 141, 1.0
41089.01768156938, 142, -1.0
41089.15996373084, 153, -1.0
41090.27533528962, 109, -1.0
41090.65957382576, 67, -1.0
41091.19089307194, 44, -1.0
41091.84194799035, 137, 1.0
41091.85455437676, 142, 1.0
41091.88201298427, 152, -1.0
41093.490565272994, 62, -1.0
41095.41285135372, 161, -1.0
41099.74339532867, 162, 1.0
41107.023195110436, 159, 1.0
41107.18325489964, 44, -1.0
41109.15683840406, 109, -1.0
41109.19566665039, 169, -1.0
41109.209029779115, 233, 1.0
41110.339929165966, 137, 1.0
41110.38752428827, 39, 1.0
41110.705157112425, 109, -1.0
41112.613312013564, 110, 1.0
41113.55658958711, 152, 1.0
41113.84833227023, 101, -1.0
41114.33355461948, 75, 1.0
41115.22965188858, 67, 1.0
41115.696748454364, 67, 1.0
41116.477919963785, 67, 1.0
41116.7791524967, 148, -1.0
41117.692651190024, 83, 1.0
41119.0898227248, 40, -1.0
41120.98822162673, 90, -1.0
41122.38501409127, 34, -1.0
41123.61134586348, 128, 1.0
41125.78893625894, 40, -1.0
41126.26187832488, 76, -1.0
41126.76444867829, 148, -1.0
41127.06414389954, 162, 1.0
41127.29071229203, 147, -1.0
41127.38025108639, 153, -1.0
41129.62079218271, 81, -1.0
41129.92257200983, 35, -1.0
41131.806108725315, 35, 1.0
41133.16079550915, 64, -1.0
41134.55587570725, 164, 1.0
41135.29156101675, 80, -1.0
41135.565679930434, 64, -1.0
41136.88344275381, 113, -1.0
41139.70946870576, 86, 1.0
41141.5707989472, 105, 1.0
41141.905996031004, 40, 1.0
41144.59679478003, 159, -1.0
41144.604424955796, 171, -1.0
41145.70996832352, 43, -1.0
41145.82149687031, 64, 1.0
41146.32489872042, 233, 1.0
41147.11105072186, 101, -1.0
41147.6540072075, 40, -1.0
41147.90073192993, 89, 1.0
41148.18335431366, 108, -1.0
41152.550113920304, 170, -1.0
41153.693866880385, 180, 1.0
41154.34901463689, 182, 1.0
41156.3945724952, 173, -1.0
41162.15407954306, 82, 1.0
41164.425798989825, 80, -1.0
41165.866723213185, 146, -1.0
41168.15759538547, 126, -1.0
41168.18582485227, 44, -1.0
41168.27231348249, 40, -1.0
41168.30390715899, 146, 1.0
41169.22957344598, 114, 1.0
41169.55931318704, 109, 1.0
41169.783375917534, 83, 1.0
41170.73515233821, 126, 1.0
41171.58704988971, 45, -1.0
41171.80083043867, 165, 1.0
41172.75823070467, 81, -1.0
41175.69193853911, 100, 1.0
41176.11334550169, 87, 1.0
41178.18622427031, 99, -1.0
41178.19436819064, 228, -1.0
41178.80516710653, 153, 1.0
41179.785184899825, 44, -1.0
41180.2078939927, 76, -1.0
41180.51672052222, 37, -1.0
41183.3076086879, 133, -1.0
41184.89475537904, 235, 1.0
41184.93194104423, 182, -1.0
41185.49071555748, 162, 1.0
41187.31012593322, 75, 1.0
41190.025081820466, 187, -1.0
41192.148043186724, 101, -1.0
41192.697531836035, 154, 1.0
41194.20009841643, 181, -1.0
41194.43706977164, 81, -1.0
41195.23510799653, 158, 1.0
41195.59266364609, 233, -1.0
41196.834386454255, 44, -1.0
41197.83477571253, 84, -1.0
41198.03792448372, 102, -1.0
41199.33896930153, 111, 1.0
41199.39437545938, 58, -1.0
41206.33062128036, 75, 1.0
41207.45481516216, 155, -1.0
41209.19254903185, 164, -1.0
41209.75232957113, 44, -1.0
41211.87995661986, 164, 1.0
41212.41954832834, 84, 1.0
41212.46982914125, 158, -1.0
41212.54522427529, 61, -1.0
41214.77007236875, 202, -1.0
41214.99289471822, 50, -1.0
41217.20703637312, 241, 1.0
41218.96757976831, 81, -1.0
41222.01332932732, 75, -1.0
41226.29035118674, 52, -1.0
41226.88536373534, 162, 1.0
41227.45558739348, 101, 1.0
41230.59700209834, 40, 1.0
41231.021261038804, 207, -1.0
41231.62553659991, 99, -1.0
41232.78456491438, 157, 1.0
41233.34652289236, 35, -1.0
41234.027581669245, 90, -1.0
41234.3522484999, 40, 1.0
41238.48857517036, 130, -1.0
41239.311161814025, 160, -1.0
41240.88160789871, 130, -1.0
41241.87027763906, 164, -1.0
41242.83048664559, 87, -1.0
41242.86382102623, 181, -1.0
41243.64434760763, 198, -1.0
41243.94108019594, 126, 1.0
41244.36552994862, 81, 1.0
41246.17073340643, 193, 1.0
41246.19003055149, 99, 1.0
41246.6786130994, 97, -1.0
41249.925139934865, 59, -1.0
41250.686033420534, 110, 1.0
41252.97849957037, 75, -1.0
41253.703965257984, 46, 1.0
41253.879330742624, 105, 1.0
41254.81791580232, 32, -1.0
41254.998864882014, 68, -1.0
41255.120647815565, 103, 1.0
41255.884345430015, 43, -1.0
41255.97974728763, 46, -1.0
41256.10127197319, 163, -1.0
41259.19669869619, 71, 1.0
41259.25080539429, 94, -1.0
41260.055846577314, 71, -1.0
41260.133070523174, 35, 1.0
41260.60299948408, 128, -1.0
41264.338508259054, 148, -1.0
41265.23578730077, 116, 1.0
41265.68433639541, 29, -1.0
41270.86266096944, 40, 1.0
41271.659776866945, 153, 1.0
41272.44315962379, 82, 1.0
41276.66054395615, 82, -1.0
41279.05615798367, 84, -1.0
41279.761908454086, 33, -1.0
41279.92078800479, 75, 1.0
41280.63685249546, 152, 1.0
41281.49999072971, 146, 1.0
41283.236770527255, 87, -1.0
41283.52998783524, 45, -1.0
41283.78799501502, 80, -1.0
41283.95996469819, 114, -1.0
41287.05275649273, 162, 1.0
41287.54900967906, 40, -1.0
41288.16823854702, 40, -1.0
41288.321957450324, 44, -1.0
41288.929398523265, 108, -1.0
41289.72966731607, 40, -1.0
41290.69238174777, 50, 1.0
41291.710403302844, 80, -1.0
41291.87494231898, 48, -1.0
41292.6101318106, 164, 1.0
41292.71666990451, 234, -1.0
41295.78185211285, 139, -1.0
41296.31172416253, 50, -1.0
41296.534194754466, 103, -1.0
41297.168741253074, 126, 1.0
41298.273821022405, 168, 1.0
41299.13638567899, 68, 1.0
41300.2891337327, 34, -1.0
41300.944275844304, 66, 1.0
41300.98568154935, 42, -1.0
41301.99019147274, 75, 1.0
41302.04597470065, 97, -1.0
41302.21843386359, 58, 1.0
41302.78939305488, 34, -1.0
41303.5198061587, 35, -1.0
41305.603120035456, 58, -1.0
41305.67043466464, 64, 1.0
41305.92389436396, 59, 1.0
41307.345083321445, 114, -1.0
41313.53414092632, 45, 1.0
41313.84292170927, 76, -1.0
41314.81385278062, 153, -1.0
41316.902929693446, 138, -1.0
41318.01916743263, 64, -1.0
41321.813930529526, 126, -1.0
41322.164600391894, 180, -1.0
41322.822945691456, 142, 1.0
41324.003840631325, 105, -1.0
41324.501152209945, 82, 1.0
41324.92389233877, 116, -1.0
41326.988556390854, 31, 1.0
41329.23973025019, 73, -1.0
41334.3136851211, 154, -1.0
41334.81007163065, 163, -1.0
41336.4476393574, 188, -1.0
41337.1866586647, 101, 1.0
41337.85800237953, 35, 1.0
41337.93431957143, 109, 1.0
41339.813897780616, 193, 1.0
41341.09828528581, 133, -1.0
41341.446968160024, 165, -1.0
41343.74741156196, 75, -1.0
41344.95304917693, 114, -1.0
41346.58826746548, 141, -1.0
41346.8487564413, 148, 1.0
41349.65373750849, 142, -1.0
41350.00870824611, 104, -1.0
41350.09094993204, 105, -1.0
41350.14220601524, 187, -1.0
41350.79447121522, 154, 1.0
41353.56693362654, 71, -1.0
41355.01576363851, 130, -1.0
41355.58213264138, 64, -1.0
41357.79362532734, 106, 1.0
41358.89179297435, 162, 1.0
41360.45446616631, 61, -1.0
41361.12425424145, 65, -1.0
41361.217508095164, 71, 1.0
41361.48673108388, 69, -1.0
41362.11693138056, 64, 1.0
41362.1515697161, 162, -1.0
41362.21876991968, 35, -1.0
41363.12137893188, 235, 1.0
41364.54165061336, 165, -1.0
41364.99671347698, 36, 1.0
41365.81485711642, 68, -1.0
41366.9375495617, 116, -1.0
41369.41739272708, 71, -1.0
41374.32109171443, 67, 1.0
41376.38010351644, 53, 1.0
41376.439205033595, 101, 1.0
41376.73517940026, 173, -1.0
41377.38510083369, 142, 1.0
41378.52064295829, 58, -1.0
41380.05857572544, 163, 1.0
41381.30329925845, 114, -1.0
41381.44993220938, 101, 1.0
41381.667634272155, 112, -1.0
41387.056109286365, 65, -1.0
41387.412802017185, 33, -1.0
41389.41749641781, 137, 1.0
41389.59976379346, 67, -1.0
41390.182570944125, 137, 1.0
41391.0059390927, 167, 1.0
41391.65867761284, 103, 1.0
41395.774981056886, 165, -1.0
41396.624933602376, 71, -1.0
41398.339515570944, 51, 1.0
41400.05579545049, 99, 1.0
41401.96107467803, 126, -1.0
41402.100872260904, 75, -1.0
41403.016680437555, 161, -1.0
41403.60877833085, 230, -1.0
41409.41327801646, 124, -1.0
41409.478071605205, 142, -1.0
41410.2230261387, 147, 1.0
41415.14318411167, 50, -1.0
41415.4078995295, 74, -1.0
41415.53366715759, 52, -1.0
41416.317283831595, 161, 1.0
41416.36087749184, 111, 1.0
41416.85465286473, 67, -1.0
41416.925477557124, 123, 1.0
41417.14494533472, 182, -1.0
41417.984479233186, 234, -1.0
41418.24780276053, 101, 1.0
41419.82336593201, 75, -1.0
41420.20102462847, 36, -1.0
41420.84319883902, 56, 1.0
41420.94857870245, 235, -1.0
41421.918391539664, 142, 1.0
41422.23906662539, 162, -1.0
41422.24143965813, 58, 1.0
41424.45569979731, 59, 1.0
41426.102499449444, 167, -1.0
41427.10991859012, 163, 1.0
41429.71579931204, 198, 1.0
41430.73761707007, 100, 1.0
41431.082300943875, 149, -1.0
41431.53348991577, 161, -1.0
41433.003665943346, 74, -1.0
41435.835764509764, 54, -1.0
41435.943039431404, 103, -1.0
41436.515221103036, 152, 1.0
41436.946793522766, 100, -1.0
41437.478950997254, 68, 1.0
41438.31948837947, 92, -1.0
41438.71133838899, 235, 1.0
41441.89695333604, 180, -1.0
41442.688979932354, 64, 1.0
41448.52784053483, 103, -1.0
41449.59755118003, 81, -1.0
41450.75756622813, 83, -1.0
41451.559813442276, 58, 1.0
41453.32552311504, 35, -1.0
41455.24049136163, 124, 1.0
41455.81118685462, 198, -1.0
41458.30082262965, 162, -1.0
41465.414914489185, 234, -1.0
41465.7259304841, 155, 1.0
41467.829170341676, 153, -1.0
41470.32125356361, 202, -1.0
41470.80450105196, 126, 1.0
41472.51130753807, 177, -1.0
41473.715312974186, 97, 1.0
41473.980502983555, 71, -1.0
41474.20786426881, 95, 1.0
41475.85661339253, 114, 1.0
41476.15759929881, 31, -1.0
41479.13165723692, 40, 1.0
41481.11222104616, 162, -1.0
41481.179718175794, 33, -1.0
41482.500721988574, 44, -1.0
41485.09045343041, 81, -1.0
41485.88338710053, 52, -1.0
41486.21691311941, 29, 1.0
41486.25627776786, 228, -1.0
41486.42897913905, 59, 1.0
41488.067352517726, 234, -1.0
41489.013116265356, 71, -1.0
41491.19788185624, 83, -1.0
41491.256051521144, 96, -1.0
41491.7187368185, 153, -1.0
41492.11428395791, 113, 1.0
41492.79842214721, 101, 1.0
41492.91776856353, 83, -1.0
41493.69048149297, 45, -1.0
41493.7519267756, 83, 1.0
41495.14865625646, 32, -1.0
41496.824006828596, 148, 1.0
41498.06643152387, 109, 1.0
41499.97952938434, 130, -1.0
41500.576954007825, 108, -1.0
41501.288819479676, 92, -1.0
41501.42656675047, 64, 1.0
41503.876639641385, 130, -1.0
41503.99532586641, 56, 1.0
41505.02946505445, 84, 1.0
41505.59764232647, 142, -1.0
41505.9903782157, 146, 1.0
41507.933944152785, 109, 1.0
41508.67735017501, 61, -1.0
41509.838281488366, 87, 1.0
41510.01826593489, 75, -1.0
41511.41438718372, 101, 1.0
41511.558276448675, 52, -1.0
41511.794021084366, 70, -1.0
41516.69248098643, 71, -1.0
41516.71845847676, 141, 1.0
41517.464108857566, 104, -1.0
41519.68695023913, 69, -1.0
41520.5550962455, 75, -1.0
41520.8336607921, 35, 1.0
41521.397418831024, 50, -1.0
41521.49112379785, 87, -1.0
41524.33921261076, 234, 1.0
41526.57330423699, 52, -1.0
41526.658886318735, 182, -1.0
41528.25180708409, 52, -1.0
41529.099449662615, 39, 1.0
41529.44309690161, 235, -1.0
41531.353702620676, 67, 1.0
41531.66982790086, 114, 1.0
41535.126784458975, 97, 1.0
41536.62406657242, 181, -1.0
41539.54937302732, 94, -1.0
41540.63494780619, 69, 1.0
41541.83712964818, 58, 1.0
41542.13104204644, 81, -1.0
41543.01350614996, 141, -1.0
41544.9669667958, 97, 1.0
41546.51700651208, 155, -1.0
41546.699939853184, 88, -1.0
41546.75680955639, 69, -1.0
41548.3432989254, 114, -1.0
41549.88462634079, 147, -1.0
41552.24746420174, 71, 1.0
41552.67740876362, 122, -1.0
41554.662885370555, 74, -1.0
41555.13003825573, 235, 1.0
41556.48707227003, 62, 1.0
41556.67245046099, 114, 1.0
41557.62199844618, 95, 1.0
41557.81003457739, 230, -1.0
41559.56667317933, 44, -1.0
41560.397667756006, 87, 1.0
41560.8673541423, 40, 1.0
41561.7040864601, 162, -1.0
41562.211879943694, 162, -1.0
41562.58815535902, 102, -1.0
41562.72143512167, 148, -1.0
41563.82910809043, 32, -1.0
41567.133841586765, 154, -1.0
41568.33961556566, 48, -1.0
41569.18049558671, 68, -1.0
41569.62898954366, 198, -1.0
41571.356595396464, 90, -1.0
41574.03238649079, 40, 1.0
41577.88843595023, 50, 1.0
41579.0755735939, 75, 1.0
41579.32604085478, 163, -1.0
41581.1184713081, 40, 1.0
41581.13711364814, 165, -1.0
41581.31956007049, 130, 1.0
41582.269294713195, 137, -1.0
41582.68050319966, 165, -1.0
41584.969644243436, 152, 1.0
41588.314796111845, 80, 1.0
41588.98291239601, 35, 1.0
41589.700156718136, 142, -1.0
41590.845578029155, 88, -1.0
41592.14066492169, 146, 1.0
41592.689572911826, 101, 1.0
41596.79775812418, 123, -1.0
41597.45106105624, 119, -1.0
41598.0838319881, 40, -1.0
41601.34160327746, 66, -1.0
41602.90908840608, 52, -1.0
41605.34661026617, 118, -1.0
41606.06354884872, 130, -1.0
41606.61765713348, 130, 1.0
41610.82343794342, 161, 1.0
41615.24953056308, 158, 1.0
41617.22358444394, 164, -1.0
41620.2034115498, 99, -1.0
41621.75800618389, 99, -1.0
41622.19066428302, 67, 1.0
41623.02165551066, 168, 1.0
41624.38078935334, 142, 1.0
41625.00199071983, 83, -1.0
41625.41886664327, 67, -1.0
41625.5914193895, 40, -1.0
41627.09587921385, 37, -1.0
41628.4820684388, 34, -1.0
41628.605655256084, 71, 1.0
41629.53694568854, 198, -1.0
41630.584087534044, 158, -1.0
41630.99195183892, 88, -1.0
41632.010043069735, 130, -1.0
41632.0123170745, 75, 1.0
41633.245022582145, 126, 1.0
41633.40487158216, 75, 1.0
41634.79522829993, 88, -1.0
41636.62936876817, 39, 1.0
41636.922228320924, 242, -1.0
41637.751199737715, 235, 1.0
41639.849373984405, 103, -1.0
41640.46502602135, 87, -1.0
41640.870192641545, 36, -1.0
41642.80998377533, 40, 1.0
41643.12353582719, 65, -1.0
41643.67719302313, 233, 1.0
41644.223455241634, 87, -1.0
41644.804685021685, 99, 1.0
41645.801015418496, 40, 1.0
41645.97355449464, 50, -1.0
41646.35682682332, 82, -1.0
41648.560393715095, 126, 1.0
41648.74312713924, 233, -1.0
41649.34581718047, 28, 1.0
41651.86113055252, 75, -1.0
41654.63453320941, 68, 1.0
41655.35849432188, 40, -1.0
41656.724370944146, 50, 1.0
41656.90884057155, 40, 1.0
41664.25310709456, 169, -1.0
41665.490456136315, 154, -1.0
41665.56579554655, 105, -1.0
41665.924045235384, 82, -1.0
41666.87813557017, 230, -1.0
41668.71438649014, 168, 1.0
41670.003281245576, 142, -1.0
41670.786625133165, 43, -1.0
41671.74185442639, 67, -1.0
41672.82796654555, 114, 1.0
41674.65255534133, 152, 1.0
41675.47785979766, 75, -1.0
41675.70490060635, 169, 1.0
41677.24587909516, 42, -1.0
41678.94071877249, 85, -1.0
41679.643881414864, 58, 1.0
41679.660923748044, 159, 1.0
41680.89737168646, 130, -1.0
41680.94331810317, 102, -1.0
41681.54468215354, 228, 1.0
41684.67320679701, 71, -1.0
41686.091366092456, 32, -1.0
41690.08580912808, 91, -1.0
41690.742999614224, 39, -1.0
41691.309208777224, 154, -1.0
41691.611521272935, 187, -1.0
41692.23640949861, 35, -1.0
41692.33116465582, 72, 1.0
41692.95023484831, 33, 1.0
41694.21702209833, 95, -1.0
41694.4435628792, 114, 1.0
41694.58970900934, 109, -1.0
41694.875444676254, 146, 1.0
41695.17976453045, 94, -1.0
41695.307960742015, 122, -1.0
41696.39555595643, 164, 1.0
41696.49764215545, 105, -1.0
41696.838505484826, 35, -1.0
41697.4841504898, 44, 1.0
41697.8657316948, 123, -1.0
41698.16338859593, 126, -1.0
41699.1006962446, 101, 1.0
41700.14000118923, 133, -1.0
41700.315548080864, 43, 1.0
41700.316805549104, 90, 1.0
41700.825544141146, 75, -1.0
41700.907666149265, 155, 1.0
41701.05615141159, 116, 1.0
41701.75243292268, 33, 1.0
41703.5185186192, 182, 1.0
41703.57848472693, 99, -1.0
41704.4140306498, 95, -1.0
41705.53076326089, 102, 1.0
41706.4085803087, 50, -1.0
41710.444122127934, 114, -1.0
41710.66732727743, 28, 1.0
41710.67197463079, 133, 1.0
41711.26081970679, 35, 1.0
41712.26780726697, 164, -1.0
41712.465798794794, 139, -1.0
41712.50303269376, 104, -1.0
41713.271782151256, 76, -1.0
41713.41043588036, 71, 1.0
41713.66690348146, 32, -1.0
41714.31670658962, 68, 1.0
41714.34584983408, 69, 1.0
41714.46964480749, 137, -1.0
41714.652687302296, 182, -1.0
41715.49217040111, 157, 1.0
41716.25647822993, 40, 1.0
41716.69954066001, 97, -1.0
41717.77917737549, 44, 1.0
41718.21637194563, 81, -1.0
41718.30658707924, 154, -1.0
41720.0917376951, 241, 1.0
41720.37878862916, 113, -1.0
41723.69308457743, 84, 1.0
41723.99641958441, 84, 1.0
41725.533636684966, 80, -1.0
41725.95683268126, 65, 1.0
41726.297507043215, 69, -1.0
41726.785783410516, 163, 1.0
41728.73425995483, 75, -1.0
41729.40033990405, 147, -1.0
41730.086607979145, 146, 1.0
41731.2264494613, 141, -1.0
41733.074708115426, 84, 1.0
41734.77613578188, 168, -1.0
41734.989030367346, 40, 1.0
41735.67683300724, 88, -1.0
41735.736517007375, 92, 1.0
41737.44847382111, 37, -1.0
41738.09786369679, 119, -1.0
41738.13123490039, 233, 1.0
41739.54119241925, 67, 1.0
41740.23754275005, 169, -1.0
41740.98696640882, 210, 1.0
41741.11500141959, 154, -1.0
41741.544148546265, 114, -1.0
41742.272526132576, 80, 1.0
41742.405456678884, 188, -1.0
41746.486523502776, 65, -1.0
41747.22794495525, 162, 1.0
41747.63944608685, 51, 1.0
41748.17963556657, 126, -1.0
41749.34391787791, 163, -1.0
41749.69446215579, 72, 1.0
41755.7542590615, 233, 1.0
41756.016956731684, 53, 1.0
41757.07912334919, 73, -1.0
41758.22812522129, 152, -1.0
41758.52422647306, 29, 1.0
41758.65802948218, 90, -1.0
41761.32224912815, 159, -1.0
41762.071625455836, 58, -1.0
41762.57654499596, 105, 1.0
41763.24431336391, 37, -1.0
41764.091795319415, 103, 1.0
41764.51663471092, 43, 1.0
41766.31477919604, 80, 1.0
41766.664228234076, 187, -1.0
41770.386137714784, 163, -1.0
41770.72748498934, 83, -1.0
41771.00261179241, 116, -1.0
41771.31330992033, 28, 1.0
41775.273929215145, 32, 1.0
41776.35054775823, 182, -1.0
41776.649284035615, 40, 1.0
41776.91682180135, 119, 1.0
41777.76950572431, 68, -1.0
41778.63076942478, 113, -1.0
41778.71126105597, 122, -1.0
41778.728028159094, 40, 1.0
41779.77334448855, 137, -1.0
41780.65525157568, 73, 1.0
41780.972903592636, 35, -1.0
41782.438594804764, 61, -1.0
41785.15132060232, 52, -1.0
41785.25586130068, 163, -1.0
41785.83937406876, 87, -1.0
41786.76398093282, 100, 1.0
41787.45278432775, 70, -1.0
41787.61935495144, 95, -1.0
41789.97480626701, 138, -1.0
41791.9256321679, 87, 1.0
41792.18112715913, 97, 1.0
41793.681873011825, 75, -1.0
41794.969250014714, 154, 1.0
41795.36384262023, 104, 1.0
41795.78384779434, 58, 1.0
41797.1576055974, 149, -1.0
41798.05787095977, 198, -1.0
41798.885738366545, 39, 1.0
41800.05854552919, 69, 1.0
41800.879372999785, 56, -1.0
41801.412350622435, 75, 1.0
41802.262914261, 165, -1.0
41804.87796086083, 50, -1.0
41805.35404645719, 82, -1.0
41805.97383590285, 160, -1.0
41806.38059398025, 163, -1.0
41807.930166037026, 148, 1.0
41808.89330829, 86, 1.0
41808.90561085199, 35, 1.0
41811.43246173014, 58, -1.0
41812.09813455649, 75, -1.0
41812.394853273814, 32, 1.0
41812.74421905355, 72, 1.0
41813.36794401424, 152, 1.0
41815.26510389816, 142, 1.0
41815.419179332086, 54, -1.0
41816.18753354759, 64, -1.0
41816.5843706404, 45, 1.0
41817.587262649125, 122, 1.0
41818.42452411474, 29, 1.0
41818.66215047181, 159, -1.0
41819.36650278917, 142, 1.0
41822.10902897893, 59, -1.0
41822.99257132692, 81, -1.0
41823.02869281118, 137, 1.0
41823.95959796218, 56, 1.0
41824.171489211665, 235, -1.0
41824.99645801136, 54, -1.0
41825.88555941456, 198, 1.0
41826.69866795754, 71, -1.0
41831.12528518084, 70, -1.0
41839.317187851135, 159, 1.0
41839.591343450724, 154, -1.0
41840.74484231815, 53, -1.0
41840.91387659161, 163, 1.0
41841.0247638081, 119, -1.0
41841.77586723178, 147, -1.0
41844.87033811156, 235, -1.0
41845.546098670435, 48, -1.0
41847.534230835816, 64, -1.0
41847.90414440687, 68, -1.0
41848.197201303345, 142, -1.0
41848.32543967642, 100, -1.0
41848.64455195542, 126, 1.0
41849.22260387834, 163, -1.0
41849.275652881595, 160, -1.0
41849.62053812243, 66, 1.0
41849.858832027545, 67, 1.0
41852.61415923931, 141, 1.0
41855.03001096202, 34, -1.0
41855.463304554185, 35, -1.0
41855.84428846583, 67, -1.0
41856.31697360458, 100, 1.0
41857.01104224444, 68, 1.0
41863.40783239281, 152, -1.0
41863.94565172206, 59, -1.0
41864.22516104532, 167, 1.0
41864.328924367546, 235, -1.0
41864.37493866144, 233, -1.0
41864.976479328994, 43, 1.0
41867.00198329432, 123, 1.0
41867.4698022949, 65, -1.0
41869.63445086999, 39, 1.0
41871.48394595748, 165, -1.0
41871.50379215221, 188, 1.0
41871.8075401918, 53, -1.0
41874.70198462085, 35, -1.0
41875.32361596534, 146, -1.0
41875.80330337445, 92, 1.0
41875.87086595819, 40, -1.0
41875.89483951067, 101, 1.0
41876.03248298279, 146, 1.0
41877.24520999149, 40, 1.0
41880.15646298364, 116, -1.0
41881.01101842016, 57, -1.0
41881.20887142959, 64, -1.0
41881.654555259636, 72, -1.0
41881.680273430946, 163, -1.0
41881.888214415885, 147, -1.0
41882.50581849814, 233, -1.0
41883.723524049405, 180, -1.0
41884.12870747744, 103, -1.0
41884.16351835366, 222, -1.0
41886.13579550181, 233, 1.0
41887.51320835453, 58, 1.0
41889.25712231382, 40, -1.0
41889.711572428845, 148, 1.0
41893.40982442241, 40, -1.0
41894.82302694618, 222, 1.0
41896.298872677566, 100, 1.0
41897.81141334575, 146, 1.0
41899.05659821343, 116, 1.0
41899.576343211986, 141, 1.0
41901.50862922316, 155, 1.0
41902.754271103724, 92, -1.0
41903.1752586364, 235, -1.0
41903.195020011626, 29, 1.0
41906.59203242236, 161, -1.0
41908.32041529943, 163, -1.0
41908.92040010416, 42, -1.0
41909.02912680831, 152, 1.0
41913.425491207665, 165, -1.0
41914.912277348914, 94, -1.0
41915.36660323714, 116, 1.0
41915.79658094669, 81, -1.0
41916.386684893456, 43, -1.0
41918.10812775217, 63, -1.0
41918.54123434664, 104, 1.0
41918.71725264174, 27, -1.0
41919.731702800644, 26, 1.0
41920.75354321972, 228, -1.0
41921.203526772384, 158, -1.0
41921.23681341167, 116, -1.0
41921.3031493169, 58, 1.0
41921.8332712686, 154, 1.0
41922.44525905059, 69, -1.0
41922.6967458023, 44, 1.0
41923.065581012765, 35, -1.0
41923.913123237486, 103, 1.0
41925.790699683035, 64, -1.0
41927.73570131692, 148, -1.0
41928.26829392571, 142, -1.0
41928.74240936183, 235, 1.0
41929.22689210797, 207, -1.0
41930.317788555054, 75, 1.0
41930.519908094146, 95, -1.0
41932.184571396996, 63, 1.0
41932.362327646886, 71, -1.0
41933.189890926595, 60, -1.0
41935.56070063114, 29, -1.0
41935.67532728935, 113, -1.0
41937.46034443153, 103, 1.0
41941.628561987665, 72, 1.0
41941.69055419191, 114, 1.0
41941.73399129712, 137, 1.0
41945.79047895227, 161, -1.0
41947.70585668851, 64, -1.0
41949.921096325364, 68, -1.0
41950.00984389108, 71, 1.0
41950.62309338315, 159, -1.0
41950.852108948435, 126, -1.0
41951.942697006, 154, -1.0
41952.38676194656, 142, -1.0
41954.14766113636, 81, 1.0
41956.20122109677, 105, -1.0
41956.78483137328, 111, 1.0
41956.80394808728, 71, 1.0
41957.00238807483, 81, -1.0
41957.19171519489, 32, -1.0
41957.395745157104, 76, -1.0
41957.49954521323, 99, -1.0
41957.92876376216, 75, 1.0
41958.320243747796, 41, 1.0
41959.118919185734, 142, -1.0
41960.296481883815, 28, -1.0
41960.3721691105, 29, -1.0
41961.413330519514, 163, 1.0
41962.93635662821, 167, -1.0
41963.271841927, 35, -1.0
41964.52220595347, 152, 1.0
41965.8316258961, 142, 1.0
41966.08165929898, 165, 1.0
41966.552912194704, 171, 1.0
41966.695481428804, 40, 1.0
41967.77720281438, 119, -1.0
41970.432376639976, 99, -1.0
41970.72822734641, 162, -1.0
41971.034679834294, 165, -1.0
41973.89318938365, 103, 1.0
41975.0391617669, 41, -1.0
41975.78590849069, 70, 1.0
41978.5693121702, 84, 1.0
41978.64399429267, 28, 1.0
41983.79127126955, 162, 1.0
41984.664903965604, 101, -1.0
41984.81309860923, 28, 1.0
41984.89944316638, 97, -1.0
41985.78112533064, 40, 1.0
41987.63954149712, 126, 1.0
41989.64050449791, 71, -1.0
41989.69824262517, 76, -1.0
41989.97136519975, 28, -1.0
41995.268177032594, 160, -1.0
41996.42367304507, 67, 1.0
41996.50772149726, 180, 1.0
41998.78882448994, 164, 1.0
41999.03111190862, 165, 1.0
42001.50486310778, 158, -1.0
42002.75450156461, 40, 1.0
42003.34634724329, 149, 1.0
42003.69760259861, 147, -1.0
42003.716994387556, 152, -1.0
42004.5544665098, 163, -1.0
42005.25727537411, 33, 1.0
42006.6358827327, 86, -1.0
42007.37985922367, 142, 1.0
42007.91398483244, 162, -1.0
42008.23199602993, 116, -1.0
42009.23387886307, 167, -1.0
42009.51348461532, 155, -1.0
42010.439225113085, 75, 1.0
42010.84192405493, 81, -1.0
42013.84107136243, 126, -1.0
42014.930005247734, 52, -1.0
42019.15812364495, 43, 1.0
42019.489062208675, 161, -1.0
42020.86750179912, 146, 1.0
42022.24740515138, 114, -1.0
42024.2617584862, 120, 1.0
42025.467513263844, 126, -1.0
42026.178592985954, 114, 1.0
42026.71820829207, 110, 1.0
42027.35713774317, 123, -1.0
42027.993566082165, 43, -1.0
42030.31973858144, 149, 1.0
42030.69932665962, 173, -1.0
42030.710037878736, 141, -1.0
42030.942855716225, 126, -1.0
42032.34914647385, 103, 1.0
42033.11449550572, 177, -1.0
42033.380499408915, 94, 1.0
42033.86864983798, 153, -1.0
42035.00415142743, 31, -1.0
42035.53300692954, 48, -1.0
42035.83824862105, 27, -1.0
42041.157751184845, 35, 1.0
42041.181264793275, 116, -1.0
42043.561986522254, 35, -1.0
42045.7438896565, 70, 1.0
42045.86531318682, 105, 1.0
42046.498235409184, 75, -1.0
42047.12504659069, 155, -1.0
42047.48123278515, 141, 1.0
42048.122769713256, 116, 1.0
42048.695000232554, 155, -1.0
42049.022984098985, 104, 1.0
42049.73473507995, 109, 1.0
42050.215859982745, 104, -1.0
42050.654504900915, 165, -1.0
42053.09615764477, 87, -1.0
42055.20395719201, 82, -1.0
42055.67330173479, 75, 1.0
42057.529971175776, 88, -1.0
42057.579501485554, 100, -1.0
42060.523497627146, 43, -1.0
42060.62315867377, 146, 1.0
42062.219649561725, 94, -1.0
42062.90656098594, 167, 1.0
42064.11404401449, 133, 1.0
42064.26674720854, 167, -1.0
42067.368532869266, 71, 1.0
42068.75064646354, 35, 1.0
42069.42353453092, 139, -1.0
42071.38062294191, 105, 1.0
42071.904158784804, 230, 1.0
42072.71598129037, 113, -1.0
42073.19881743779, 105, -1.0
42075.96388608287, 235, 1.0
42075.9704464783, 40, 1.0
42076.71396452554, 130, -1.0
42077.26144286848, 58, -1.0
42079.1526103276, 152, 1.0
42081.331278405276, 181, -1.0
42085.92634432067, 36, -1.0
42088.904759764584, 153, -1.0
42090.549335817246, 161, -1.0
42090.56741966949, 170, -1.0
42095.523448744236, 105, 1.0
42097.819356709966, 68, 1.0
42101.32310434582, 101, 1.0
42103.23435898631, 163, 1.0
42103.44966856728, 177, -1.0
42104.80582804558, 58, 1.0
42105.169170767025, 84, 1.0
42110.93870664983, 75, -1.0
42111.94360170342, 97, -1.0
42112.136209835764, 58, 1.0
42112.60710027071, 39, -1.0
42116.17776393333, 146, -1.0
42116.28683316641, 36, -1.0
42117.69892463917, 81, 1.0
42119.886419200404, 40, 1.0
42120.304667164615, 61, 1.0
42120.990837516685, 155, 1.0
42121.344253260555, 97, 1.0
42122.92216903002, 81, 1.0
42123.63862197079, 164, -1.0
42123.89998889251, 103, 1.0
42123.98132559204, 105, -1.0
42124.51971855066, 28, 1.0
42125.22775469527, 44, -1.0
42125.260826077516, 94, -1.0
42125.37068764036, 34, 1.0
42127.48782151024, 67, 1.0
42132.92339265113, 75, 1.0
42133.12885109689, 235, 1.0
42133.93235357869, 81, -1.0
42134.17424425793, 155, 1.0
42134.442028496975, 59, 1.0
42134.65258047681, 50, -1.0
42136.21403149695, 228, -1.0
42136.43594367202, 87, 1.0
42136.511997045105, 114, -1.0
42137.16083101775, 58, -1.0
42137.52259092548, 40, 1.0
42138.7281604951, 180, -1.0
42138.77964243372, 119, -1.0
42138.78916279238, 177, -1.0
42139.452322975136, 162, -1.0
42140.107750775554, 152, -1.0
42143.105607047095, 53, 1.0
42143.66982569036, 153, 1.0
42145.12657155816, 86, -1.0
42146.28414182563, 28, -1.0
42146.46223871447, 99, -1.0
42147.33311489487, 142, 1.0
42147.34003455991, 85, -1.0
42148.388773034196, 99, 1.0
42149.6371256611, 84, 1.0
42151.81389360683, 154, -1.0
42152.162744850684, 119, 1.0
42153.35316757224, 84, 1.0
42154.697352617404, 157, 1.0
42156.87489849403, 198, 1.0
42157.203223951736, 154, -1.0
42161.35934369941, 114, -1.0
42161.606413439746, 165, -1.0
42162.93768250203, 69, -1.0
42163.87068380842, 92, -1.0
42164.49876809992, 72, -1.0
42165.43576341782, 86, -1.0
42165.918076709546, 188, -1.0
42166.555724163656, 142, -1.0
42166.76516428127, 92, -1.0
42166.809417054115, 177, 1.0
42167.871266986425, 152, -1.0
42167.89340055921, 83, -1.0
42168.11698832414, 141, -1.0
42168.160184804, 126, -1.0
42168.25574397427, 170, -1.0
42169.2780401316, 44, 1.0
42170.53111748114, 72, 1.0
42170.65317029262, 67, 1.0
42171.52096491495, 36, -1.0
42175.14034158911, 163, -1.0
42176.187084904006, 164, -1.0
42176.49664560055, 60, -1.0
42177.71507158909, 159, -1.0
42178.8524316459, 40, -1.0
42178.872161240506, 27, -1.0
42179.74997476852, 105, 1.0
42179.994056931006, 69, 1.0
42180.07554132017, 104, -1.0
42182.01224471295, 152, -1.0
42183.722746800646, 114, 1.0
42185.760245511134, 147, 1.0
42186.51126226011, 50, 1.0
42190.09296607772, 98, -1.0
42191.41682190462, 230, -1.0
42192.76397448117, 166, -1.0
42196.24121959907, 163, 1.0
42197.174360958896, 41, -1.0
42199.39705280784, 45, -1.0
42200.74989247347, 116, 1.0
42201.373494888154, 123, 1.0
42202.15986925166, 36, -1.0
42202.82222963532, 70, 1.0
42203.21535065445, 50, -1.0
42206.02405191933, 80, 1.0
42206.47080566842, 86, 1.0
42207.43857645862, 58, 1.0
42207.50238122693, 154, 1.0
42207.56690762, 188, -1.0
42207.66946662994, 45, 1.0
42210.22223611034, 35, 1.0
42210.97401738905, 84, -1.0
42213.083085326805, 182, -1.0
42213.59132564151, 40, 1.0
42213.88024675295, 58, -1.0
42214.077829057205, 113, 1.0
42214.25593717823, 41, -1.0
42214.628731096396, 52, -1.0
42214.65758996364, 164, -1.0
42215.31513209616, 101, -1.0
42219.24742387746, 81, 1.0
42219.46698320244, 100, -1.0
42220.577015732604, 99, 1.0
42222.74330475089, 88, -1.0
42223.21369517426, 68, 1.0
42223.77473834522, 75, 1.0
42227.714193173866, 137, -1.0
42228.230898812304, 133, -1.0
42228.422181764196, 126, 1.0
42228.896042566055, 142, 1.0
42229.15502383586, 188, -1.0
42229.24400516485, 71, 1.0
42229.688489014494, 34, 1.0
42229.99260217631, 163, -1.0
42230.217588203916, 75, 1.0
42230.27638492876, 102, -1.0
42230.49127776933, 101, 1.0
42232.99195396021, 116, 1.0
42234.42551707305, 72, -1.0
42234.966892383665, 188, -1.0
42235.8599677242, 171, -1.0
42238.07919932943, 75, 1.0
42238.118432883995, 87, 1.0
42239.64009547264, 41, -1.0
42240.22075659571, 35, -1.0
42242.34052944877, 46, -1.0
42243.68967447101, 234, -1.0
42244.38089226888, 161, -1.0
42245.1888883917, 123, -1.0
42245.4360545237, 160, -1.0
42246.34798735068, 105, 1.0
42247.019432297886, 108, -1.0
42248.939357376476, 40, 1.0
42249.76928108797, 137, 1.0
42249.88090179968, 73, 1.0
42250.451044580004, 50, -1.0
42251.38221822187, 114, 1.0
42251.42953050683, 58, -1.0
42253.10196492758, 36, -1.0
42256.01446766733, 94, 1.0
42256.80986109313, 64, -1.0
42258.3286742587, 71, 1.0
42258.43266900741, 28, -1.0
42258.68787504994, 43, -1.0
42259.13700879929, 105, 1.0
42259.369462552684, 101, 1.0
42260.30880914559, 159, -1.0
42260.64019965377, 173, -1.0
42260.88412114701, 126, -1.0
42261.02250822866, 114, -1.0
42262.211742240615, 66, 1.0
42262.81878711871, 30, -1.0
42263.006552294864, 105, -1.0
42264.67700167369, 68, 1.0
42266.11775030325, 139, 1.0
42268.668539074366, 152, -1.0
42268.96918119404, 149, 1.0
42269.0227051206, 152, -1.0
42272.170303126135, 160, -1.0
42273.965555685856, 72, -1.0
42274.580083063986, 95, -1.0
42276.07689010163, 48, -1.0
42276.76001420983, 126, 1.0
42278.22529320022, 95, 1.0
42278.50283011199, 68, 1.0
42279.95281725567, 63, 1.0
42282.52439113662, 101, -1.0
42286.446965780495, 130, -1.0
42287.2738226771, 75, 1.0
42287.62080114586, 48, -1.0
42287.85949624873, 86, -1.0
42289.76046280503, 109, -1.0
42291.354488525736, 29, -1.0
42292.06322760539, 106, -1.0
42292.08032784996, 88, -1.0
42293.39208862943, 106, -1.0
42295.47122657299, 42, -1.0
42296.45899297721, 40, 1.0
42297.67357455872, 65, -1.0
42298.718787010075, 137, -1.0
42299.24269710728, 40, -1.0
42299.30111601499, 171, -1.0
42299.358205117576, 67, -1.0
42299.7469332092, 52, -1.0
42300.50883958084, 146, 1.0
42302.919973507356, 171, -1.0
42304.00431183349, 80, 1.0
42304.87413074917, 28, -1.0
42307.14920828887, 68, 1.0
42307.412193308475, 98, 1.0
42308.74026696815, 114, -1.0
42309.665888688585, 167, -1.0
42309.8437619732, 55, -1.0
42313.89953100238, 31, -1.0
42314.25503055773, 51, 1.0
42315.57735336697, 90, -1.0
42316.25506423597, 54, -1.0
42316.41817499026, 80, 1.0
42317.20444607429, 76, -1.0
42318.08180129697, 146, 1.0
42325.173936656174, 130, 1.0
42325.56996186946, 103, 1.0
42327.19864721779, 67, 1.0
42328.5868187239, 162, -1.0
42330.24922870445, 103, 1.0
42330.64824012193, 41, 1.0
42330.826526661636, 36, 1.0
42333.08076283785, 45, 1.0
42335.170749196244, 193, 1.0
42336.33879125759, 230, 1.0
42336.940242347635, 90, 1.0
42339.03962954947, 235, 1.0
42340.153860506034, 108, 1.0
42341.0153667122, 65, 1.0
42344.89943165506, 111, -1.0
42345.35431529525, 74, -1.0
42346.600612752314, 162, 1.0
42346.62146679938, 234, 1.0
42347.15832467786, 85, 1.0
42347.64738011786, 169, -1.0
42348.693918080215, 126, -1.0
42349.29198798026, 114, 1.0
42350.41644377359, 88, -1.0
42350.93849952809, 42, -1.0
42352.2086525604, 222, -1.0
42353.61673660507, 42, -1.0
42353.87983457723, 52, -1.0
42354.65578927227, 72, 1.0
42355.116873822684, 165, 1.0
42357.0499301103, 149, -1.0
42357.94075874875, 58, -1.0
42358.02353721206, 84, 1.0
42358.36873016587, 126, 1.0
42361.811586351476, 73, -1.0
42363.61993823538, 98, -1.0
42364.05403154921, 109, 1.0
42364.345460065015, 113, -1.0
42365.95196144909, 80, -1.0
42367.44529713997, 130, -1.0
42369.16502041313, 65, 1.0
42369.53932123157, 101, 1.0
42369.70954455742, 161, 1.0
42370.890577754, 27, -1.0
42374.44419661189, 73, -1.0
42374.59531482682, 116, -1.0
42375.17149079051, 45, -1.0
42375.324200144634, 142, 1.0
42376.63785008607, 104, 1.0
42377.26528147667, 198, -1.0
42378.859381713184, 33, 1.0
42379.43126083062, 114, -1.0
42379.668029836255, 160, -1.0
42379.91993702966, 233, -1.0
42381.619165649165, 152, 1.0
42382.14247038784, 68, -1.0
42382.657316223376, 103, 1.0
42383.57733685263, 241, 1.0
42385.55324188988, 139, 1.0
42386.25418954787, 34, 1.0
42387.46579491916, 54, -1.0
42389.098259972074, 33, -1.0
42389.72491813255, 103, -1.0
42390.55678403536, 142, -1.0
42392.66465654345, 40, 1.0
42393.7637577021, 161, -1.0
42394.28476001146, 45, -1.0
42394.31261072159, 45, -1.0
42394.44383566756, 164, -1.0
42396.96209401028, 43, 1.0
42399.8608958146, 109, -1.0
42400.13698250241, 82, -1.0
42402.65560697425, 167, 1.0
42402.950646627534, 101, 1.0
42404.002432865185, 171, -1.0
42404.17497391804, 163, -1.0
42404.32291306622, 159, -1.0
42404.62444070357, 230, 1.0
42405.1706066568, 36, -1.0
42406.10099371031, 35, 1.0
42407.1346047749, 67, 1.0
42409.88990980679, 158, -1.0
42410.13592057156, 110, -1.0
42410.446783377534, 81, -1.0
42411.16637760322, 58, -1.0
42412.00180690801, 81, -1.0
42412.15633729035, 67, 1.0
42416.09603778519, 101, -1.0
42417.86295249663, 158, -1.0
42418.15124423228, 162, -1.0
42423.37869347754, 101, -1.0
42423.99781531285, 235, 1.0
42424.00447558767, 182, -1.0
42424.19050461134, 165, -1.0
42424.68629957182, 130, -1.0
42426.91551096669, 85, 1.0
42427.36515922264, 84, 1.0
42428.84486950711, 71, 1.0
42431.362137989374, 69, 1.0
42432.63698030666, 92, -1.0
42433.99547236113, 45, -1.0
42434.98706273355, 58, 1.0
42436.07946123671, 222, 1.0
42436.962349961985, 67, -1.0
42438.33672119467, 84, 1.0
42438.45884803572, 165, -1.0
42438.70346775054, 159, 1.0
42442.86291561278, 198, 1.0
42443.676335941636, 40, -1.0
42446.68382859296, 35, -1.0
42446.89195740562, 29, 1.0
42446.955842636686, 159, 1.0
42447.367065317754, 84, 1.0
42447.64493828298, 187, -1.0
42447.816706967336, 71, 1.0
42448.777254984656, 157, 1.0
42449.18156286654, 100, -1.0
42449.25746233367, 182, -1.0
42449.3990367378, 152, -1.0
42449.81158338065, 105, 1.0
42450.868079304986, 29, -1.0
42452.70446590456, 37, -1.0
42452.772560574485, 105, 1.0
42452.80337164178, 168, -1.0
42454.3966135443, 48, -1.0
42454.491185221574, 147, -1.0
42456.48312794959, 37, -1.0
42457.408776169264, 233, 1.0
42457.71131600867, 86, -1.0
42457.71877773714, 126, 1.0
42459.37150872812, 133, 1.0
42460.14461060494, 198, -1.0
42463.14166467471, 98, 1.0
42464.43597920268, 133, 1.0
42465.03521075816, 153, -1.0
42465.192821171506, 66, -1.0
42466.52709300188, 241, 1.0
42469.31902279479, 113, -1.0
42470.651105595614, 40, 1.0
42472.19700217071, 162, -1.0
42472.460923304214, 124, 1.0
42476.8931266804, 109, -1.0
42477.830379146086, 99, -1.0
42477.992358164876, 162, 1.0
42478.551320397266, 114, 1.0
42479.174842946384, 139, -1.0
42479.71652149664, 83, -1.0
42480.33461392504, 59, -1.0
42482.20512005222, 228, -1.0
42483.951889464355, 65, -1.0
42484.156685490045, 39, 1.0
42484.28925430661, 44, -1.0
42484.945120316785, 182, -1.0
42485.73393356406, 51, 1.0
42487.38299821699, 159, -1.0
42492.29792747848, 105, -1.0
42493.72095456539, 84, 1.0
42494.30060603885, 75, 1.0
42494.36387853691, 160, -1.0
42496.53158667674, 39, -1.0
42498.05313383929, 52, -1.0
42498.11778558013, 92, -1.0
42498.70329311097, 39, 1.0
42499.77721825819, 126, -1.0
42499.99285548162, 158, 1.0
42502.33683355183, 241, 1.0
42502.46739501417, 234, -1.0
42505.320040581646, 126, 1.0
42507.13773182337, 114, 1.0
42507.67469118962, 99, -1.0
42509.906359825756, 233, 1.0
42512.1363366628, 71, -1.0
42513.41612750878, 68, -1.0
42513.87023728225, 40, 1.0
42514.238343971745, 126, -1.0
42515.33967758294, 168, -1.0
42516.26770584036, 142, -1.0
42516.646717258925, 58, 1.0
42517.21101796336, 137, -1.0
42517.48793987448, 62, -1.0
42518.3797951605, 103, -1.0
42519.96158668078, 102, -1.0
42520.19565406238, 126, 1.0
42520.617477254724, 59, -1.0
42520.77472897081, 97, 1.0
42520.98184862173, 164, -1.0
42521.318672301764, 41, -1.0
42523.16853096213, 44, 1.0
42523.483083536055, 230, 1.0
42523.69366851532, 158, 1.0
42523.778502576744, 90, -1.0
42524.15808124015, 169, -1.0
42524.992086773775, 40, 1.0
42529.420283957115, 116, -1.0
42530.081557849175, 148, 1.0
42532.36395321926, 142, -1.0
42533.542224205026, 158, -1.0
42534.845937963284, 58, -1.0
42535.52868630802, 69, 1.0
42535.69054470392, 99, -1.0
42536.160513176525, 146, 1.0
42537.826438133525, 67, -1.0
42538.73974680222, 171, -1.0
42539.21073385432, 42, -1.0
42539.39864895266, 163, -1.0
42540.67832316448, 81, 1.0
42540.99688552938, 97, -1.0
42541.350415228924, 69, -1.0
42541.51632071178, 130, 1.0
42541.97870269943, 92, -1.0
42542.60310362534, 92, -1.0
42543.66978723432, 87, 1.0
42546.93533334406, 105, -1.0
42547.86383726493, 81, 1.0
42548.082085025344, 126, 1.0
42548.982962227645, 33, 1.0
42549.70216853016, 146, 1.0
42549.935243747575, 53, -1.0
42550.15817310409, 73, 1.0
42552.85648719007, 103, 1.0
42554.35611704379, 153, 1.0
42554.70261452092, 29, -1.0
42557.26627248842, 59, 1.0
42559.11742821734, 75, 1.0
42560.45503524796, 95, -1.0
42562.024524652275, 101, 1.0
42562.07366043862, 40, -1.0
42562.16313293728, 71, -1.0
42563.17199282441, 128, -1.0
42563.45711123287, 84, -1.0
42563.58904399726, 163, 1.0
42563.94159751196, 69, 1.0
42563.95346602888, 163, -1.0
42564.43356769817, 235, -1.0
42564.62236201544, 30, -1.0
42567.81322706469, 73, 1.0
42568.77143149781, 45, 1.0
42570.88394229428, 126, 1.0
42573.336870457984, 177, -1.0
42573.77527289494, 142, -1.0
42574.21237718571, 165, -1.0
42574.34541015737, 33, 1.0
42575.00816450562, 75, 1.0
42575.78092105363, 126, 1.0
42576.97007185883, 42, -1.0
42577.28714298966, 73, -1.0
42581.0693010612, 123, 1.0
42581.14847394297, 68, -1.0
42582.16691193817, 73, 1.0
42583.15500513202, 165, -1.0
42583.3764883725, 155, -1.0
42584.59833325768, 68, -1.0
42585.74559535853, 55, 1.0
42586.857599457275, 53, 1.0
42588.362829956954, 114, 1.0
42589.45584103625, 33, -1.0
42591.01968757371, 76, -1.0
42593.3420783132, 152, -1.0
42593.441465765274, 75, 1.0
42593.53634746581, 142, 1.0
42594.11897286689, 188, -1.0
42597.986602519726, 105, 1.0
42598.524505990186, 198, 1.0
42599.955660858155, 29, 1.0
42601.517961295875, 173, 1.0
42601.64275129667, 105, 1.0
42606.584325753385, 67, -1.0
42609.853577526825, 44, 1.0
42610.68302899761, 65, -1.0
42611.09580800889, 102, 1.0
42611.987815527915, 61, -1.0
42613.38558996304, 71, -1.0
42613.42414825629, 168, 1.0
42614.85089144688, 99, -1.0
42615.03262466611, 101, 1.0
42616.54020864935, 40, 1.0
42617.55925469503, 101, -1.0
42617.78462785766, 109, 1.0
42618.29994616173, 152, -1.0
42618.90073755329, 103, -1.0
42619.35459814822, 71, -1.0
42619.35950157996, 181, -1.0
42619.62955348732, 139, 1.0
42619.81957668094, 173, -1.0
42620.01928885668, 42, 1.0
42621.73137880597, 163, -1.0
42622.211369862554, 142, 1.0
42623.57034800749, 82, 1.0
42623.88505736563, 165, 1.0
42624.691073489135, 177, 1.0
42625.15737583564, 99, 1.0
42625.99065859294, 151, 1.0
42626.48685005492, 35, -1.0
42628.35927068388, 228, -1.0
42628.45831222295, 167, -1.0
42629.1480691351, 103, 1.0
42630.24967901141, 235, -1.0
42630.33661294264, 222, -1.0
42632.13407521677, 34, -1.0
42632.239076988895, 48, -1.0
42634.691966105784, 222, 1.0
42634.80451406451, 116, -1.0
42640.158032333246, 114, 1.0
42640.92144604613, 119, 1.0
42641.06823973151, 177, -1.0
42642.589182617165, 233, -1.0
42643.433890488595, 69, 1.0
42644.12185668199, 73, -1.0
42644.745841401425, 142, 1.0
42644.9089076539, 133, -1.0
42645.228557428396, 107, -1.0
42645.38848327604, 83, -1.0
42645.54929134048, 74, -1.0
42649.86254185244, 210, -1.0
42650.762831745524, 233, 1.0
42651.877880049484, 152, 1.0
42654.15616530347, 90, -1.0
42654.85455828932, 126, 1.0
42655.790167581516, 105, -1.0
42656.77961583331, 81, -1.0
42657.55610852562, 114, -1.0
42657.93287562611, 75, -1.0
42658.82819208691, 114, 1.0
42659.41206110629, 180, -1.0
42661.178200378265, 157, -1.0
42662.37238018954, 207, -1.0
42664.636772699116, 70, -1.0
42665.317348290824, 164, 1.0
42665.568366474086, 40, -1.0
42667.277146603876, 50, -1.0
42667.30738992811, 44, 1.0
42668.2076282772, 152, 1.0
42670.19499152858, 80, -1.0
42671.10853195082, 164, -1.0
42672.276064483085, 109, 1.0
42673.6098922683, 81, -1.0
42674.53337566746, 148, -1.0
42674.78639165915, 67, 1.0
42676.10883559255, 114, -1.0
42676.88586263158, 67, 1.0
42679.80025343948, 81, 1.0
42680.42776515793, 114, 1.0
42681.954977472524, 28, 1.0
42682.6201604078, 137, -1.0
42684.18418059381, 114, -1.0
42684.975257434635, 114, 1.0
42685.21350028396, 162, -1.0
42685.65987259275, 101, -1.0
42688.789261929494, 153, 1.0
42689.64838695584, 99, 1.0
42691.573752613265, 69, -1.0
42692.095819171445, 87, -1.0
42694.87216077462, 88, 1.0
42695.4289407106, 163, 1.0
42695.5815037538, 157, 1.0
42696.01957613073, 80, -1.0
42696.394977986085, 119, -1.0
42697.15118030046, 35, 1.0
42700.094331039974, 35, -1.0
42702.82967844933, 35, -1.0
42704.26913548264, 97, 1.0
42711.93104103802, 37, -1.0
42712.511808639916, 87, -1.0
42713.392604834204, 32, 1.0
42714.80888490048, 161, -1.0
42718.410833986396, 73, -1.0
42719.22104091041, 177, -1.0
42720.638435074354, 126, 1.0
42720.80716311312, 69, 1.0
42720.93777368286, 71, 1.0
42722.316757122586, 75, -1.0
42723.23721459171, 146, -1.0
42727.72297045292, 230, -1.0
42730.2302125838, 42, 1.0
42730.478000509844, 73, 1.0
42730.5120134362, 103, 1.0
42731.63732734987, 40, 1.0
42732.34456011734, 162, 1.0
42732.94134573252, 66, -1.0
42732.98575897986, 233, -1.0
42733.048720489394, 168, 1.0
42733.10662315785, 36, -1.0
42733.69018726643, 80, 1.0
42735.62477851589, 141, 1.0
42736.056850844085, 29, 1.0
42738.45179958732, 159, 1.0
42739.00891002094, 34, -1.0
42741.97017931584, 109, -1.0
42741.999733671044, 146, 1.0
42742.11861091278, 42, 1.0
42743.19390658986, 86, -1.0
42744.098286898356, 103, -1.0
42745.70153061228, 233, 1.0
42745.764258649186, 75, 1.0
42746.151817179765, 66, -1.0
42746.15856803793, 198, -1.0
42747.878826666856, 159, -1.0
42748.8425592947, 164, 1.0
42749.188660857864, 39, -1.0
42749.824598133, 202, -1.0
42749.908952672115, 27, -1.0
42751.47225352453, 165, 1.0
42751.841543950075, 155, 1.0
42751.91405823797, 48, 1.0
42752.41963944035, 116, -1.0
42752.914813071366, 235, 1.0
42753.72699454508, 40, -1.0
42753.92848060452, 45, -1.0
42754.492142036244, 100, -1.0
42755.81012479669, 35, 1.0
42755.913844679926, 71, -1.0
42758.64149173192, 173, 1.0
42759.93101334116, 153, 1.0
42760.841427417814, 48, -1.0
42763.79644260875, 75, 1.0
42765.49553426768, 188, -1.0
42766.33269771643, 55, -1.0
42767.84145800136, 111, 1.0
42770.09358205128, 44, -1.0
42770.526283478815, 81, 1.0
42770.63577370882, 58, 1.0
42771.834228661435, 94, -1.0
42772.17020909932, 59, -1.0
42772.880530114235, 76, -1.0
42773.947400936675, 146, 1.0
42773.99349340916, 70, -1.0
42775.19730173743, 65, 1.0
42776.75844271369, 167, -1.0
42777.55168831195, 59, 1.0
42778.77818043248, 148, -1.0
42779.060239292055, 90, 1.0
42779.378165962844, 228, -1.0
42779.5951245887, 80, 1.0
42779.75778793597, 53, 1.0
42783.015178783746, 35, 1.0
42783.94718601017, 126, -1.0
42784.1773881151, 165, 1.0
42785.80524787485, 75, -1.0
42786.797751176586, 51, 1.0
42789.38484074616, 40, 1.0
42790.227850443, 35, -1.0
42792.30283383787, 108, 1.0
42792.61593138611, 152, -1.0
42793.25324302147, 181, -1.0
42793.886721645285, 161, -1.0
42794.96534556247, 64, 1.0
42796.96461640954, 67, 1.0
42797.76713709788, 84, 1.0
42798.631453372225, 73, -1.0
42800.636237517334, 94, -1.0
42801.52711254799, 45, -1.0
42802.54266215956, 165, -1.0
42803.18256082705, 75, 1.0
42803.33240161948, 48, -1.0
42804.48254560065, 164, 1.0
42806.19919762796, 153, -1.0
42806.85896493155, 165, 1.0
42807.47927554418, 182, -1.0
42807.80092919461, 202, -1.0
42808.48547300324, 142, 1.0
42808.628146499104, 171, -1.0
42808.652459941266, 163, 1.0
42808.77881929301, 163, -1.0
42810.10568670571, 83, 1.0
42810.41561622674, 234, -1.0
42810.73989160685, 53, -1.0
42811.06000153978, 149, -1.0
42814.82487717648, 99, 1.0
42815.758474442155, 58, 1.0
42816.0101683351, 108, 1.0
42816.25591967297, 75, 1.0
42819.61832554522, 69, 1.0
42820.616265452605, 117, 1.0
42821.11688867104, 202, -1.0
42822.09382505116, 29, 1.0
42822.21023377079, 70, -1.0
42824.122705506066, 103, -1.0
42824.2578848127, 46, -1.0
42824.60607301558, 181, -1.0
42827.90063620836, 33, -1.0
42828.776311544796, 165, -1.0
42829.33753026955, 66, -1.0
42830.06141214398, 70, 1.0
42830.15681184247, 233, 1.0
42831.20159440058, 162, 1.0
42831.520634557855, 60, -1.0
42832.15716575848, 71, -1.0
42833.72580224272, 83, -1.0
42834.20580335854, 68, -1.0
42835.04177934262, 81, -1.0
42838.629534501764, 54, -1.0
42839.15880515574, 235, -1.0
42840.11119203844, 155, -1.0
42841.701454895425, 103, 1.0
42841.83310544688, 29, 1.0
42842.719005965824, 111, -1.0
42842.85569143404, 68, -1.0
42843.703511295185, 114, 1.0
42844.376447936505, 68, -1.0
42846.49106187088, 35, 1.0
42849.621179529015, 35, -1.0
42850.023484450154, 82, -1.0
42850.16991841957, 76, 1.0
42850.50029333573, 103, 1.0
42852.00060547875, 159, 1.0
42852.520268712644, 111, 1.0
42853.651770126504, 40, 1.0
42855.12747092213, 139, -1.0
42855.86382547896, 105, 1.0
42856.46201491066, 60, -1.0
42856.930144089565, 126, 1.0
42857.213461323874, 70, -1.0
42857.25068997106, 73, -1.0
42858.50261697501, 65, -1.0
42858.591990043045, 53, 1.0
42859.08953827807, 100, 1.0
42859.76132495262, 138, -1.0
42861.902123955, 31, 1.0
42862.72442957668, 182, -1.0
42867.28153186803, 165, -1.0
42867.99766218902, 152, 1.0
42869.05297253094, 114, 1.0
42869.22469342759, 40, -1.0
42870.431440665954, 44, -1.0
42870.95011369785, 66, -1.0
42872.0778320188, 68, -1.0
42874.89775204098, 76, -1.0
42875.05537103649, 87, 1.0
42875.38103442092, 94, 1.0
42876.75606621572, 162, -1.0
42876.910648739686, 157, 1.0
42878.695756178735, 95, -1.0
42879.72562785642, 169, 1.0
42880.34118541948, 105, -1.0
42880.7372825457, 35, -1.0
42881.947634778, 45, 1.0
42882.2920989728, 46, -1.0
42886.1835533572, 90, 1.0
42886.529260742594, 111, -1.0
42887.216439134354, 41, -1.0
42889.338600607894, 103, 1.0
42890.17219383446, 137, 1.0
42890.607151277065, 40, 1.0
42890.847647740935, 53, 1.0
42892.373546721916, 222, 1.0
42892.45315840848, 154, -1.0
42892.82880228874, 33, -1.0
42894.742350278015, 75, 1.0
42897.22285983861, 84, 1.0
42898.22687544912, 95, 1.0
42898.27139348341, 80, 1.0
42899.68513589056, 169, 1.0
42900.35496838828, 65, -1.0
42902.805357023, 169, 1.0
42903.77066491073, 142, 1.0
42904.5582741158, 160, 1.0
42904.58694183254, 58, 1.0
42906.18475627058, 50, 1.0
42907.08374828565, 163, -1.0
42911.518807856126, 36, -1.0
42911.67134491325, 147, -1.0
42912.539925526784, 147, -1.0
42913.41333413114, 163, -1.0
42914.38908687022, 44, 1.0
42914.91644497511, 116, -1.0
42915.639630149315, 137, -1.0
42917.95684710423, 76, -1.0
42917.969748769516, 32, -1.0
42919.30102093796, 114, 1.0
42921.02106047168, 44, -1.0
42922.26623328424, 75, 1.0
42923.086691963035, 36, -1.0
42924.70692512019, 171, -1.0
42926.95843632176, 81, -1.0
42927.65038879311, 152, 1.0
42927.79882648817, 86, 1.0
42929.05684172663, 68, 1.0
42931.14385416352, 100, 1.0
42932.93909700539, 147, 1.0
42934.222001822374, 52, -1.0
42934.418786645874, 61, 1.0
42935.12840563978, 45, 1.0
42936.054233496296, 58, -1.0
42936.394741896795, 61, -1.0
42936.46092661887, 130, -1.0
42937.39904886194, 45, -1.0
42937.63230902243, 188, -1.0
42937.90885836412, 68, -1.0
42939.396887664945, 90, -1.0
42939.44113123826, 75, -1.0
42939.44449549656, 126, 1.0
42940.57111995732, 171, -1.0
42941.42374771003, 67, 1.0
42941.643135478786, 67, -1.0
42942.000162258475, 118, -1.0
42944.44299551578, 105, 1.0
42946.15824529393, 99, 1.0
42948.64900401945, 87, -1.0
42948.66357960122, 41, 1.0
42951.27121466886, 59, -1.0
42951.420215134734, 148, -1.0
42951.430138129625, 61, -1.0
42951.44615418172, 202, -1.0
42951.50318320144, 33, -1.0
42951.64459096731, 234, -1.0
42951.689960362986, 162, -1.0
42953.50930897415, 35, -1.0
42953.63869121764, 162, 1.0
42955.03893812253, 165, -1.0
42955.5783556345, 162, -1.0
42956.1100639072, 48, -1.0
42956.36782250286, 137, 1.0
42958.376911363994, 146, -1.0
42959.470130710164, 62, 1.0
42959.60753670295, 149, 1.0
42959.633561742696, 48, -1.0
42960.65762258851, 97, -1.0
42961.56544061464, 65, 1.0
42962.91966897491, 35, -1.0
42963.809103160806, 108, -1.0
42966.21083479192, 160, -1.0
42967.594429164616, 152, -1.0
42968.680714554685, 71, 1.0
42969.29647669345, 84, 1.0
42969.41935553042, 114, 1.0
42969.46732577885, 55, -1.0
42970.15371704502, 69, 1.0
42970.20920893848, 40, -1.0
42970.52394415731, 76, -1.0
42971.387493030656, 72, 1.0
42972.42368221201, 75, 1.0
42973.15630392006, 84, -1.0
42976.309970711874, 157, 1.0
42978.13908267657, 146, 1.0
42980.27929323038, 169, -1.0
42980.40216319569, 60, -1.0
42985.66416733324, 55, -1.0
42986.43116989128, 150, 1.0
42986.72175565767, 152, -1.0
42987.226670873766, 64, 1.0
42987.71660687929, 163, -1.0
42989.291485580485, 157, 1.0
42989.35130655063, 119, -1.0
42989.91525390139, 92, -1.0
42990.61474450595, 91, -1.0
42990.63546895441, 37, -1.0
42990.8299981357, 75, -1.0
42991.36031044629, 158, -1.0
42991.98027942404, 152, -1.0
42994.20108001478, 160, -1.0
42994.65386196194, 173, -1.0
42995.103595804, 182, -1.0
42997.186742718666, 60, 1.0
42997.27510819853, 73, -1.0
42999.27153178182, 235, 1.0
42999.5875086352, 27, 1.0
43000.62279351011, 99, -1.0
43002.98492148762, 187, -1.0
43003.45264292852, 40, 1.0
43005.77055772234, 73, -1.0
43006.31251964617, 163, -1.0
43007.22326870077, 60, -1.0
43008.4680249302, 161, 1.0
43008.468615410115, 128, 1.0
43008.87122568379, 119, 1.0
43010.03834302584, 33, 1.0
43010.13148590746, 198, -1.0
43010.39446026806, 116, 1.0
43014.3120793091, 58, -1.0
43018.72921149493, 35, 1.0
43018.824019021275, 92, 1.0
43020.46488974083, 114, 1.0
43022.42130226893, 26, 1.0
43022.45286558746, 52, -1.0
43022.7331047175, 54, -1.0
43022.774484757625, 31, 1.0
43022.812027805325, 148, -1.0
43023.032298571154, 40, 1.0
43023.661568345015, 108, -1.0
43028.04819397657, 65, 1.0
43029.81935810079, 64, 1.0
43030.632031063484, 108, -1.0
43030.6648393479, 82, 1.0
43033.75281295747, 95, -1.0
43033.93398596203, 141, -1.0
43035.6817572592, 137, 1.0
43037.384002248116, 71, 1.0
43037.76660197901, 177, -1.0
43039.817898078116, 53, -1.0
43040.77772645664, 65, -1.0
43041.936826096025, 162, 1.0
43043.22309098443, 67, -1.0
43045.36230473668, 44, -1.0
43046.889492980124, 37, -1.0
43049.41163748623, 164, -1.0
43050.025544131495, 198, -1.0
43050.10515539775, 110, 1.0
43051.52253220066, 75, -1.0
43053.2434075748, 141, -1.0
43053.88652902162, 116, 1.0
43053.932600099695, 67, -1.0
43054.22909283121, 69, 1.0
43054.50156488754, 141, 1.0
43055.906309645805, 173, -1.0
43059.80731912267, 71, 1.0
43059.892495534055, 40, 1.0
43060.45924846499, 154, -1.0
43060.79146008204, 76, -1.0
43061.72783928023, 39, -1.0
43062.08884337727, 154, 1.0
43063.9685828303, 112, 1.0
43064.38728022613, 34, 1.0
43069.54101832885, 92, 1.0
43070.49377462705, 126, 1.0
43072.96206557287, 104, -1.0
43073.948606821956, 181, -1.0
43074.08515693139, 99, -1.0
43077.77476229397, 126, -1.0
43079.2585229245, 59, 1.0
43079.685867439155, 72, -1.0
43079.99229230841, 228, 1.0
43080.130139983696, 76, -1.0
43081.06289317994, 163, -1.0
43082.551439893505, 36, 1.0
43082.5939029721, 228, 1.0
43082.598153527164, 52, -1.0
43082.78055095303, 32, -1.0
43082.85449995696, 167, -1.0
43083.77363983415, 66, -1.0
43085.44415016764, 50, -1.0
43085.49256809101, 32, -1.0
43086.36720404853, 95, 1.0
43086.42116703116, 163, -1.0
43087.556050787156, 155, 1.0
43090.70211778695, 124, 1.0
43093.02305737988, 241, 1.0
43093.3995288626, 69, -1.0
43094.10173641078, 113, -1.0
43095.00821192315, 126, -1.0
43095.011912655136, 75, 1.0
43095.202467487085, 154, 1.0
43096.0122148075, 241, 1.0
43096.466494719556, 164, -1.0
43097.76273049288, 58, -1.0
43098.079218704246, 35, 1.0
43099.15871884687, 90, -1.0
43099.69902079442, 241, 1.0
43099.83083160565, 87, 1.0
43100.540811164705, 198, -1.0
43100.81603195894, 152, 1.0
43103.08567260143, 146, 1.0
43103.68909512592, 162, -1.0
43103.84201060934, 80, 1.0
43104.452307214306, 45, 1.0
43108.02488869952, 87, -1.0
43108.22091417093, 101, -1.0
43108.26199231248, 90, 1.0
43109.28317031793, 142, 1.0
43109.383700351624, 58, 1.0
43110.15056851999, 68, -1.0
43110.687020243386, 76, -1.0
43112.75978257987, 103, -1.0
43116.26258291117, 71, -1.0
43119.33603832351, 64, 1.0
43119.38664646654, 98, 1.0
43119.55236079164, 164, 1.0
43121.841637687154, 87, 1.0
43122.99974704038, 71, 1.0
43124.280011957875, 43, 1.0
43125.5249578721, 114, -1.0
43125.65928056251, 69, -1.0
43127.52992266878, 65, -1.0
43134.26526257125, 71, -1.0
43135.433521631865, 170, -1.0
43137.595635740625, 160, 1.0
43138.58815213962, 99, -1.0
43138.82945792479, 74, -1.0
43139.870038122, 75, 1.0
43139.8744830223, 160, -1.0
43142.39661689702, 71, -1.0
43143.14585584493, 39, -1.0
43144.948910396546, 222, -1.0
43144.96102236233, 169, 1.0
43145.152668939685, 65, 1.0
43147.24822276947, 80, -1.0
43149.582022848044, 58, -1.0
43150.45712711242, 137, -1.0
43150.91234568916, 169, -1.0
43153.28088604847, 241, 1.0
43153.62560540962, 157, 1.0
43154.33083183412, 88, -1.0
43154.56277876855, 177, -1.0
43155.6855886686, 75, 1.0
43156.6328577913, 58, 1.0
43156.72994352588, 114, 1.0
43159.10808013127, 154, -1.0
43159.975159908936, 40, 1.0
43160.709934641374, 76, -1.0
43162.68282913251, 84, 1.0
43164.275524823875, 73, 1.0
43167.06038313314, 65, -1.0
43167.87107805449, 34, 1.0
43168.47451672808, 114, -1.0
43170.543622356054, 126, 1.0
43171.36075977672, 173, -1.0
43172.99973528921, 146, -1.0
43173.53964422958, 230, 1.0
43173.642298424806, 101, 1.0
43174.22337073941, 198, -1.0
43176.41360292214, 152, -1.0
43177.74908066214, 169, 1.0
43178.242952417575, 99, 1.0
43179.021270263125, 173, 1.0
43181.26670129564, 118, -1.0
43182.00751660268, 29, -1.0
43184.47565610171, 31, -1.0
43191.421966651884, 40, 1.0
43191.52434841955, 65, -1.0
43191.67764109196, 148, -1.0
43191.68800382882, 39, -1.0
43191.91427603887, 222, 1.0
43194.21611780546, 40, -1.0
43194.701435331495, 67, 1.0
43194.892178463066, 146, -1.0
43195.9588387455, 84, -1.0
43197.07725819893, 142, 1.0
