61200.85905419709, 108, -1.0
61202.845831769, 58, -1.0
61202.97721658553, 33, -1.0
61203.86511511539, 68, -1.0
61205.780453337175, 28, -1.0
61207.290617435785, 68, 1.0
61212.84748259316, 120, 1.0
61214.95181504755, 41, -1.0
61215.26126843995, 34, -1.0
61218.11014220264, 165, 1.0
61218.15280969812, 35, 1.0
61220.52730781381, 34, 1.0
61222.901555191616, 161, -1.0
61227.67540596088, 101, 1.0
61227.71616156562, 35, -1.0
61230.82895857692, 110, 1.0
61232.99376737906, 159, -1.0
61233.389815000366, 64, 1.0
61233.60295551883, 233, -1.0
61235.83432455456, 111, -1.0
61235.97779043069, 163, -1.0
61238.19489628314, 45, 1.0
61238.97366562013, 101, 1.0
61239.87008117374, 76, 1.0
61242.687500639404, 157, 1.0
61243.24775896461, 55, -1.0
61243.65371101423, 58, 1.0
61243.889258979754, 98, 1.0
61246.59130205935, 59, 1.0
61247.25300892557, 165, 1.0
61252.16442636026, 84, -1.0
61252.87771627119, 81, 1.0
61254.94506373926, 93, -1.0
61255.28638385816, 146, 1.0
61256.82335943026, 100, -1.0
61257.14691188289, 98, 1.0
61258.263739876915, 169, -1.0
61258.280802550275, 148, -1.0
61259.54799494686, 100, -1.0
61260.57542057946, 116, -1.0
61262.02317161637, 146, 1.0
61262.81613469242, 164, -1.0
61263.76376388216, 26, 1.0
61264.67249339663, 148, -1.0
61266.487024590606, 71, -1.0
61266.85450738545, 80, 1.0
61269.49496461161, 161, 1.0
61269.926837205385, 230, 1.0
61271.10831044872, 90, -1.0
61273.15081314082, 165, -1.0
61273.561093527445, 241, -1.0
61274.2957687913, 138, -1.0
61276.60939821683, 114, 1.0
61279.70431682547, 33, 1.0
61284.86038447505, 111, 1.0
61288.556243143896, 48, -1.0
61288.77798889034, 41, 1.0
61289.818116264985, 84, -1.0
61290.93072683871, 169, 1.0
61292.68030797052, 80, -1.0
61295.50853016101, 58, 1.0
61298.90573318451, 141, -1.0
61299.02308830658, 58, -1.0
61301.61346984141, 94, -1.0
61304.627461574746, 164, -1.0
61305.47968208835, 114, 1.0
61306.07819989517, 99, 1.0
61307.26592261569, 101, -1.0
61313.83462572415, 169, 1.0
61314.1897844722, 163, -1.0
61314.942445781504, 165, -1.0
61316.07021758054, 116, -1.0
61316.14613066316, 34, 1.0
61316.7055176343, 163, -1.0
61317.483288995216, 75, 1.0
61321.50331576087, 105, -1.0
61321.95596638291, 44, -1.0
61326.494417007765, 82, 1.0
61332.79307333252, 66, 1.0
61333.8739136605, 233, -1.0
61335.310286154345, 114, -1.0
61335.622177274454, 152, -1.0
61335.761932167065, 114, 1.0
61336.560166553085, 103, 1.0
61339.711438849656, 40, -1.0
61340.002972524686, 161, 1.0
61340.961575428366, 101, -1.0
61341.425778598736, 113, -1.0
61341.98212056639, 170, 1.0
61343.92610933382, 126, -1.0
61344.12648885095, 33, 1.0
61344.620337915025, 45, -1.0
61345.079909536216, 53, 1.0
61348.27587890863, 116, -1.0
61350.70097608692, 167, -1.0
61356.761498556334, 67, -1.0
61358.638622963015, 99, 1.0
61359.167333037636, 53, -1.0
61359.58762332362, 116, 1.0
61361.74415375215, 42, 1.0
61361.869684422236, 161, -1.0
61363.31534994403, 46, 1.0
61363.53560061051, 90, -1.0
61363.58949508758, 35, -1.0
61364.20400785765, 233, 1.0
61364.435719815454, 34, -1.0
61366.26296726757, 193, -1.0
61367.87195788788, 56, -1.0
61370.90303067805, 56, -1.0
61374.87135132003, 55, -1.0
61375.02477064568, 128, 1.0
61376.94692432363, 141, -1.0
61381.566290488176, 111, -1.0
61383.06209741209, 114, -1.0
61383.758078067396, 146, -1.0
61384.09818231892, 50, 1.0
61385.77157835292, 97, -1.0
61386.593143797116, 161, 1.0
61387.32889273794, 151, -1.0
61390.90218852662, 152, -1.0
61397.28065607649, 116, 1.0
61397.45520478861, 82, 1.0
61398.05611613796, 39, -1.0
61400.460172459134, 163, 1.0
61402.96538553419, 146, -1.0
61405.46451286089, 173, -1.0
61409.2409698639, 165, 1.0
61409.32030196589, 161, 1.0
61409.74216590954, 119, -1.0
61410.27177312205, 97, 1.0
61410.821107929245, 138, -1.0
61415.04569232369, 177, 1.0
61415.74850985211, 98, -1.0
61420.69985407875, 35, 1.0
61420.70389477989, 37, -1.0
61422.629028528594, 71, 1.0
61423.83326403275, 164, -1.0
61425.200722480324, 40, 1.0
61425.359108637334, 114, -1.0
61425.9221139893, 45, 1.0
61426.753514911674, 158, -1.0
61428.9009036441, 119, 1.0
61430.859238244855, 44, 1.0
61431.494241877524, 82, -1.0
61432.16653815547, 153, -1.0
61432.36003367647, 146, 1.0
61433.245027414676, 59, 1.0
61435.41248115228, 154, -1.0
61436.23913502643, 56, -1.0
61438.76184274041, 35, -1.0
61440.354056701675, 241, 1.0
61443.64265360941, 116, 1.0
61445.63305811145, 44, -1.0
61448.154065045754, 58, 1.0
61448.24508617314, 164, -1.0
61448.48038664397, 158, -1.0
61448.5163472438, 82, -1.0
61451.559282953975, 58, 1.0
61453.457159111065, 158, -1.0
61453.98998554018, 34, 1.0
61456.45370211824, 113, -1.0
61458.1592077877, 83, -1.0
61458.30952255542, 111, -1.0
61458.93552471124, 60, 1.0
61459.09088813778, 35, -1.0
61459.258733333416, 34, 1.0
61460.35200775762, 75, -1.0
61460.90209292907, 63, -1.0
61461.534061231345, 84, 1.0
61462.186668494105, 163, -1.0
61468.78226956128, 35, 1.0
61472.154779943, 99, 1.0
61472.486817567726, 165, -1.0
61472.612870979996, 58, 1.0
61473.24790585434, 164, 1.0
61474.301838000756, 153, -1.0
61474.610063170585, 162, -1.0
61474.66446000121, 75, 1.0
61475.29139544445, 141, 1.0
61476.301196572684, 146, -1.0
61476.94139455153, 142, 1.0
61477.64573634325, 114, -1.0
61480.1802112946, 130, -1.0
61481.429240596946, 58, -1.0
61482.11974029927, 146, 1.0
61483.67847715016, 167, 1.0
61484.29562031709, 52, 1.0
61484.802178345984, 93, -1.0
61488.60385545348, 234, -1.0
61490.981518109395, 43, -1.0
61491.5810195196, 41, 1.0
61493.115169433026, 75, -1.0
61493.25209640781, 26, 1.0
61494.80438379428, 148, 1.0
61495.39361425039, 100, 1.0
61495.97380909385, 44, 1.0
61497.96810949622, 72, -1.0
61498.93339241542, 173, -1.0
61501.284157505936, 163, -1.0
61502.83623154278, 99, -1.0
61502.939883761144, 58, -1.0
61503.68247826917, 64, -1.0
61503.96036159998, 43, 1.0
61505.66944802421, 164, -1.0
61507.39676860825, 59, 1.0
61507.65793858821, 80, 1.0
61508.24738527011, 153, -1.0
61510.14621076513, 50, -1.0
61510.73454062783, 26, -1.0
61511.3074019799, 88, -1.0
61512.9028348251, 110, 1.0
61514.50602568459, 228, -1.0
61515.04343550635, 124, 1.0
61516.92129116109, 233, -1.0
61517.28216904425, 146, -1.0
61518.095505378056, 56, 1.0
61519.50920871167, 116, -1.0
61520.94977822836, 130, 1.0
61521.553403145605, 228, -1.0
61521.86304369633, 61, 1.0
61522.66287185316, 105, 1.0
61523.725978361115, 76, 1.0
61525.477109913394, 64, -1.0
61525.732824241066, 29, 1.0
61525.85833489602, 80, -1.0
61526.9419223193, 165, -1.0
61527.69838669481, 110, 1.0
61528.65972388568, 34, 1.0
61529.82246710591, 34, 1.0
61530.0926621133, 137, 1.0
61530.555374190124, 113, -1.0
61531.55846731056, 58, -1.0
61534.68795496573, 98, -1.0
61535.36087756488, 35, 1.0
61536.140297054866, 64, -1.0
61536.23025144347, 114, 1.0
61542.19196472974, 139, -1.0
61543.81169713582, 41, 1.0
61547.22093138381, 50, -1.0
61548.04658481896, 141, -1.0
61550.25712708605, 165, 1.0
61552.56801161739, 126, 1.0
61554.96613482682, 118, -1.0
61555.23874820328, 141, -1.0
61555.6236383978, 52, -1.0
61555.930561613284, 114, 1.0
61558.01668315965, 58, 1.0
61558.52471183066, 141, -1.0
61559.159971212546, 34, 1.0
61560.197828047174, 101, -1.0
61560.812179835295, 159, -1.0
61560.98513049361, 68, 1.0
61562.13093187553, 98, 1.0
61562.14254987878, 88, 1.0
61562.69728345835, 163, 1.0
61562.84479549606, 116, -1.0
61564.40089925353, 43, 1.0
61565.169930564625, 71, -1.0
61565.35077423789, 67, 1.0
61566.337140111704, 162, 1.0
61567.76291922999, 40, -1.0
61573.6426736504, 110, -1.0
61574.48469914769, 141, -1.0
61576.080520016454, 182, 1.0
61578.297831605814, 35, 1.0
61578.339685129045, 58, 1.0
61578.41756579773, 87, 1.0
61579.18294446156, 34, 1.0
61580.14107301996, 36, -1.0
61580.965562351834, 89, -1.0
61584.76944849987, 72, -1.0
61586.51978327421, 101, 1.0
61586.79505775215, 113, -1.0
61592.8869145531, 158, -1.0
61594.691737458204, 188, -1.0
61595.07142893588, 155, 1.0
61596.15163829451, 80, 1.0
61598.706736161024, 114, 1.0
61598.88580885744, 50, 1.0
61602.89860270953, 106, -1.0
61602.93828322737, 142, 1.0
61603.68575141821, 26, -1.0
61603.794359746855, 167, 1.0
61603.82284103455, 93, -1.0
61605.67791970147, 182, 1.0
61607.792774925765, 117, 1.0
61610.859603469384, 26, 1.0
61610.87795447539, 73, -1.0
61614.62758831583, 130, -1.0
61615.23634178738, 198, 1.0
61617.5570147742, 159, -1.0
61619.89410531648, 87, 1.0
61621.677013969005, 54, -1.0
61622.46999821306, 116, -1.0
61622.84815936253, 152, -1.0
61624.205299407375, 182, 1.0
61627.73566507975, 114, -1.0
61628.48371149455, 163, 1.0
61629.0548218992, 168, 1.0
61631.649426712705, 170, 1.0
61631.84620338319, 193, -1.0
61632.391356219625, 67, -1.0
61632.962426286205, 100, -1.0
61633.48861832454, 34, -1.0
61635.21213893711, 141, -1.0
61636.58759410131, 83, -1.0
61638.402318203815, 148, 1.0
61642.17060222748, 164, 1.0
61642.21770051893, 182, 1.0
61643.75385400397, 60, 1.0
61644.52518745947, 97, -1.0
61647.8145809091, 64, 1.0
61648.74408088121, 34, 1.0
61652.16518170301, 83, 1.0
61652.83327984072, 50, -1.0
61654.90200151818, 116, 1.0
61656.87857064671, 159, 1.0
61660.31302877392, 106, 1.0
61662.50141355013, 161, 1.0
61665.37472991929, 86, -1.0
61666.86036903754, 58, 1.0
61667.05775340426, 53, 1.0
61667.44751693066, 94, -1.0
61668.119286319576, 54, -1.0
61670.96777639458, 44, -1.0
61672.35774666896, 100, -1.0
61676.09794179042, 114, -1.0
61678.502952972245, 105, -1.0
61680.3105202395, 75, 1.0
61682.44139508527, 76, -1.0
61683.080551351246, 170, 1.0
61684.763855248755, 35, 1.0
61685.230940134286, 58, 1.0
61688.81664242996, 165, -1.0
61689.528789196505, 141, 1.0
61690.130125013595, 103, -1.0
61691.72301402382, 108, -1.0
61692.173070910656, 30, -1.0
61692.45955883837, 97, 1.0
61694.793349355874, 104, -1.0
61695.71968742214, 53, -1.0
61696.010178258635, 177, -1.0
61696.81774518678, 165, 1.0
61698.586517316005, 162, -1.0
61699.146524472606, 89, -1.0
61702.565423093096, 113, 1.0
61702.896894606085, 88, -1.0
61702.94335183834, 169, 1.0
61703.65584054184, 87, 1.0
61707.844687997924, 35, -1.0
61710.57885012496, 71, 1.0
61713.842813068986, 161, 1.0
61718.747272819426, 222, 1.0
61719.7764069025, 122, -1.0
61719.83554261905, 141, -1.0
61721.5513279351, 97, -1.0
61722.198632897365, 116, 1.0
61722.38826113572, 116, 1.0
61725.46869570692, 75, 1.0
61727.96583747861, 148, 1.0
61729.82756287553, 228, 1.0
61729.928524260744, 97, -1.0
61730.71173326444, 233, 1.0
61730.96166067847, 80, -1.0
61731.11084571604, 75, 1.0
61736.37590398787, 75, -1.0
61739.33762026551, 35, -1.0
61741.05108554534, 173, -1.0
61741.490559087266, 69, -1.0
61744.10146989338, 42, 1.0
61744.3342212994, 148, 1.0
61744.533276179056, 41, 1.0
61747.04732485645, 166, -1.0
61747.60858903962, 62, -1.0
61747.636364484286, 148, 1.0
61753.293113312444, 84, 1.0
61754.58272136426, 83, 1.0
61755.62715337696, 111, -1.0
61756.30201869377, 129, 1.0
61758.28947254587, 36, -1.0
61759.33193014883, 170, -1.0
61762.02686616445, 112, -1.0
61763.407822725014, 116, -1.0
61766.43279489134, 146, 1.0
61766.8576173527, 58, 1.0
61768.81318776877, 165, -1.0
61769.741182751764, 101, 1.0
61771.447108815686, 120, -1.0
61772.275071876415, 105, -1.0
61773.504177997005, 40, 1.0
61776.019566299554, 148, 1.0
61777.59273345707, 154, 1.0
61778.93722102386, 188, -1.0
61780.82529779248, 150, -1.0
61781.43313830263, 158, 1.0
61783.942660904046, 230, -1.0
61784.29819329296, 101, 1.0
61788.323898638504, 146, -1.0
61788.498551862904, 50, 1.0
61788.524729651384, 171, 1.0
61789.65868909477, 72, 1.0
61790.052062259834, 141, -1.0
61792.8534752516, 87, 1.0
61793.85406107733, 91, 1.0
61795.815116660684, 59, 1.0
61797.58980894764, 92, -1.0
61798.19678614452, 87, 1.0
61799.75821042463, 163, 1.0
61800.121055770716, 137, 1.0
61806.86916512446, 152, -1.0
61807.41530507322, 106, -1.0
61808.198374738204, 27, -1.0
61808.72587308101, 146, 1.0
61809.644759443785, 97, 1.0
61809.83919340133, 27, 1.0
61810.348128327525, 234, -1.0
61810.843788062586, 114, 1.0
61812.96069802961, 71, 1.0
61815.41793590442, 100, -1.0
61815.815265084304, 73, -1.0
61816.31144646332, 69, -1.0
61816.98057065682, 58, 1.0
61817.96857200407, 164, 1.0
61818.04450490321, 126, 1.0
61819.105655929794, 40, 1.0
61820.28996194403, 40, 1.0
61821.64308750829, 159, -1.0
61826.27823970754, 110, -1.0
61826.30254239121, 34, 1.0
61827.868808694446, 113, 1.0
61828.23258477176, 126, -1.0
61833.585233988866, 152, 1.0
61838.15417040232, 166, 1.0
61839.77369921021, 169, -1.0
61841.39116802244, 198, 1.0
61845.4649782387, 101, -1.0
61847.62284413043, 114, -1.0
61849.77496314439, 26, -1.0
61851.31008960787, 41, 1.0
61854.07726084694, 84, 1.0
61854.95899265087, 182, 1.0
61856.22785249856, 137, -1.0
61858.05500251063, 116, -1.0
61858.123263505484, 71, -1.0
61862.34161455271, 147, 1.0
61863.30252657106, 162, 1.0
61863.91257273383, 50, -1.0
61865.05532088787, 98, 1.0
61867.71280385378, 228, -1.0
61867.92842227632, 108, -1.0
61870.00731237558, 110, -1.0
61870.913124938, 105, 1.0
61871.113104469965, 100, -1.0
61871.16195444855, 28, -1.0
61876.475026297485, 58, 1.0
61878.655639496516, 75, 1.0
61878.95193700399, 105, 1.0
61881.51616140325, 162, -1.0
61881.78799293486, 29, 1.0
61881.90453888863, 72, 1.0
61884.559380096754, 146, -1.0
61888.60775955577, 89, -1.0
61891.015308897375, 62, 1.0
61893.90997656462, 100, -1.0
61897.724749249326, 142, -1.0
61898.14717392028, 95, -1.0
61898.36944967518, 152, -1.0
61900.621748664504, 58, -1.0
61901.164709481774, 105, 1.0
61903.88598745229, 103, -1.0
61904.25290570238, 60, -1.0
61906.76740651312, 99, -1.0
61909.26346245671, 126, 1.0
61910.832766570085, 67, 1.0
61913.97319542228, 163, -1.0
61914.370391524484, 98, -1.0
61916.66928843822, 146, 1.0
61916.82606593063, 64, 1.0
61917.94679328931, 116, 1.0
61919.12775718619, 86, 1.0
61920.768613869375, 97, 1.0
61922.86184482428, 34, -1.0
61923.9852157589, 158, 1.0
61924.979474102336, 29, -1.0
61925.30686949192, 67, 1.0
61927.506191423214, 83, -1.0
61927.814931076755, 146, 1.0
61930.30394975165, 99, -1.0
61931.211865867845, 91, -1.0
61932.22205332676, 34, 1.0
61933.70016628829, 83, 1.0
61934.50937893301, 50, -1.0
61935.43325288521, 81, -1.0
61936.04321375688, 68, -1.0
61936.40398250562, 166, 1.0
61940.04519659764, 165, 1.0
61942.499636748114, 97, 1.0
61942.67416672971, 34, -1.0
61945.564164002346, 83, -1.0
61946.58024503774, 86, -1.0
61946.89777273318, 97, 1.0
61948.113433182545, 59, 1.0
61948.68557520387, 113, -1.0
61952.53856886617, 116, 1.0
61957.55379275485, 148, -1.0
61958.811299449066, 52, -1.0
61961.531583559, 73, -1.0
61961.55573219762, 146, 1.0
61961.63585198827, 164, -1.0
61964.85621492426, 75, 1.0
61966.330175718605, 165, 1.0
61968.18732766977, 35, 1.0
61971.33930183185, 123, 1.0
61973.21976373226, 67, -1.0
61973.419258838316, 64, 1.0
61976.26800435129, 230, 1.0
61977.00196292889, 163, -1.0
61978.06844833686, 95, 1.0
61979.31119475386, 149, -1.0
61983.289122449525, 180, -1.0
61984.131873415055, 198, 1.0
61984.482420476896, 37, 1.0
61984.49671913361, 66, -1.0
61984.88857527291, 75, 1.0
61986.799854135534, 39, 1.0
61986.81926632698, 34, -1.0
61989.88746146035, 116, -1.0
61991.37472726568, 80, 1.0
61991.67956895336, 87, 1.0
61994.56103588047, 34, -1.0
61995.09588709485, 32, 1.0
61995.6427344156, 100, -1.0
61996.41535950067, 62, -1.0
61998.06296754665, 152, 1.0
61999.268941937786, 101, -1.0
62000.856785575896, 126, -1.0
62001.47687232643, 27, 1.0
62002.048901261, 54, 1.0
62005.7516802091, 33, 1.0
62006.68454001608, 133, -1.0
62006.76184803574, 34, 1.0
62007.54878274025, 91, -1.0
62007.59400651541, 105, 1.0
62011.401878451645, 35, 1.0
62011.803639398866, 148, -1.0
62012.77247942878, 98, -1.0
62013.040296964726, 87, 1.0
62013.63165061847, 89, -1.0
62013.98814947727, 48, 1.0
62014.893163923414, 75, -1.0
62016.40039102767, 35, 1.0
62018.605892363696, 166, 1.0
62019.23134734557, 163, -1.0
62020.53769924322, 128, -1.0
62020.700414921914, 165, -1.0
62023.08668071056, 39, 1.0
62023.54514980846, 114, 1.0
62023.97904008728, 101, 1.0
62026.71204129468, 66, -1.0
62028.08276060951, 35, -1.0
62028.81292238305, 164, -1.0
62030.129341735876, 75, -1.0
62032.52099054663, 233, -1.0
62033.85162276369, 159, -1.0
62035.10467236984, 103, -1.0
62035.19844483097, 119, -1.0
62035.25107788351, 103, -1.0
62039.1126951993, 86, -1.0
62039.31711180678, 48, -1.0
62046.810178172884, 111, 1.0
62051.36572913949, 181, -1.0
62051.37209587979, 169, -1.0
62051.44548956459, 152, 1.0
62052.80918361209, 128, -1.0
62053.18648133237, 126, -1.0
62054.58369073934, 48, 1.0
62054.951873333346, 141, 1.0
62055.500935460484, 97, 1.0
62057.510756908385, 114, 1.0
62058.86227790895, 45, -1.0
62076.19226486697, 164, 1.0
62078.32802553207, 159, -1.0
62078.827914988105, 105, 1.0
62079.55580321423, 66, -1.0
62080.339681207726, 163, -1.0
62080.77942648661, 153, -1.0
62081.06023235216, 149, 1.0
62084.904061694964, 75, 1.0
62086.34102673249, 146, 1.0
62086.348453518905, 97, -1.0
62088.888434977205, 76, -1.0
62089.40961222549, 103, 1.0
62091.91121585666, 157, 1.0
62092.430232166946, 113, 1.0
62097.07016767358, 113, -1.0
62098.94856200569, 105, 1.0
62099.79116795047, 97, -1.0
62101.384574039206, 95, -1.0
62101.421941685905, 241, 1.0
62102.117635132236, 35, -1.0
62102.37797853092, 150, -1.0
62104.9929616911, 164, 1.0
62109.28228567839, 141, -1.0
62115.774119462745, 111, 1.0
62116.86490111864, 39, -1.0
62117.06643460931, 105, -1.0
62117.41749062515, 59, 1.0
62118.047422852585, 116, -1.0
62118.77658266556, 165, -1.0
62119.230032011095, 60, -1.0
62121.13268589632, 165, 1.0
62121.351825274665, 34, 1.0
62121.5334146079, 37, -1.0
62124.58064519184, 34, -1.0
62125.36125751787, 59, 1.0
62125.94419071076, 151, 1.0
62125.97683147224, 68, 1.0
62128.36556313411, 34, 1.0
62129.69866308004, 61, -1.0
62130.67958884258, 119, -1.0
62131.009948059895, 41, 1.0
62131.07219660221, 84, 1.0
62131.8093835927, 59, -1.0
62136.09470972813, 84, 1.0
62139.32555385079, 44, 1.0
62140.69504977131, 148, -1.0
62142.198462447435, 161, 1.0
62142.491962572174, 44, -1.0
62146.653202900256, 101, 1.0
62149.97648807319, 29, 1.0
62150.33027928365, 159, 1.0
62151.638551505086, 58, 1.0
62153.2127608274, 107, -1.0
62156.09699161772, 146, 1.0
62156.675320317285, 161, -1.0
62164.548556085676, 34, -1.0
62165.63574382983, 142, -1.0
62167.920268896065, 100, 1.0
62169.37094295772, 34, -1.0
62169.85184490566, 159, 1.0
62171.312309971094, 98, 1.0
62171.73758456113, 29, 1.0
62172.107752993936, 29, -1.0
62173.013047165325, 114, 1.0
62173.03515133758, 27, 1.0
62174.591778103415, 36, 1.0
62176.14531786166, 98, -1.0
62176.59953473688, 120, -1.0
62176.625107007356, 57, -1.0
62177.97223537215, 177, -1.0
62178.11912655934, 35, 1.0
62182.44316964573, 159, -1.0
62183.07516146946, 182, 1.0
62183.37099807355, 202, -1.0
62183.864668415954, 198, 1.0
62184.61098890787, 128, -1.0
62184.761320019104, 163, 1.0
62185.0702657393, 35, -1.0
62186.57205652604, 146, 1.0
62186.68815670046, 114, 1.0
62186.70219215751, 29, 1.0
62186.72654352223, 42, -1.0
62186.94357515157, 162, 1.0
62187.28574585388, 142, -1.0
62190.61125744489, 165, -1.0
62192.77945900528, 166, -1.0
62195.193164185, 101, -1.0
62195.64985485071, 116, -1.0
62195.733416274794, 89, -1.0
62197.50904240954, 84, -1.0
62198.641663128605, 58, -1.0
62201.64728105959, 34, -1.0
62202.13002314962, 97, 1.0
62202.42170881518, 165, 1.0
62203.78083410467, 116, -1.0
62204.05852749276, 147, -1.0
62205.10022739862, 170, -1.0
62205.97766377451, 40, 1.0
62207.159552885496, 50, -1.0
62207.983021966385, 228, -1.0
62208.018297854294, 113, -1.0
62208.2242570524, 27, 1.0
62208.894046266134, 35, 1.0
62220.0428026228, 235, 1.0
62221.382408217934, 26, 1.0
62222.53029167698, 59, 1.0
62226.576922584565, 66, -1.0
62227.84014583543, 166, 1.0
62228.32936481448, 230, 1.0
62232.65040391118, 153, -1.0
62233.1373087944, 73, -1.0
62235.008698607395, 82, 1.0
62235.530625800464, 164, 1.0
62236.11560277149, 165, 1.0
62237.518084861964, 72, 1.0
62237.82203289286, 32, 1.0
62238.385120290266, 27, -1.0
62239.15355208702, 34, 1.0
62241.042528639984, 182, 1.0
62242.615702669704, 180, -1.0
62244.536385053274, 59, -1.0
62248.17070224706, 165, -1.0
62249.01405741396, 54, -1.0
62249.85320270063, 126, 1.0
62251.03930972567, 84, -1.0
62253.578999602265, 56, -1.0
62253.78451965207, 137, -1.0
62256.29199361773, 76, -1.0
62257.2822642162, 165, -1.0
62258.32137795912, 87, 1.0
62258.69751143142, 169, -1.0
62258.83812402797, 35, 1.0
62260.26981155557, 50, 1.0
62263.800443408734, 45, 1.0
62269.9912448978, 160, -1.0
62271.6964202353, 26, -1.0
62271.80507681656, 104, 1.0
62271.8602587045, 234, -1.0
62272.02096034199, 103, -1.0
62275.11838929058, 61, 1.0
62277.404180752936, 58, 1.0
62277.93076571442, 42, -1.0
62278.71606101097, 65, -1.0
62282.42803612356, 163, 1.0
62282.62996255126, 58, -1.0
62282.63402226475, 116, -1.0
62282.6984599903, 171, -1.0
62286.07212698464, 153, -1.0
62291.78300443737, 53, -1.0
62295.34558715588, 193, -1.0
62295.88657150848, 105, -1.0
62296.96161090412, 120, -1.0
62299.22874348374, 148, -1.0
62301.10035846414, 73, -1.0
62301.411033601646, 33, -1.0
62302.84415828012, 113, -1.0
62303.01409475577, 142, 1.0
62303.2912834656, 101, -1.0
62305.12915289676, 63, -1.0
62309.166027530235, 45, 1.0
62309.494629483, 73, -1.0
62309.67451701552, 177, -1.0
62310.22340075817, 39, 1.0
62311.2963154161, 35, -1.0
62311.823614294044, 98, -1.0
62313.1815085931, 45, -1.0
62314.052035924025, 75, -1.0
62314.983504549506, 148, 1.0
62319.706010600974, 68, 1.0
62320.58422260322, 43, -1.0
62321.2673342077, 45, 1.0
62323.60951318135, 95, -1.0
62329.522606901235, 45, 1.0
62329.58574328505, 99, -1.0
62329.9142159979, 114, -1.0
62331.67025935976, 40, -1.0
62333.0739945039, 59, -1.0
62333.115144875985, 169, -1.0
62333.50333434785, 126, 1.0
62334.319086497235, 53, 1.0
62337.12330447007, 71, -1.0
62338.158595351466, 235, -1.0
62338.36384250004, 148, 1.0
62339.61136679387, 105, -1.0
62341.24217367641, 182, 1.0
62342.618362401234, 233, -1.0
62344.765915543554, 126, -1.0
62347.38096969485, 113, 1.0
62348.11201685533, 101, 1.0
62348.634727986515, 202, -1.0
62350.128763516586, 29, 1.0
62351.15458589968, 39, 1.0
62352.37386357476, 59, -1.0
62352.95738062944, 151, -1.0
62354.722256592984, 99, -1.0
62354.84042880232, 177, -1.0
62354.84236964635, 36, -1.0
62357.80492429455, 105, 1.0
62358.74723389476, 64, -1.0
62359.92812940416, 72, 1.0
62360.75408185334, 58, -1.0
62360.79113042281, 40, 1.0
62360.84693336178, 64, -1.0
62362.93499576964, 100, 1.0
62363.306135537256, 163, 1.0
62364.09046723165, 84, 1.0
62366.44083655291, 141, -1.0
62369.453353389195, 146, 1.0
62371.068599243365, 177, -1.0
62371.14453754796, 68, -1.0
62372.02711855914, 102, 1.0
62372.78618667073, 58, 1.0
62374.424477100525, 45, 1.0
62379.2591640534, 101, -1.0
62379.438372478646, 71, -1.0
62379.861910127576, 222, 1.0
62379.87247596749, 35, -1.0
62380.14495318587, 126, 1.0
62380.9970595272, 58, -1.0
62382.016025688354, 146, 1.0
62382.922283978434, 58, -1.0
62385.10376717509, 39, 1.0
62387.819860763055, 88, -1.0
62388.64769663168, 126, -1.0
62389.681677010216, 35, -1.0
62392.56135247991, 75, 1.0
62395.21047629235, 83, -1.0
62396.34356750229, 59, 1.0
62396.940922658585, 41, 1.0
62400.72215340353, 37, -1.0
62401.650490413405, 235, -1.0
62401.999710354416, 105, -1.0
62402.01306650665, 99, 1.0
62406.471693985164, 166, -1.0
62406.60323426743, 133, 1.0
62406.88570434393, 76, -1.0
62409.119637334836, 35, 1.0
62411.77814376734, 142, 1.0
62412.414485709975, 126, -1.0
62412.67021407538, 142, -1.0
62415.505607070176, 59, -1.0
62417.98906038978, 141, -1.0
62420.22739829591, 165, 1.0
62420.61910019009, 73, -1.0
62420.69070072038, 50, -1.0
62421.4154609672, 133, -1.0
62422.630347218445, 45, 1.0
62426.66961915672, 95, 1.0
62431.97354043275, 100, 1.0
62431.97672574147, 28, -1.0
62434.24325708987, 155, 1.0
62436.823872653775, 177, 1.0
62437.971163479306, 75, 1.0
62441.80246380949, 141, -1.0
62444.541476592465, 105, -1.0
62447.21786687116, 71, 1.0
62447.94339223624, 68, 1.0
62448.06891041774, 102, 1.0
62448.52546296211, 83, -1.0
62449.52382292839, 105, -1.0
62451.90393185706, 44, -1.0
62455.179735720725, 28, -1.0
62458.102866284215, 164, -1.0
62461.0535273146, 101, -1.0
62463.67276872118, 110, -1.0
62465.24452574813, 55, -1.0
62466.121665213104, 157, 1.0
62468.05632431045, 126, -1.0
62468.432339349034, 146, 1.0
62469.004886632334, 86, -1.0
62471.5730295058, 72, -1.0
62472.00521933876, 59, -1.0
62473.85109679938, 64, 1.0
62474.22808511713, 148, 1.0
62475.52340363488, 41, -1.0
62476.63267151418, 163, 1.0
62477.385253173255, 52, 1.0
62479.7622945244, 126, -1.0
62481.51162174656, 146, 1.0
62483.795126700286, 93, 1.0
62484.88575470114, 29, -1.0
62485.10567069074, 113, 1.0
62485.51544881201, 233, -1.0
62485.84878638363, 99, -1.0
62487.67121477166, 187, -1.0
62488.85842139492, 58, -1.0
62491.889807548345, 59, 1.0
62492.3476002565, 81, 1.0
62492.888773721854, 101, -1.0
62493.81353923284, 48, -1.0
62493.944342427625, 67, 1.0
62495.99058713843, 34, 1.0
62498.162622656615, 67, -1.0
62499.17651082193, 152, 1.0
62503.20225616002, 146, 1.0
62503.40980992133, 52, -1.0
62503.97788391526, 80, -1.0
62505.70913808747, 149, 1.0
62507.282595477925, 35, -1.0
62507.85203131135, 95, -1.0
62510.016481498475, 112, 1.0
62512.00069476408, 52, -1.0
62512.193409906766, 165, 1.0
62512.286470765575, 80, 1.0
62513.55442548684, 103, -1.0
62513.59094370267, 126, 1.0
62513.594487883376, 110, -1.0
62513.81663197017, 67, -1.0
62515.42792011715, 26, 1.0
62518.0520292126, 29, 1.0
62520.02027476367, 116, 1.0
62520.1022615831, 153, 1.0
62522.8723258644, 59, 1.0
62525.42507919811, 169, -1.0
62525.530508577634, 173, -1.0
62529.10582742582, 34, 1.0
62532.21074800197, 114, 1.0
62532.94103096595, 133, 1.0
62533.4316010368, 72, 1.0
62534.37488912866, 61, 1.0
62538.92995463991, 80, 1.0
62541.53209038003, 100, -1.0
62542.47834952876, 169, -1.0
62543.9724095794, 84, -1.0
62546.5651026047, 142, -1.0
62546.91701121286, 116, 1.0
62547.58315360398, 90, -1.0
62547.64094315113, 40, 1.0
62551.954353790614, 169, -1.0
62552.55709914521, 163, -1.0
62552.85518619891, 149, 1.0
62554.29364347102, 97, -1.0
62554.772075197965, 116, 1.0
62555.15377581776, 114, -1.0
62556.150035020895, 152, 1.0
62557.15124862001, 114, -1.0
62562.08332245798, 198, 1.0
62562.80953153336, 100, -1.0
62563.09286881536, 152, -1.0
62563.71239512316, 48, 1.0
62563.832658752, 103, -1.0
62565.06351967591, 83, 1.0
62566.42315881904, 141, 1.0
62567.34220682878, 34, 1.0
62570.44927334965, 171, -1.0
62571.63491901395, 75, -1.0
62572.41655654952, 126, 1.0
62574.69309404467, 67, -1.0
62574.859920680596, 54, 1.0
62576.05665371041, 84, 1.0
62577.28827167759, 152, -1.0
62577.58545505347, 182, -1.0
62577.73561671795, 34, -1.0
62579.6717700764, 152, 1.0
62581.60582087716, 43, -1.0
62583.94780906003, 83, 1.0
62584.72336666749, 50, -1.0
62585.46625155036, 59, 1.0
62586.14041523132, 160, -1.0
62588.375527696306, 116, 1.0
62589.68044831368, 101, -1.0
62590.3392982775, 40, 1.0
62590.7518232204, 142, -1.0
62592.471188035095, 105, -1.0
62593.50389033195, 137, 1.0
62596.35751329465, 235, 1.0
62596.98304175484, 235, 1.0
62597.3963220078, 67, 1.0
62597.506717797936, 198, -1.0
62599.13576528623, 58, -1.0
62606.47233463534, 84, -1.0
62606.56678945344, 67, 1.0
62608.839145964965, 103, -1.0
62609.34826289956, 29, -1.0
62609.93889051107, 152, -1.0
62611.84429066043, 97, 1.0
62612.67421969772, 92, -1.0
62614.3997015139, 32, 1.0
62614.64998733999, 114, 1.0
62620.29124417116, 56, 1.0
62620.521354635624, 58, -1.0
62622.64373426643, 33, 1.0
62624.962538933876, 87, -1.0
62626.037026904945, 94, 1.0
62626.36040365797, 142, 1.0
62626.72509831734, 159, 1.0
62626.8905243081, 126, -1.0
62629.37498213711, 86, -1.0
62629.89886068002, 146, 1.0
62630.61410073849, 54, -1.0
62631.92326004547, 34, -1.0
62633.09468592786, 37, 1.0
62633.229107330626, 105, -1.0
62633.673634269224, 48, 1.0
62634.707989141796, 105, 1.0
62637.4493013347, 34, -1.0
62637.85388057534, 170, 1.0
62640.49564450686, 124, 1.0
62646.74369360931, 75, -1.0
62657.4434695728, 58, -1.0
62658.66746734196, 59, 1.0
62659.56807735518, 31, -1.0
62659.690380851906, 83, 1.0
62662.53294510399, 152, 1.0
62664.47977024889, 45, 1.0
62665.06890276735, 133, -1.0
62668.71115299277, 27, 1.0
62669.88858791393, 171, 1.0
62671.6847892008, 28, -1.0
62672.05560908026, 67, -1.0
62672.341589464544, 43, -1.0
62677.545462882015, 167, 1.0
62677.82675811883, 69, -1.0
62679.07343808171, 59, 1.0
62684.396718416625, 141, -1.0
62685.02010827832, 83, 1.0
62686.26656348151, 105, 1.0
62686.74548822829, 64, -1.0
62687.13225198464, 55, -1.0
62688.51139854243, 99, 1.0
62689.57419223604, 75, 1.0
62691.33267877645, 114, 1.0
62691.87554515715, 100, -1.0
62694.5511468411, 177, -1.0
62694.68140220678, 163, -1.0
62695.19664917855, 33, 1.0
62695.48471772635, 133, -1.0
62697.53416462932, 159, 1.0
62699.186629165604, 64, 1.0
62701.55150012133, 32, 1.0
62703.91558618155, 45, 1.0
62705.271014328304, 114, 1.0
62706.47740661378, 75, -1.0
62708.03990962003, 116, 1.0
62708.29165385918, 124, -1.0
62708.52387324553, 165, 1.0
62711.39319327928, 86, 1.0
62712.05616974411, 114, 1.0
62712.10669263502, 73, -1.0
62714.58640968859, 155, 1.0
62715.76112053929, 198, 1.0
62716.40238765475, 98, 1.0
62716.55583261674, 152, -1.0
62717.1945374874, 157, 1.0
62718.4118204599, 45, 1.0
62719.26885857645, 98, -1.0
62719.77339317725, 58, 1.0
62719.85939554442, 163, 1.0
62722.75696731373, 187, -1.0
62723.276244777226, 198, -1.0
62725.15339411239, 83, 1.0
62728.316341306985, 116, 1.0
62728.98318253148, 177, -1.0
62730.2676484297, 126, -1.0
62732.258431865965, 222, 1.0
62732.32309446525, 81, -1.0
62732.55321729898, 165, -1.0
62732.84432943868, 166, 1.0
62732.90914508347, 113, -1.0
62732.984203934044, 120, -1.0
62734.6952279773, 76, -1.0
62736.19162341399, 59, -1.0
62738.9467074688, 108, -1.0
62739.44389029344, 103, 1.0
62746.3808742373, 148, -1.0
62748.04911148497, 114, -1.0
62751.270087690995, 163, 1.0
62753.60711404956, 165, -1.0
62753.66380486056, 34, 1.0
62755.998313996824, 166, -1.0
62756.0735852778, 169, 1.0
62756.59187793781, 152, -1.0
62756.72939690305, 59, 1.0
62758.26958380747, 75, -1.0
62759.48706690301, 113, 1.0
62760.63033156141, 116, -1.0
62761.1656255271, 116, 1.0
62767.967861788115, 130, -1.0
62776.67524703181, 101, -1.0
62777.67148204655, 108, 1.0
62779.33350445022, 114, 1.0
62781.25229205541, 171, -1.0
62782.116971222895, 182, -1.0
62785.406776985685, 198, 1.0
62788.95879011145, 126, -1.0
62789.64127234673, 35, -1.0
62792.646877930245, 123, 1.0
62793.777668111106, 142, 1.0
62793.885297035245, 44, 1.0
62794.478413745586, 106, 1.0
62796.3475514882, 35, 1.0
62800.68779906948, 59, -1.0
62801.14052873746, 68, -1.0
62801.70643664304, 152, 1.0
62802.85302939273, 142, 1.0
62805.861086634526, 73, -1.0
62806.39963808549, 34, -1.0
62806.99894926243, 170, 1.0
62807.1948729013, 96, 1.0
62808.80551067686, 164, -1.0
62809.91012956693, 142, -1.0
62810.74406976551, 67, 1.0
62811.63754721556, 130, 1.0
62812.17834227666, 164, -1.0
62814.62399338989, 116, -1.0
62816.33611490707, 68, 1.0
62817.012798327545, 59, 1.0
62818.328244872995, 124, 1.0
62818.654154679076, 33, 1.0
62818.93616024634, 146, 1.0
62821.86209724802, 141, -1.0
62822.51182584022, 126, 1.0
62826.208866516565, 44, -1.0
62828.88764588679, 71, 1.0
62829.39985008567, 152, 1.0
62830.13591959879, 44, -1.0
62830.805826769705, 146, 1.0
62831.90841909144, 28, -1.0
62832.192820147706, 169, -1.0
62833.47167128503, 92, 1.0
62833.6020966614, 159, 1.0
62833.749505455824, 152, -1.0
62833.75164486404, 137, -1.0
62833.820476870584, 59, 1.0
62835.72329934958, 72, 1.0
62836.573862844874, 177, -1.0
62836.954449545374, 35, 1.0
62837.909566642935, 103, -1.0
62838.25969677114, 149, -1.0
62842.46365079864, 64, 1.0
62844.15085909212, 139, -1.0
62844.849283377596, 59, -1.0
62847.048492134636, 52, 1.0
62847.66623227128, 42, -1.0
62850.50403277387, 105, -1.0
62851.02028141015, 165, -1.0
62851.68964371575, 159, 1.0
62852.35146226847, 58, 1.0
62854.14846498383, 142, 1.0
62854.18482435292, 116, 1.0
62855.52550498459, 103, -1.0
62855.702834144766, 56, -1.0
62856.87591532513, 75, -1.0
62857.9381925834, 152, -1.0
62858.76107537631, 159, 1.0
62858.96508437459, 45, 1.0
62861.44768326124, 76, -1.0
62861.48914209885, 164, 1.0
62861.51831940865, 162, -1.0
62862.98819505695, 84, 1.0
62866.43858883639, 68, -1.0
62869.31000897781, 36, -1.0
62869.3592489749, 163, -1.0
62869.626918281094, 173, 1.0
62870.771884894966, 146, 1.0
62880.54896739035, 41, -1.0
62881.52035619773, 163, 1.0
62883.839258730106, 61, -1.0
62884.043905827624, 153, -1.0
62884.981192703766, 85, 1.0
62887.340619922456, 99, -1.0
62888.14374865133, 32, 1.0
62888.4462646378, 163, 1.0
62888.56652470703, 182, -1.0
62890.73025259831, 154, -1.0
62890.790827753386, 160, -1.0
62890.93272208902, 30, -1.0
62891.42707480493, 159, -1.0
62895.28375347124, 34, 1.0
62895.972243478165, 114, -1.0
62897.7276113035, 86, -1.0
62902.371223442904, 62, -1.0
62902.46512761092, 59, -1.0
62907.085008655165, 163, -1.0
62913.7304304697, 97, 1.0
62916.22645571934, 92, 1.0
62918.212929035064, 167, 1.0
62919.401365770114, 58, -1.0
62922.303168517006, 75, 1.0
62922.82366105934, 95, 1.0
62922.845149953435, 33, 1.0
62923.45327066643, 113, 1.0
62923.790703396924, 146, -1.0
62926.03045735768, 114, -1.0
62927.90464788396, 90, 1.0
62928.80106277731, 44, 1.0
62929.505210522795, 141, 1.0
62932.87521925123, 84, 1.0
62933.68428796422, 119, 1.0
62938.84851976011, 114, 1.0
62942.146900826134, 163, -1.0
62943.331521982676, 33, 1.0
62943.953741003206, 87, -1.0
62944.57081688751, 146, 1.0
62945.46512671874, 76, -1.0
62946.004176527815, 75, 1.0
62947.50602382909, 58, 1.0
62948.79562851312, 71, -1.0
62952.52370985018, 35, -1.0
62954.128825795844, 163, -1.0
62954.67373710812, 130, 1.0
62955.24902334398, 52, 1.0
62955.26093285252, 193, 1.0
62955.5343769646, 105, -1.0
62955.551125958, 164, 1.0
62958.74058998671, 128, 1.0
62958.9548539974, 32, -1.0
62959.260208177344, 169, -1.0
62961.29854855066, 67, 1.0
62961.66345130757, 50, -1.0
62965.896774291556, 101, -1.0
62970.98273962982, 97, -1.0
62971.029275058805, 110, 1.0
62971.54111999146, 163, 1.0
62973.34213034709, 45, 1.0
62979.03739062904, 34, 1.0
62979.511588102425, 29, -1.0
62981.162300636686, 35, -1.0
62985.20150065805, 170, -1.0
62986.103481074635, 198, -1.0
62986.38446241695, 58, -1.0
62990.34217692081, 84, 1.0
62990.76636483062, 167, 1.0
62991.385059439184, 148, -1.0
62994.86974603085, 113, 1.0
62997.24697042272, 163, 1.0
63000.19312313933, 34, -1.0
63000.31199374667, 73, -1.0
63001.67958105191, 88, 1.0
63002.86467434954, 75, -1.0
63004.72532728855, 64, -1.0
63006.51196672773, 67, -1.0
63006.645954369036, 165, -1.0
63007.318602742205, 73, -1.0
63008.82354590143, 39, 1.0
63008.90560787255, 75, -1.0
63009.392876513004, 126, 1.0
63015.23038365455, 93, -1.0
63016.44783642855, 97, 1.0
63019.08671440061, 35, 1.0
63019.871024516324, 154, -1.0
63021.836771489114, 92, 1.0
63022.00685703257, 128, -1.0
63023.47877377714, 234, 1.0
63024.04834868374, 67, 1.0
63025.47041005168, 43, -1.0
63025.92054554193, 163, 1.0
63027.31876492455, 114, -1.0
63027.94622408804, 36, -1.0
63028.71168976889, 80, -1.0
63030.940273021806, 142, 1.0
63033.99354678136, 59, 1.0
63036.84423429545, 159, 1.0
63039.213516831325, 152, 1.0
63041.47988023096, 114, 1.0
63042.937503305155, 45, -1.0
63044.468312115314, 58, -1.0
63045.139710350515, 100, 1.0
63045.513119751275, 59, -1.0
63045.90583209877, 101, -1.0
63046.63937525311, 35, -1.0
63048.14406092184, 33, 1.0
63050.079188093725, 198, -1.0
63050.797760421716, 155, 1.0
63052.02862555128, 133, 1.0
63052.4207390281, 42, 1.0
63056.27419487792, 177, 1.0
63056.33883852151, 72, -1.0
63057.27859536485, 88, -1.0
63058.769260906636, 155, 1.0
63060.85744965896, 59, 1.0
63061.97702545508, 50, -1.0
63062.490445869145, 69, 1.0
63064.45338142133, 84, -1.0
63065.56009016339, 40, 1.0
63066.64397987442, 234, 1.0
63067.62473917895, 27, 1.0
63070.28672269459, 120, -1.0
63072.10926683582, 198, -1.0
63074.18823446467, 58, 1.0
63074.64761783144, 141, -1.0
63075.64596935848, 128, -1.0
63076.669594006475, 116, 1.0
63083.45945056487, 50, 1.0
63084.02191919918, 165, -1.0
63086.78171671227, 163, -1.0
63088.27387591327, 43, 1.0
63090.462360239224, 40, -1.0
63091.26877941074, 161, -1.0
63096.46757443537, 117, -1.0
63096.858636711615, 58, 1.0
63098.22860047159, 142, 1.0
63099.468388761874, 150, -1.0
63099.80714127617, 148, -1.0
63100.61843509132, 126, -1.0
63103.12018897633, 157, -1.0
63104.08319564914, 228, -1.0
63108.5621808315, 44, -1.0
63111.68770241174, 230, 1.0
63114.186935480066, 142, -1.0
63114.19890921179, 138, -1.0
63115.43052487068, 146, -1.0
63115.53986427933, 68, 1.0
63115.663139643184, 34, -1.0
63121.281642201735, 116, 1.0
63122.03911719214, 124, 1.0
63126.178993258494, 75, -1.0
63127.7913930184, 159, -1.0
63129.034067414475, 198, -1.0
63129.29297471644, 41, 1.0
63129.46844944537, 69, -1.0
63130.81522791498, 58, -1.0
63131.29646365478, 67, 1.0
63132.2747917907, 87, 1.0
63132.380342634686, 159, 1.0
63132.76567521084, 163, 1.0
63133.61544290811, 106, -1.0
63133.83176120179, 81, 1.0
63135.16301530711, 162, 1.0
63137.200674972395, 114, 1.0
63137.4328837297, 165, -1.0
63142.22402912515, 222, 1.0
63143.15968469523, 165, 1.0
63144.99192014491, 146, 1.0
63146.61620003194, 83, 1.0
63147.80713714114, 124, 1.0
63149.01004158458, 58, -1.0
63149.44737485461, 60, -1.0
63150.19467775521, 50, -1.0
63150.28307939081, 137, -1.0
63151.93750375909, 33, -1.0
63154.04331465454, 106, 1.0
63154.78677763945, 27, -1.0
63155.32808945474, 113, -1.0
63155.88713337726, 35, 1.0
63156.01491125191, 101, -1.0
63157.845334777296, 59, -1.0
63159.28470219645, 75, 1.0
63162.74448198693, 45, -1.0
63166.9737483032, 119, -1.0
63168.72109470293, 59, 1.0
63169.09069447625, 95, 1.0
63169.948530248956, 158, -1.0
63170.19974924985, 198, 1.0
63171.065253945126, 163, 1.0
63173.58986823901, 81, -1.0
63177.01394635572, 163, 1.0
63178.585613953845, 28, 1.0
63180.584323868214, 146, 1.0
63181.32988802706, 123, 1.0
63181.74392154817, 103, 1.0
63185.53183985106, 98, 1.0
63186.33554722235, 163, -1.0
63187.00593340593, 126, -1.0
63187.30242086471, 110, -1.0
63189.068009567425, 120, -1.0
63189.26709946313, 67, 1.0
63194.97900949235, 101, -1.0
63196.52630932633, 52, -1.0
63197.669994316035, 75, 1.0
63198.28405682722, 44, -1.0
63198.5617974179, 52, -1.0
63200.14654306459, 188, -1.0
63200.38571952705, 80, -1.0
63202.025950895484, 103, -1.0
63202.11365942568, 41, -1.0
63202.41889399453, 42, -1.0
63203.84159035099, 76, -1.0
63204.53638932468, 168, 1.0
63206.516126253686, 169, -1.0
63206.56010001783, 114, 1.0
63208.066142444906, 50, -1.0
63214.995950393626, 113, -1.0
63215.41594052569, 71, -1.0
63218.07729718615, 101, 1.0
63222.96156178813, 72, 1.0
63223.60073073308, 88, -1.0
63225.42128143558, 159, -1.0
63226.058516679914, 120, -1.0
63227.93287243993, 103, 1.0
63229.8160455771, 71, -1.0
63232.00941100796, 58, 1.0
63232.387189394096, 165, 1.0
63232.82815470354, 162, 1.0
63233.01152560471, 87, 1.0
63234.7025901967, 34, -1.0
63235.4233125505, 235, -1.0
63236.39718991132, 81, -1.0
63236.79150760877, 148, -1.0
63237.92841468244, 98, 1.0
63239.43333548294, 59, -1.0
63239.46459297429, 153, -1.0
63243.626057624315, 163, -1.0
63245.40263548241, 29, -1.0
63246.66430509081, 148, -1.0
63247.38421254326, 50, -1.0
63248.69396818856, 59, 1.0
63249.37445682741, 75, -1.0
63251.04316989242, 100, 1.0
63251.97702105578, 234, 1.0
63253.04851054768, 105, -1.0
63254.570646832864, 96, 1.0
63254.722829156584, 94, -1.0
63257.46305782065, 45, -1.0
63258.351800858174, 53, -1.0
63259.18908349046, 59, 1.0
63260.9881001331, 98, 1.0
63265.070711445565, 105, -1.0
63266.503144045695, 114, 1.0
63266.84119410736, 128, 1.0
63267.58704794182, 165, -1.0
63268.21466490948, 90, 1.0
63270.271958006386, 111, 1.0
63273.09462088025, 72, -1.0
63276.86814622676, 113, -1.0
63279.55777606716, 154, -1.0
63280.70895095388, 181, -1.0
63280.94843560236, 148, 1.0
63281.28886322179, 126, -1.0
63282.42600757013, 62, -1.0
63282.66408486953, 69, 1.0
63285.13038324005, 163, 1.0
63285.29786454409, 35, 1.0
63290.48831780636, 106, -1.0
63291.80780194222, 177, -1.0
63292.05167385844, 160, -1.0
63294.109321118965, 84, 1.0
63296.15282732769, 166, 1.0
63296.34669113144, 146, 1.0
63297.67751658051, 161, 1.0
63297.886559402585, 110, 1.0
63298.70347044936, 106, 1.0
63299.709924700626, 148, 1.0
63300.12836205251, 75, 1.0
63300.585565515226, 116, 1.0
63300.71658414069, 230, -1.0
63301.5981951983, 108, -1.0
63303.130771650365, 173, 1.0
63304.60641390866, 116, 1.0
63304.65583959482, 142, 1.0
63306.275471534245, 68, 1.0
63307.18881624048, 198, -1.0
63307.87465351085, 163, 1.0
63308.104371629044, 116, -1.0
63309.352984415076, 113, 1.0
63312.29900629334, 165, 1.0
63314.93422631195, 142, -1.0
63319.06676752375, 32, 1.0
63319.5930470487, 99, -1.0
63320.6988260623, 55, -1.0
63322.31627835276, 81, 1.0
63323.25545328142, 45, 1.0
63325.159845785805, 198, 1.0
63325.74277010224, 164, -1.0
63326.741938486724, 110, -1.0
63329.28682117134, 141, 1.0
63331.01439115436, 97, 1.0
63332.095987891546, 48, -1.0
63335.964255468774, 103, 1.0
63338.40232107992, 193, -1.0
63338.917579289984, 84, 1.0
63340.88049909965, 129, 1.0
63343.39152065179, 105, -1.0
63343.48712069874, 34, -1.0
63344.86022175888, 142, 1.0
63345.05795446173, 84, 1.0
63345.85067891813, 29, 1.0
63347.379236420646, 111, -1.0
63351.37165119723, 56, -1.0
63352.624460515006, 68, 1.0
63354.11496538233, 101, 1.0
63354.971832799085, 35, 1.0
63355.38833798702, 42, 1.0
63355.981702897174, 154, -1.0
63356.794378853854, 104, 1.0
63358.003886912295, 103, -1.0
63358.29290967873, 58, -1.0
63358.64799172382, 169, -1.0
63361.357549980596, 142, 1.0
63361.82119610737, 58, 1.0
63365.04629510916, 34, -1.0
63365.98289417432, 165, -1.0
63367.19894668486, 152, -1.0
63368.643564159276, 101, -1.0
63373.1865761891, 146, 1.0
63374.74631853884, 162, 1.0
63375.90368679891, 50, -1.0
63377.47270310425, 146, -1.0
63378.22978716759, 233, 1.0
63378.7192199429, 35, 1.0
63379.64254549423, 67, -1.0
63379.76950074281, 56, 1.0
63383.06188482588, 124, -1.0
63383.42290366786, 31, -1.0
63384.95574169708, 69, 1.0
63385.37353291059, 114, -1.0
63386.404812361296, 142, 1.0
63388.12071300362, 116, -1.0
63395.18921670436, 116, 1.0
63395.56767725507, 89, -1.0
63396.42961421588, 146, -1.0
63396.79635599575, 80, 1.0
63397.471677196896, 52, -1.0
63397.62411408387, 114, -1.0
63403.32231341305, 110, 1.0
63407.54433542476, 52, 1.0
63409.97254225722, 59, 1.0
63411.1252308532, 34, -1.0
63414.62388072493, 105, -1.0
63417.41834926224, 45, 1.0
63417.58828389213, 26, 1.0
63417.941710386214, 35, -1.0
63418.381521488736, 137, -1.0
63418.76216266019, 152, -1.0
63419.24053204123, 76, 1.0
63420.35846170579, 59, 1.0
63421.710626310094, 138, -1.0
63422.66197866382, 154, -1.0
63424.52455389602, 101, 1.0
63425.33149166613, 169, -1.0
63426.23337525663, 146, 1.0
63427.70510920827, 57, -1.0
63430.67897021716, 81, -1.0
63435.543840171544, 80, 1.0
63435.59026442858, 141, -1.0
63435.74174765342, 116, 1.0
63438.058311105255, 141, -1.0
63439.67826339731, 75, 1.0
63440.54495878997, 114, 1.0
63443.440862382886, 142, 1.0
63444.783048013494, 48, -1.0
63445.053473730564, 126, 1.0
63445.844636892136, 36, -1.0
63446.474182692335, 26, -1.0
63446.798025661425, 146, -1.0
63448.66832795957, 45, -1.0
63449.31592592185, 171, 1.0
63449.529153683136, 147, 1.0
63451.40013473186, 163, 1.0
63451.59586395242, 44, -1.0
63452.6439537198, 32, 1.0
63452.894917005506, 36, -1.0
63454.37159563107, 82, 1.0
63455.08372000535, 101, 1.0
63456.21711973455, 152, -1.0
63459.99700654458, 150, -1.0
63461.70052753104, 95, -1.0
63461.808044535035, 71, -1.0
63462.47881488491, 146, 1.0
63463.82888203, 73, -1.0
63464.4374707505, 153, 1.0
63464.564082314704, 116, 1.0
63465.0448840499, 75, -1.0
63466.04349790578, 35, 1.0
63466.745319013775, 117, 1.0
63467.446997862906, 114, -1.0
63467.65418777221, 99, 1.0
63471.216515131615, 84, 1.0
63471.645266043284, 198, 1.0
63474.675061184054, 26, 1.0
63476.18727759521, 230, -1.0
63478.19700453127, 68, 1.0
63478.69220623909, 58, 1.0
63479.45013995553, 228, 1.0
63479.48544666304, 198, 1.0
63479.777996573845, 173, -1.0
63495.187420979564, 72, -1.0
63495.49917713924, 71, 1.0
63495.63561576714, 177, -1.0
63498.7770750091, 119, -1.0
63501.31500642318, 158, -1.0
63503.15853910786, 177, -1.0
63504.278226703005, 163, -1.0
63508.755629842635, 58, 1.0
63511.20781335364, 44, -1.0
63511.30459832203, 146, 1.0
63512.96203557613, 34, 1.0
63513.43165063611, 59, 1.0
63515.272389143145, 35, -1.0
63517.123462747215, 188, -1.0
63517.16121359262, 48, 1.0
63519.593996661366, 94, 1.0
63520.58124473554, 35, 1.0
63521.28811600085, 101, 1.0
63522.51190313811, 73, -1.0
63523.03124809131, 142, 1.0
63526.47518731651, 110, 1.0
63528.05194959273, 68, 1.0
63528.200853802075, 182, -1.0
63529.136895797696, 154, 1.0
63529.89575449699, 45, 1.0
63532.73916878996, 142, 1.0
63535.57458233743, 40, -1.0
63535.60277518971, 166, 1.0
63538.74952916955, 29, 1.0
63540.15594667863, 41, -1.0
63542.64315924264, 94, -1.0
63544.069953305974, 103, -1.0
63544.29941970906, 123, 1.0
63544.70680386502, 50, -1.0
63546.45323613339, 97, 1.0
63548.12890145974, 100, 1.0
63553.512125695415, 74, -1.0
63554.19024255805, 54, -1.0
63554.7303182194, 26, 1.0
63560.19346351286, 162, -1.0
63561.90684482937, 75, -1.0
63562.82527427567, 141, -1.0
63568.400041061024, 188, -1.0
63569.561491410714, 94, 1.0
63571.397265820975, 58, -1.0
63573.51393911982, 40, -1.0
63575.49175161273, 233, 1.0
63576.15284574185, 230, 1.0
63578.056840895144, 173, -1.0
63578.969711560676, 113, -1.0
63580.2128890136, 116, -1.0
63581.941097539966, 152, -1.0
63582.71428276506, 149, -1.0
63584.3537741978, 165, 1.0
63588.94402702888, 105, 1.0
63594.21105612428, 142, 1.0
63598.70599925073, 108, 1.0
63599.11153903656, 113, -1.0
63599.878086366734, 101, -1.0
63600.60188822115, 97, 1.0
63600.7539335164, 58, 1.0
63601.33489271499, 173, 1.0
63602.83837165835, 35, -1.0
63603.05047066259, 106, -1.0
63605.17000599264, 50, -1.0
63606.678359593105, 35, -1.0
63607.09016530572, 33, 1.0
63607.28109202745, 59, 1.0
63607.97116658922, 142, 1.0
63607.980496709235, 36, 1.0
63609.71784235023, 128, 1.0
63611.6987692449, 52, -1.0
63614.92226393382, 56, -1.0
63615.36479976353, 103, 1.0
63615.83121492716, 33, -1.0
63617.39210918103, 45, 1.0
63617.569787002394, 149, -1.0
63618.196113938255, 110, -1.0
63619.556139573746, 163, 1.0
63619.966579107546, 163, -1.0
63624.5326775404, 148, 1.0
63625.347405795466, 119, 1.0
63628.34619041155, 193, -1.0
63629.912171263146, 165, 1.0
63630.76355683267, 27, 1.0
63631.22410892656, 163, 1.0
63636.72083603146, 241, 1.0
63638.71201453119, 59, -1.0
63640.177409939235, 45, 1.0
63642.144107241846, 73, -1.0
63645.03778656413, 198, 1.0
63645.192190210095, 159, -1.0
63646.65544379874, 67, -1.0
63647.49638129829, 126, -1.0
63649.63063161796, 35, 1.0
63650.18527579733, 44, -1.0
63651.190144767505, 44, -1.0
63652.43993124294, 164, 1.0
63655.11926793763, 162, 1.0
63655.64680108453, 141, -1.0
63655.982405852184, 59, 1.0
63657.93519659722, 87, 1.0
63659.38690832025, 34, 1.0
63660.576225963494, 59, 1.0
63661.33154938829, 162, 1.0
63667.61931475716, 35, -1.0
63671.32574488808, 75, -1.0
63671.835696518836, 59, 1.0
63674.07843104871, 165, -1.0
63675.19750105146, 122, -1.0
63675.23793209196, 182, -1.0
63684.331462096874, 234, 1.0
63685.82747467291, 106, -1.0
63686.87440193978, 235, -1.0
63689.60851203833, 72, -1.0
63690.26939239546, 39, 1.0
63690.98272771096, 104, 1.0
63691.05288155671, 116, 1.0
63693.16256781405, 81, -1.0
63694.31074433748, 34, -1.0
63695.25549183081, 84, 1.0
63702.063345773895, 58, 1.0
63704.259041525525, 139, -1.0
63705.53451514975, 152, -1.0
63705.92989955114, 45, 1.0
63706.747557256356, 146, -1.0
63709.40720477545, 36, 1.0
63710.384561316176, 101, 1.0
63711.53545241656, 110, 1.0
63711.94230988169, 146, 1.0
63712.07647693002, 104, -1.0
63712.10613389306, 50, -1.0
63712.240999295915, 101, 1.0
63716.250594259785, 50, -1.0
63720.18962549049, 235, 1.0
63720.7333185358, 89, 1.0
63722.47806391327, 97, -1.0
63723.39285515445, 28, 1.0
63724.37563392322, 50, -1.0
63726.80375764372, 46, 1.0
63727.31206209386, 83, 1.0
63728.737075678204, 130, -1.0
63730.401341134086, 43, -1.0
63731.90778418435, 234, -1.0
63734.18354347308, 48, -1.0
63734.58701208049, 28, 1.0
63734.96076918351, 45, 1.0
63737.02382602459, 126, 1.0
63737.09629174836, 198, -1.0
63741.61675943209, 32, 1.0
63742.98848864657, 98, -1.0
63744.641584267636, 141, 1.0
63744.86118553671, 141, -1.0
63745.273290246834, 159, 1.0
63745.33918517977, 76, -1.0
63746.26994478732, 35, 1.0
63746.58603941568, 59, 1.0
63746.83242528963, 67, 1.0
63747.333416389425, 162, -1.0
63748.78071100186, 108, 1.0
63750.397979132, 34, -1.0
63752.38391530812, 27, 1.0
63752.57658239053, 58, -1.0
63752.764155949626, 101, -1.0
63753.23149494602, 65, -1.0
63753.50366263787, 92, -1.0
63753.81596124364, 152, 1.0
63756.76766021171, 128, 1.0
63757.670454904444, 108, -1.0
63758.418792013945, 142, 1.0
63758.59956026673, 159, -1.0
63758.92041121945, 198, -1.0
63759.53861830581, 198, 1.0
63760.95460963769, 71, 1.0
63762.33038796834, 157, 1.0
63762.54168594055, 59, 1.0
63763.05248910028, 34, 1.0
63763.56040784122, 72, -1.0
63765.70926965319, 64, -1.0
63767.74773733532, 75, -1.0
63768.22972013059, 71, -1.0
63770.362184280624, 162, 1.0
63772.33953012431, 75, 1.0
63772.75835841631, 84, 1.0
63776.130939350325, 146, 1.0
63777.23580002315, 34, -1.0
63777.88524150864, 57, -1.0
63779.10737201539, 105, 1.0
63780.49810093286, 58, -1.0
63780.799854910045, 53, -1.0
63785.87088653224, 68, 1.0
63786.02079567334, 86, -1.0
63787.49171827816, 158, 1.0
63787.973742573246, 59, -1.0
63788.207559328206, 72, 1.0
63788.76241077821, 113, -1.0
63790.56590415545, 171, -1.0
63791.812356441485, 45, 1.0
63793.05218073698, 60, -1.0
63795.33762735153, 28, 1.0
63797.10274455459, 126, 1.0
63797.31452758951, 162, -1.0
63800.57034948534, 104, 1.0
63800.594667113255, 67, -1.0
63803.58058399975, 67, -1.0
63803.791817038385, 42, 1.0
63805.337906756016, 83, 1.0
63806.76629082457, 39, 1.0
63807.065393728495, 169, -1.0
63807.24437626218, 40, 1.0
63809.14944804137, 101, 1.0
63809.280720157694, 35, 1.0
63812.06643654092, 101, 1.0
63812.33609072749, 146, 1.0
63813.04047604994, 141, -1.0
63816.43393277141, 163, 1.0
63817.41975975948, 163, -1.0
63818.59663179059, 157, -1.0
63819.60533588101, 35, 1.0
63819.80148465374, 67, 1.0
63820.693339372796, 28, 1.0
63821.43003749136, 76, -1.0
63823.60112007088, 164, -1.0
63824.062315220166, 59, -1.0
63827.49454933338, 86, -1.0
63827.84589505501, 36, 1.0
63829.57750572975, 198, 1.0
63835.466390658505, 36, -1.0
63835.67378681314, 33, -1.0
63836.34528669682, 101, -1.0
63838.92838263375, 53, -1.0
63842.316825576934, 84, 1.0
63842.77257608402, 155, 1.0
63842.8531159491, 116, -1.0
63843.006698509074, 90, 1.0
63843.36445630762, 105, 1.0
63844.89153579833, 75, -1.0
63845.54239033977, 56, -1.0
63846.09769711321, 100, 1.0
63847.730746604946, 53, -1.0
63850.685720259266, 234, -1.0
63853.03771083935, 104, -1.0
63854.45611995552, 230, 1.0
63855.70847860829, 114, -1.0
63856.95792877642, 35, -1.0
63857.34612296574, 64, -1.0
63857.92359698081, 58, 1.0
63858.25520732391, 41, 1.0
63863.11553035809, 84, -1.0
63865.01527292179, 45, 1.0
63867.77175324349, 44, -1.0
63870.93284084963, 86, -1.0
63871.90809758924, 170, -1.0
63872.49268812733, 162, 1.0
63873.04137400341, 59, -1.0
63873.49038415648, 167, -1.0
63874.70181071366, 153, -1.0
63877.356187337944, 126, -1.0
63880.770418953005, 45, 1.0
63889.487293376595, 100, 1.0
63890.93100858813, 141, -1.0
63891.00200232545, 86, 1.0
63892.027330311, 26, 1.0
63892.28914891567, 164, -1.0
63895.93256887127, 91, 1.0
63897.94804935975, 84, -1.0
63900.371547147995, 29, -1.0
63902.073580922864, 26, -1.0
63902.1470956995, 170, -1.0
63906.76379324834, 84, 1.0
63906.994152466825, 130, 1.0
63908.020729012394, 34, 1.0
63908.88956792373, 66, -1.0
63914.350445928605, 83, -1.0
63916.27697845939, 228, -1.0
63916.50839571583, 165, -1.0
63917.71839452393, 33, 1.0
63918.191444699194, 75, -1.0
63921.48496923181, 35, 1.0
63923.11573962178, 177, -1.0
63926.13679854311, 58, -1.0
63926.34842135186, 106, -1.0
63930.88703586989, 152, 1.0
63931.27032582283, 95, 1.0
63931.79416001438, 108, -1.0
63932.29109892122, 86, -1.0
63932.6087420776, 71, -1.0
63932.94832954288, 142, 1.0
63934.02013786515, 126, -1.0
63934.62813705756, 114, -1.0
63934.84776858823, 117, 1.0
63936.2454693273, 93, -1.0
63937.76351385625, 164, -1.0
63937.86108770212, 155, -1.0
63939.51020917667, 165, -1.0
63939.77725806364, 61, -1.0
63939.9141446891, 99, 1.0
63942.279819597126, 165, 1.0
63942.75595757467, 116, -1.0
63943.17636134414, 182, 1.0
63943.96956359768, 35, -1.0
63945.48818599339, 158, 1.0
63948.63476900343, 28, -1.0
63950.810631934895, 165, -1.0
63950.93137580542, 84, -1.0
63955.65685222831, 163, -1.0
63955.990342025565, 163, -1.0
63958.07710792763, 58, -1.0
63960.32687962968, 98, 1.0
63961.06483433097, 164, 1.0
63964.91032011835, 114, 1.0
63969.09903652528, 58, -1.0
63970.63526387924, 100, -1.0
63973.343220689516, 59, 1.0
63978.560025824, 76, 1.0
63980.77556069405, 71, 1.0
63981.78116281082, 128, 1.0
63986.22139968554, 177, -1.0
63987.55249158943, 91, 1.0
63988.396390360984, 165, -1.0
63992.40766274647, 120, 1.0
63993.61447309345, 48, -1.0
63993.61499717285, 58, 1.0
63994.2878996323, 89, 1.0
63997.52777891193, 105, 1.0
63999.31836301651, 193, -1.0
64000.04228167853, 230, -1.0
64002.87303104522, 130, 1.0
64004.596732424, 33, 1.0
64007.22686746657, 27, 1.0
64008.66591290745, 146, 1.0
64008.86737855611, 35, -1.0
64009.501796538425, 222, 1.0
64010.21567235413, 26, 1.0
64012.237107460154, 91, -1.0
64013.09980598651, 163, -1.0
64013.13299382303, 86, 1.0
64013.35526392539, 157, 1.0
64014.590587215855, 67, 1.0
64015.80282949022, 164, 1.0
64015.88279691943, 44, -1.0
64018.125297665814, 35, 1.0
64018.71837310925, 142, -1.0
64022.64254054753, 90, -1.0
64023.24854843967, 70, -1.0
64023.93528361049, 113, -1.0
64025.68936780447, 116, -1.0
64026.01309297726, 28, 1.0
64028.213479839746, 99, -1.0
64029.752099937075, 149, 1.0
64029.86645409463, 99, -1.0
64031.616126093926, 68, -1.0
64032.84182923349, 43, -1.0
64034.56922743215, 58, 1.0
64035.711125351125, 104, 1.0
64038.393471929376, 81, -1.0
64038.451054051344, 152, 1.0
64044.692039098365, 89, -1.0
64045.43709105105, 53, -1.0
64045.65794857141, 182, 1.0
64047.278939419244, 43, 1.0
64047.308737945634, 99, -1.0
64047.75857996417, 98, 1.0
64048.88733815476, 161, 1.0
64049.43705236158, 142, 1.0
64050.17347880893, 58, -1.0
64052.77494770019, 111, 1.0
64053.37190223206, 153, 1.0
64057.11109223384, 152, -1.0
64057.82822997851, 105, -1.0
64061.45064273728, 58, 1.0
64061.86084513233, 149, 1.0
64064.946958585184, 142, -1.0
64065.567944514594, 193, 1.0
64065.71402390497, 137, -1.0
64068.74239134662, 141, -1.0
64068.824123556245, 164, 1.0
64069.795675297915, 72, -1.0
64070.968229876366, 198, 1.0
64072.57049398377, 100, -1.0
64074.14606506754, 164, -1.0
64075.18365331901, 104, 1.0
64076.776049870474, 71, 1.0
64077.15165169341, 114, 1.0
64080.010649936536, 34, 1.0
64081.08614124972, 44, -1.0
64082.28869145186, 45, 1.0
64082.402587097546, 34, 1.0
64085.12467789771, 165, 1.0
64086.178342195555, 193, 1.0
64088.081962477234, 141, 1.0
64088.46288985362, 146, -1.0
64089.42376356227, 152, -1.0
64093.123414009555, 130, 1.0
64096.13791291408, 59, 1.0
64097.10130264871, 164, 1.0
64097.75337242871, 230, -1.0
64098.169274791384, 158, 1.0
64101.58307598163, 188, -1.0
64102.80406585101, 82, -1.0
64104.05168144353, 84, 1.0
64106.21346016035, 141, -1.0
64108.50737939636, 101, -1.0
64111.19393473903, 26, -1.0
64112.966658057434, 71, 1.0
64113.43989700813, 58, 1.0
64114.0956835698, 81, -1.0
64117.55282269081, 97, -1.0
64119.930975904106, 162, -1.0
64121.048142184125, 117, -1.0
64121.67776437024, 157, 1.0
64121.68386785324, 112, -1.0
64121.80524484489, 96, 1.0
64123.52473986407, 105, 1.0
64123.554886603444, 159, 1.0
64129.53358285307, 82, -1.0
64131.71626736826, 130, 1.0
64132.13523911037, 75, 1.0
64132.15635342193, 34, -1.0
64137.04639399887, 163, -1.0
64137.416596350515, 133, -1.0
64137.51572813744, 152, -1.0
64140.32819601845, 128, -1.0
64142.74810916188, 142, 1.0
64143.22087740866, 37, 1.0
64144.30377791054, 91, 1.0
64144.420104247736, 133, -1.0
64144.509271931536, 95, 1.0
64146.63114201213, 101, 1.0
64147.74055223385, 81, -1.0
64150.29638566971, 107, -1.0
64152.066404396406, 69, -1.0
64153.94532876721, 119, 1.0
64156.13645565778, 68, 1.0
64158.156358567445, 222, 1.0
64159.018130150595, 72, -1.0
64160.05065259058, 165, -1.0
64163.25691592645, 39, -1.0
64163.455731669834, 33, 1.0
64164.77365820714, 35, 1.0
64165.37751525955, 87, 1.0
64166.59950987063, 105, 1.0
64168.519083524465, 187, -1.0
64172.64626723679, 35, 1.0
64173.60300094889, 105, -1.0
64174.364747669395, 105, 1.0
64174.72928950475, 105, 1.0
64175.63247073379, 146, 1.0
64176.65409679387, 67, 1.0
64179.83569206924, 128, 1.0
64179.8483528007, 103, -1.0
64180.41767181055, 130, 1.0
64182.509186502844, 112, -1.0
64183.262842232754, 87, 1.0
64184.60766132202, 35, 1.0
64184.75452339927, 81, -1.0
64185.12091639923, 165, -1.0
64189.496060409605, 177, 1.0
64190.76219458963, 159, -1.0
64190.773637451275, 117, 1.0
64191.75652729194, 87, -1.0
64191.90474060886, 193, 1.0
64192.920530864474, 152, 1.0
64197.35339518541, 160, -1.0
64198.99820368567, 173, -1.0
64199.28886937405, 101, 1.0
64201.19457115299, 105, 1.0
64201.98219453497, 72, -1.0
64202.338475456316, 59, 1.0
64202.92906202367, 198, -1.0
64203.06695928559, 29, -1.0
64204.41066387228, 56, -1.0
64204.70578293946, 65, -1.0
64207.177900207884, 182, -1.0
64207.25481349884, 76, -1.0
64208.41717247766, 84, -1.0
64212.38136775094, 59, 1.0
64213.832704189415, 114, 1.0
64214.24208881463, 90, -1.0
64215.416726286334, 58, -1.0
64215.800823693826, 114, 1.0
64216.99174999345, 146, 1.0
64217.538725548104, 142, 1.0
64218.116162549646, 124, 1.0
64224.20440946035, 41, 1.0
64225.42591443012, 111, 1.0
64226.1925998733, 58, -1.0
64226.501622557626, 35, 1.0
64226.71985864513, 149, 1.0
64232.439050969704, 210, -1.0
64232.85748120377, 71, -1.0
64236.53354795992, 103, -1.0
64237.24622046022, 48, 1.0
64238.92801786102, 90, -1.0
64242.27960107837, 128, 1.0
64242.59167559766, 101, -1.0
64242.82179869363, 35, 1.0
64243.13890890014, 59, 1.0
64244.52833266159, 103, -1.0
64244.987989124595, 71, 1.0
64247.748948975466, 188, -1.0
64248.56788996266, 88, -1.0
64249.025859550515, 28, 1.0
64250.01892706297, 27, -1.0
64252.501484953355, 161, 1.0
64252.64658742736, 101, 1.0
64253.50465550307, 106, -1.0
64256.40660299794, 234, 1.0
64262.16885303987, 153, 1.0
64263.13032428548, 34, -1.0
64263.22110355465, 105, -1.0
64265.94235536989, 29, -1.0
64266.93502731805, 122, -1.0
64267.39003629842, 149, 1.0
64267.70306614023, 41, -1.0
64268.88243348295, 40, -1.0
64269.461291920816, 171, -1.0
64269.81695385899, 84, 1.0
64272.493508210464, 45, 1.0
64272.96336326343, 147, 1.0
64273.340416515595, 76, -1.0
64275.34139655957, 59, 1.0
64276.47822711618, 165, -1.0
64278.816806831026, 106, -1.0
64280.85046022117, 116, 1.0
64283.18969164865, 52, -1.0
64283.9216093726, 93, -1.0
64283.929019568546, 59, 1.0
64284.99766240749, 164, 1.0
64286.512237108305, 138, -1.0
64286.70411530714, 162, -1.0
64287.30177238585, 97, 1.0
64287.71270692983, 141, -1.0
64289.20255244098, 60, 1.0
64290.48024658655, 99, 1.0
64292.123469088925, 163, 1.0
64292.44579086253, 222, 1.0
64294.58601786975, 58, -1.0
64295.684033688296, 75, 1.0
64296.006717636265, 119, 1.0
64298.07966404202, 29, 1.0
64300.37469854481, 82, 1.0
64300.885088374096, 101, -1.0
64301.65305223091, 44, -1.0
64303.17506231112, 162, -1.0
64305.340666694494, 163, 1.0
64308.17283288602, 159, -1.0
64310.9832233824, 154, -1.0
64312.54731098651, 182, 1.0
64313.724998057376, 62, -1.0
64315.647632003966, 124, -1.0
64322.242377952185, 105, -1.0
64325.347428527464, 141, 1.0
64325.47012128136, 182, -1.0
64327.820779704765, 68, -1.0
64329.44430874711, 116, 1.0
64329.961459971804, 230, -1.0
64333.900620093125, 198, 1.0
64335.83155287369, 169, 1.0
64339.0861730796, 40, 1.0
64339.099622010275, 101, -1.0
64342.00625619439, 50, -1.0
64342.0810321163, 105, -1.0
64343.32156266271, 163, 1.0
64345.52221931907, 59, 1.0
64351.47994268483, 133, 1.0
64355.36409485442, 35, 1.0
64361.65903781524, 167, -1.0
64362.513267363094, 26, -1.0
64362.87253700623, 188, -1.0
64365.48005054139, 64, -1.0
64366.875447034385, 120, -1.0
64367.769365002685, 35, -1.0
64368.587615161465, 105, 1.0
64369.06673900631, 142, -1.0
64369.308591657435, 56, -1.0
64369.519214041145, 165, -1.0
64369.607856164075, 35, -1.0
64369.73597745951, 40, 1.0
64370.56857028181, 76, 1.0
64371.0551753698, 99, -1.0
64373.436804347846, 233, -1.0
64376.010038734545, 222, 1.0
64376.206804671136, 111, -1.0
64377.48264726624, 149, -1.0
64377.804644501906, 34, 1.0
64378.027787707964, 146, -1.0
64378.504250660175, 75, -1.0
64380.71760816431, 72, 1.0
64382.67258548929, 158, 1.0
64383.21744963655, 59, 1.0
64385.9317770446, 58, -1.0
64386.45579610449, 59, 1.0
64390.11460221185, 114, -1.0
64390.33763768454, 164, 1.0
64391.718214634966, 86, -1.0
64393.36851932763, 114, -1.0
64394.317355035746, 69, -1.0
64396.85644626664, 177, 1.0
64398.502352665666, 126, -1.0
64398.52816606283, 58, -1.0
64398.55886647757, 67, 1.0
64400.96678046958, 129, 1.0
64401.07350839485, 97, 1.0
64403.22411426025, 90, -1.0
64405.66075231024, 35, 1.0
64408.59387919859, 114, -1.0
64409.077089549, 35, -1.0
64411.176514585655, 198, 1.0
64412.66207547867, 62, 1.0
64414.82030654998, 106, -1.0
64415.454148466706, 80, -1.0
64416.66483774141, 233, -1.0
64419.91950581667, 50, -1.0
64419.95564612472, 169, -1.0
64420.9326169065, 48, -1.0
64422.11574079837, 154, -1.0
64424.03859933188, 116, 1.0
64426.003153389625, 165, 1.0
64427.16472320813, 130, 1.0
64428.78078067383, 75, -1.0
64429.95258205579, 106, -1.0
64430.17064465031, 35, 1.0
64432.51115604532, 56, -1.0
64433.40664434852, 118, -1.0
64434.186426142325, 101, -1.0
64435.32868179218, 163, 1.0
64435.47189870066, 86, -1.0
64435.65534166377, 116, 1.0
64436.901667999875, 164, 1.0
64438.616754805225, 234, -1.0
64438.92750607371, 60, 1.0
64438.98233861241, 84, -1.0
64441.78350177076, 40, 1.0
64442.90322281543, 75, 1.0
64443.053500716494, 71, -1.0
64443.258293436695, 103, -1.0
64443.75269481455, 142, -1.0
64443.90395827346, 94, 1.0
64444.376922592826, 83, 1.0
64447.81575869744, 169, -1.0
64447.94626007775, 73, -1.0
64450.84745179923, 102, 1.0
64453.30900894019, 68, -1.0
64453.70901222193, 165, -1.0
64457.319382966874, 64, -1.0
64457.82414879424, 106, -1.0
64459.18992557493, 81, -1.0
64460.798112935845, 233, -1.0
64463.90903424694, 114, 1.0
64464.09635214451, 48, -1.0
64464.11954569837, 158, -1.0
64465.45573158598, 83, -1.0
64466.08770727367, 165, -1.0
64467.197589286996, 35, 1.0
64468.75806308334, 170, -1.0
64469.542160074576, 75, 1.0
64473.81434513287, 163, 1.0
64474.70367445711, 59, 1.0
64481.037317324524, 64, -1.0
64483.64952476702, 56, -1.0
64486.12281825266, 171, -1.0
64486.14180572504, 111, -1.0
64493.91740102154, 42, -1.0
64494.74835286883, 81, -1.0
64497.59366467232, 165, 1.0
64498.30615141082, 110, -1.0
64501.142840979504, 58, 1.0
64502.44224585197, 76, -1.0
64502.55043230981, 44, -1.0
64502.6593172292, 68, 1.0
64505.186631427394, 64, -1.0
64505.50519561941, 111, 1.0
64505.573990024095, 148, 1.0
64507.71838686922, 59, 1.0
64508.16581677314, 68, -1.0
64509.43894593903, 41, 1.0
64509.70343026488, 64, -1.0
64513.199860510875, 60, -1.0
64513.24153355887, 40, -1.0
64515.970970467686, 93, -1.0
64517.13525590704, 94, -1.0
64522.5919999091, 177, -1.0
64522.661624513166, 155, 1.0
64523.613017176394, 163, 1.0
64525.91046234206, 177, -1.0
64526.44940785857, 58, 1.0
64526.58241894173, 142, 1.0
64526.79619753335, 141, -1.0
64527.01107199019, 166, -1.0
64531.39835472714, 73, -1.0
64532.408786315056, 44, -1.0
64534.165600436914, 159, -1.0
64535.29073370407, 100, -1.0
64537.45381736094, 163, -1.0
64538.41053588374, 111, -1.0
64538.83046754757, 27, -1.0
64538.84165382603, 105, -1.0
64540.39692380409, 84, 1.0
64540.52935912577, 113, 1.0
64541.64266584408, 159, -1.0
64543.34638056802, 34, -1.0
64544.27980186859, 40, -1.0
64545.72270635847, 152, 1.0
64546.4079118395, 165, -1.0
64547.16513405756, 50, 1.0
64550.13876054946, 39, -1.0
64550.814438502064, 148, 1.0
64551.538034726385, 76, -1.0
64555.969168179654, 104, 1.0
64556.823145461094, 148, -1.0
64557.24296744271, 153, -1.0
64559.92004472819, 64, 1.0
64561.69835640379, 165, -1.0
64563.013134102526, 116, -1.0
64571.071110939854, 163, 1.0
64574.32737943219, 142, -1.0
64575.95422884478, 165, -1.0
64577.44966571289, 119, -1.0
64579.766073377956, 111, -1.0
64582.24297327465, 82, -1.0
64585.70450361387, 188, -1.0
64587.93141643463, 81, 1.0
64588.51478006568, 52, -1.0
64590.057991000904, 68, -1.0
64591.384517637576, 68, 1.0
64594.555701214114, 44, 1.0
64595.00512902686, 36, 1.0
64597.948037422306, 54, -1.0
64601.885336413136, 64, -1.0
64602.23358261373, 103, -1.0
64602.41150469221, 161, -1.0
64605.7671436168, 116, -1.0
64605.81210396465, 75, -1.0
64606.284928838504, 50, 1.0
64611.74698226528, 94, -1.0
64611.81660587869, 230, -1.0
64613.156287949976, 110, -1.0
64613.57153334166, 114, 1.0
64615.315714068194, 97, 1.0
64615.37297011583, 119, 1.0
64616.651249141876, 73, -1.0
64617.179678195884, 116, -1.0
64617.230282204444, 29, -1.0
64619.92859263906, 75, -1.0
64621.344732866346, 165, -1.0
64621.75333077733, 104, 1.0
64624.998708011655, 57, 1.0
64625.11650776908, 177, -1.0
64627.81980247075, 116, -1.0
64628.75885414865, 50, 1.0
64628.959905267795, 198, -1.0
64629.60203954214, 164, 1.0
64632.62349782409, 50, -1.0
64635.11340437986, 41, 1.0
64638.133082966946, 167, -1.0
64639.57874760758, 228, -1.0
64642.37651224753, 64, -1.0
64643.81664245957, 71, -1.0
64646.267177547044, 71, 1.0
64646.94946061275, 142, -1.0
64647.014475683085, 81, -1.0
64647.69614635989, 92, -1.0
64648.820961690595, 35, 1.0
64648.88666533691, 58, -1.0
64649.137717620426, 142, -1.0
64650.64212027616, 68, 1.0
64651.71491137436, 148, 1.0
64652.49001955502, 171, -1.0
64654.29464209549, 104, -1.0
64656.794248144026, 98, 1.0
64658.15450257661, 87, 1.0
64660.91501314387, 39, -1.0
64661.030962023884, 165, 1.0
64661.25499897912, 182, 1.0
64662.158057982444, 50, -1.0
64662.20837644892, 163, -1.0
64663.99474024808, 67, 1.0
64664.48218045186, 169, -1.0
64664.90857819903, 159, 1.0
64666.01016537798, 34, -1.0
64666.36660576058, 124, -1.0
64667.22828840322, 159, -1.0
64670.02813924117, 59, -1.0
64671.737971368064, 126, -1.0
64671.77297044195, 75, 1.0
64672.65825382351, 75, 1.0
64672.787140642344, 59, -1.0
64674.14816111242, 198, -1.0
64678.07249173098, 182, 1.0
64678.40122482159, 198, 1.0
64678.76409190337, 34, 1.0
64681.71962200234, 163, -1.0
64684.28282065156, 94, -1.0
64685.46351122092, 97, -1.0
64685.58233762171, 133, -1.0
64686.37564957855, 130, -1.0
64686.82599794945, 233, -1.0
64687.26994479066, 64, -1.0
64688.26328108976, 66, -1.0
64689.11842025959, 113, -1.0
64690.77746096903, 58, -1.0
64691.228513559974, 89, -1.0
64696.02389797227, 75, 1.0
64701.88700981401, 169, -1.0
64702.93242071323, 161, 1.0
64704.05950690803, 87, 1.0
64705.61986747854, 58, -1.0
64705.94051937013, 146, 1.0
64706.13670302695, 86, -1.0
64711.43553665111, 67, -1.0
64712.61002638889, 26, 1.0
64716.990977800306, 114, 1.0
64720.0674865472, 148, -1.0
64721.638487051976, 90, 1.0
64722.72898588662, 59, 1.0
64728.29105049711, 151, -1.0
64729.430849103024, 163, -1.0
64731.6067902092, 163, 1.0
64732.22830790822, 34, 1.0
64732.740537161204, 64, -1.0
64734.48763852431, 162, 1.0
64736.35947523152, 169, -1.0
64736.55409673252, 46, -1.0
64739.120873820604, 50, -1.0
64740.024540529965, 67, 1.0
64740.45913166499, 35, 1.0
64740.78026216223, 159, 1.0
64740.80401904253, 90, 1.0
64741.75953663916, 126, 1.0
64742.45278813817, 37, 1.0
64743.9135621996, 75, -1.0
64745.48071918411, 94, 1.0
64747.94026523185, 160, -1.0
64754.72289036568, 65, -1.0
64756.27760278088, 68, -1.0
64757.118309754995, 56, -1.0
64759.08482958004, 75, -1.0
64761.299325371256, 112, 1.0
64764.6014094776, 75, -1.0
64767.42759228625, 146, 1.0
64767.47057338694, 114, -1.0
64768.571691696714, 35, 1.0
64768.60579372064, 41, -1.0
64769.1764130922, 105, -1.0
64774.61722585062, 100, -1.0
64774.94573871448, 116, 1.0
64776.02731993222, 198, -1.0
64776.250540928064, 99, -1.0
64778.22800960665, 67, 1.0
64779.79680725513, 101, -1.0
64780.42596657859, 193, -1.0
64780.90341090415, 153, 1.0
64781.70354515611, 35, 1.0
64781.83498956054, 34, 1.0
64782.660417653125, 32, 1.0
64783.23103532206, 71, -1.0
64783.78059824724, 44, -1.0
64786.23852822864, 146, 1.0
64787.04370411549, 41, 1.0
64788.50753504235, 119, -1.0
64788.89057078512, 126, 1.0
64789.95354528828, 137, -1.0
64791.797900998085, 93, 1.0
64794.96329844668, 53, 1.0
64795.03490699075, 48, 1.0
64797.766731373296, 161, 1.0
64797.87839663966, 100, 1.0
64798.21573788945, 63, -1.0
64798.385183845436, 177, 1.0
64799.16859106131, 34, 1.0
64799.647092120395, 71, -1.0
