61201.49655308217, 182, -1.0
61204.66092652481, 164, -1.0
61206.45688064827, 114, -1.0
61207.017375093914, 29, 1.0
61207.73604766599, 46, 1.0
61208.99962434222, 89, 1.0
61210.01986580392, 26, 1.0
61212.59829872952, 111, -1.0
61216.13820659922, 31, -1.0
61218.641365326876, 155, -1.0
61220.181838981414, 160, 1.0
61221.76367345245, 97, -1.0
61225.63185680941, 100, 1.0
61228.55364714721, 108, 1.0
61230.08999942529, 45, 1.0
61230.79252790255, 58, -1.0
61232.30115214851, 83, 1.0
61232.52941548582, 36, 1.0
61235.164987813725, 118, -1.0
61236.225488977565, 116, -1.0
61237.990686182224, 68, 1.0
61238.64022924122, 126, 1.0
61244.24883419681, 68, 1.0
61248.024954590735, 142, -1.0
61249.07695587826, 72, 1.0
61252.02237471732, 45, -1.0
61252.515889482704, 64, 1.0
61254.5965162998, 169, 1.0
61259.48297849209, 31, -1.0
61262.38639616179, 162, 1.0
61263.5458082363, 153, 1.0
61265.09304511149, 165, 1.0
61265.61103595837, 198, 1.0
61266.624637147776, 50, -1.0
61266.83386099348, 182, 1.0
61270.573337426176, 50, -1.0
61271.49883307849, 137, 1.0
61273.17931630408, 88, -1.0
61273.339816498745, 137, 1.0
61274.90664837661, 35, 1.0
61274.9554208454, 162, 1.0
61277.18322031408, 58, 1.0
61277.7939069947, 110, 1.0
61279.06506052206, 43, 1.0
61280.40449757008, 142, -1.0
61282.44049288779, 147, -1.0
61284.14745357026, 148, -1.0
61284.80700607795, 148, 1.0
61285.548360175504, 45, 1.0
61289.239076191145, 34, 1.0
61290.82822280568, 45, -1.0
61291.816105153404, 141, 1.0
61292.233618530474, 35, -1.0
61292.740082449774, 32, 1.0
61294.86759144046, 33, 1.0
61295.95455951245, 122, -1.0
61296.94787257123, 92, -1.0
61297.22371999261, 105, 1.0
61301.46524663179, 43, 1.0
61302.13183150914, 198, -1.0
61305.40532116262, 129, -1.0
61306.72334319115, 182, 1.0
61314.32991777295, 173, -1.0
61314.82265520818, 58, -1.0
61319.57875392206, 64, -1.0
61321.35966051954, 101, 1.0
61323.61597832123, 34, 1.0
61325.12600825407, 107, 1.0
61326.50807537968, 234, 1.0
61327.68072665882, 57, 1.0
61329.741163523795, 142, -1.0
61330.74337636321, 101, 1.0
61335.12218029298, 29, -1.0
61336.49361234979, 59, -1.0
61338.71170040083, 67, 1.0
61339.56284615699, 142, 1.0
61341.57138441141, 166, -1.0
61343.79617487262, 165, 1.0
61346.093931309595, 198, 1.0
61347.9262705014, 101, -1.0
61349.72683427791, 26, 1.0
61351.63264285357, 45, -1.0
61352.435398687914, 114, 1.0
61352.57756036171, 70, -1.0
61352.722214760746, 180, -1.0
61356.219418627625, 235, -1.0
61357.01076956041, 91, -1.0
61358.11969460932, 116, -1.0
61359.43607801555, 68, -1.0
61361.53529256701, 26, -1.0
61362.52605293241, 101, 1.0
61363.86467503466, 152, 1.0
61364.04928619282, 29, -1.0
61364.12554719747, 35, -1.0
61364.7717909473, 165, -1.0
61365.52111124504, 45, -1.0
61366.61709108727, 53, -1.0
61366.77740036455, 87, 1.0
61367.43367665723, 166, -1.0
61370.081455581254, 142, -1.0
61371.47089613849, 33, 1.0
61371.71189873446, 169, -1.0
61373.20911324015, 146, -1.0
61375.55991460405, 142, -1.0
61377.47729144657, 105, -1.0
61379.36122060374, 167, 1.0
61380.59966269569, 97, 1.0
61381.04213639209, 101, 1.0
61382.67212951661, 114, 1.0
61386.16254601051, 241, 1.0
61387.5868101638, 241, 1.0
61390.40557938244, 43, 1.0
61392.48305726178, 75, 1.0
61395.82626052699, 43, -1.0
61397.79910825442, 36, 1.0
61401.296230966924, 109, -1.0
61404.05814322641, 75, 1.0
61404.19965353852, 84, 1.0
61404.42554587385, 44, -1.0
61405.216928034264, 67, 1.0
61407.209707684284, 119, 1.0
61408.13756061765, 163, -1.0
61409.628430774974, 73, -1.0
61411.68236422471, 147, -1.0
61413.53322001361, 148, -1.0
61415.79927623078, 111, -1.0
61415.878408957506, 26, 1.0
61421.05015595231, 50, 1.0
61422.46267922291, 101, -1.0
61422.650160084086, 94, -1.0
61426.48167728429, 150, -1.0
61427.39579522438, 233, -1.0
61427.900698634876, 29, -1.0
61428.51050182701, 102, -1.0
61428.695424509526, 159, 1.0
61432.418092296386, 193, -1.0
61433.515313539596, 222, 1.0
61436.589628370704, 101, -1.0
61436.92796486719, 104, 1.0
61438.765828131036, 198, 1.0
61443.06594563831, 69, -1.0
61445.90402603747, 101, 1.0
61447.85470081928, 46, -1.0
61455.331318005075, 34, -1.0
61456.11907288752, 101, -1.0
61456.96589775943, 110, 1.0
61457.98373229021, 177, -1.0
61459.18341974405, 114, -1.0
61459.68077970811, 152, -1.0
61462.23622039288, 100, 1.0
61463.10567093861, 60, 1.0
61464.72412778743, 60, -1.0
61465.26353995007, 165, -1.0
61467.82387168473, 35, 1.0
61468.58723993141, 122, -1.0
61470.01327619718, 43, -1.0
61472.07770546184, 130, 1.0
61472.28181618374, 165, 1.0
61472.81578699782, 72, -1.0
61473.772647334205, 222, 1.0
61475.23425937433, 162, 1.0
61476.209245842096, 193, -1.0
61476.30364569814, 75, 1.0
61477.130708661134, 32, 1.0
61480.1614976162, 81, 1.0
61481.66076406274, 152, 1.0
61483.83480981135, 116, 1.0
61486.80444237085, 70, -1.0
61487.97432463505, 160, -1.0
61488.23688097966, 34, -1.0
61488.49630124938, 165, -1.0
61490.20945331035, 70, -1.0
61494.102929068926, 40, -1.0
61495.842310115295, 73, -1.0
61498.30434535918, 74, -1.0
61505.309921085915, 87, 1.0
61505.53203999051, 86, -1.0
61508.66387383804, 28, 1.0
61509.73650334611, 80, 1.0
61511.67208524325, 70, -1.0
61513.64738827065, 40, 1.0
61518.67567534261, 101, 1.0
61519.570495849315, 74, -1.0
61519.81475443112, 59, -1.0
61520.45288448979, 165, -1.0
61523.54551929666, 163, -1.0
61523.770241412465, 159, 1.0
61526.579735204876, 165, 1.0
61526.89267577692, 43, -1.0
61528.67496201933, 48, 1.0
61528.94446232472, 35, -1.0
61530.19379836277, 39, 1.0
61535.01359340363, 116, 1.0
61535.06845875924, 141, 1.0
61535.23888187943, 71, 1.0
61536.864095872894, 109, 1.0
61539.03775463316, 95, 1.0
61539.700301929755, 171, -1.0
61542.871337491575, 146, 1.0
61543.35599879536, 114, -1.0
61545.56574929372, 167, 1.0
61547.44022438121, 111, -1.0
61548.33828107147, 171, -1.0
61549.1728117114, 147, -1.0
61557.193183754025, 103, 1.0
61557.66731597513, 167, -1.0
61561.84556921875, 142, 1.0
61562.03422637517, 137, -1.0
61563.03877361694, 45, 1.0
61564.28714021683, 152, -1.0
61564.672837524384, 94, -1.0
61564.9939610197, 86, -1.0
61566.98037021914, 124, 1.0
61569.69639790433, 126, 1.0
61571.097316922984, 58, -1.0
61572.87952895828, 119, -1.0
61574.26484854102, 123, -1.0
61575.86627839854, 114, 1.0
61585.77058016423, 27, -1.0
61587.73914419343, 167, -1.0
61591.89243446865, 29, -1.0
61593.41966802951, 90, -1.0
61594.04119360072, 39, 1.0
61594.20639386869, 142, -1.0
61597.27597167736, 97, -1.0
61598.24488241197, 71, 1.0
61598.51436837421, 159, 1.0
61601.29517947425, 114, -1.0
61602.413396683194, 157, 1.0
61605.543854336305, 234, 1.0
61606.64266784302, 80, 1.0
61607.65281052492, 82, 1.0
61607.92390866384, 40, -1.0
61610.48688007942, 35, 1.0
61612.76440466002, 76, -1.0
61613.18669555535, 39, 1.0
61613.56406992194, 32, -1.0
61615.72721050331, 167, -1.0
61617.53751552611, 72, -1.0
61619.69253619177, 167, -1.0
61622.86339275132, 164, 1.0
61625.194711693846, 75, -1.0
61626.407881597785, 114, 1.0
61626.65578203352, 234, -1.0
61631.95347216285, 98, -1.0
61633.59923816545, 114, 1.0
61634.417672148484, 114, 1.0
61637.13277241072, 29, -1.0
61641.08309999286, 164, 1.0
61642.086586697886, 75, -1.0
61642.27313659523, 67, 1.0
61643.2612757461, 31, -1.0
61648.67018865858, 75, 1.0
61648.98263148002, 116, -1.0
61651.651468244076, 167, -1.0
61655.105500904014, 99, 1.0
61656.075006739404, 27, 1.0
61659.12625985136, 54, -1.0
61659.13666002612, 76, -1.0
61660.25377256631, 163, -1.0
61660.45369097402, 193, -1.0
61663.802582584, 33, -1.0
61664.217787986956, 114, -1.0
61667.63406057285, 68, 1.0
61668.975036222706, 123, -1.0
61669.264982416404, 72, -1.0
61676.93653939439, 40, -1.0
61685.03098182171, 146, 1.0
61686.222585924836, 95, -1.0
61687.819330243794, 87, -1.0
61691.13073589152, 40, 1.0
61696.928085145446, 68, -1.0
61698.007871546164, 169, 1.0
61698.1409685407, 112, 1.0
61699.48558413083, 34, -1.0
61700.51377139162, 168, 1.0
61700.56618188206, 42, 1.0
61702.06839513096, 31, 1.0
61702.42001446522, 165, -1.0
61702.646373481286, 26, 1.0
61704.12552464017, 56, -1.0
61707.68236229636, 129, 1.0
61709.33149833227, 84, 1.0
61710.786782664065, 101, 1.0
61712.49368381185, 35, 1.0
61712.98164864114, 128, 1.0
61713.83917899282, 45, 1.0
61713.96171086948, 153, 1.0
61714.33058970612, 58, 1.0
61715.66801838731, 228, -1.0
61716.82112689213, 101, 1.0
61717.91036822308, 116, 1.0
61719.952243568325, 126, -1.0
61720.41587595325, 141, 1.0
61726.300511523725, 193, -1.0
61727.09204387857, 27, -1.0
61732.915852798826, 35, 1.0
61733.22531387114, 141, 1.0
61738.94252923038, 101, 1.0
61740.3368555698, 150, -1.0
61742.04544966263, 114, -1.0
61746.58969819921, 116, 1.0
61746.7346833618, 110, 1.0
61746.94737264949, 98, 1.0
61749.452604200895, 27, -1.0
61751.50709602523, 101, 1.0
61755.07963236631, 35, -1.0
61762.51480379066, 188, -1.0
61762.88746965425, 99, 1.0
61764.6812113418, 41, 1.0
61772.169889483506, 27, 1.0
61773.11692577584, 153, 1.0
61774.41809477416, 146, 1.0
61775.62683530258, 50, 1.0
61776.148595413, 105, -1.0
61777.43669883987, 67, 1.0
61780.4794143459, 97, -1.0
61784.92968395659, 198, -1.0
61789.399429045174, 103, 1.0
61789.53220288527, 142, -1.0
61792.42140778556, 97, 1.0
61794.79480123141, 40, -1.0
61801.05159848743, 198, -1.0
61801.43337694384, 45, 1.0
61810.141833570844, 42, 1.0
61813.01449931664, 163, -1.0
61813.48659954042, 53, 1.0
61813.755959273476, 198, -1.0
61813.90479321811, 114, 1.0
61820.36395607714, 59, 1.0
61824.69962811377, 159, -1.0
61832.68367210148, 177, -1.0
61834.49950825505, 42, -1.0
61838.043002283586, 148, -1.0
61839.26851918279, 72, -1.0
61841.373592180054, 94, -1.0
61841.761258844475, 109, -1.0
61841.96817558076, 142, -1.0
61845.211458434125, 40, -1.0
61845.71302140796, 102, -1.0
61850.07468350531, 162, -1.0
61853.254686861066, 36, 1.0
61855.19750794482, 153, 1.0
61855.75997360403, 70, -1.0
61856.07971108073, 165, 1.0
61858.52980800833, 114, 1.0
61859.44149356161, 48, 1.0
61860.70581523189, 68, -1.0
61861.46465487845, 87, 1.0
61862.34935221767, 58, -1.0
61863.200228336245, 116, 1.0
61864.44604268673, 108, -1.0
61866.109589972264, 99, -1.0
61866.342986002266, 67, 1.0
61869.71692253274, 146, 1.0
61871.18799973552, 116, -1.0
61874.229838518375, 86, -1.0
61874.832851222585, 173, -1.0
61876.54246483683, 99, 1.0
61877.87027792928, 126, 1.0
61877.95623668788, 51, -1.0
61879.43415259049, 34, -1.0
61880.412840181954, 126, -1.0
61883.30149938054, 68, -1.0
61887.56943227173, 27, -1.0
61891.72874941123, 193, -1.0
61891.78026622322, 33, -1.0
61892.59610699068, 126, -1.0
61893.656302799, 123, 1.0
61898.67926469543, 154, -1.0
61899.313231630214, 163, -1.0
61901.79903103157, 50, -1.0
61901.927581258635, 26, -1.0
61903.75134803596, 35, 1.0
61904.578796639915, 162, 1.0
61905.13746429154, 130, 1.0
61906.68603072513, 146, 1.0
61907.950058901166, 147, -1.0
61908.37038713967, 119, -1.0
61908.78193310318, 82, -1.0
61909.57705458229, 146, -1.0
61912.5589847839, 72, 1.0
61915.960861617634, 34, -1.0
61917.57225588872, 146, 1.0
61918.15425803751, 88, 1.0
61921.362765181446, 54, 1.0
61925.605383207556, 154, -1.0
61926.00159223009, 101, -1.0
61926.81012082267, 29, 1.0
61927.52864793961, 31, -1.0
61927.6693617507, 67, -1.0
61931.33952528055, 26, 1.0
61933.36390868818, 73, -1.0
61936.26210799382, 198, 1.0
61937.183868044216, 198, -1.0
61940.70854669922, 33, 1.0
61941.4443239292, 90, -1.0
61943.743942879, 91, -1.0
61949.23514226827, 123, -1.0
61950.288367927606, 101, 1.0
61955.62486740286, 53, 1.0
61958.57995849845, 106, -1.0
61960.180125821, 116, 1.0
61960.48423388261, 82, 1.0
61962.54873366402, 70, -1.0
61962.88657724648, 45, -1.0
61967.68219874758, 142, 1.0
61967.88999289731, 119, -1.0
61968.915603965055, 81, -1.0
61969.196430077616, 40, -1.0
61975.10645356351, 26, 1.0
61976.4618407065, 142, 1.0
61979.27162607909, 128, 1.0
61980.10992002334, 45, 1.0
61980.77991799549, 37, 1.0
61982.82188767333, 105, 1.0
61985.42108720669, 95, 1.0
61985.85110059882, 165, 1.0
61986.61068140723, 58, -1.0
61994.99095879143, 164, 1.0
61998.81339692878, 182, 1.0
61998.912752895885, 43, -1.0
61999.62251403834, 171, -1.0
62002.013204710536, 109, -1.0
62002.781772404654, 146, 1.0
62002.9224441502, 42, -1.0
62004.92942098823, 147, 1.0
62006.88295496405, 33, -1.0
62007.25013379527, 83, -1.0
62007.54507399263, 81, 1.0
62008.162871925895, 177, -1.0
62008.80601124621, 147, -1.0
62012.1094686673, 158, -1.0
62012.27265304543, 169, 1.0
62012.45984641689, 165, -1.0
62013.04989522267, 53, 1.0
62013.20989105238, 182, -1.0
62013.5540496903, 40, -1.0
62014.24957689377, 41, -1.0
62014.9998958772, 42, 1.0
62015.75063230839, 128, 1.0
62018.58622531692, 68, -1.0
62019.43904044258, 153, 1.0
62023.158908618265, 31, -1.0
62023.71718743171, 71, 1.0
62027.19424311505, 164, -1.0
62027.46311246804, 116, 1.0
62027.484312361106, 130, -1.0
62030.14044917961, 83, 1.0
62031.2276377814, 234, 1.0
62031.88561632247, 74, -1.0
62034.11903143888, 86, -1.0
62035.251903588316, 75, 1.0
62037.42130064764, 159, -1.0
62038.21821400585, 170, 1.0
62042.90604092541, 74, -1.0
62043.77480885257, 89, -1.0
62043.96323790067, 99, 1.0
62044.026070962274, 67, -1.0
62044.05477188603, 35, -1.0
62044.39515034078, 41, 1.0
62044.835756380366, 72, 1.0
62046.213717034756, 164, -1.0
62049.58631857648, 142, -1.0
62049.63531102451, 50, -1.0
62051.50009008569, 58, -1.0
62051.60952784306, 133, 1.0
62053.94281512748, 202, -1.0
62054.2035601911, 142, -1.0
62055.622658416265, 159, 1.0
62057.37070120398, 170, 1.0
62061.309188082654, 57, -1.0
62062.63714250669, 149, 1.0
62063.443568609546, 222, -1.0
62064.39317809717, 154, -1.0
62066.10321387655, 148, -1.0
62069.55569058894, 97, -1.0
62070.88037860289, 95, -1.0
62071.909358877834, 193, -1.0
62072.71592305225, 96, -1.0
62079.28147443856, 158, 1.0
62080.38557521729, 34, 1.0
62081.42672265544, 114, -1.0
62082.15285339796, 150, -1.0
62082.866948885625, 58, -1.0
62083.707085291055, 152, 1.0
62094.1001570791, 96, -1.0
62095.5291919132, 110, -1.0
62096.73224922251, 163, -1.0
62097.26956482043, 84, 1.0
62097.481399577344, 117, -1.0
62100.638077551106, 177, -1.0
62102.86799651548, 73, -1.0
62104.68614477211, 108, -1.0
62104.736208939, 84, 1.0
62105.013399721945, 159, 1.0
62108.07476379847, 103, -1.0
62110.07722557037, 150, -1.0
62110.76808236678, 34, 1.0
62111.10514616411, 166, 1.0
62113.3526974537, 137, -1.0
62115.12828750927, 81, -1.0
62117.01523053748, 148, -1.0
62122.95846199285, 75, 1.0
62131.3884245781, 48, 1.0
62133.00696559959, 29, -1.0
62137.887110552045, 87, -1.0
62139.487596891355, 167, -1.0
62139.63331317216, 177, 1.0
62143.38201097419, 80, -1.0
62143.76714821785, 61, 1.0
62144.38403950394, 94, 1.0
62144.97180120797, 142, 1.0
62145.73244808563, 41, 1.0
62147.7636806921, 119, 1.0
62148.2658241632, 165, -1.0
62150.89003731217, 67, -1.0
62151.042044412956, 70, -1.0
62154.54001444669, 80, 1.0
62156.61464252746, 119, -1.0
62156.68503496177, 193, -1.0
62156.743542368094, 69, 1.0
62158.56029998344, 29, -1.0
62161.17621287118, 95, 1.0
62162.300407233204, 163, 1.0
62164.77598012946, 81, -1.0
62167.083880624494, 148, 1.0
62170.26989422977, 58, 1.0
62172.56001263341, 72, -1.0
62173.03795309089, 198, 1.0
62177.0030340767, 233, -1.0
62181.462661542566, 87, -1.0
62181.64446826548, 94, 1.0
62182.20915839609, 71, 1.0
62182.874337413865, 90, -1.0
62185.48096439162, 126, 1.0
62188.03575227852, 116, 1.0
62189.32670798627, 40, -1.0
62189.694567850485, 64, 1.0
62190.39071839952, 128, 1.0
62190.64206650428, 66, -1.0
62192.04525285549, 74, 1.0
62203.240001388265, 34, -1.0
62204.031994515695, 116, 1.0
62204.32142521926, 116, 1.0
62205.81748619866, 112, 1.0
62205.85411553381, 157, -1.0
62206.490684219345, 158, -1.0
62209.47767016539, 40, -1.0
62210.771345059926, 70, -1.0
62212.00478519688, 81, 1.0
62213.907213347426, 41, -1.0
62215.98365772753, 162, 1.0
62215.99987443005, 34, 1.0
62216.58402901945, 138, -1.0
62219.05440450422, 164, 1.0
62220.476792488975, 170, 1.0
62221.455755377094, 148, -1.0
62225.29234273548, 152, -1.0
62225.809287264834, 70, -1.0
62226.14610496888, 64, -1.0
62226.732428645766, 202, -1.0
62228.532136202, 163, 1.0
62229.233254333456, 113, 1.0
62232.39614464844, 35, -1.0
62234.23113959643, 133, -1.0
62237.33373956959, 62, 1.0
62238.71342299587, 66, -1.0
62239.9657727443, 141, 1.0
62244.2136971112, 166, -1.0
62244.97719199866, 148, 1.0
62245.92147947242, 103, -1.0
62247.047509323966, 101, -1.0
62250.20810002461, 80, 1.0
62250.80860472931, 235, -1.0
62251.67106693822, 27, 1.0
62252.34409035879, 75, 1.0
62253.50024617616, 67, -1.0
62254.87736945116, 159, -1.0
62256.21320516394, 36, 1.0
62257.4980423678, 233, -1.0
62258.19814331565, 126, 1.0
62264.02252409874, 173, 1.0
62265.633612743724, 164, -1.0
62266.38648829986, 62, 1.0
62267.18588360221, 114, -1.0
62267.51970588946, 34, -1.0
62268.10551985313, 119, -1.0
62269.89330968261, 88, 1.0
62271.00432631, 82, -1.0
62271.360852917926, 193, 1.0
62272.21084531792, 158, -1.0
62272.30378117957, 54, -1.0
62272.3656488055, 101, 1.0
62273.186440291756, 40, 1.0
62273.3993746358, 27, 1.0
62278.76643115153, 126, 1.0
62282.52217261418, 71, 1.0
62282.616543772245, 94, 1.0
62283.40646449669, 58, -1.0
62285.28232448264, 67, -1.0
62291.049432737185, 167, -1.0
62291.40684774086, 54, 1.0
62294.298067709584, 101, -1.0
62298.84792410553, 75, 1.0
62299.39512293754, 61, 1.0
62299.46907258463, 44, -1.0
62300.08276230147, 114, 1.0
62303.90886801338, 154, -1.0
62304.52039565842, 98, -1.0
62305.81293681268, 163, -1.0
62306.63332016407, 128, -1.0
62310.10703471376, 62, -1.0
62310.7724195297, 165, 1.0
62312.41397564467, 159, -1.0
62314.00278302685, 161, 1.0
62316.36455470392, 43, 1.0
62318.9985063659, 64, 1.0
62319.610158431264, 54, -1.0
62319.64103401074, 35, 1.0
62320.954276387034, 87, 1.0
62322.3912163584, 65, 1.0
62324.20154884864, 97, -1.0
62326.67555152002, 35, 1.0
62328.72455424431, 83, -1.0
62332.194449631505, 50, 1.0
62334.287746368806, 108, -1.0
62336.93757449522, 92, -1.0
62339.926141621756, 116, -1.0
62340.62025365106, 91, -1.0
62342.57292327033, 171, 1.0
62343.34596728494, 48, 1.0
62344.259305589985, 116, 1.0
62345.74180890677, 34, -1.0
62349.524861244296, 70, -1.0
62357.25554468387, 60, 1.0
62357.63493988566, 64, -1.0
62360.84522387271, 148, 1.0
62361.14810974239, 29, -1.0
62361.315952668076, 34, -1.0
62361.94490746687, 165, 1.0
62365.65483267537, 43, -1.0
62365.94105784827, 130, -1.0
62365.97052737378, 35, 1.0
62370.077211254546, 128, 1.0
62373.4754938176, 39, -1.0
62374.13239379975, 72, 1.0
62374.92793692386, 177, -1.0
62377.62287037701, 142, -1.0
62378.27659522315, 61, 1.0
62379.98887922301, 111, 1.0
62380.41630912601, 165, -1.0
62380.7407075012, 234, 1.0
62382.00215199023, 187, -1.0
62382.219727247764, 118, 1.0
62382.95116194738, 164, 1.0
62383.605290665866, 62, -1.0
62397.130165251845, 101, -1.0
62402.81775890602, 36, 1.0
62407.22881689946, 53, 1.0
62409.59111274432, 82, 1.0
62409.70338522622, 58, -1.0
62409.74410180149, 164, -1.0
62409.974332091675, 139, 1.0
62413.44247190319, 91, -1.0
62418.90748465399, 68, -1.0
62421.371949796165, 119, 1.0
62421.6965369208, 61, 1.0
62421.874936605294, 103, 1.0
62422.15571408787, 162, 1.0
62424.45365952125, 119, -1.0
62424.61454902603, 119, -1.0
62425.27790488103, 100, -1.0
62425.64621493152, 146, -1.0
62428.33686203899, 35, 1.0
62429.07397760125, 114, 1.0
62429.48145422009, 165, 1.0
62429.56482409042, 57, -1.0
62431.75389568774, 234, 1.0
62432.59467051614, 67, 1.0
62435.02792218431, 57, 1.0
62435.33884996314, 153, 1.0
62436.67906128815, 69, 1.0
62443.32482631681, 153, -1.0
62444.180406565574, 52, 1.0
62445.31324578196, 171, 1.0
62445.32742827063, 42, 1.0
62447.215112240054, 53, 1.0
62448.81299569445, 45, 1.0
62454.163434599555, 167, 1.0
62458.80327916813, 53, 1.0
62462.83393785612, 42, -1.0
62463.139227566695, 95, -1.0
62464.890896741155, 149, 1.0
62466.38950801308, 67, 1.0
62468.221990818085, 108, -1.0
62469.247892643354, 89, -1.0
62470.08465862667, 148, -1.0
62470.346737797154, 70, -1.0
62472.34320258057, 129, 1.0
62476.35579773833, 149, 1.0
62478.08282573737, 160, -1.0
62483.02926713165, 81, -1.0
62483.19208240087, 83, 1.0
62486.50764234043, 103, -1.0
62488.95710563763, 61, -1.0
62491.20944165873, 116, 1.0
62491.70731540411, 182, 1.0
62492.5139302415, 59, -1.0
62492.6368849192, 169, -1.0
62494.184788501305, 50, 1.0
62494.186257923255, 50, 1.0
62500.55839633488, 141, 1.0
62500.577368751714, 126, 1.0
62502.02800847013, 80, -1.0
62506.41842489939, 58, 1.0
62508.34530204263, 88, 1.0
62509.925940397065, 141, 1.0
62514.46572713531, 34, 1.0
62514.58995928767, 153, -1.0
62517.11151383995, 80, 1.0
62518.93065505036, 159, 1.0
62519.13394966423, 72, -1.0
62521.5199224705, 130, -1.0
62522.47604200853, 110, 1.0
62523.62220521348, 162, -1.0
62524.43803886062, 234, -1.0
62525.23262498741, 101, 1.0
62527.45152673076, 53, -1.0
62529.989991089795, 163, -1.0
62534.16594271514, 58, -1.0
62534.47807414752, 94, 1.0
62534.761753018385, 173, 1.0
62536.00853957482, 162, -1.0
62539.75569430838, 234, -1.0
62545.55174966831, 68, -1.0
62545.85143694023, 148, -1.0
62546.10290483149, 104, 1.0
62546.496841771965, 43, 1.0
62548.437998712005, 45, -1.0
62551.05695096369, 88, 1.0
62551.64403854888, 50, -1.0
62551.66806167369, 41, -1.0
62556.60433536285, 41, -1.0
62556.61164632709, 163, -1.0
62562.78928158619, 59, 1.0
62563.588188670656, 142, 1.0
62564.06406560516, 70, 1.0
62567.47219384392, 133, 1.0
62570.178222718896, 64, 1.0
62571.94236507711, 98, 1.0
62574.36803409662, 163, -1.0
62575.13336399264, 58, 1.0
62580.32399624749, 164, 1.0
62580.51985325522, 31, 1.0
62582.236445449824, 88, 1.0
62583.833095260845, 82, 1.0
62584.06309245088, 120, -1.0
62584.55065103733, 154, -1.0
62586.81769651695, 120, -1.0
62587.77428053693, 235, -1.0
62592.417607353986, 74, 1.0
62594.94094530844, 116, 1.0
62595.02879824501, 64, -1.0
62597.428989904125, 105, 1.0
62599.08813184448, 105, -1.0
62599.95059151413, 58, 1.0
62602.154692672964, 67, 1.0
62602.836576902286, 97, -1.0
62604.42403705969, 39, 1.0
62606.019414582544, 198, 1.0
62607.20433918602, 101, 1.0
62607.49785254358, 93, -1.0
62611.45290217903, 126, 1.0
62624.9966771333, 235, -1.0
62625.62180965837, 27, 1.0
62627.885839133705, 50, 1.0
62628.64598289474, 157, -1.0
62628.73423403777, 99, 1.0
62629.54862917821, 116, 1.0
62632.57794336619, 89, 1.0
62633.118975378355, 118, -1.0
62633.57206022618, 182, 1.0
62634.75973744411, 72, -1.0
62636.96219920888, 165, -1.0
62638.6623357316, 40, -1.0
62638.66403429912, 54, -1.0
62639.38526755031, 42, 1.0
62639.72544307739, 157, -1.0
62644.38824532242, 163, -1.0
62645.16391274525, 65, 1.0
62646.24924413089, 142, 1.0
62646.48661446381, 101, -1.0
62646.869954701564, 59, 1.0
62652.06298040829, 114, 1.0
62652.96835041546, 114, -1.0
62653.00796248324, 100, -1.0
62653.28855857023, 74, 1.0
62657.78286938395, 72, -1.0
62658.18399773036, 166, -1.0
62659.53556530886, 169, -1.0
62660.50017483883, 62, 1.0
62661.142860768225, 180, -1.0
62662.50437848462, 148, 1.0
62666.65428757827, 58, -1.0
62667.54103087717, 84, 1.0
62667.616225859085, 43, -1.0
62670.890520622845, 73, -1.0
62672.62678810494, 32, 1.0
62672.83814811864, 165, 1.0
62673.90757998367, 159, 1.0
62677.36801203969, 93, -1.0
62678.309340219435, 116, -1.0
62678.575612401, 116, 1.0
62680.09304696716, 96, -1.0
62682.473573130126, 162, 1.0
62685.201675836666, 122, -1.0
62685.87576695638, 82, 1.0
62686.38382252909, 177, -1.0
62689.6953562851, 91, -1.0
62694.815851736064, 39, 1.0
62699.06934349445, 142, 1.0
62702.038349397255, 98, 1.0
62703.7902052141, 142, -1.0
62703.88958549725, 71, 1.0
62706.86884144933, 235, -1.0
62709.14650375779, 166, -1.0
62710.33882454496, 32, 1.0
62710.68262951727, 235, -1.0
62712.12482424507, 228, -1.0
62713.00389255942, 120, -1.0
62715.428495345455, 137, 1.0
62718.662999985594, 122, 1.0
62720.45891499301, 93, -1.0
62721.3159647507, 198, -1.0
62722.628500073966, 103, -1.0
62722.65713022685, 164, 1.0
62722.83362999375, 142, 1.0
62723.47314238033, 163, -1.0
62725.90923386668, 96, -1.0
62728.16676064813, 50, -1.0
62728.23463134343, 42, -1.0
62728.563109454015, 50, -1.0
62729.51445824252, 84, 1.0
62732.15505900097, 81, -1.0
62733.21010852135, 193, -1.0
62734.72034670361, 146, -1.0
62737.78966239367, 59, 1.0
62738.18647954755, 177, -1.0
62739.13082929085, 177, -1.0
62741.38741855197, 80, 1.0
62742.714094067014, 40, 1.0
62747.526609572946, 202, -1.0
62747.654582681556, 123, 1.0
62749.58729184393, 32, -1.0
62751.18800729003, 173, 1.0
62753.283134062636, 148, -1.0
62757.75543033072, 44, -1.0
62758.460858686594, 146, -1.0
62759.539528368274, 163, -1.0
62761.19106645527, 116, 1.0
62762.42588647755, 114, 1.0
62764.34164511091, 88, -1.0
62767.19046954294, 108, -1.0
62771.50486651228, 169, 1.0
62772.110574468395, 100, 1.0
62772.681591545195, 188, 1.0
62775.86570639751, 182, 1.0
62777.42136581283, 27, 1.0
62778.450459786465, 58, -1.0
62778.490909039145, 31, -1.0
62780.58513599977, 166, -1.0
62781.46328436036, 45, 1.0
62781.51313358002, 84, 1.0
62784.13166869598, 142, 1.0
62786.217546876826, 52, 1.0
62787.12494036456, 114, -1.0
62787.4015239503, 177, -1.0
62791.39754616232, 29, -1.0
62792.03679752891, 182, 1.0
62793.65043628777, 116, 1.0
62797.44641309304, 101, -1.0
62798.36283845491, 149, -1.0
62801.265783013376, 165, -1.0
62801.59599625644, 106, -1.0
62802.0876790067, 114, 1.0
62802.981152303706, 44, -1.0
62805.05515009054, 146, 1.0
62806.04959119991, 29, 1.0
62806.49248016215, 234, -1.0
62807.66444574665, 63, -1.0
62808.27737223274, 35, 1.0
62809.66780519385, 114, 1.0
62812.19120083421, 104, 1.0
62812.64053273348, 123, 1.0
62813.52233242459, 46, -1.0
62815.41647604505, 71, 1.0
62815.986135457526, 142, -1.0
62816.51947579904, 101, 1.0
62819.2006375287, 100, -1.0
62819.9664906176, 130, -1.0
62824.86407964344, 109, 1.0
62826.18048584492, 39, 1.0
62827.145930490595, 80, 1.0
62836.68628314058, 142, 1.0
62838.182467446124, 152, 1.0
62838.48940729861, 114, 1.0
62839.770216127516, 59, 1.0
62839.94315761696, 71, 1.0
62845.09308344411, 34, -1.0
62845.69325680993, 160, 1.0
62846.13223069404, 53, -1.0
62850.788874148, 80, 1.0
62851.39742986541, 101, 1.0
62853.23657123664, 100, -1.0
62855.90106739675, 146, -1.0
62856.57403617186, 61, 1.0
62858.80070225669, 165, -1.0
62859.475951816625, 167, -1.0
62862.51651180647, 101, 1.0
62863.197057250196, 45, -1.0
62865.60620018782, 75, 1.0
62867.412831660535, 34, -1.0
62870.1355233612, 161, 1.0
62870.230155254445, 95, 1.0
62870.80610377775, 165, 1.0
62872.42775513812, 53, 1.0
62873.97426441897, 118, 1.0
62875.548912825485, 128, -1.0
62876.45029374914, 130, -1.0
62877.66022332659, 124, 1.0
62879.05508654551, 67, -1.0
62880.92841434106, 41, -1.0
62882.745961067405, 68, -1.0
62885.618694577104, 177, -1.0
62886.62098798626, 133, 1.0
62888.76306360514, 46, -1.0
62890.579461326866, 122, -1.0
62891.4815967998, 95, 1.0
62895.04771013081, 100, -1.0
62899.80695782442, 233, 1.0
62899.90851138662, 45, 1.0
62900.93485951475, 235, -1.0
62903.40336575496, 50, -1.0
62903.68220958907, 60, 1.0
62908.429228558736, 70, -1.0
62911.81415797656, 42, -1.0
62913.78727247304, 110, 1.0
62915.34654074366, 101, -1.0
62916.81418016968, 142, 1.0
62916.94303276203, 75, 1.0
62917.71688152476, 46, 1.0
62918.35833287831, 146, -1.0
62920.581964069694, 71, 1.0
62922.65234887311, 94, 1.0
62922.73850327773, 116, 1.0
62927.31937348723, 64, -1.0
62928.632479147505, 159, -1.0
62929.18505907725, 80, 1.0
62933.417939740844, 123, 1.0
62936.290066310015, 58, 1.0
62937.32364193919, 170, -1.0
62941.30257991316, 159, -1.0
62942.59221396319, 41, -1.0
62944.682323419765, 171, -1.0
62949.472155226846, 80, 1.0
62950.7572841609, 114, -1.0
62951.114814836365, 165, -1.0
62955.81633290194, 86, -1.0
62956.486445801944, 67, -1.0
62960.189993267115, 99, -1.0
62960.814536365106, 106, -1.0
62966.22235409836, 124, 1.0
62971.45443144209, 193, -1.0
62972.62045157727, 69, -1.0
62972.94436115214, 32, 1.0
62974.89559485591, 40, 1.0
62976.63321520516, 114, 1.0
62977.1533168314, 40, 1.0
62977.235691279726, 58, 1.0
62978.664496964004, 62, 1.0
62979.14990172491, 36, 1.0
62979.97654865641, 89, 1.0
62980.47946681053, 119, -1.0
62980.65530543856, 159, 1.0
62981.539522210514, 105, -1.0
62981.70676069562, 36, 1.0
62984.080507315935, 116, 1.0
62985.85745759817, 107, 1.0
62987.58607715316, 146, 1.0
62989.643431417906, 35, 1.0
62989.97477760559, 59, 1.0
62990.60819818901, 62, 1.0
62993.67388187354, 235, 1.0
62996.23094191362, 43, -1.0
62996.293814041666, 142, 1.0
62997.80772718522, 159, 1.0
62998.94865331936, 39, 1.0
63000.62824496903, 89, -1.0
63000.96428056667, 94, -1.0
63009.59105831687, 76, -1.0
63010.14733922227, 146, 1.0
63011.481680158045, 74, -1.0
63013.63704013412, 114, 1.0
63014.84517172267, 126, -1.0
63017.93540829133, 160, -1.0
63019.34080345644, 159, 1.0
63019.90588742565, 167, -1.0
63019.99410318338, 97, 1.0
63020.10108418543, 173, -1.0
63021.4730479348, 110, 1.0
63021.952230657924, 233, -1.0
63022.84683681159, 142, 1.0
63025.6723705691, 146, 1.0
63026.76457987647, 45, 1.0
63029.77370092833, 72, -1.0
63031.93498981159, 35, 1.0
63032.835234570906, 119, -1.0
63034.514127265364, 65, 1.0
63034.88015436994, 34, 1.0
63036.06879377543, 35, -1.0
63037.106986645624, 159, -1.0
63038.26382669341, 171, -1.0
63038.92785090265, 105, -1.0
63039.558793945165, 59, 1.0
63041.61576042595, 177, 1.0
63041.64365320749, 148, 1.0
63042.42391837146, 165, 1.0
63044.77213792352, 101, 1.0
63046.965954308645, 114, 1.0
63050.680979213845, 116, 1.0
63052.983489065315, 109, 1.0
63058.517513019506, 114, -1.0
63059.56276846836, 158, 1.0
63060.35126077933, 59, -1.0
63061.61194206459, 73, -1.0
63064.77813944564, 165, 1.0
63070.311059642685, 120, -1.0
63070.71214051346, 85, -1.0
63070.82349528974, 142, 1.0
63071.48195811552, 177, -1.0
63076.550869414015, 48, -1.0
63076.630052310706, 58, 1.0
63077.56969933515, 106, -1.0
63078.0221771686, 165, 1.0
63078.90574870383, 119, -1.0
63079.9962188857, 147, 1.0
63082.060999307716, 28, 1.0
63087.021392572526, 101, -1.0
63092.078824078155, 126, -1.0
63095.76441972649, 114, 1.0
63099.66160786472, 58, 1.0
63102.027974792094, 165, 1.0
63102.413705669234, 165, 1.0
63102.85515309444, 142, -1.0
63103.053413338755, 114, -1.0
63103.77935309736, 114, 1.0
63111.9251515106, 72, 1.0
63112.66278479252, 45, -1.0
63112.69972681544, 31, 1.0
63114.86337554582, 114, 1.0
63115.96354532273, 58, -1.0
63116.42069512308, 123, 1.0
63116.8545943474, 29, 1.0
63117.22144548065, 76, -1.0
63118.26945196102, 44, -1.0
63118.337091856294, 36, -1.0
63120.52247287642, 123, -1.0
63122.35920618838, 54, 1.0
63125.251236820186, 114, -1.0
63126.57484029243, 34, 1.0
63129.42169639736, 161, 1.0
63132.33642381731, 58, -1.0
63132.39151017119, 100, 1.0
63132.51044846408, 111, 1.0
63133.23539938311, 95, 1.0
63134.89930831922, 70, -1.0
63135.56153120475, 31, 1.0
63139.44163501936, 101, 1.0
63140.736717763655, 33, 1.0
63141.02891654314, 35, -1.0
63142.66642974656, 109, 1.0
63144.76055754782, 62, -1.0
63147.98776040266, 29, -1.0
63149.40994792219, 72, -1.0
63149.988601253004, 74, 1.0
63151.16896255637, 101, 1.0
63151.445397018346, 142, -1.0
63152.94304841383, 146, 1.0
63156.43937512585, 159, 1.0
63156.80096445281, 153, -1.0
63157.48786492958, 123, -1.0
63158.01278400727, 48, 1.0
63159.24297943443, 116, 1.0
63159.38237043915, 148, -1.0
63159.71142109549, 58, 1.0
63159.89969826785, 163, -1.0
63165.59516456372, 155, -1.0
63168.82588059139, 58, 1.0
63173.236450416356, 241, -1.0
63182.1113104296, 103, 1.0
63182.321944587246, 35, -1.0
63183.319254907285, 75, 1.0
63185.47864521539, 35, 1.0
63188.25918536326, 60, -1.0
63189.66569995196, 45, -1.0
63191.126681089045, 146, 1.0
63192.32832528134, 158, 1.0
63193.021290766395, 169, 1.0
63195.111092824314, 116, -1.0
63196.599247219434, 61, -1.0
63197.66377911494, 69, -1.0
63198.41262430922, 123, -1.0
63199.64897823237, 45, 1.0
63202.75789781601, 81, 1.0
63206.59246491807, 123, -1.0
63208.11973268027, 123, 1.0
63208.16579295926, 29, 1.0
63208.797062231475, 152, 1.0
63209.389639466666, 146, 1.0
63210.45947910148, 137, -1.0
63211.74584707001, 162, 1.0
63212.68932226147, 39, 1.0
63213.43685992122, 87, -1.0
63213.93888396412, 100, 1.0
63214.86981463717, 198, 1.0
63214.87573868006, 148, 1.0
63215.35499343824, 40, -1.0
63216.423167110566, 61, 1.0
63216.66450778795, 67, 1.0
63223.332277733556, 45, -1.0
63223.650150625566, 87, 1.0
63224.59098717687, 119, -1.0
63224.8952019118, 50, -1.0
63227.0730332289, 152, 1.0
63227.90014976206, 59, -1.0
63228.64000157631, 93, -1.0
63230.17909861883, 60, 1.0
63233.404599203415, 228, -1.0
63237.385288042766, 147, -1.0
63239.47167487729, 162, 1.0
63240.17185157242, 164, 1.0
63240.55764977217, 114, 1.0
63242.99843551155, 58, 1.0
63243.56148957927, 105, 1.0
63244.632384377175, 193, -1.0
63244.63963187679, 234, 1.0
63246.24567510031, 123, -1.0
63246.408776000826, 165, 1.0
63250.31657900221, 86, -1.0
63251.99804857393, 123, -1.0
63254.00537318552, 114, 1.0
63255.57042408642, 71, 1.0
63256.381701529615, 126, -1.0
63258.16651106493, 29, 1.0
63260.07437547334, 69, -1.0
63261.168569564914, 31, -1.0
63262.845003437935, 50, -1.0
63262.95763140332, 101, 1.0
63264.05920776962, 126, 1.0
63264.26376120656, 119, -1.0
63266.94942701184, 84, 1.0
63267.96274799212, 160, -1.0
63272.25253860002, 84, 1.0
63272.996254228725, 50, 1.0
63273.46962429465, 35, 1.0
63273.52036495558, 114, 1.0
63273.584273806446, 45, -1.0
63274.43044156787, 73, -1.0
63274.96611157939, 146, 1.0
63279.066769082194, 123, -1.0
63279.62354340586, 101, 1.0
63280.81026879701, 33, -1.0
63282.56699970309, 100, 1.0
63283.129174497066, 126, 1.0
63285.85129639967, 105, 1.0
63286.135322592316, 34, 1.0
63289.7434025907, 82, -1.0
63289.832747336666, 42, -1.0
63290.0048703065, 43, -1.0
63290.60779136573, 40, -1.0
63291.1776603924, 111, 1.0
63294.03152000975, 45, -1.0
63297.42234001803, 162, 1.0
63299.956069583044, 173, -1.0
63301.60716467667, 116, 1.0
63302.1598644428, 116, 1.0
63303.652539235925, 46, -1.0
63304.15630491058, 133, 1.0
63306.62447257495, 34, 1.0
63309.29241317634, 36, 1.0
63312.88335175973, 165, -1.0
63315.30509147105, 162, 1.0
63315.577902752295, 122, -1.0
63315.673663561734, 27, -1.0
63316.280822767985, 164, 1.0
63319.30055521552, 37, 1.0
63319.46609371086, 109, 1.0
63319.74330067363, 116, 1.0
63320.18669547374, 82, -1.0
63320.7181921146, 48, -1.0
63323.405072327594, 26, 1.0
63324.25622063324, 163, -1.0
63329.41597206788, 163, 1.0
63331.82309980216, 101, -1.0
63332.16815967633, 103, -1.0
63334.40227405906, 154, -1.0
63334.98889159705, 116, 1.0
63337.132679993345, 103, 1.0
63338.41604444216, 114, -1.0
63339.57500019069, 162, -1.0
63342.0739815855, 159, 1.0
63342.12886005277, 165, -1.0
63342.88919122301, 142, -1.0
63343.01640309789, 26, 1.0
63343.32564563266, 87, -1.0
63343.97291492959, 74, 1.0
63348.03191029193, 58, 1.0
63349.77439428791, 123, 1.0
63351.413349106515, 165, 1.0
63352.182788282655, 82, 1.0
63356.31908443922, 235, -1.0
63365.04550616552, 105, -1.0
63367.10893866296, 142, -1.0
63367.72578872548, 50, -1.0
63368.30643629215, 152, 1.0
63368.31208887195, 165, 1.0
63373.01827239163, 116, 1.0
63375.36615025155, 198, 1.0
63375.76279328007, 114, 1.0
63376.97013107641, 101, 1.0
63378.84953675691, 106, -1.0
63378.97347165809, 114, 1.0
63379.42592032611, 234, -1.0
63379.6895526312, 193, 1.0
63383.96795111715, 50, -1.0
63386.17728273558, 61, 1.0
63386.22514572252, 100, -1.0
63386.79504265217, 43, 1.0
63387.19004499688, 230, -1.0
63388.678723393066, 98, -1.0
63389.717558521916, 154, -1.0
63390.47679137796, 67, -1.0
63392.12226847833, 164, -1.0
63392.54799050858, 64, -1.0
63393.54993482193, 27, -1.0
63393.56092340202, 34, 1.0
63394.15775096938, 59, 1.0
63394.75791558455, 63, 1.0
63398.2537703807, 67, -1.0
63398.58115253049, 46, -1.0
63399.88660785929, 114, -1.0
63404.0555310265, 149, -1.0
63405.10153121256, 106, -1.0
63405.513342742765, 40, 1.0
63406.053732663, 58, -1.0
63406.27357400238, 35, -1.0
63407.093081930805, 165, 1.0
63408.1525055441, 105, 1.0
63409.33256323012, 111, 1.0
63411.156820571494, 146, -1.0
63418.26948006613, 73, -1.0
63419.50213306452, 97, 1.0
63422.04505133648, 101, -1.0
63422.709536158254, 53, 1.0
63425.67589690497, 165, 1.0
63426.68076091877, 114, 1.0
63426.941417654416, 68, 1.0
63430.0406792526, 35, 1.0
63430.5951155929, 53, -1.0
63431.44176032636, 59, 1.0
63432.47408176085, 146, 1.0
63433.5450052561, 234, -1.0
63435.46404720084, 128, 1.0
63435.841270485194, 69, 1.0
63436.69433724902, 42, 1.0
63441.67390472664, 119, 1.0
63443.31152189808, 163, -1.0
63444.00592750096, 230, -1.0
63446.393999202875, 148, 1.0
63448.71365545964, 80, 1.0
63450.37623117155, 31, -1.0
63451.53431474667, 94, -1.0
63452.61140444617, 165, 1.0
63454.33722894236, 133, 1.0
63455.20080227296, 114, 1.0
63455.26244636957, 130, 1.0
63455.33530742071, 146, 1.0
63455.48914727274, 44, -1.0
63457.25406334721, 148, -1.0
63457.752618040744, 58, 1.0
63459.658585757184, 40, 1.0
63459.72677902126, 162, 1.0
63460.577701043534, 146, -1.0
63460.93300592075, 98, 1.0
63462.779657743944, 163, -1.0
63466.018936931134, 39, 1.0
63466.36527432219, 114, -1.0
63466.973667640355, 152, -1.0
63469.96817973523, 28, 1.0
63470.237246290846, 72, -1.0
63473.012399996725, 87, -1.0
63475.05778458938, 100, 1.0
63477.483062730316, 114, 1.0
63479.357242554244, 45, -1.0
63479.814590095106, 27, 1.0
63481.43935414389, 165, -1.0
63482.19810546028, 129, -1.0
63485.53059886056, 159, 1.0
63487.23889450876, 109, 1.0
63488.95061087594, 142, -1.0
63490.538915450205, 67, -1.0
63494.76772266453, 71, 1.0
63495.00116224196, 126, 1.0
63497.72305087102, 41, -1.0
63500.09341964902, 111, 1.0
63501.19090501016, 26, -1.0
63501.3281222943, 98, -1.0
63504.918352685294, 43, -1.0
63505.604196899716, 159, -1.0
63506.48417005988, 159, 1.0
63507.08095884472, 45, -1.0
63508.04994421723, 106, -1.0
63508.13609398469, 157, 1.0
63509.41233240309, 169, -1.0
63509.92837990837, 27, -1.0
63511.33816011303, 27, -1.0
63513.118057342814, 64, -1.0
63515.56613625838, 99, 1.0
63516.331314857875, 162, -1.0
63519.16048087026, 153, -1.0
63519.747493393326, 84, 1.0
63519.76208327388, 171, -1.0
63520.010685452486, 27, -1.0
63520.86419177012, 93, 1.0
63521.59682847674, 27, 1.0
63522.878312856876, 101, -1.0
63523.55310017295, 109, -1.0
63523.650603398375, 116, 1.0
63525.55598501043, 106, -1.0
63525.67979123928, 167, 1.0
63525.91260025628, 162, -1.0
63528.097627261166, 177, 1.0
63532.42681076112, 141, 1.0
63534.81134408852, 105, -1.0
63536.81899854188, 110, -1.0
63537.903631634385, 158, -1.0
63539.105555586124, 43, -1.0
63542.63686222947, 109, 1.0
63543.548024065356, 70, -1.0
63548.79644073196, 36, 1.0
63550.81306413737, 70, 1.0
63551.51128442161, 169, -1.0
63556.11625723752, 146, 1.0
63557.46939004997, 161, 1.0
63559.47409941028, 165, 1.0
63562.1754279219, 105, -1.0
63562.32069557011, 112, 1.0
63562.37573639743, 160, -1.0
63565.58773427571, 46, -1.0
63566.43760632953, 40, 1.0
63574.33086684348, 116, 1.0
63577.43802413832, 80, -1.0
63578.58840443214, 113, 1.0
63579.239912121026, 35, -1.0
63581.73540546139, 70, 1.0
63583.66122636387, 116, 1.0
63586.62043086879, 59, 1.0
63587.38867899031, 58, -1.0
63588.167797885064, 146, 1.0
63588.337391435074, 158, 1.0
63591.86792210309, 53, -1.0
63597.112582943075, 163, -1.0
63598.41797626161, 34, 1.0
63603.33218637893, 96, 1.0
63603.44785875156, 39, 1.0
63604.543606187275, 116, 1.0
63606.74541606932, 83, 1.0
63607.34081815748, 161, 1.0
63608.16526642645, 72, -1.0
63610.62879485336, 173, 1.0
63611.634033519236, 60, 1.0
63618.26123693735, 165, -1.0
63618.74114609887, 116, 1.0
63625.28543196043, 162, 1.0
63625.45141611883, 114, -1.0
63628.79675487999, 99, 1.0
63631.428657312514, 60, -1.0
63632.53065325089, 234, 1.0
63633.90204467552, 148, -1.0
63636.87504483148, 114, 1.0
63636.92613905153, 58, -1.0
63646.27090570955, 86, -1.0
63646.32603042075, 130, -1.0
63647.25563232934, 93, 1.0
63648.64918233594, 103, -1.0
63648.93239051386, 65, 1.0
63649.709491605965, 193, -1.0
63652.35849318363, 74, 1.0
63652.749840740864, 58, 1.0
63653.800147570015, 97, 1.0
63654.002462948716, 66, -1.0
63654.690587670724, 81, 1.0
63655.0079116104, 96, 1.0
63656.66401764106, 114, 1.0
63656.692640247886, 72, -1.0
63657.20552728632, 45, 1.0
63657.498755357316, 142, -1.0
63657.704369534425, 95, 1.0
63662.44852763731, 153, 1.0
63663.4333448469, 230, -1.0
63663.86015772497, 114, 1.0
63667.21806493001, 71, 1.0
63669.76006399171, 45, 1.0
63670.79205617003, 26, -1.0
63675.81978741591, 116, -1.0
63676.39458822131, 104, 1.0
63678.35839254344, 84, -1.0
63679.21465411104, 52, 1.0
63679.57111039762, 162, 1.0
63679.71387136154, 34, -1.0
63682.176451254985, 166, -1.0
63683.19388505473, 48, -1.0
63684.211948049284, 165, 1.0
63687.239393844924, 159, 1.0
63688.29395371868, 233, 1.0
63688.41341613663, 169, -1.0
63688.73859383557, 32, -1.0
63693.05036251945, 27, 1.0
63694.02323770438, 106, -1.0
63696.65273357093, 76, -1.0
63697.54466019194, 40, 1.0
63700.59538834632, 83, -1.0
63702.31439556666, 74, -1.0
63703.7308609069, 114, 1.0
63705.38310708115, 100, 1.0
63705.92397406718, 193, -1.0
63706.92700171921, 153, 1.0
63709.48175694547, 165, -1.0
63714.80306766864, 114, -1.0
63715.21606618738, 173, 1.0
63715.32733533817, 152, -1.0
63717.51906167983, 110, -1.0
63723.11162213891, 39, 1.0
63724.34300088643, 28, 1.0
63725.10898392873, 37, 1.0
63726.16220947385, 40, -1.0
63729.25284790054, 142, -1.0
63729.26827045711, 70, -1.0
63729.310225667476, 100, 1.0
63729.665728152744, 105, -1.0
63736.563503717654, 111, -1.0
63741.52823047542, 182, 1.0
63742.222167585875, 103, 1.0
63743.00737835828, 67, -1.0
63747.87632364403, 29, 1.0
63748.820879550556, 92, -1.0
63750.387975037534, 81, 1.0
63752.649013017595, 148, -1.0
63753.07838470108, 116, -1.0
63753.54383744961, 96, -1.0
63755.439338474185, 138, -1.0
63756.28181344814, 68, -1.0
63757.77295334089, 28, 1.0
63760.35005741798, 51, -1.0
63763.25367178567, 147, 1.0
63763.4352169225, 68, -1.0
63764.1831146051, 75, 1.0
63765.618494361835, 165, -1.0
63766.74181095351, 39, 1.0
63766.90137502646, 68, 1.0
63767.11457021915, 151, -1.0
63767.209631962185, 81, -1.0
63767.57876972617, 114, -1.0
63768.0182002579, 73, -1.0
63768.178553660444, 81, 1.0
63769.774848486355, 94, 1.0
63770.64992721616, 163, -1.0
63775.34205720888, 67, 1.0
63777.02557286994, 160, 1.0
63777.28737759006, 164, 1.0
63778.16833050498, 141, 1.0
63780.29680512778, 69, 1.0
63783.66400666424, 111, -1.0
63784.348479057895, 126, 1.0
63787.055828134246, 146, 1.0
63787.10030165546, 146, -1.0
63789.16892436266, 58, -1.0
63789.9893902869, 81, 1.0
63791.883393619246, 234, -1.0
63791.957449680594, 162, 1.0
63791.98576392287, 106, -1.0
63795.776234578276, 148, -1.0
63797.29848612697, 157, -1.0
63799.40983016385, 234, 1.0
63801.49683804583, 111, 1.0
63802.32033422918, 130, 1.0
63803.54974174258, 61, 1.0
63804.17481682704, 149, -1.0
63810.020369529695, 45, 1.0
63813.127044988614, 100, 1.0
63814.1331506784, 67, 1.0
63814.69613907786, 43, -1.0
63815.142883693865, 61, -1.0
63816.383592863756, 148, 1.0
63816.71799158231, 105, -1.0
63817.91932721827, 124, 1.0
63820.713320566945, 35, 1.0
63822.04405237221, 89, 1.0
63824.728717341546, 159, -1.0
63826.22266578536, 46, -1.0
63829.6203483007, 182, 1.0
63830.34466333985, 133, 1.0
63830.42550813397, 53, -1.0
63834.31278577488, 74, -1.0
63834.683281891004, 67, 1.0
63835.76087160277, 69, 1.0
63836.603598920905, 43, -1.0
63837.76011924261, 31, -1.0
63840.01684037085, 43, 1.0
63843.439623484985, 106, -1.0
63843.843069223396, 142, 1.0
63846.81555243472, 165, 1.0
63847.920396939124, 130, 1.0
63848.238754475766, 33, -1.0
63849.25066081536, 28, 1.0
63850.1280215494, 68, 1.0
63851.942286187776, 119, -1.0
63853.72646526665, 29, 1.0
63854.868200120276, 159, -1.0
63856.4995305968, 119, 1.0
63857.79896987396, 29, -1.0
63861.98941519301, 228, -1.0
63862.09217741124, 114, -1.0
63864.016062435796, 137, 1.0
63864.48615851559, 165, 1.0
63866.1911682569, 164, 1.0
63867.456267415924, 75, 1.0
63869.328671822695, 34, -1.0
63871.31810760828, 114, 1.0
63872.04611505306, 153, -1.0
63873.45202487926, 106, -1.0
63874.057763058496, 73, -1.0
63874.59311203628, 64, -1.0
63874.97353783857, 114, 1.0
63876.666037680494, 34, -1.0
63876.83841453685, 101, -1.0
63879.33353323905, 126, 1.0
63879.348718715046, 162, 1.0
63880.13743052449, 164, 1.0
63882.20838590552, 187, -1.0
63882.47310867217, 139, -1.0
63885.804978882596, 26, -1.0
63889.536454946276, 114, 1.0
63893.93578823153, 111, -1.0
63896.740861914914, 42, -1.0
63896.812543379245, 29, -1.0
63902.96231964149, 164, 1.0
63903.16060673565, 113, -1.0
63907.49225703708, 111, -1.0
63907.74307357941, 162, 1.0
63910.28721382302, 165, 1.0
63915.68888839877, 82, 1.0
63918.02763443326, 142, 1.0
63921.9454123404, 75, 1.0
63923.18930910948, 141, 1.0
63930.009208689, 103, -1.0
63932.685153797036, 45, -1.0
63933.61102705439, 158, -1.0
63934.01885267534, 157, -1.0
63934.756964260836, 48, 1.0
63935.04067470719, 39, 1.0
63939.5516618659, 165, 1.0
63942.05485502935, 41, -1.0
63945.57318000822, 119, -1.0
63946.41460396276, 84, 1.0
63954.308341424105, 30, -1.0
63955.47198101939, 82, 1.0
63955.69067504213, 126, 1.0
63958.37968842553, 76, -1.0
63958.88027630438, 34, 1.0
63959.83384940825, 94, -1.0
63962.263081018806, 93, -1.0
63963.35352290918, 114, 1.0
63966.860201609146, 114, 1.0
63967.35267519014, 114, -1.0
63969.15433616021, 152, 1.0
63970.383630640325, 141, 1.0
63973.44744107167, 98, -1.0
63976.653213138496, 75, 1.0
63977.506585653944, 105, -1.0
63979.07232267077, 116, 1.0
63979.81607988927, 98, 1.0
63980.67778987658, 153, 1.0
63983.414139694854, 163, 1.0
63985.089980683704, 106, -1.0
63985.40929413893, 100, 1.0
63988.41127888944, 94, -1.0
63990.58652435488, 173, -1.0
63993.069141793945, 58, -1.0
63995.744179939815, 89, 1.0
63996.175188640926, 159, 1.0
63996.563752240916, 75, 1.0
63999.60195816144, 50, -1.0
64001.1023836354, 165, -1.0
64006.49850176009, 31, -1.0
64007.15047432579, 114, 1.0
64010.29434567927, 73, -1.0
64010.71493856243, 150, 1.0
64011.481816840904, 123, -1.0
64011.754422473176, 234, 1.0
64014.11061345309, 27, 1.0
64014.25344335511, 106, -1.0
64014.68923941305, 69, 1.0
64015.46420070546, 61, -1.0
64015.8674493602, 99, 1.0
64016.651046193656, 48, -1.0
64017.158561415374, 113, -1.0
64018.43567482168, 117, 1.0
64018.819943638824, 80, 1.0
64019.515373700495, 155, 1.0
64019.610804532145, 106, -1.0
64020.47193190497, 41, 1.0
64020.58841697876, 101, -1.0
64024.19095240527, 102, -1.0
64025.81485661739, 40, -1.0
64029.42540773365, 69, -1.0
64030.06044178787, 81, 1.0
64030.29989457494, 164, 1.0
64032.812709084996, 128, 1.0
64032.90579939648, 28, 1.0
64033.29450906294, 39, -1.0
64036.51276350295, 45, -1.0
64040.33681803081, 106, -1.0
64041.1649805558, 92, -1.0
64042.56217020664, 116, 1.0
64044.052813049064, 114, 1.0
64045.1569934289, 198, -1.0
64046.348076261726, 67, 1.0
64049.443210359976, 40, 1.0
64050.83169971769, 114, 1.0
64053.05507411321, 162, 1.0
64053.66026761753, 97, 1.0
64054.06368217571, 122, -1.0
64055.36476135617, 111, -1.0
64055.886957566065, 130, 1.0
64056.48794288728, 118, 1.0
64059.84183429989, 103, -1.0
64062.12784503506, 167, 1.0
64062.79820785885, 84, 1.0
64065.10491012462, 40, 1.0
64065.57069296157, 42, 1.0
64068.859055855435, 34, 1.0
64069.94917904868, 102, -1.0
64072.588935035375, 193, -1.0
64078.684145198844, 67, -1.0
64079.41747736869, 114, -1.0
64080.53830728582, 234, 1.0
64080.606766596815, 173, 1.0
64083.260088776966, 146, -1.0
64086.87664461865, 104, -1.0
64087.09151585173, 59, -1.0
64087.419974372846, 146, 1.0
64088.00943305594, 163, 1.0
64088.82256326083, 40, -1.0
64091.68758237673, 118, 1.0
64091.87900203539, 64, -1.0
64092.537768936585, 159, 1.0
64092.59718437149, 62, 1.0
64097.78918620778, 165, 1.0
64098.20403965073, 103, -1.0
64100.38311914859, 153, 1.0
64100.891707585826, 67, -1.0
64100.96272161746, 146, -1.0
64102.06265007192, 146, 1.0
64103.935193690726, 167, 1.0
64105.922669664076, 75, 1.0
64106.02534598807, 48, 1.0
64107.137948911506, 138, -1.0
64107.346168610144, 58, 1.0
64108.70789677535, 103, -1.0
64110.05511242326, 129, 1.0
64115.32904171244, 177, 1.0
64116.8293384846, 163, -1.0
64118.265890998184, 114, 1.0
64119.10146237325, 198, -1.0
64122.06162467712, 64, -1.0
64122.94358588256, 72, 1.0
64126.99194451427, 153, -1.0
64127.799950342975, 96, -1.0
64128.05953868389, 113, -1.0
64129.919254585635, 113, 1.0
64132.32439620826, 54, -1.0
64133.88406832537, 138, -1.0
64135.50012815112, 74, -1.0
64136.283273509725, 45, 1.0
64136.414918504895, 142, -1.0
64136.415652327065, 99, 1.0
64137.50127435828, 165, -1.0
64139.25077262038, 163, 1.0
64140.08179682388, 241, 1.0
64141.8091193447, 69, 1.0
64142.200382424875, 39, -1.0
64143.447835386694, 114, 1.0
64144.34559161121, 80, -1.0
64145.83043574975, 86, -1.0
64146.251940972536, 70, 1.0
64147.29807424008, 148, -1.0
64147.37423629725, 116, -1.0
64150.37573288731, 126, 1.0
64154.77664497541, 31, 1.0
64156.169285491436, 41, 1.0
64156.50449059146, 163, -1.0
64158.61657387855, 35, -1.0
64160.86598203594, 165, 1.0
64163.4115374797, 160, 1.0
64165.48239012992, 73, -1.0
64165.64047995333, 34, 1.0
64167.3525287916, 45, 1.0
64170.09290037134, 119, -1.0
64170.48071610292, 36, -1.0
64170.7986293806, 72, 1.0
64170.9463759663, 68, -1.0
64171.93415574925, 116, 1.0
64174.17987344383, 58, -1.0
64174.6812750942, 163, 1.0
64176.360344258326, 30, -1.0
64176.50741369025, 72, 1.0
64176.91588680741, 118, -1.0
64177.03080159796, 126, 1.0
64183.626062883704, 68, 1.0
64184.38616800976, 111, -1.0
64185.69567797667, 162, 1.0
64187.022700183865, 72, -1.0
64187.665378803875, 114, 1.0
64191.74850504956, 53, -1.0
64192.03525044003, 45, -1.0
64192.50370166796, 182, 1.0
64195.348223267254, 68, -1.0
64196.32828084854, 33, -1.0
64198.77869297105, 154, -1.0
64199.43401184961, 198, -1.0
64201.225488041775, 117, 1.0
64205.011514876955, 113, 1.0
64206.56122605058, 170, 1.0
64208.03814272986, 163, -1.0
64208.08768344644, 108, -1.0
64208.68940100986, 111, -1.0
64208.76947226981, 126, -1.0
64213.11612097859, 50, 1.0
64214.49621894263, 80, 1.0
64214.70208762052, 67, 1.0
64215.85598176114, 141, 1.0
64217.37389439826, 119, 1.0
64218.182649557086, 155, 1.0
64220.95937406295, 75, -1.0
64221.96627810733, 116, -1.0
64222.27459306071, 95, 1.0
64224.50596513881, 179, -1.0
64225.481634269134, 86, -1.0
64226.64267204406, 59, -1.0
64227.18890820481, 159, 1.0
64229.94038265117, 193, -1.0
64233.54572616056, 71, 1.0
64234.93817070098, 163, -1.0
64236.08753525651, 173, -1.0
64238.02792988687, 28, 1.0
64239.14300395371, 146, 1.0
64239.95831438247, 54, -1.0
64243.297765162875, 165, 1.0
64243.68895481971, 104, 1.0
64244.404132423435, 31, -1.0
64244.594882182566, 202, -1.0
64251.269873280464, 146, -1.0
64253.68867014456, 148, 1.0
64256.104773187224, 120, -1.0
64259.56836894796, 76, -1.0
64261.78636246119, 54, -1.0
64266.54392730463, 41, -1.0
64266.590451326025, 35, 1.0
64268.049823679874, 193, -1.0
64268.814807028095, 114, 1.0
64271.32973544613, 116, 1.0
64272.587380297526, 157, -1.0
64273.86597373133, 44, -1.0
64275.42807541117, 163, 1.0
64276.42796239264, 138, -1.0
64276.5660679641, 222, 1.0
64287.17395304572, 126, 1.0
64288.710240601285, 228, -1.0
64289.88214405133, 74, 1.0
64290.91975094922, 26, 1.0
64292.37638742071, 35, 1.0
64292.46728702058, 142, -1.0
64292.93325692851, 26, -1.0
64296.19367234409, 228, -1.0
64296.25930253382, 165, -1.0
64296.53303340841, 163, -1.0
64297.24493639721, 101, -1.0
64297.75039313819, 147, -1.0
64303.5107347113, 82, 1.0
64304.18019752223, 34, -1.0
64304.76822280654, 85, 1.0
64310.97459761747, 160, -1.0
64312.36921249605, 130, -1.0
64313.256609698874, 73, -1.0
64313.613855692696, 114, -1.0
64315.44584923106, 82, 1.0
64318.2272457569, 35, 1.0
64320.82779999813, 29, 1.0
64322.158334522566, 41, 1.0
64323.5949822722, 164, 1.0
64324.563873322535, 75, 1.0
64326.09234660015, 59, -1.0
64326.64718531929, 164, 1.0
64326.948026078295, 73, 1.0
64329.141299081326, 75, 1.0
64329.684907950665, 59, -1.0
64336.58489907503, 82, 1.0
64337.33724185229, 81, 1.0
64337.68879851878, 42, 1.0
64338.083460592636, 130, -1.0
64341.54254704528, 32, 1.0
64342.88883863944, 141, 1.0
64346.20150953659, 113, -1.0
64346.741234473484, 114, 1.0
64346.97640552893, 116, 1.0
64347.18369715406, 39, 1.0
64347.26500717259, 40, -1.0
64347.321172940035, 104, -1.0
64347.80414770058, 117, 1.0
64350.59271004419, 146, 1.0
64352.050074352046, 74, -1.0
64352.14020283537, 86, -1.0
64352.75460152453, 60, 1.0
64354.43963558736, 165, -1.0
64354.632829143564, 33, 1.0
64355.52448867214, 163, 1.0
64356.19953503168, 106, 1.0
64356.78545134968, 50, 1.0
64357.65390400011, 202, 1.0
64360.491292522354, 111, 1.0
64360.544367322465, 116, -1.0
64360.70121824503, 122, 1.0
64360.78171156297, 114, 1.0
64361.00111194819, 87, -1.0
64361.63382728784, 126, 1.0
64362.34246476761, 137, 1.0
64365.134445210046, 101, 1.0
64366.65548033253, 149, -1.0
64366.82234248213, 74, 1.0
64367.46754369805, 74, 1.0
64368.030957691604, 165, -1.0
64370.89416461401, 39, 1.0
64371.72676201257, 152, 1.0
64374.53647004817, 42, 1.0
64374.91760742218, 177, -1.0
64376.15251342636, 167, 1.0
64377.8962929331, 73, -1.0
64379.00699054602, 142, -1.0
64382.5104991111, 94, -1.0
64382.62086276358, 116, 1.0
64384.82720829262, 31, 1.0
64389.4631090373, 228, -1.0
64393.274606021034, 123, -1.0
64394.68103111502, 163, -1.0
64394.70041324905, 45, -1.0
64395.58696012647, 83, -1.0
64396.67110729796, 171, 1.0
64397.99253052493, 27, 1.0
64402.121942430036, 34, 1.0
64402.6331218855, 130, -1.0
64403.3130790362, 162, 1.0
64403.41644685382, 45, -1.0
64407.93471881229, 99, -1.0
64407.98398616795, 34, -1.0
64408.055381228434, 98, 1.0
64410.184689884285, 198, 1.0
64410.21009252317, 81, 1.0
64411.42071019798, 163, -1.0
64415.787925872995, 151, -1.0
64415.836719558436, 103, -1.0
64419.568997407616, 90, -1.0
64424.615360124575, 73, -1.0
64424.78162241647, 202, -1.0
64427.00971846647, 119, -1.0
64428.76771369818, 222, 1.0
64428.8876702968, 27, -1.0
64431.022835429314, 44, -1.0
64433.478597007095, 59, -1.0
64433.754645437635, 114, 1.0
64434.83910827617, 67, 1.0
64437.94814650841, 123, 1.0
64442.1579054178, 142, 1.0
64445.92912669115, 164, 1.0
64450.03935820594, 58, 1.0
64450.3175606457, 53, -1.0
64452.18118352249, 146, 1.0
64456.922322352315, 177, -1.0
64463.20353573417, 50, -1.0
64467.69326707412, 83, -1.0
64471.75821112978, 64, 1.0
64473.6283887313, 50, 1.0
64474.35945122514, 36, 1.0
64475.42478019504, 29, -1.0
64475.86378789057, 48, -1.0
64476.406267852246, 34, -1.0
64478.83407888553, 141, -1.0
64484.399253156465, 60, -1.0
64487.327625627084, 68, -1.0
64488.933932201675, 60, 1.0
64490.78633459286, 165, 1.0
64491.64201209253, 101, 1.0
64492.25183518608, 92, -1.0
64494.95306441692, 82, 1.0
64495.783803248414, 73, 1.0
64495.85478818861, 34, -1.0
64498.16593720491, 70, 1.0
64498.16746320926, 46, 1.0
64500.59694915853, 110, 1.0
64500.78082943121, 64, 1.0
64501.26796625406, 114, 1.0
64501.96829827946, 96, -1.0
64502.059738844124, 100, 1.0
64503.74852786943, 193, -1.0
64504.45535677783, 167, 1.0
64508.10454280277, 43, -1.0
64509.52592156174, 126, 1.0
64509.99182316643, 116, 1.0
64510.84008362902, 58, -1.0
64511.61782483371, 41, -1.0
64513.63338439427, 106, -1.0
64516.37415292925, 161, 1.0
64516.956496308805, 169, -1.0
64521.475393524524, 103, -1.0
64521.535048857, 163, -1.0
64522.87385561371, 80, -1.0
64524.101029710895, 182, 1.0
64525.12281274406, 165, -1.0
64526.43442057235, 59, 1.0
64528.45009832343, 62, 1.0
64528.53106749059, 80, 1.0
64533.14374079903, 91, -1.0
64533.7751645079, 198, 1.0
64534.27583015908, 27, 1.0
64534.49870593281, 106, -1.0
64534.583655637005, 64, -1.0
64541.21754901543, 59, -1.0
64541.7732658064, 142, -1.0
64543.86711026461, 108, -1.0
64544.87490994112, 35, 1.0
64548.52206760952, 59, 1.0
64548.80654077574, 45, -1.0
64548.83527793274, 235, -1.0
64549.35200649867, 164, -1.0
64549.67602080088, 149, -1.0
64553.26609907968, 139, -1.0
64554.47244046253, 42, -1.0
64555.913473393215, 114, 1.0
64556.248310219875, 153, -1.0
64558.47041388497, 74, 1.0
64558.93868059212, 80, -1.0
64559.13723182, 142, 1.0
64561.21284998682, 81, 1.0
64561.33935859565, 173, 1.0
64563.08999864908, 139, -1.0
64565.61721883315, 57, -1.0
64566.391377312684, 108, -1.0
64566.47451418118, 73, -1.0
64566.765156218884, 137, 1.0
64567.37452094901, 72, 1.0
64571.69763766728, 198, 1.0
64573.374264249156, 177, -1.0
64575.99295597964, 148, 1.0
64576.102017659075, 222, -1.0
64577.68595518908, 141, -1.0
64580.409286603324, 64, -1.0
64584.916264154395, 165, -1.0
64586.259004633546, 58, 1.0
64586.456727383134, 114, -1.0
64598.11339562524, 133, 1.0
64600.29917031251, 162, 1.0
64601.40803121557, 93, -1.0
64603.18989755902, 105, 1.0
64603.7247411491, 84, -1.0
64603.817208507164, 164, -1.0
64605.84845638644, 133, -1.0
64605.91324617642, 58, 1.0
64607.48033328705, 28, 1.0
64607.90753949724, 27, -1.0
64609.245356596344, 113, -1.0
64611.33016127525, 84, 1.0
64614.208795375445, 59, -1.0
64616.47275085516, 160, -1.0
64617.181560423254, 34, -1.0
64617.58980977259, 34, 1.0
64617.84207057968, 50, -1.0
64620.46598709797, 74, 1.0
64621.081579056045, 198, 1.0
64621.13718054898, 110, 1.0
64622.770362531024, 53, -1.0
64624.219547652836, 114, 1.0
64626.05877490189, 44, -1.0
64627.94192062176, 82, -1.0
64629.742031223424, 67, 1.0
64631.057633321936, 158, 1.0
64632.36632347754, 142, 1.0
64632.47460816401, 198, -1.0
64632.9799722132, 26, 1.0
64633.01482357733, 67, 1.0
64634.250376206226, 58, -1.0
64635.765600755825, 230, -1.0
64638.48504398485, 61, -1.0
64639.63814124003, 164, 1.0
64640.01782862497, 142, 1.0
64640.598795119215, 87, 1.0
64642.58477443336, 56, 1.0
64644.23919994974, 69, -1.0
64645.006859145135, 48, 1.0
64648.47632025371, 167, 1.0
64650.489573700994, 75, -1.0
64651.157325154214, 97, -1.0
64651.56600579143, 159, 1.0
64653.17811699227, 114, 1.0
64653.74534204157, 101, 1.0
64654.50865314907, 101, 1.0
64656.8443990058, 101, -1.0
64657.05795112686, 67, -1.0
64659.53759100828, 45, 1.0
64660.46167926687, 163, -1.0
64663.93575461056, 67, -1.0
64665.22015889255, 71, 1.0
64672.35051899358, 86, -1.0
64673.25050276429, 158, -1.0
64675.55085284482, 101, -1.0
64677.295195188206, 173, 1.0
64677.92540259323, 162, -1.0
64683.19303293397, 57, 1.0
64683.81084308853, 35, 1.0
64686.92956624184, 146, 1.0
64688.09561532501, 126, 1.0
64693.11547031205, 146, 1.0
64694.609385334195, 58, 1.0
64696.70484071674, 43, 1.0
64699.05232542514, 198, 1.0
64703.53423459717, 165, 1.0
64704.36743074721, 45, 1.0
64705.31219666806, 87, -1.0
64705.567680867964, 165, 1.0
64708.16436984725, 71, 1.0
64709.04294277238, 119, -1.0
64709.876871786124, 162, 1.0
64711.54619571894, 193, -1.0
64712.16982955979, 222, 1.0
64712.64559678753, 54, -1.0
64716.55034955269, 149, 1.0
64717.035906815254, 72, -1.0
64719.968136977244, 100, 1.0
64720.63269423808, 67, 1.0
64728.15419092633, 173, -1.0
64729.045893891125, 101, 1.0
64729.058665279415, 66, -1.0
64729.71650711909, 94, -1.0
64732.61931123862, 40, -1.0
64736.11046145463, 113, -1.0
64737.21865238314, 153, 1.0
64738.44200017194, 165, 1.0
64739.321546510684, 163, -1.0
64739.4766907774, 116, -1.0
64740.120144607856, 61, -1.0
64740.80150480483, 159, -1.0
64743.932194297224, 177, -1.0
64744.55678703942, 98, -1.0
64746.33990179005, 105, 1.0
64748.76774867213, 82, 1.0
64749.82002558913, 70, 1.0
64750.77880229092, 91, -1.0
64751.4681790306, 148, 1.0
64752.2155511636, 67, -1.0
64753.75069359282, 233, -1.0
64755.24108249455, 165, 1.0
64755.62712273233, 241, -1.0
64756.06359853834, 103, -1.0
64757.43638278676, 73, -1.0
64760.630579946635, 110, 1.0
64767.476548146165, 153, 1.0
64767.87292634946, 182, 1.0
64769.973816569116, 166, 1.0
64770.444410811724, 173, -1.0
64772.164722358386, 153, 1.0
64772.94721098816, 193, 1.0
64775.529248731254, 35, -1.0
64777.45138499954, 177, 1.0
64777.48462519875, 101, -1.0
64779.690968206676, 93, -1.0
64782.2501500584, 123, 1.0
64783.73094108735, 234, 1.0
64783.992560389415, 103, -1.0
64786.361636891656, 103, -1.0
64787.927874313624, 59, 1.0
64788.41807838826, 163, 1.0
64788.699743724486, 35, -1.0
64792.35850910211, 141, 1.0
64794.328275432796, 67, 1.0
64794.609613675486, 87, 1.0
64799.10426379954, 106, -1.0
