39601.26027054972, 95, 1.0
39601.51843339812, 126, -1.0
39601.95564314502, 83, 1.0
39603.9462527808, 70, -1.0
39604.780940969074, 149, 1.0
39605.56631602196, 198, 1.0
39609.61852084454, 81, 1.0
39611.14487485314, 58, 1.0
39611.721381305135, 58, 1.0
39611.777540795614, 157, 1.0
39612.107910384264, 50, -1.0
39613.23261097946, 147, -1.0
39615.24807717617, 65, 1.0
39618.8681119543, 80, 1.0
39619.62138879304, 169, -1.0
39620.07196447851, 123, -1.0
39621.366212844, 193, -1.0
39622.61814965984, 126, -1.0
39622.7122038147, 84, 1.0
39624.47043061004, 36, 1.0
39624.628226725494, 58, -1.0
39625.2754265259, 154, 1.0
39625.3463529014, 193, 1.0
39625.98393393104, 74, -1.0
39626.58524325904, 100, 1.0
39626.93845673952, 37, 1.0
39627.56510749651, 34, 1.0
39627.757683108095, 182, -1.0
39628.05744192547, 92, -1.0
39629.14141200775, 119, -1.0
39630.78037073204, 152, -1.0
39631.72307836612, 149, -1.0
39632.014330719496, 126, -1.0
39632.26318016778, 35, -1.0
39632.96209376551, 82, -1.0
39633.06790916768, 67, -1.0
39634.896280568486, 105, -1.0
39637.88594645752, 86, 1.0
39638.323546411964, 29, -1.0
39639.44315728522, 142, 1.0
39639.91401113481, 33, 1.0
39640.41429842819, 71, -1.0
39641.61510146934, 166, 1.0
39643.15396588597, 126, 1.0
39644.04688806771, 147, -1.0
39644.45890363967, 36, 1.0
39647.13446332052, 75, 1.0
39648.00617084079, 146, 1.0
39648.56085215711, 169, 1.0
39648.83173313664, 88, 1.0
39650.25223786742, 53, -1.0
39650.35050616704, 164, -1.0
39650.83549609375, 119, -1.0
39653.684909299576, 180, -1.0
39654.115175083556, 101, 1.0
39657.30123233278, 34, -1.0
39657.72827826719, 119, -1.0
39658.28897689182, 165, 1.0
39659.96066383136, 130, -1.0
39660.37543482975, 80, -1.0
39663.75787872164, 149, -1.0
39664.42750331712, 40, -1.0
39665.25541169591, 80, 1.0
39666.273785993304, 126, -1.0
39666.98620513461, 59, -1.0
39668.97062979145, 28, -1.0
39669.40010276969, 72, 1.0
39674.8157222838, 101, 1.0
39675.11331780246, 35, 1.0
39675.39316286633, 40, -1.0
39676.20365095312, 222, 1.0
39676.4254287288, 67, 1.0
39677.396984852945, 100, -1.0
39678.86955938869, 177, 1.0
39679.91635478762, 160, -1.0
39680.68996136416, 182, -1.0
39682.883932448436, 161, -1.0
39683.09643259836, 84, 1.0
39683.534288632945, 161, -1.0
39685.44852705416, 165, -1.0
39686.43086764186, 58, -1.0
39687.612747138395, 130, 1.0
39688.40050806986, 67, -1.0
39688.73475314498, 113, -1.0
39689.012670691205, 40, -1.0
39689.61319798429, 76, -1.0
39691.200251721704, 80, -1.0
39691.400808800696, 146, -1.0
39692.74262015806, 58, -1.0
39698.150379031766, 42, -1.0
39698.8916670088, 114, 1.0
39700.37904612838, 43, -1.0
39704.33589185598, 151, -1.0
39705.0030051515, 105, -1.0
39705.255080874944, 198, -1.0
39706.19949505272, 146, -1.0
39706.381198695555, 162, 1.0
39706.65563821229, 100, 1.0
39707.449628246235, 74, 1.0
39708.14133318272, 169, -1.0
39708.734473714125, 53, -1.0
39709.38534067492, 123, -1.0
39709.630525957335, 101, 1.0
39709.72542825071, 67, 1.0
39711.53406004667, 158, -1.0
39714.59548314459, 101, 1.0
39716.052528910746, 139, -1.0
39717.87359219736, 126, -1.0
39717.95479530642, 50, -1.0
39719.70412159648, 94, -1.0
39720.401345836326, 28, -1.0
39722.57476531741, 164, -1.0
39722.664247276516, 40, -1.0
39722.717791894356, 83, -1.0
39723.873173265376, 98, -1.0
39725.53708337545, 74, -1.0
39725.70326617778, 109, -1.0
39726.918227554, 100, 1.0
39727.63082284347, 126, -1.0
39729.29832292076, 235, 1.0
39731.626889947365, 149, -1.0
39731.979893943266, 58, -1.0
39732.56443692547, 177, 1.0
39733.50190875236, 126, -1.0
39733.57133463649, 74, 1.0
39733.71808231157, 35, -1.0
39734.06909930293, 137, -1.0
39734.68217030064, 109, 1.0
39734.74297393945, 40, 1.0
39734.997222671234, 65, -1.0
39735.59346997768, 165, -1.0
39736.836580594456, 152, -1.0
39737.62373378363, 37, -1.0
39738.65632807352, 53, -1.0
39739.572360881706, 180, 1.0
39742.96892683599, 39, 1.0
39743.5949221961, 61, -1.0
39744.83373034288, 58, 1.0
39747.66082608841, 83, 1.0
39747.77841818395, 100, -1.0
39749.08478626768, 154, -1.0
39750.350429920596, 68, 1.0
39750.39984123585, 158, 1.0
39752.21132439399, 114, -1.0
39753.2038269115, 108, -1.0
39753.31786182165, 71, 1.0
39754.393026240345, 168, -1.0
39754.527269408936, 177, -1.0
39755.123416266455, 233, 1.0
39756.35117710684, 106, -1.0
39758.293343973724, 71, 1.0
39758.30649430788, 169, 1.0
39758.62346269978, 126, -1.0
39758.80933851071, 241, -1.0
39759.39635309855, 45, 1.0
39760.585708555576, 68, -1.0
39761.59519645484, 207, -1.0
39761.98294443814, 64, 1.0
39767.72206471504, 198, 1.0
39768.855576180555, 234, 1.0
39769.01485736283, 139, -1.0
39770.69535565618, 114, -1.0
39772.70830589648, 56, -1.0
39777.87750313515, 111, -1.0
39779.3243279495, 73, 1.0
39779.48775989856, 148, -1.0
39780.06560348022, 161, -1.0
39780.185538069854, 146, 1.0
39780.76410035323, 152, -1.0
39781.30313419688, 97, -1.0
39782.1617475877, 112, -1.0
39782.27588744682, 202, -1.0
39782.883611200974, 80, -1.0
39785.238248806556, 75, 1.0
39785.437916176816, 36, 1.0
39787.504342951346, 152, 1.0
39787.89834798948, 87, -1.0
39789.08474198268, 65, -1.0
39790.3914084761, 166, 1.0
39794.1544867907, 66, 1.0
39794.16697572652, 52, -1.0
39796.7988134043, 71, 1.0
39797.54783679019, 66, -1.0
39797.671075972015, 111, -1.0
39798.67691251133, 87, 1.0
39799.739217737, 180, -1.0
39802.04902688704, 150, 1.0
39802.6779453097, 104, -1.0
39805.044834341716, 82, 1.0
39805.981532601705, 89, 1.0
39806.313194318594, 69, -1.0
39807.2655018921, 87, 1.0
39811.18230723452, 149, -1.0
39814.8152432425, 182, -1.0
39816.68610352816, 39, 1.0
39819.04391906048, 40, -1.0
39819.21601490965, 70, -1.0
39819.91242722518, 133, -1.0
39820.03113601621, 45, 1.0
39822.03695652004, 153, -1.0
39822.196285257945, 75, -1.0
39822.89197237371, 154, -1.0
39823.52975508993, 48, -1.0
39824.26433344135, 126, 1.0
39824.68033025708, 86, 1.0
39825.60888978649, 164, -1.0
39826.14124101934, 58, -1.0
39826.56038666306, 126, 1.0
39827.478920561676, 75, -1.0
39828.03338429304, 87, 1.0
39829.19327191776, 70, -1.0
39829.52082828781, 29, -1.0
39829.55708211379, 162, 1.0
39830.4254337049, 68, -1.0
39834.38133989439, 99, -1.0
39835.759220676184, 105, 1.0
39837.23983840648, 40, -1.0
39838.569156846475, 81, 1.0
39838.597721242026, 75, 1.0
39838.762695705875, 137, -1.0
39838.83446229879, 152, 1.0
39838.857711279394, 75, -1.0
39839.03423172162, 228, 1.0
39839.44912933247, 90, -1.0
39839.46386636544, 114, 1.0
39839.68287094774, 71, 1.0
39839.84492542961, 169, 1.0
39840.66237334932, 80, 1.0
39841.242342652506, 56, -1.0
39841.816243432266, 98, -1.0
39842.88734964206, 163, -1.0
39843.9098071141, 72, 1.0
39843.975718362606, 164, -1.0
39844.105726900576, 228, 1.0
39848.73047137171, 76, 1.0
39848.91599804102, 59, -1.0
39849.7589196802, 148, 1.0
39850.204044024555, 102, -1.0
39850.724512210625, 90, -1.0
39853.865504000794, 59, -1.0
39854.23640893694, 146, -1.0
39854.566073220965, 58, 1.0
39855.43833088308, 116, 1.0
39855.809703334555, 163, -1.0
39856.07220794462, 74, 1.0
39856.87811286718, 53, -1.0
39856.97497132271, 235, 1.0
39857.733301598055, 82, -1.0
39860.638343325896, 88, -1.0
39865.303948730696, 36, -1.0
39865.585960814, 59, 1.0
39866.07652365526, 233, -1.0
39867.31653512265, 146, -1.0
39868.05589291379, 71, 1.0
39868.28912863866, 65, 1.0
39871.52053658761, 126, 1.0
39871.86116093137, 133, -1.0
39871.98739418774, 101, 1.0
39872.8775365035, 119, -1.0
39873.97575474911, 75, -1.0
39875.751359132715, 116, 1.0
39875.9838216699, 160, -1.0
39876.63663733262, 27, -1.0
39876.96815725843, 104, -1.0
39877.96821944045, 105, -1.0
39878.4496537221, 80, 1.0
39878.64114459227, 59, 1.0
39882.04976673965, 69, -1.0
39884.70518857499, 165, -1.0
39884.87625078473, 165, -1.0
39885.3325350622, 104, -1.0
39885.93681759721, 97, 1.0
39887.10567837577, 167, -1.0
39887.3013889896, 177, -1.0
39888.03305952589, 177, -1.0
39889.37172059571, 118, 1.0
39890.638189350815, 104, 1.0
39892.293257432844, 72, 1.0
39893.49377895203, 165, 1.0
39895.70099072868, 80, 1.0
39898.922607169574, 90, -1.0
39900.42830867643, 105, 1.0
39902.669721551705, 44, -1.0
39904.7524420078, 169, 1.0
39906.7018539083, 164, -1.0
39906.980795860196, 58, -1.0
39907.07831452929, 101, 1.0
39909.23738852175, 68, 1.0
39909.24927528777, 102, -1.0
39910.537970504316, 113, -1.0
39911.64851069455, 59, -1.0
39912.13540395247, 31, -1.0
39915.47804450117, 90, -1.0
39915.922812770106, 233, 1.0
39919.20522767554, 128, 1.0
39919.65685316498, 105, 1.0
39920.42470192343, 61, -1.0
39922.573631696476, 43, 1.0
39924.18920638303, 75, 1.0
39924.59665484238, 182, -1.0
39925.64777021625, 92, -1.0
39926.3066665011, 233, -1.0
39926.74953859243, 210, 1.0
39926.994079083786, 76, 1.0
39927.0984465441, 54, -1.0
39927.34884820788, 164, 1.0
39927.37796287199, 81, -1.0
39930.673626949254, 193, 1.0
39934.222909536045, 28, -1.0
39936.37511764052, 41, 1.0
39937.14748147679, 76, -1.0
39937.83196024699, 165, -1.0
39938.40448605948, 48, 1.0
39939.1301467148, 75, 1.0
39939.52753934389, 35, 1.0
39941.140176189, 153, -1.0
39941.365584957246, 130, -1.0
39942.06157024343, 146, 1.0
39942.92380157531, 43, 1.0
39942.97034168356, 171, 1.0
39944.92651786736, 35, -1.0
39945.070819144115, 43, -1.0
39947.87808013031, 73, -1.0
39948.220763654266, 147, -1.0
39948.26184244083, 119, 1.0
39949.333799655426, 105, -1.0
39952.02585651238, 153, -1.0
39952.03453277438, 141, 1.0
39952.109865597165, 100, 1.0
39952.437453137434, 36, -1.0
39956.91466063449, 193, -1.0
39958.05645699122, 35, 1.0
39958.59745029038, 112, -1.0
39958.63653698388, 40, -1.0
39958.82051692373, 181, -1.0
39958.96382966181, 27, -1.0
39962.58762075502, 126, 1.0
39967.89038726004, 152, -1.0
39969.09127678929, 101, -1.0
39969.5109150174, 65, -1.0
39971.02626308896, 161, -1.0
39971.15326556029, 158, -1.0
39972.27484941471, 71, 1.0
39972.951014224425, 177, 1.0
39973.21024154859, 155, -1.0
39973.491592183935, 60, 1.0
39974.67650480783, 103, -1.0
39977.19724091825, 119, -1.0
39978.359651367384, 126, -1.0
39983.07660143269, 117, -1.0
39983.448329271276, 83, -1.0
39985.38988227111, 164, 1.0
39987.73292864072, 165, -1.0
39988.1017727811, 141, 1.0
39988.167565659336, 40, 1.0
39988.1707893827, 148, -1.0
39989.81797223624, 82, 1.0
39992.5709715878, 110, 1.0
39993.3603294564, 149, -1.0
39993.498591026866, 64, 1.0
39994.59447177411, 106, -1.0
39995.4427146008, 163, -1.0
39995.444005010766, 59, -1.0
39996.11558539787, 74, -1.0
39997.28084029532, 68, 1.0
39998.19173149364, 116, -1.0
39998.78859016257, 76, 1.0
39999.32863563463, 60, 1.0
39999.67566871814, 40, -1.0
40001.225147724355, 158, -1.0
40001.36751653101, 82, -1.0
40001.82547001151, 69, 1.0
40002.76759813451, 58, 1.0
40003.25916917831, 75, -1.0
40003.48275724464, 105, 1.0
40004.195926882094, 59, -1.0
40004.63475025204, 162, -1.0
40005.23088694936, 70, -1.0
40005.99605287543, 171, -1.0
40007.58492752071, 162, -1.0
40008.33202319497, 101, -1.0
40009.49496452222, 123, -1.0
40009.50683370589, 86, -1.0
40010.09152695953, 98, -1.0
40010.50617310348, 103, 1.0
40011.48582169455, 162, -1.0
40011.86402037544, 153, -1.0
40016.42304837044, 110, -1.0
40016.91908360793, 153, 1.0
40018.17423942366, 193, -1.0
40018.3456979067, 103, 1.0
40018.39524148069, 41, -1.0
40020.404734832504, 222, -1.0
40021.63845539287, 119, -1.0
40022.43161846462, 82, 1.0
40022.73129800488, 102, -1.0
40022.747254917995, 83, 1.0
40024.45502956988, 35, 1.0
40027.37489399297, 33, 1.0
40029.027868235295, 91, 1.0
40029.92339108141, 50, -1.0
40030.227529168194, 113, -1.0
40030.41272118185, 67, -1.0
40030.968373966716, 155, -1.0
40030.98293710041, 118, -1.0
40032.32171989162, 40, -1.0
40034.20384240321, 119, -1.0
40034.819315107656, 72, -1.0
40036.39963360877, 40, 1.0
40039.16423135792, 235, -1.0
40040.2818011669, 90, -1.0
40040.78507406544, 180, -1.0
40041.320800331596, 27, -1.0
40043.02587127088, 106, -1.0
40044.044993418094, 36, -1.0
40044.1431697625, 67, 1.0
40044.24302821729, 58, -1.0
40045.2251479985, 28, 1.0
40047.17799744379, 126, 1.0
40047.261903272665, 59, 1.0
40047.58392802582, 82, 1.0
40051.34407679765, 83, -1.0
40051.53861537849, 107, -1.0
40054.36533300966, 66, 1.0
40055.45158168451, 97, 1.0
40055.761921523066, 159, -1.0
40058.01800055214, 73, -1.0
40063.57825317801, 80, -1.0
40066.96293504024, 154, -1.0
40071.22775271541, 155, 1.0
40071.38353450506, 126, -1.0
40071.45786762168, 154, 1.0
40071.522557404656, 40, 1.0
40072.25857917562, 71, 1.0
40073.99179471076, 58, -1.0
40074.72901902418, 84, -1.0
40075.10774971644, 164, -1.0
40075.26144080119, 36, -1.0
40076.318748797945, 150, -1.0
40076.76761342007, 164, 1.0
40077.72060178154, 70, 1.0
40081.197725988066, 45, -1.0
40081.815791737456, 104, 1.0
40082.44205855086, 65, -1.0
40082.90746590239, 116, 1.0
40084.84170219194, 146, 1.0
40088.493065984905, 137, 1.0
40089.097192789755, 146, -1.0
40089.55976396845, 34, 1.0
40090.37870422264, 40, 1.0
40090.60939917344, 73, -1.0
40091.757187137766, 142, -1.0
40092.31265720187, 41, 1.0
40094.00159830018, 126, -1.0
40094.99124119384, 64, 1.0
40095.72499734319, 90, -1.0
40097.13098691936, 37, -1.0
40100.300918354, 126, 1.0
40100.77142282813, 87, 1.0
40101.28969875449, 233, 1.0
40101.35566106566, 207, -1.0
40104.55616317808, 137, 1.0
40104.661101057936, 163, -1.0
40106.38990873317, 137, 1.0
40106.76098012666, 43, -1.0
40107.060991328886, 111, -1.0
40108.425297738984, 114, -1.0
40108.65153086154, 155, -1.0
40109.818366789696, 222, 1.0
40110.11567555587, 182, -1.0
40111.53596513203, 99, -1.0
40111.592940843366, 65, 1.0
40111.95266129769, 161, -1.0
40112.63102227545, 113, -1.0
40113.122828035805, 177, -1.0
40113.45844099414, 92, -1.0
40116.488656329275, 34, 1.0
40119.72733010571, 173, -1.0
40120.25970584045, 84, 1.0
40121.24020593055, 165, -1.0
40121.44711071933, 164, -1.0
40122.47411058008, 52, -1.0
40123.4404426969, 193, 1.0
40123.85048103758, 165, 1.0
40124.1518111548, 98, 1.0
40124.25553928871, 137, -1.0
40124.96133281845, 66, -1.0
40126.178382486796, 148, -1.0
40127.07806619726, 100, -1.0
40128.59202795502, 155, -1.0
40129.203650419186, 73, 1.0
40129.4413858864, 116, 1.0
40131.28197352222, 105, 1.0
40131.70393509706, 56, -1.0
40133.20418381802, 67, -1.0
40136.77507322683, 75, -1.0
40137.18213150385, 52, 1.0
40139.32773930186, 54, -1.0
40142.18730736027, 109, 1.0
40142.460095048555, 97, 1.0
40143.139402532695, 44, -1.0
40143.199678747544, 33, -1.0
40144.00744834258, 141, 1.0
40146.65972702157, 100, -1.0
40147.67549798266, 105, 1.0
40147.73989260958, 113, -1.0
40147.792688782414, 33, -1.0
40148.38492948392, 114, -1.0
40149.314593413466, 91, -1.0
40152.08487448365, 137, 1.0
40153.326300249915, 35, 1.0
40157.902977674596, 65, -1.0
40159.68273154078, 44, -1.0
40160.20744734391, 149, 1.0
40160.37168873579, 45, -1.0
40162.20069794624, 110, -1.0
40162.6271657474, 165, -1.0
40163.06789092637, 148, -1.0
40164.56762042922, 84, -1.0
40164.64163021934, 165, -1.0
40165.37331345755, 147, -1.0
40166.21821767577, 50, -1.0
40166.28701916444, 158, -1.0
40166.602816102204, 126, 1.0
40166.77570047929, 45, -1.0
40167.436166013904, 146, 1.0
40168.41227959055, 166, 1.0
40169.7331923346, 94, -1.0
40171.1445028215, 169, 1.0
40172.448399463545, 101, 1.0
40174.150086923364, 99, 1.0
40175.1237693716, 109, 1.0
40175.15260970563, 67, -1.0
40175.18370257591, 168, -1.0
40175.33250034898, 161, -1.0
40175.33366873786, 66, 1.0
40175.48133328971, 126, -1.0
40175.50680647572, 103, 1.0
40178.53133263446, 164, -1.0
40178.569956417734, 58, -1.0
40179.0864481074, 101, 1.0
40179.468555452186, 35, -1.0
40181.820294244484, 160, -1.0
40182.617846828376, 159, -1.0
40183.044366741975, 43, 1.0
40183.453350174925, 241, 1.0
40184.157469523736, 31, -1.0
40184.905100724136, 164, 1.0
40186.04155226513, 155, 1.0
40189.11640601548, 193, -1.0
40189.15264307939, 69, -1.0
40191.22556304264, 58, -1.0
40191.873973618596, 234, 1.0
40192.13485247018, 116, 1.0
40194.832461490194, 165, -1.0
40195.63270178699, 233, 1.0
40196.69929608236, 71, 1.0
40197.38035006845, 99, 1.0
40197.87049862483, 165, -1.0
40198.991165735795, 46, -1.0
40199.06126227932, 126, 1.0
40202.726164454325, 108, -1.0
40203.62657334759, 198, 1.0
40206.602285866786, 106, -1.0
40206.814179972534, 149, -1.0
40208.7653146625, 141, -1.0
40211.190258225644, 114, -1.0
40211.383297652246, 164, -1.0
40213.29807166657, 126, -1.0
40214.83411300024, 154, -1.0
40219.783998448125, 27, -1.0
40220.140263198104, 58, -1.0
40220.82439362249, 133, 1.0
40222.268001429184, 149, 1.0
40222.44092207734, 146, 1.0
40223.70193146316, 198, -1.0
40224.55946093909, 69, -1.0
40225.25554806611, 222, 1.0
40226.10002090038, 59, 1.0
40226.117771128556, 180, -1.0
40226.91758455546, 116, 1.0
40228.4155204492, 162, 1.0
40228.83439029221, 163, -1.0
40229.00634598002, 70, 1.0
40229.00799952041, 32, -1.0
40233.48900624695, 177, 1.0
40233.6063171039, 93, -1.0
40233.87118462366, 152, -1.0
40234.046063735885, 101, 1.0
40235.53665598479, 40, 1.0
40235.80857306101, 152, 1.0
40236.15599643036, 105, -1.0
40237.77003058487, 40, -1.0
40240.142072871466, 84, 1.0
40242.28027673032, 103, 1.0
40242.94618300071, 68, -1.0
40244.38539853564, 152, 1.0
40245.36311238559, 45, -1.0
40245.43403505958, 65, 1.0
40246.35817144895, 72, 1.0
40248.4960484072, 89, 1.0
40248.5930749769, 198, -1.0
40250.72706362042, 99, 1.0
40251.82927512639, 150, -1.0
40252.775133246185, 40, 1.0
40252.904881188384, 163, -1.0
40254.48763596416, 142, 1.0
40255.190962138106, 87, -1.0
40255.90796063547, 71, 1.0
40255.91073515215, 75, -1.0
40257.987786939346, 161, -1.0
40259.45756720977, 230, -1.0
40261.76665083053, 56, -1.0
40262.53631369682, 119, 1.0
40265.41928982859, 81, 1.0
40265.95578345383, 36, -1.0
40266.88695936028, 101, 1.0
40268.14038432955, 110, -1.0
40268.31642873973, 126, 1.0
40268.34307879622, 91, -1.0
40268.82074921831, 119, 1.0
40268.83272466684, 71, -1.0
40269.48624723623, 99, -1.0
40269.58358880136, 68, 1.0
40270.59478397539, 71, 1.0
40270.7733281706, 59, 1.0
40271.1461054091, 40, 1.0
40272.110445497754, 64, -1.0
40273.196915082895, 68, 1.0
40273.93344620248, 165, -1.0
40274.00671367005, 35, -1.0
40274.10498467045, 165, -1.0
40274.773061835025, 165, -1.0
40276.27538500073, 146, -1.0
40278.29267153992, 53, -1.0
40279.05328977775, 88, -1.0
40281.22247302488, 146, 1.0
40282.18843993483, 67, 1.0
40282.93955694348, 105, -1.0
40283.8988846037, 39, 1.0
40284.91302342489, 97, -1.0
40287.38619219507, 92, -1.0
40288.660427659575, 70, 1.0
40289.15829106451, 75, -1.0
40291.04572254803, 36, -1.0
40291.503487159855, 104, 1.0
40293.85585006483, 177, -1.0
40294.90808210978, 48, 1.0
40295.5748132632, 181, -1.0
40296.50499861163, 29, -1.0
40297.01218351632, 74, 1.0
40297.462476345696, 84, 1.0
40298.507382617405, 142, -1.0
40300.21917286775, 58, 1.0
40300.28279438792, 99, 1.0
40300.80262698916, 165, -1.0
40302.66871483614, 59, 1.0
40304.05393213711, 182, -1.0
40304.73356061891, 193, 1.0
40305.86968370852, 164, 1.0
40307.473290043024, 114, -1.0
40307.7719717913, 68, 1.0
40308.19951252076, 137, -1.0
40309.02847357057, 66, -1.0
40309.52966048091, 27, -1.0
40310.71536837972, 162, -1.0
40312.66867532004, 169, -1.0
40313.05191892212, 148, -1.0
40313.49099958336, 146, -1.0
40315.65234132723, 162, -1.0
40317.15680722262, 34, 1.0
40317.78936732632, 157, 1.0
40318.23238380276, 72, 1.0
40319.972302233764, 161, -1.0
40321.7841131893, 234, -1.0
40322.93147917952, 111, -1.0
40324.693406238235, 137, -1.0
40328.49745744707, 58, -1.0
40330.47250239465, 113, 1.0
40332.98125800531, 96, 1.0
40333.299070158384, 88, -1.0
40333.52499737831, 133, 1.0
40335.85462040665, 87, -1.0
40337.89902610045, 92, 1.0
40338.903391487234, 75, -1.0
40340.136355650015, 235, -1.0
40340.34575998669, 157, 1.0
40340.7760800439, 163, -1.0
40343.179353942025, 58, -1.0
40343.501444041656, 148, -1.0
40343.749182292886, 34, -1.0
40343.89506317797, 46, -1.0
40347.33671670201, 39, 1.0
40347.914865113074, 58, -1.0
40348.28276565325, 177, -1.0
40350.61230653197, 88, 1.0
40350.863949533436, 165, -1.0
40351.961972175406, 113, -1.0
40354.858194687244, 230, -1.0
40356.51506217086, 112, -1.0
40357.43318399158, 109, 1.0
40357.459897186964, 163, -1.0
40357.60530923099, 27, -1.0
40359.08244149945, 92, -1.0
40360.33100800504, 165, -1.0
40364.02593468726, 46, -1.0
40364.626544081984, 158, -1.0
40365.077681849936, 82, -1.0
40365.271431429624, 48, 1.0
40365.373881143685, 106, -1.0
40365.88524510311, 80, 1.0
40367.7033936605, 110, 1.0
40367.79470148149, 40, 1.0
40367.984055906796, 87, 1.0
40369.67004219068, 163, -1.0
40370.19944215972, 58, -1.0
40370.890188205434, 29, -1.0
40371.74021546791, 75, 1.0
40371.78942852341, 188, -1.0
40372.07745380382, 160, -1.0
40372.401874073425, 142, -1.0
40372.402176701726, 87, 1.0
40374.47013913958, 75, 1.0
40377.231605789064, 87, 1.0
40377.40935626417, 99, -1.0
40377.878520376624, 210, 1.0
40378.296299869166, 130, -1.0
40378.87788468675, 146, 1.0
40379.146065782596, 164, 1.0
40379.176912487026, 159, -1.0
40379.73283445732, 114, 1.0
40381.00026462965, 147, -1.0
40383.0727817165, 34, -1.0
40384.240744558134, 177, 1.0
40384.81292934592, 76, 1.0
40387.08551798353, 81, 1.0
40387.23320992129, 105, -1.0
40387.47944753805, 116, -1.0
40387.61743810845, 58, -1.0
40388.517207389275, 155, 1.0
40389.41502572746, 103, 1.0
40391.62734924745, 84, 1.0
40393.88541355452, 48, -1.0
40394.4125714935, 114, -1.0
40398.43636664764, 142, -1.0
40399.9376839585, 101, 1.0
40400.28087804279, 40, 1.0
40403.99219449962, 64, -1.0
40404.49367717259, 99, -1.0
40405.86011386348, 86, -1.0
40406.05272645446, 35, 1.0
40408.66804915351, 165, -1.0
40409.13500705062, 56, -1.0
40411.68036012844, 34, -1.0
40412.17419242671, 198, -1.0
40412.23010811696, 230, -1.0
40412.523230493345, 123, -1.0
40415.567354577055, 160, -1.0
40415.85206787019, 52, -1.0
40416.73251490508, 99, -1.0
40417.02608623863, 35, -1.0
40417.252501473966, 112, 1.0
40417.87517548172, 81, -1.0
40420.908604956596, 88, -1.0
40421.29435569416, 69, 1.0
40422.478841613694, 111, -1.0
40422.75168190014, 104, 1.0
40423.70963455687, 98, -1.0
40424.369939671065, 165, -1.0
40424.62241125535, 81, -1.0
40425.28638151657, 37, 1.0
40425.72473391979, 81, -1.0
40425.79495862842, 40, 1.0
40426.325511420684, 36, 1.0
40427.13109777977, 58, -1.0
40427.170026609616, 27, 1.0
40427.81215158689, 153, -1.0
40428.36574939008, 65, 1.0
40428.63197189907, 162, 1.0
40428.91063785456, 150, -1.0
40433.566361657715, 162, -1.0
40434.16933609197, 164, 1.0
40434.58284515864, 43, 1.0
40437.15900949593, 58, -1.0
40437.40834214375, 104, -1.0
40437.569410164244, 40, 1.0
40438.9770359013, 182, 1.0
40439.10239744863, 55, -1.0
40439.54355084845, 118, 1.0
40439.866013202554, 72, -1.0
40440.06186074095, 153, 1.0
40442.679817599164, 70, -1.0
40443.894414046714, 35, 1.0
40445.03143076765, 177, -1.0
40445.0539273577, 126, -1.0
40446.04398405, 164, 1.0
40450.19363891544, 109, 1.0
40450.53312804201, 142, -1.0
40450.75873420406, 84, 1.0
40451.01041088927, 103, -1.0
40451.57808873211, 28, -1.0
40452.127483727534, 68, 1.0
40453.02011560585, 43, 1.0
40453.2229678314, 80, -1.0
40454.53408132265, 99, 1.0
40455.60544088265, 37, 1.0
40456.60205881221, 36, -1.0
40456.81148074694, 34, 1.0
40456.91483581823, 35, -1.0
40457.47425333849, 72, 1.0
40457.8965797339, 89, -1.0
40458.02802939758, 103, -1.0
40459.91464730004, 72, -1.0
40460.59956750971, 45, -1.0
40462.77841491932, 108, 1.0
40463.73810915214, 146, -1.0
40465.924016780074, 92, -1.0
40467.925993580335, 148, -1.0
40468.29178053894, 180, 1.0
40468.69297756291, 48, -1.0
40469.41141384649, 82, -1.0
40470.10624289983, 40, -1.0
40470.72120835642, 141, 1.0
40471.5458554189, 61, 1.0
40472.58281644216, 35, 1.0
40472.89496042029, 141, 1.0
40473.695135137576, 69, -1.0
40474.20903435419, 152, 1.0
40475.45163068369, 116, 1.0
40475.51226391769, 59, -1.0
40475.70785171446, 40, 1.0
40475.862275150255, 81, 1.0
40478.27217939657, 40, 1.0
40478.49797497894, 139, 1.0
40479.077338504765, 116, -1.0
40479.76150668836, 157, 1.0
40480.77961538967, 188, -1.0
40480.9999358237, 234, 1.0
40482.1804368813, 64, 1.0
40484.267601418076, 110, -1.0
40484.82197939788, 35, -1.0
40487.20121515284, 158, -1.0
40488.85485057499, 163, -1.0
40490.43007478888, 150, -1.0
40490.600278091, 40, 1.0
40494.70852206209, 126, 1.0
40494.784458295675, 64, 1.0
40497.07585329225, 74, -1.0
40497.136838496765, 82, 1.0
40499.020335696434, 72, 1.0
40500.907733527354, 58, -1.0
40501.77988866596, 193, -1.0
40503.805634237084, 71, 1.0
40504.15847875092, 53, 1.0
40505.50060449956, 169, -1.0
40507.93054897344, 87, -1.0
40508.13679995347, 98, 1.0
40509.14236106101, 193, -1.0
40513.49611180611, 86, -1.0
40514.54220963445, 44, 1.0
40515.859565357816, 113, 1.0
40516.01928817183, 69, -1.0
40517.10046963609, 75, 1.0
40518.683176770304, 73, -1.0
40519.360665394175, 41, -1.0
40521.81984472307, 188, 1.0
40522.59755003275, 71, -1.0
40522.97000099117, 110, 1.0
40523.89305435985, 182, -1.0
40524.17169299246, 126, -1.0
40526.37306741135, 169, 1.0
40527.82900267886, 81, 1.0
40528.05664336497, 155, -1.0
40532.017386449275, 51, -1.0
40533.90760199847, 67, 1.0
40534.10829599991, 40, -1.0
40536.038395128584, 142, -1.0
40536.18891971649, 112, -1.0
40538.226557023845, 71, 1.0
40538.45145436952, 59, 1.0
40540.73847103512, 92, -1.0
40541.02377037385, 96, 1.0
40542.26473382577, 96, 1.0
40543.57235670503, 40, 1.0
40544.46703087892, 162, 1.0
40544.95549515654, 102, -1.0
40545.08200357254, 43, 1.0
40545.19859212413, 164, 1.0
40545.78625912175, 105, -1.0
40546.79786934211, 153, 1.0
40548.93553290568, 162, -1.0
40548.97352966012, 105, -1.0
40549.25340959409, 57, 1.0
40549.34096099995, 58, 1.0
40551.41436353966, 202, -1.0
40554.649381964955, 28, -1.0
40558.78681488398, 142, -1.0
40560.740548095884, 102, -1.0
40561.495735630735, 163, 1.0
40563.52700401984, 130, -1.0
40567.41380245372, 177, -1.0
40570.25196015478, 95, 1.0
40574.14807980474, 45, -1.0
40575.0897091179, 35, -1.0
40575.22235128896, 35, -1.0
40576.66915750571, 146, 1.0
40577.13380667423, 235, 1.0
40578.898774899535, 164, 1.0
40579.50577487192, 114, -1.0
40580.92157322907, 65, -1.0
40581.55068194472, 58, -1.0
40582.7575405728, 55, -1.0
40585.373474389686, 119, 1.0
40587.083557176855, 27, -1.0
40587.654908489414, 81, -1.0
40590.08538107474, 141, 1.0
40590.3932489638, 53, -1.0
40590.757108910955, 34, -1.0
40590.874299964154, 235, -1.0
40595.42703153493, 113, 1.0
40595.88123522169, 35, -1.0
40599.03229835485, 222, -1.0
40599.49747029513, 147, -1.0
40600.03288691597, 116, 1.0
40602.65890459084, 42, 1.0
40602.72903856932, 102, 1.0
40604.36317175826, 75, 1.0
40606.869050330126, 114, -1.0
40607.81636696474, 114, -1.0
40610.519197050045, 233, -1.0
40611.25759242622, 233, -1.0
40611.3574738157, 98, 1.0
40612.148956618694, 59, 1.0
40612.205655194215, 164, -1.0
40612.2598361212, 95, 1.0
40614.43155345716, 162, 1.0
40614.44471474584, 35, 1.0
40615.18701575073, 141, -1.0
40615.28989978474, 83, -1.0
40615.95306779752, 105, -1.0
40616.3699870704, 207, -1.0
40617.432959219885, 116, 1.0
40618.92154574444, 58, -1.0
40620.0348510028, 76, -1.0
40621.468384810345, 68, -1.0
40622.74937584557, 72, 1.0
40623.61477385997, 167, -1.0
40623.9342802888, 103, -1.0
40624.264260120886, 28, 1.0
40624.3152153859, 61, 1.0
40624.77055855793, 162, 1.0
40624.847055050464, 43, 1.0
40625.51339940427, 152, 1.0
40625.63075406603, 40, 1.0
40625.802681236884, 101, 1.0
40626.48003523731, 33, 1.0
40628.27345429958, 88, -1.0
40629.827462456145, 29, -1.0
40630.81270013948, 103, 1.0
40631.62375092889, 41, -1.0
40631.77555631, 80, 1.0
40634.41652086386, 64, -1.0
40636.13097616055, 105, -1.0
40636.212376045856, 95, 1.0
40636.94169571312, 44, 1.0
40637.484637545844, 162, -1.0
40637.51470648682, 75, 1.0
40638.35748976862, 130, -1.0
40638.65783969896, 99, -1.0
40641.7268489592, 163, -1.0
40646.04067174025, 101, 1.0
40647.558065668956, 58, -1.0
40648.673577268055, 126, -1.0
40648.76529675078, 58, 1.0
40652.42798983989, 71, 1.0
40652.71920753128, 40, -1.0
40652.91616321359, 105, 1.0
40652.94485937421, 165, 1.0
40655.93736452799, 167, -1.0
40656.88209297149, 64, -1.0
40657.10401452467, 52, -1.0
40657.97295750093, 63, -1.0
40658.01959766866, 36, 1.0
40658.20088784588, 67, 1.0
40659.220345564114, 43, 1.0
40659.56576248748, 114, -1.0
40661.87138790931, 116, 1.0
40661.89679774679, 58, -1.0
40662.18468739559, 153, -1.0
40662.78988302019, 101, 1.0
40664.08600069102, 110, -1.0
40665.09875992215, 146, -1.0
40665.17316099004, 165, -1.0
40665.17610311, 165, -1.0
40665.73734457906, 146, -1.0
40668.393540123936, 71, 1.0
40668.45751998863, 52, -1.0
40668.62877847011, 137, 1.0
40668.687006538756, 160, -1.0
40669.50069276861, 68, 1.0
40670.77833855762, 233, 1.0
40671.594257358505, 99, -1.0
40671.68756419437, 165, -1.0
40674.04449484955, 159, 1.0
40674.59190674991, 99, 1.0
40675.116158253215, 31, 1.0
40675.29018973521, 75, 1.0
40675.79153472022, 76, 1.0
40677.42751118156, 109, 1.0
40678.3101266686, 202, -1.0
40680.41635758273, 157, 1.0
40680.49705432914, 70, 1.0
40681.60113489484, 96, 1.0
40681.7903109977, 81, -1.0
40682.51136233909, 54, -1.0
40685.606755331646, 98, -1.0
40689.593312739366, 67, -1.0
40690.3289391299, 153, 1.0
40690.622952189435, 164, 1.0
40690.88269006016, 35, -1.0
40692.44309280062, 67, -1.0
40694.21802961663, 202, -1.0
40694.24353251914, 116, 1.0
40694.3459576822, 169, 1.0
40695.97813734193, 173, -1.0
40698.160144421636, 34, 1.0
40698.33108462154, 165, -1.0
40699.32534013393, 161, -1.0
40699.34422324521, 42, 1.0
40700.154391950804, 166, 1.0
40702.38187963812, 165, -1.0
40704.36852149442, 56, -1.0
40704.84177706486, 114, 1.0
40709.41127561618, 64, 1.0
40711.5144984377, 142, -1.0
40712.490077306815, 61, 1.0
40712.52870493342, 62, 1.0
40713.42192682607, 71, -1.0
40713.5444572763, 69, 1.0
40716.82985546206, 67, 1.0
40717.84473439633, 64, 1.0
40719.19784774205, 27, -1.0
40719.60948363637, 58, 1.0
40719.953195565824, 52, -1.0
40720.03705489329, 114, -1.0
40720.19835534696, 116, -1.0
40720.3833672777, 40, -1.0
40722.56833974435, 96, 1.0
40724.81747642372, 164, 1.0
40724.84700245177, 58, -1.0
40727.4413203456, 101, 1.0
40727.594198996114, 109, 1.0
40728.62096621544, 154, -1.0
40729.544029803874, 87, -1.0
40732.91687102663, 54, -1.0
40733.2658146368, 147, -1.0
40734.839809425735, 116, 1.0
40735.149587545064, 90, -1.0
40736.803393066904, 34, -1.0
40736.841900972344, 67, 1.0
40740.27431299338, 63, 1.0
40740.74996106672, 119, -1.0
40741.21983505608, 180, -1.0
40741.63870590931, 90, -1.0
40743.30304405127, 181, -1.0
40745.44076980878, 123, -1.0
40745.67324780227, 99, 1.0
40748.28442972603, 68, 1.0
40749.16003454791, 42, -1.0
40750.603183583946, 123, -1.0
40751.66216642481, 154, 1.0
40752.46116660786, 35, -1.0
40752.90830486744, 198, 1.0
40753.78844164, 97, 1.0
40754.91003453238, 137, -1.0
40755.30063555544, 76, -1.0
40757.95082604354, 71, -1.0
40757.97275560793, 114, 1.0
40759.627329721756, 165, -1.0
40760.446836217256, 69, 1.0
40762.03766203338, 114, -1.0
40762.89942493289, 76, 1.0
40764.86982746408, 193, -1.0
40766.98266104548, 40, 1.0
40768.90795125078, 116, 1.0
40769.55387444212, 53, -1.0
40771.57590401017, 126, -1.0
40772.951881628745, 28, 1.0
40773.365819867235, 102, 1.0
40773.45537157274, 81, -1.0
40775.739790745865, 126, -1.0
40777.09785084909, 99, 1.0
40779.01350498067, 65, -1.0
40780.43452888819, 81, -1.0
40780.46952782972, 165, 1.0
40784.27101332641, 86, -1.0
40787.13722810874, 58, -1.0
40788.25628944106, 154, -1.0
40790.81715908223, 105, -1.0
40790.84856445438, 159, -1.0
40791.67412405429, 155, -1.0
40792.807328827694, 116, 1.0
40795.575912535955, 161, -1.0
40796.14398436705, 126, -1.0
40797.81116908749, 45, 1.0
40803.34480934632, 108, 1.0
40805.438116226585, 80, 1.0
40805.84339145655, 105, -1.0
40806.384668899016, 164, 1.0
40807.54268142131, 146, 1.0
40808.743283579985, 40, -1.0
40812.22877663551, 139, -1.0
40813.386926165345, 148, -1.0
40814.17055451073, 40, 1.0
40815.323186626294, 165, -1.0
40815.97676405993, 126, 1.0
40816.32083096032, 114, -1.0
40816.32518062461, 193, -1.0
40816.50470070522, 75, -1.0
40817.74613359832, 40, 1.0
40818.12544721846, 34, 1.0
40821.242157722874, 99, -1.0
40821.88891669396, 114, 1.0
40822.9249139368, 56, -1.0
40827.07999013165, 165, -1.0
40828.46219159628, 114, -1.0
40834.06497004184, 99, -1.0
40834.85654146948, 80, -1.0
40836.63378713086, 137, -1.0
40837.25532338398, 105, 1.0
40837.6490210086, 105, -1.0
40840.39890038294, 40, -1.0
40841.52853829882, 235, 1.0
40841.719065902784, 170, -1.0
40842.10461469168, 71, 1.0
40848.27811276852, 141, 1.0
40850.45779441015, 58, -1.0
40851.29496160028, 41, -1.0
40851.68892279176, 111, 1.0
40852.59975081204, 94, -1.0
40853.773173981055, 97, -1.0
40854.50257991535, 103, -1.0
40855.202269596346, 116, 1.0
40855.32794093723, 116, 1.0
40855.84402539668, 83, -1.0
40857.363003310675, 98, -1.0
40857.8211207427, 139, -1.0
40858.7096052728, 64, -1.0
40861.28817943441, 68, 1.0
40862.47253652033, 233, 1.0
40862.86873045999, 105, 1.0
40864.27076498457, 164, 1.0
40865.00700931076, 148, -1.0
40869.48046457555, 98, -1.0
40873.91351509639, 164, -1.0
40876.11078162255, 202, -1.0
40878.54627029179, 40, 1.0
40879.625872764285, 51, 1.0
40880.53344804466, 67, -1.0
40881.92012300505, 235, -1.0
40882.34260662974, 153, 1.0
40885.86329399668, 163, -1.0
40886.66495036404, 36, -1.0
40887.2170695433, 104, 1.0
40888.33852167116, 153, -1.0
40889.482560689554, 33, 1.0
40892.92635726299, 230, 1.0
40893.861486067326, 48, -1.0
40894.88260309503, 167, -1.0
40897.61852327964, 158, -1.0
40898.00367397078, 36, -1.0
40898.06997158639, 146, 1.0
40899.17085202786, 142, 1.0
40899.40861933733, 58, 1.0
40900.15906675251, 162, 1.0
40900.5866346618, 90, -1.0
40901.64413234385, 64, 1.0
40901.80222110835, 40, -1.0
40901.99137167126, 146, -1.0
40906.99802133332, 169, -1.0
40908.24743082073, 126, 1.0
40909.485594533144, 167, 1.0
40910.15007983529, 234, 1.0
40910.23428723772, 141, 1.0
40910.65351668548, 75, -1.0
40914.135322618786, 34, 1.0
40916.510332264224, 35, -1.0
40917.13315400856, 96, 1.0
40918.66341070294, 165, 1.0
40919.44575540155, 114, -1.0
40919.54132221895, 235, 1.0
40920.49114790028, 36, -1.0
40921.0846866551, 58, 1.0
40922.87192759848, 40, 1.0
40922.94132852647, 82, 1.0
40924.29045424798, 68, 1.0
40928.886912448615, 43, 1.0
40930.30776012559, 99, 1.0
40931.03740346315, 68, -1.0
40931.944275105925, 222, 1.0
40932.91607774389, 67, 1.0
40932.98696194267, 228, 1.0
40935.26302219273, 71, 1.0
40936.69247553781, 54, -1.0
40938.09596736205, 83, 1.0
40938.88153390676, 108, -1.0
40939.129198124945, 142, -1.0
40939.726081260036, 149, -1.0
40939.81168710347, 149, -1.0
40942.042566078126, 198, -1.0
40942.31271463194, 101, 1.0
40942.5168412227, 59, 1.0
40944.00436021946, 83, 1.0
40945.2579468784, 87, 1.0
40947.174204942894, 59, 1.0
40950.22817926745, 103, 1.0
40952.12888463622, 56, 1.0
40954.60030416615, 130, 1.0
40958.42349336885, 154, 1.0
40959.79190508986, 116, 1.0
40960.283577203096, 152, 1.0
40960.62330233118, 108, 1.0
40964.38857526152, 104, 1.0
40966.26130181465, 105, -1.0
40968.741312086524, 159, 1.0
40969.193490989746, 83, 1.0
40969.63488523615, 96, 1.0
40969.725106359096, 40, -1.0
40969.76545952251, 202, -1.0
40970.188547972626, 58, 1.0
40971.67379369434, 103, -1.0
40973.57445945098, 164, -1.0
40974.50126032997, 113, -1.0
40978.22495731766, 107, -1.0
40979.22202051224, 35, -1.0
40979.27702052496, 100, -1.0
40979.36652557743, 83, -1.0
40980.555585339, 154, 1.0
40981.19990153354, 165, -1.0
40981.49760352846, 64, 1.0
40982.048326357384, 109, -1.0
40982.61996538133, 41, 1.0
40983.83983955573, 98, 1.0
40985.65314516945, 85, -1.0
40986.95644021225, 105, 1.0
40987.10291261212, 58, -1.0
40987.96684983898, 55, -1.0
40988.09935439391, 40, -1.0
40989.18077669626, 113, -1.0
40992.38023234685, 154, -1.0
40994.141867611565, 116, -1.0
40995.43687313656, 198, -1.0
40995.46654913485, 177, 1.0
40996.91253982751, 141, 1.0
40998.16077960372, 163, 1.0
40998.31474635731, 71, 1.0
40998.92218919632, 207, 1.0
40999.49395678147, 164, 1.0
40999.8171403831, 141, -1.0
41001.76052224457, 32, 1.0
41002.08600430834, 158, 1.0
41003.45657320082, 137, 1.0
41004.79960406889, 100, 1.0
41004.95977768636, 64, -1.0
41007.66414654029, 104, -1.0
41008.75246967353, 152, -1.0
41009.866636924606, 97, 1.0
41011.155435179084, 113, 1.0
41011.748198783636, 198, 1.0
41011.75556611076, 52, -1.0
41012.11542269775, 101, 1.0
41013.345047781404, 43, -1.0
41015.06488587747, 167, -1.0
41016.0884568651, 80, -1.0
41016.120692854325, 86, -1.0
41017.11240107717, 65, -1.0
41017.48465670542, 45, 1.0
41018.022746513045, 146, 1.0
41024.00041497789, 64, -1.0
41024.89770290911, 71, 1.0
41024.98776474143, 75, -1.0
41025.58303817519, 137, -1.0
41026.36398847364, 52, -1.0
41031.173509742206, 50, -1.0
41034.8059529318, 111, 1.0
41035.96298471561, 59, 1.0
41036.09762067685, 45, -1.0
41036.42035077306, 66, 1.0
41036.6834828446, 114, -1.0
41037.43218328025, 44, -1.0
41038.833797977575, 162, 1.0
41040.334124975256, 95, 1.0
41041.938352847515, 67, -1.0
41042.84431870897, 155, -1.0
41043.75969542587, 41, 1.0
41044.81371983628, 44, -1.0
41045.109404578376, 75, -1.0
41045.51174076978, 98, -1.0
41046.41868819463, 146, 1.0
41046.53920488744, 160, -1.0
41046.716531758495, 106, -1.0
41048.62407693879, 46, -1.0
41049.38264627973, 40, -1.0
41050.04955389428, 65, 1.0
41050.18510809804, 230, -1.0
41051.1755280379, 81, 1.0
41051.6725221289, 62, -1.0
41052.605092456164, 39, -1.0
41053.92042754051, 61, -1.0
41054.601143730004, 81, -1.0
41060.33219167161, 50, -1.0
41061.070754220724, 105, -1.0
41061.23141112752, 142, -1.0
41061.33150723815, 118, -1.0
41061.88792849265, 87, 1.0
41062.56448026245, 65, 1.0
41063.23520026718, 67, 1.0
41063.49882142172, 142, -1.0
41065.29606909776, 35, -1.0
41065.509748543605, 233, -1.0
41065.617133301974, 114, 1.0
41066.149498157545, 39, 1.0
41066.554709583375, 181, -1.0
41066.563526074606, 109, 1.0
41067.200450459124, 129, 1.0
41068.133930579774, 75, 1.0
41070.129586329975, 83, -1.0
41070.95082377147, 84, -1.0
41071.73828843453, 53, 1.0
41072.52236485926, 166, 1.0
41072.664841596146, 148, -1.0
41075.242356711744, 114, -1.0
41075.68371954493, 32, -1.0
41075.78503027738, 154, -1.0
41076.33381070155, 152, 1.0
41077.038942356645, 46, -1.0
41077.11373037309, 141, 1.0
41077.54517834785, 59, -1.0
41080.15175454321, 100, -1.0
41082.04434104154, 87, 1.0
41085.459467531015, 153, -1.0
41085.87975774464, 233, -1.0
41086.08899243233, 67, 1.0
41086.14080204817, 59, 1.0
41086.14500517552, 35, -1.0
41086.56568110382, 141, -1.0
41086.586356777654, 113, -1.0
41087.82635554257, 148, 1.0
41089.201630374046, 71, -1.0
41089.208054375515, 42, -1.0
41091.29567701656, 69, 1.0
41091.707322321614, 34, 1.0
41092.25329198785, 87, -1.0
41092.3535670683, 234, 1.0
41093.04592929917, 97, -1.0
41094.11962230094, 99, 1.0
41095.732055973225, 70, -1.0
41096.282192811035, 46, 1.0
41098.483271081815, 69, 1.0
41098.75688972746, 235, -1.0
41099.85313255663, 28, -1.0
41100.96338375682, 114, -1.0
41101.435517823425, 71, 1.0
41101.77372373195, 97, 1.0
41103.77833508288, 88, -1.0
41107.76927016769, 84, -1.0
41109.94234490113, 146, -1.0
41111.20983734948, 155, -1.0
41111.860883350615, 71, -1.0
41112.68225513791, 90, -1.0
41112.918227070666, 40, 1.0
41113.03436167555, 119, -1.0
41113.752918500206, 110, -1.0
41114.00283760043, 83, -1.0
41117.170269732735, 87, -1.0
41119.1011618257, 228, 1.0
41119.41530923498, 234, -1.0
41120.03852105613, 148, -1.0
41121.967727237214, 100, 1.0
41123.17028773848, 50, -1.0
41124.3989775833, 114, -1.0
41124.869035429445, 36, -1.0
41125.00715031013, 81, -1.0
41127.7119637968, 163, -1.0
41128.343946125504, 168, -1.0
41128.54510772355, 95, -1.0
41128.82489124389, 170, -1.0
41131.77914479236, 35, 1.0
41132.07361768399, 146, 1.0
41135.302283768135, 116, -1.0
41135.5218339897, 36, -1.0
41137.11312862334, 75, 1.0
41137.85660622522, 105, -1.0
41140.03222563178, 67, -1.0
41140.57021599342, 91, -1.0
41140.78465753388, 165, -1.0
41141.387333340645, 48, -1.0
41144.23283504626, 126, -1.0
41146.49085658822, 198, -1.0
41148.15215535401, 116, -1.0
41148.401715343825, 126, -1.0
41151.77964339018, 58, 1.0
41152.84891315546, 68, -1.0
41153.647218488666, 80, -1.0
41154.535576037975, 72, 1.0
41155.19622579091, 130, 1.0
41157.49007666677, 67, 1.0
41159.83142350241, 50, -1.0
41160.58987518595, 202, 1.0
41163.42153132372, 40, 1.0
41164.10772489858, 101, 1.0
41164.833884090935, 137, 1.0
41165.13011722263, 126, 1.0
41166.42911203804, 45, 1.0
41166.455168902256, 112, -1.0
41167.46551297259, 61, -1.0
41167.85776010619, 68, -1.0
41168.65333031284, 182, -1.0
41168.80194478245, 101, 1.0
41169.63561632424, 153, 1.0
41169.79555954066, 123, -1.0
41170.217088440404, 45, -1.0
41171.21427160691, 116, 1.0
41172.8193968538, 75, 1.0
41173.816599183585, 167, -1.0
41175.78160927796, 110, -1.0
41175.85748837145, 198, -1.0
41176.5617440492, 87, 1.0
41177.41976475049, 141, 1.0
41177.78237482849, 54, -1.0
41178.96199034143, 169, 1.0
41181.511814809404, 50, -1.0
41181.706234488855, 177, 1.0
41182.0241791309, 39, -1.0
41182.44179711547, 75, 1.0
41182.64598570453, 80, 1.0
41183.84207973932, 154, 1.0
41184.35638784902, 40, 1.0
41185.922446387245, 128, 1.0
41186.23164176553, 187, 1.0
41187.31224069484, 114, -1.0
41188.13993711259, 93, -1.0
41188.31812437089, 128, 1.0
41192.38200135347, 123, -1.0
41193.547428869606, 142, -1.0
41193.634950184794, 67, 1.0
41195.24275996717, 149, -1.0
41195.249906485304, 165, -1.0
41196.71338062211, 103, -1.0
41198.08265321906, 67, 1.0
41199.47760344894, 81, -1.0
41199.67695778357, 101, 1.0
41200.95796860027, 155, 1.0
41201.686827552294, 110, -1.0
41202.89592139796, 65, -1.0
41203.08806084523, 90, -1.0
41204.158562757606, 27, 1.0
41205.52593570866, 72, 1.0
41206.54053639029, 71, 1.0
41207.098881325175, 101, 1.0
41209.12482414171, 193, 1.0
41210.84014270659, 141, -1.0
41214.46243148667, 34, 1.0
41214.52690397477, 155, -1.0
41215.88409411969, 87, -1.0
41215.9549238015, 58, 1.0
41216.682942360254, 130, -1.0
41216.91440148361, 72, 1.0
41217.00451212856, 94, 1.0
41217.27327077911, 84, -1.0
41217.68115550492, 82, 1.0
41219.15287429414, 167, 1.0
41219.1729723521, 230, -1.0
41219.91041101528, 67, -1.0
41220.030887467656, 40, 1.0
41221.524834289536, 81, -1.0
41221.79157150357, 235, 1.0
41222.99779333391, 81, 1.0
41223.229200209615, 153, 1.0
41224.62385864095, 146, 1.0
41225.215838837416, 96, 1.0
41225.61646189018, 155, -1.0
41226.30641033089, 105, 1.0
41226.700886530605, 188, -1.0
41226.72866262058, 67, 1.0
41227.292575490195, 46, -1.0
41228.074245636555, 40, -1.0
41228.42521730161, 98, -1.0
41228.91150781163, 235, -1.0
41230.1697771577, 234, -1.0
41230.297842720174, 234, 1.0
41230.40942487419, 39, -1.0
41231.55051136321, 230, -1.0
41232.37635205607, 64, -1.0
41233.230138161154, 139, -1.0
41233.54091579985, 76, -1.0
41234.726937898646, 58, 1.0
41235.2675616534, 126, 1.0
41236.954526571244, 230, -1.0
41238.40246988051, 234, 1.0
41239.008629378775, 177, 1.0
41240.31839151464, 160, -1.0
41240.74976350946, 27, -1.0
41240.84226565024, 94, -1.0
41240.96679057425, 40, -1.0
41241.43072145625, 154, -1.0
41241.647679895665, 233, 1.0
41241.77588905467, 40, 1.0
41243.62159655959, 116, 1.0
41244.81194825215, 188, -1.0
41245.06504019449, 73, -1.0
41245.27128564324, 165, -1.0
41246.508483249614, 198, -1.0
41246.88592218731, 27, 1.0
41247.613108668156, 50, -1.0
41250.362235032444, 114, -1.0
41250.38414613506, 235, -1.0
41251.040885408605, 80, -1.0
41251.971255002136, 234, -1.0
41254.1122604042, 153, 1.0
41255.4555304253, 81, -1.0
41255.88187202527, 99, 1.0
41256.43625643025, 50, -1.0
41256.844596106595, 73, 1.0
41256.92848656245, 44, 1.0
41258.21860119582, 92, -1.0
41258.97038086464, 114, 1.0
41260.55407683293, 162, -1.0
41260.835462082774, 84, -1.0
41261.032886151035, 129, 1.0
41261.71855379705, 120, -1.0
41261.87999887613, 86, -1.0
41262.76058963631, 100, 1.0
41263.227236328356, 235, 1.0
41264.26639992899, 100, -1.0
41264.52613159765, 155, 1.0
41265.000793893574, 169, 1.0
41265.22700377167, 119, -1.0
41265.74635769065, 153, -1.0
41266.17810882412, 45, 1.0
41267.740336933144, 142, 1.0
41268.43887369958, 58, -1.0
41269.10785607883, 90, -1.0
41270.6487629359, 137, 1.0
41271.11569320876, 182, 1.0
41271.22431979899, 177, -1.0
41272.71520385611, 40, 1.0
41273.67925244779, 142, 1.0
41274.09083339656, 114, 1.0
41274.75033486521, 128, -1.0
41274.97097659615, 198, -1.0
41276.864675490375, 99, 1.0
41277.23901567968, 137, -1.0
41278.24129696921, 106, -1.0
41278.75858551854, 51, -1.0
41282.88500256167, 71, 1.0
41282.89825068944, 48, -1.0
41288.36674146353, 59, -1.0
41289.16252627638, 141, 1.0
41289.65822799418, 84, 1.0
41294.96880922251, 100, -1.0
41296.97762878806, 92, 1.0
41305.62127343908, 86, -1.0
41307.672569935516, 152, 1.0
41307.712384099184, 169, -1.0
41307.76828399027, 73, -1.0
41308.887105690075, 103, 1.0
41310.342600462674, 46, 1.0
41312.833568395086, 91, 1.0
41313.149325359984, 166, 1.0
41313.452263151674, 152, 1.0
41314.46620513074, 67, -1.0
41314.50769645276, 63, -1.0
41315.6599841878, 75, 1.0
41315.827185812115, 130, -1.0
41315.93320960558, 74, -1.0
41316.01593703106, 65, -1.0
41316.2550750147, 40, -1.0
41318.12704551645, 123, -1.0
41318.56848790118, 193, -1.0
41319.544986681336, 101, 1.0
41319.68386350307, 228, 1.0
41320.45628411651, 202, 1.0
41321.37877404127, 58, -1.0
41321.6134788173, 67, 1.0
41323.351541761374, 102, -1.0
41324.02437305849, 53, -1.0
41324.19006864318, 150, -1.0
41324.269318331775, 230, -1.0
41326.201808421734, 101, 1.0
41326.54345007594, 109, -1.0
41327.68983359737, 81, 1.0
41327.711687004456, 126, 1.0
41328.681393642604, 124, -1.0
41329.233445609825, 58, 1.0
41330.70923374942, 35, -1.0
41333.31289236876, 76, -1.0
41333.392846272305, 148, -1.0
41333.82586592213, 35, 1.0
41335.54169503607, 207, -1.0
41335.95818361216, 99, -1.0
41336.894300361826, 155, -1.0
41337.51461133818, 67, -1.0
41338.25393435778, 70, -1.0
41338.92992939172, 65, 1.0
41339.21461869357, 82, -1.0
41341.16597372064, 99, -1.0
41341.42396735871, 64, 1.0
41343.94589204193, 163, 1.0
41344.462629041314, 52, 1.0
41344.48363712519, 62, -1.0
41345.41717518216, 104, -1.0
41346.12861069736, 45, 1.0
41348.23490824002, 61, 1.0
41348.899424929696, 146, -1.0
41349.1879153879, 71, -1.0
41349.9959997501, 142, 1.0
41350.254534700696, 83, 1.0
41350.683702500995, 122, 1.0
41353.62749340548, 48, -1.0
41353.99192590054, 116, -1.0
41354.2690269415, 233, 1.0
41354.385637779626, 31, -1.0
41356.123070383575, 137, -1.0
41362.58672251523, 37, -1.0
41364.06086181706, 44, -1.0
41364.260218704556, 64, -1.0
41365.263599397804, 101, 1.0
41366.912479513936, 158, -1.0
41367.07451002431, 149, 1.0
41367.157995867536, 119, -1.0
41368.974917452724, 154, -1.0
41370.63974858093, 39, -1.0
41373.64258995738, 109, -1.0
41377.71953186079, 40, 1.0
41378.36952822647, 155, -1.0
41378.49178269664, 153, -1.0
41382.87464055264, 188, -1.0
41383.26892306174, 137, -1.0
41383.88922979095, 81, -1.0
41384.12085355302, 73, -1.0
41389.43970912943, 233, -1.0
41389.86826926574, 100, 1.0
41390.3136838951, 59, 1.0
41390.92142633888, 113, 1.0
41392.89079792997, 126, 1.0
41393.30689195385, 193, -1.0
41397.2870956204, 58, 1.0
41400.32499534173, 146, 1.0
41400.82156263795, 137, -1.0
41400.95810530691, 42, -1.0
41403.77413484416, 116, -1.0
41404.19843492976, 87, 1.0
41406.01461620822, 100, 1.0
41407.29801939486, 86, -1.0
41408.19568354595, 161, -1.0
41408.255969541584, 114, 1.0
41408.383389672286, 58, 1.0
41409.932311757264, 105, 1.0
41411.20174090188, 34, 1.0
41412.88502667944, 166, 1.0
41413.28710645159, 181, 1.0
41414.703627969204, 163, -1.0
41415.201481133954, 154, -1.0
41415.508134009666, 162, 1.0
41415.82442459179, 193, -1.0
41417.09090270337, 119, 1.0
41418.29289478004, 43, 1.0
41418.99607249924, 34, 1.0
41419.19796920351, 235, 1.0
41419.997629839636, 241, -1.0
41420.23019689612, 103, -1.0
41420.58964141773, 137, -1.0
41421.08198713139, 169, -1.0
41421.81161078469, 104, -1.0
41421.96552388034, 31, -1.0
41422.38956202335, 158, 1.0
41422.46809477393, 72, 1.0
41425.240057512754, 153, -1.0
41430.69447980754, 133, -1.0
41430.87668842835, 64, 1.0
41431.356743743345, 58, -1.0
41432.89478793601, 56, -1.0
41433.63459946794, 108, -1.0
41434.73971068233, 36, -1.0
41435.25272900519, 142, 1.0
41436.38486934136, 66, -1.0
41436.84245076221, 111, 1.0
41437.40652890962, 171, 1.0
41438.2692614251, 116, 1.0
41439.27919819954, 68, 1.0
41439.85160986144, 35, -1.0
41441.70748578503, 68, 1.0
41442.47770994811, 116, 1.0
41446.42827668632, 154, -1.0
41447.244057740456, 54, -1.0
41447.43204672446, 43, -1.0
41450.591662101, 114, -1.0
41450.79539701667, 27, -1.0
41451.94280614823, 114, -1.0
41454.42758909358, 80, 1.0
41454.65054856664, 126, -1.0
41455.13527787406, 69, -1.0
41455.354838112646, 43, -1.0
41455.52345008666, 233, -1.0
41456.34497608693, 234, -1.0
41457.09227745762, 177, 1.0
41457.62910939421, 149, 1.0
41459.78966501584, 142, 1.0
41460.170035985735, 40, -1.0
41460.564018933226, 90, 1.0
41461.41094279449, 162, -1.0
41461.88515952811, 84, -1.0
41462.56488032267, 53, -1.0
41464.859513170835, 106, -1.0
41465.119998505485, 89, -1.0
41465.77135243509, 83, -1.0
41465.83361208038, 165, 1.0
41466.767488575555, 153, 1.0
41467.96975055286, 35, 1.0
41470.03128918024, 149, 1.0
41470.63529072433, 101, 1.0
41471.520053974615, 40, 1.0
41471.896960846345, 40, -1.0
41473.35433220216, 44, -1.0
41474.88646862718, 41, -1.0
41476.64412368617, 48, -1.0
41477.03350349819, 53, -1.0
41477.33900166079, 104, -1.0
41478.16868458279, 61, 1.0
41480.171746134634, 155, -1.0
41485.63497079511, 33, 1.0
41488.181237102806, 235, 1.0
41488.5727427564, 106, -1.0
41488.76842949298, 100, -1.0
41489.115691911946, 69, 1.0
41489.16582387661, 40, -1.0
41489.298472921786, 161, -1.0
41489.66917956939, 65, 1.0
41491.07362595795, 36, 1.0
41491.78505291193, 27, -1.0
41492.09247487394, 40, -1.0
41492.71128691272, 40, -1.0
41493.70661492851, 83, 1.0
41495.25964936502, 35, 1.0
41497.688931545636, 122, 1.0
41498.59910822881, 137, 1.0
41499.08684528832, 34, 1.0
41500.35357386988, 85, -1.0
41501.65906399354, 61, -1.0
41502.92671697268, 58, 1.0
41503.19987637028, 165, -1.0
41503.285582770244, 146, 1.0
41504.96402049959, 27, -1.0
41505.13007760757, 50, -1.0
41505.75985847119, 69, 1.0
41507.087641842234, 71, -1.0
41507.845088364396, 100, -1.0
41510.281489330264, 142, -1.0
41510.93517109353, 165, -1.0
41510.99658864975, 83, -1.0
41512.60661069994, 82, 1.0
41514.97452984076, 76, -1.0
41515.374587603335, 148, -1.0
41515.914125400355, 43, -1.0
41517.435019512064, 58, 1.0
41518.5146097695, 103, 1.0
41518.85251773406, 126, -1.0
41524.655917591685, 157, 1.0
41525.29538582719, 141, 1.0
41525.53009510655, 98, 1.0
41525.59659687695, 95, -1.0
41525.73630344789, 111, -1.0
41526.227880948485, 167, 1.0
41526.3718402195, 165, 1.0
41527.32894037443, 146, 1.0
41528.294248717684, 50, -1.0
41532.04011416986, 148, 1.0
41532.05610969359, 39, 1.0
41533.2274999878, 40, -1.0
41534.54457849143, 43, -1.0
41535.48599878543, 67, 1.0
41536.553348511356, 73, 1.0
41537.13729091854, 67, -1.0
41538.37740831267, 150, -1.0
41542.06276941212, 234, 1.0
41544.18123138123, 83, -1.0
41544.456523647605, 40, 1.0
41545.21433421897, 119, -1.0
41546.001063662465, 59, 1.0
41547.08116312412, 40, -1.0
41550.19399400807, 67, -1.0
41551.93545145747, 51, -1.0
41552.24093239965, 35, -1.0
41552.774613125934, 41, -1.0
41552.9778279552, 193, -1.0
41553.49477470819, 83, -1.0
41554.17102696397, 60, 1.0
41555.31734116902, 181, -1.0
41555.59554341134, 101, -1.0
41556.18787899074, 117, -1.0
41557.93224936599, 58, -1.0
41558.397137156186, 165, -1.0
41558.430256270614, 234, 1.0
41558.56560689115, 235, 1.0
41559.99917310531, 165, 1.0
41563.447759822695, 50, -1.0
41563.76689319796, 62, -1.0
41564.56782554749, 50, -1.0
41568.50633457298, 142, 1.0
41568.794865595024, 235, -1.0
41572.40292081723, 133, 1.0
41574.068975870716, 241, 1.0
41575.44786857424, 126, -1.0
41575.56747700968, 126, 1.0
41575.918209499956, 198, -1.0
41576.15468039452, 40, -1.0
41576.618613383005, 50, -1.0
41577.05956165568, 50, -1.0
41578.065067704716, 33, 1.0
41578.839910614304, 166, -1.0
41579.85683714846, 126, 1.0
41582.43028410381, 165, -1.0
41584.53299466012, 56, -1.0
41585.42512020943, 71, -1.0
41585.93104871988, 114, -1.0
41589.44132802375, 34, 1.0
41590.389467722685, 164, 1.0
41590.451940510924, 167, -1.0
41593.165904221816, 158, -1.0
41596.93117234966, 228, 1.0
41597.327331861634, 210, -1.0
41597.327764311325, 150, -1.0
41597.76417395547, 53, 1.0
41597.789685741576, 43, -1.0
41598.09020476604, 89, -1.0
41599.60608863449, 154, -1.0
41599.804415773775, 44, -1.0
41599.9414122893, 155, -1.0
41600.561915803584, 101, 1.0
41600.7196877714, 68, -1.0
41603.374404806586, 230, -1.0
41604.141152942684, 126, -1.0
41604.52508606405, 160, -1.0
41605.14726071215, 88, -1.0
41605.52517647336, 141, -1.0
41606.26883565519, 34, 1.0
41606.44931063428, 29, -1.0
41607.24301413479, 109, -1.0
41609.50999780748, 165, 1.0
41611.491227948114, 41, -1.0
41611.750403457205, 109, -1.0
41614.74524466184, 90, -1.0
41616.70022217417, 162, -1.0
41617.107330290804, 165, -1.0
41617.83916977405, 34, -1.0
41618.14685005251, 198, 1.0
41618.46255769088, 67, -1.0
41621.1016588947, 65, -1.0
41623.363316388335, 58, -1.0
41623.613665616125, 98, -1.0
41624.0560987537, 98, -1.0
41624.92970962287, 35, 1.0
41626.46566079728, 90, -1.0
41627.082375312224, 40, -1.0
41628.561551121566, 230, -1.0
41630.94939384014, 110, -1.0
41631.64125290037, 58, -1.0
41636.40187554465, 45, 1.0
41636.51111722065, 44, -1.0
41636.60682829046, 157, 1.0
41636.92987341909, 67, 1.0
41637.698559789744, 164, -1.0
41640.701807984995, 71, 1.0
41640.80676196804, 107, -1.0
41641.616719443104, 66, 1.0
41644.40932583788, 62, -1.0
41644.54800593894, 230, 1.0
41645.51258987883, 103, -1.0
41648.127373388124, 141, -1.0
41648.66318904279, 164, 1.0
41651.91752325497, 128, 1.0
41652.512605215976, 181, 1.0
41653.44598581225, 193, -1.0
41654.46885848215, 101, 1.0
41657.10622684643, 103, 1.0
41659.471587361884, 163, 1.0
41660.43478191604, 116, -1.0
41662.26304709765, 105, -1.0
41662.72409744365, 142, -1.0
41667.7528955752, 82, 1.0
41669.79076360588, 48, -1.0
41669.85758962727, 177, 1.0
41669.87785017049, 99, -1.0
41670.23760569547, 46, -1.0
41670.28865205803, 113, -1.0
41670.73225545608, 44, 1.0
41671.02866690325, 110, 1.0
41672.73767694026, 126, -1.0
41672.852787167045, 72, 1.0
41672.975833725926, 163, 1.0
41673.999713478755, 111, -1.0
41675.76840345459, 59, 1.0
41677.27516282148, 59, -1.0
41678.37872909533, 152, 1.0
41679.37619085658, 59, -1.0
41679.46000173828, 142, 1.0
41680.62511861591, 165, -1.0
41681.58494552349, 142, -1.0
41684.07041216428, 40, 1.0
41687.54700842094, 142, 1.0
41688.56999565213, 44, -1.0
41689.5892143662, 230, -1.0
41690.37238593817, 126, 1.0
41692.4468579858, 72, -1.0
41693.14137236218, 106, -1.0
41693.6872504269, 103, 1.0
41694.459975648366, 75, 1.0
41696.83265658711, 37, 1.0
41697.987341427804, 39, -1.0
41699.29434155605, 130, -1.0
41700.44494991785, 165, -1.0
41701.47908186022, 46, -1.0
41704.16511080193, 67, -1.0
41704.80266533556, 114, 1.0
41705.91988753572, 222, -1.0
41706.490310987705, 35, -1.0
41707.65190892342, 149, -1.0
41708.84225307134, 152, 1.0
41709.42925284555, 31, -1.0
41709.52332175834, 71, -1.0
41712.01586310227, 64, 1.0
41713.46332633198, 71, 1.0
41715.35222502481, 164, -1.0
41718.04838379335, 113, -1.0
41720.045371835724, 45, 1.0
41720.62821951424, 110, 1.0
41721.28504331863, 87, 1.0
41721.42693226495, 164, 1.0
41722.54761691749, 109, -1.0
41726.800359715264, 163, 1.0
41727.22813723697, 113, -1.0
41727.75083029689, 114, 1.0
41728.76110447048, 86, -1.0
41729.20864186722, 80, 1.0
41733.742714287146, 45, 1.0
41735.744552443, 119, 1.0
41738.99181777596, 34, 1.0
41739.18546090833, 130, -1.0
41739.63214261622, 235, 1.0
41740.160066848075, 165, 1.0
41743.02067272875, 40, -1.0
41744.03786922664, 27, -1.0
41745.09937772411, 52, -1.0
41745.50292300804, 67, 1.0
41746.0242890204, 64, 1.0
41747.15697871169, 97, 1.0
41747.68808641855, 54, 1.0
41747.97473798459, 59, 1.0
41748.76826973521, 114, -1.0
41749.62559962341, 169, 1.0
41749.64811567207, 171, -1.0
41749.68907278049, 112, 1.0
41750.90740787396, 123, -1.0
41751.841245615346, 142, 1.0
41752.932508203536, 160, -1.0
41753.704880332094, 126, 1.0
41757.067670476106, 114, -1.0
41757.84550978952, 168, 1.0
41758.60350422927, 58, 1.0
41760.790849220495, 44, 1.0
41762.21404071169, 163, -1.0
41762.9831857779, 35, -1.0
41764.85417491366, 61, -1.0
41766.91012516163, 234, 1.0
41768.44669317938, 114, -1.0
41771.48741856074, 137, 1.0
41772.42596774477, 62, 1.0
41774.20813345195, 43, 1.0
41775.90025066121, 58, 1.0
41777.23533783739, 106, -1.0
41779.50174530687, 130, 1.0
41779.550770287424, 114, 1.0
41780.86310123364, 152, 1.0
41783.93475500706, 75, -1.0
41784.890855897924, 86, 1.0
41786.75375732714, 71, -1.0
41789.03862613687, 98, 1.0
41790.595296056046, 165, -1.0
41791.60182202092, 45, -1.0
41794.44608390455, 106, -1.0
41794.50874511551, 73, 1.0
41794.951123103296, 69, 1.0
41795.65150723672, 233, -1.0
41797.47078360334, 103, 1.0
41798.552534412396, 126, 1.0
41798.60240994663, 36, -1.0
41798.60804572034, 97, -1.0
41799.058335663, 45, 1.0
41799.78039051667, 171, -1.0
41800.76344001306, 101, 1.0
41801.76541246127, 114, 1.0
41803.27967280142, 29, -1.0
41804.814225831564, 149, -1.0
41808.14699186873, 62, 1.0
41809.12184008692, 222, 1.0
41812.124916989385, 146, 1.0
41812.6559014736, 102, -1.0
41814.02930588569, 110, -1.0
41814.56078118796, 182, 1.0
41815.78009314812, 95, 1.0
41816.64416468692, 92, -1.0
41817.351257625225, 66, 1.0
41818.92183767148, 99, -1.0
41819.14920352705, 71, 1.0
41819.93784143329, 46, -1.0
41820.96205014464, 34, 1.0
41821.49343728416, 114, 1.0
41823.115489054115, 44, -1.0
41823.20495611922, 100, -1.0
41823.87110123422, 40, -1.0
41824.433093199885, 114, -1.0
41827.09291189341, 45, -1.0
41827.238797529724, 35, -1.0
41827.404330724334, 108, 1.0
41831.26618033289, 126, -1.0
41831.57573887228, 75, 1.0
41832.40943887067, 202, -1.0
41832.92094125917, 58, -1.0
41833.38738189045, 126, -1.0
41834.384828001916, 75, 1.0
41835.816071886424, 75, -1.0
41836.38392148452, 114, -1.0
41836.84307896287, 155, 1.0
41836.95461162954, 160, -1.0
41838.56085621011, 29, -1.0
41839.16624978597, 109, -1.0
41840.61526798582, 233, -1.0
41843.65510356613, 75, -1.0
41844.31577179098, 148, 1.0
41844.83584878344, 165, -1.0
41844.9583007076, 151, -1.0
41848.44681803721, 164, -1.0
41848.66072635201, 114, -1.0
41851.006913602934, 173, -1.0
41852.45553141545, 104, -1.0
41856.81345369504, 28, -1.0
41856.98042162141, 169, -1.0
41857.506358657534, 91, -1.0
41857.80884924646, 89, -1.0
41858.94126976929, 31, -1.0
41859.28936528956, 158, -1.0
41859.78717654046, 67, -1.0
41861.24248906592, 75, -1.0
41862.23207541096, 141, 1.0
41863.53059399324, 111, -1.0
41865.48071096752, 61, -1.0
41869.50510200336, 113, -1.0
41874.1483885618, 46, 1.0
41874.40893863975, 105, -1.0
41877.263229558535, 152, -1.0
41877.37809758879, 177, -1.0
41879.0878453552, 114, 1.0
41879.68084925686, 97, -1.0
41880.09504072663, 67, 1.0
41883.22029519028, 52, -1.0
41883.70988311158, 81, 1.0
41884.6040792291, 67, 1.0
41885.48443003974, 88, -1.0
41886.19097949486, 160, 1.0
41886.5859068603, 193, -1.0
41886.87268072739, 95, -1.0
41888.59882582759, 170, -1.0
41891.749760903454, 74, -1.0
41893.5110680738, 105, -1.0
41894.21399895011, 67, 1.0
41897.13676277577, 71, 1.0
41897.3079902725, 45, 1.0
41897.81083149188, 123, -1.0
41897.90587251218, 123, -1.0
41898.76820840264, 106, 1.0
41899.28895788828, 37, 1.0
41899.43203527969, 35, 1.0
41899.572440725955, 163, -1.0
41901.3291012493, 34, 1.0
41901.66187567844, 230, -1.0
41902.04184212544, 230, -1.0
41902.134241319516, 56, -1.0
41902.98145506692, 170, -1.0
41903.49376980234, 97, -1.0
41904.359745895585, 153, -1.0
41905.74034941104, 74, -1.0
41905.76718661233, 163, -1.0
41905.80866602171, 67, 1.0
41905.8305425668, 133, -1.0
41908.50311768011, 119, -1.0
41908.8084299492, 137, -1.0
41908.83845215007, 35, -1.0
41908.9752470689, 105, 1.0
41909.63824158944, 59, 1.0
41912.604681238976, 117, -1.0
41913.521441845056, 146, 1.0
41913.869703635544, 108, 1.0
41913.97971379886, 64, -1.0
41915.186013902035, 165, -1.0
41915.38158884669, 123, -1.0
41915.73108649988, 39, -1.0
41918.32114207742, 139, -1.0
41919.16698504166, 198, 1.0
41920.179112321246, 65, -1.0
41920.55057973416, 84, -1.0
41920.69382091525, 59, 1.0
41920.7837358801, 155, -1.0
41923.49006400578, 75, 1.0
41924.12551399966, 141, 1.0
41925.1843095146, 142, -1.0
41926.46814318653, 152, 1.0
41927.5780068666, 233, -1.0
41927.6074579328, 88, -1.0
41927.766847355124, 55, -1.0
41928.1584892783, 28, 1.0
41928.20172523588, 164, -1.0
41928.86121276067, 40, -1.0
41930.53489643296, 109, -1.0
41930.6991326332, 123, -1.0
41933.460654566225, 71, 1.0
41933.47408393622, 75, 1.0
41935.678068406916, 59, -1.0
41935.793116958834, 27, 1.0
41936.12924619647, 164, 1.0
41939.517739440904, 63, 1.0
41940.541481265376, 97, -1.0
41941.33659680964, 36, -1.0
41941.61738380895, 106, -1.0
41942.345674609685, 100, -1.0
41942.359856945004, 161, -1.0
41942.50933023204, 64, -1.0
41942.672983871424, 68, -1.0
41943.18857350646, 53, -1.0
41944.93140781235, 83, 1.0
41945.50089286944, 104, -1.0
41945.97954383545, 40, 1.0
41946.453425335756, 161, -1.0
41948.871333326235, 106, -1.0
41951.52162184067, 83, -1.0
41951.820036481695, 89, -1.0
41952.970336466955, 130, -1.0
41954.550158161415, 153, -1.0
41956.8100406124, 150, -1.0
41957.190669193544, 34, 1.0
41958.55195823221, 48, -1.0
41959.596506301765, 27, -1.0
41962.28557564245, 100, -1.0
41962.49488092268, 233, 1.0
41963.216373995536, 133, -1.0
41963.7045210857, 141, 1.0
41965.777494278715, 133, -1.0
41967.44188304291, 149, -1.0
41967.61548295205, 180, -1.0
41969.69817003691, 32, 1.0
41969.824084871536, 111, -1.0
41970.526270414055, 27, 1.0
41970.92486852417, 104, -1.0
41971.37158588644, 141, 1.0
41975.1344805364, 58, -1.0
41980.149586204374, 69, 1.0
41980.54760524563, 235, -1.0
41981.10990770786, 182, -1.0
41981.73349456917, 89, -1.0
41982.706718444446, 64, 1.0
41986.512827471466, 34, -1.0
41986.86099540623, 148, -1.0
41987.16212393252, 71, -1.0
41987.99927576335, 154, -1.0
41988.09896381345, 76, -1.0
41988.91776591101, 104, -1.0
41989.572940918544, 230, -1.0
41991.65917462622, 36, -1.0
41993.26506505871, 34, -1.0
41993.294511890796, 142, -1.0
41993.901632011446, 182, 1.0
41994.36482753208, 36, -1.0
41995.13673008379, 148, -1.0
41995.519533064624, 70, -1.0
41996.83417223139, 61, -1.0
41996.86686450572, 101, 1.0
41997.94252916385, 76, -1.0
41998.01340525451, 99, 1.0
41999.49125923533, 56, 1.0
41999.88985145951, 27, 1.0
42003.20578290321, 120, 1.0
42003.38867785779, 228, 1.0
42003.459431632305, 50, 1.0
42004.60416898109, 83, -1.0
42004.8447612593, 68, 1.0
42005.62800223362, 74, 1.0
42006.007360114585, 105, 1.0
42006.27242466258, 96, 1.0
42006.701925437665, 48, 1.0
42007.51905791256, 164, -1.0
42008.12648826072, 117, -1.0
42009.33801982574, 154, 1.0
42010.7282578871, 46, 1.0
42010.902383899534, 34, -1.0
42012.12167671008, 75, 1.0
42014.297317164666, 64, -1.0
42014.4687802154, 35, 1.0
42016.88368282683, 74, -1.0
42018.71393476466, 182, -1.0
42018.74320843841, 128, 1.0
42019.15952322989, 69, 1.0
42019.529611265076, 87, -1.0
42021.357899223134, 87, 1.0
42023.02795641313, 91, -1.0
42023.09572633975, 27, -1.0
42024.074398644996, 162, 1.0
42025.26635153969, 40, 1.0
42028.088756211364, 159, -1.0
42029.52408907373, 35, 1.0
42029.993786231564, 68, -1.0
42030.162755724596, 40, 1.0
42031.59918592513, 126, -1.0
42033.58738633401, 210, -1.0
42033.59219376804, 69, -1.0
42033.722250264706, 43, -1.0
42035.30846614272, 105, 1.0
42035.36716571676, 207, -1.0
42035.62656430177, 53, -1.0
42035.93323684158, 177, -1.0
42035.98738974308, 45, -1.0
42037.09085360839, 34, -1.0
42038.99056554918, 65, 1.0
42039.1612482069, 44, -1.0
42042.542602472575, 109, 1.0
42043.918261456296, 44, -1.0
42046.421104663204, 188, -1.0
42046.60708973768, 81, -1.0
42047.36923838903, 43, -1.0
42047.79397814662, 157, 1.0
42050.54480572266, 67, 1.0
42052.76043695067, 137, -1.0
42053.51510936429, 99, -1.0
42054.02378285749, 202, -1.0
42054.1467826425, 103, 1.0
42054.65724206863, 83, 1.0
42055.810510940544, 146, 1.0
42057.74895048657, 58, -1.0
42059.81535254715, 116, -1.0
42061.29529280097, 116, 1.0
42062.22974388274, 146, 1.0
42063.99878225448, 130, -1.0
42065.03235749213, 53, -1.0
42065.38834052882, 40, 1.0
42066.60742682267, 39, 1.0
42067.29834346282, 75, 1.0
42068.63820175681, 43, -1.0
42070.43868908005, 68, -1.0
42070.79316339998, 177, 1.0
42070.81147444844, 234, 1.0
42071.65204652837, 182, -1.0
42072.378748615745, 119, -1.0
42073.0262139464, 235, -1.0
42074.3029713835, 74, -1.0
42075.61400195963, 146, 1.0
42076.1741376417, 41, -1.0
42076.83506224692, 104, -1.0
42077.6545987976, 165, 1.0
42078.18098487567, 165, 1.0
42078.39751116317, 173, -1.0
42081.894247525684, 50, -1.0
42082.062238811704, 40, -1.0
42082.66285862892, 133, -1.0
42083.96862358691, 31, -1.0
42084.382384782744, 142, -1.0
42084.427058300294, 36, -1.0
42084.546922729285, 84, -1.0
42085.277523443154, 44, -1.0
42085.83936438879, 64, 1.0
42087.0924654873, 59, -1.0
42087.76884510523, 68, 1.0
42088.06702941039, 99, 1.0
42088.873643202875, 58, 1.0
42089.15277049343, 40, 1.0
42089.42702531268, 101, -1.0
42090.75242260847, 50, -1.0
42091.37573441785, 170, -1.0
42092.905308246554, 84, -1.0
42093.57089194022, 87, -1.0
42094.026753172904, 64, 1.0
42095.69625984322, 71, 1.0
42096.84800755477, 40, 1.0
42097.00761347613, 164, 1.0
42097.45089303809, 48, -1.0
42098.195274877115, 74, 1.0
42098.630900758304, 67, 1.0
42100.399764944676, 163, -1.0
42100.698917526184, 149, 1.0
42102.263575591795, 71, 1.0
42102.79321577284, 142, 1.0
42103.24247196922, 67, -1.0
42105.87841778663, 29, -1.0
42106.29694290614, 113, -1.0
42109.39680363832, 53, 1.0
42109.49944493807, 67, -1.0
42109.898157880285, 105, -1.0
42109.97624004536, 193, -1.0
42110.47623186007, 75, -1.0
42111.02374267477, 114, 1.0
42111.57367327971, 230, -1.0
42113.41061629886, 154, -1.0
42114.23958659631, 54, 1.0
42117.17498326344, 142, 1.0
42118.29104070372, 126, 1.0
42120.600191413745, 163, -1.0
42120.79023278587, 133, -1.0
42121.8249173323, 36, 1.0
42122.76640548, 90, -1.0
42125.62454113025, 102, -1.0
42125.83032687307, 57, 1.0
42127.4623516322, 115, -1.0
42127.88455293515, 193, -1.0
42129.124378126995, 71, -1.0
42129.66346824851, 228, -1.0
42129.98695741868, 110, -1.0
42130.040391241026, 169, 1.0
42131.01916068466, 101, 1.0
42131.2894401237, 126, -1.0
42131.47796600518, 40, -1.0
42131.71697344431, 152, -1.0
42132.06724851708, 177, -1.0
42132.117414133834, 230, -1.0
42132.92758217125, 167, 1.0
42134.628707777636, 193, -1.0
42135.66110192867, 101, 1.0
42139.74148265492, 155, -1.0
42141.24524744374, 28, 1.0
42143.39713190288, 76, 1.0
42145.04679538609, 233, 1.0
42147.37317923237, 116, -1.0
42148.91076359977, 59, -1.0
42150.266536516705, 70, -1.0
42152.273437369004, 107, 1.0
42153.873264344555, 99, -1.0
42155.69994929175, 139, -1.0
42156.37460695332, 122, 1.0
42156.946024509976, 130, 1.0
42157.739209405234, 148, 1.0
42160.34187408483, 222, -1.0
42160.88243241001, 116, 1.0
42161.19310206789, 41, 1.0
42161.78008244935, 210, -1.0
42162.34754328891, 107, -1.0
42163.84160845076, 76, -1.0
42165.44936797896, 235, -1.0
42166.721825832006, 72, 1.0
42167.363884718376, 129, 1.0
42168.15802975918, 152, 1.0
42168.62895730516, 154, 1.0
42169.41145811441, 230, -1.0
42170.86799607575, 149, 1.0
42171.21576968494, 97, -1.0
42173.33379705222, 108, 1.0
42175.616605425545, 40, 1.0
42177.71231901612, 58, -1.0
42178.3385126501, 164, 1.0
42184.633344327885, 42, -1.0
42186.51356366783, 53, -1.0
42187.74583587304, 126, -1.0
42188.18461029845, 160, 1.0
42188.520535080395, 44, 1.0
42189.10528014063, 75, 1.0
42191.47362020587, 116, 1.0
42192.13894402594, 147, -1.0
42193.44042057446, 180, -1.0
42194.90509310482, 114, 1.0
42195.32628524434, 82, -1.0
42196.029483656894, 97, 1.0
42196.47474585526, 165, -1.0
42197.07318193647, 105, 1.0
42198.0102869392, 193, -1.0
42199.9059884363, 83, -1.0
42200.87531674673, 161, -1.0
42201.235658757294, 149, -1.0
42203.714334506076, 102, -1.0
42204.98342188834, 164, -1.0
42205.19555838799, 74, -1.0
42206.69556894409, 163, 1.0
42208.65095543228, 154, 1.0
42209.55999670319, 148, -1.0
42214.058649027356, 97, 1.0
42218.343027948235, 57, 1.0
42219.92604267805, 83, 1.0
42223.872882356896, 164, 1.0
42224.35673571023, 97, -1.0
42225.37462004672, 159, -1.0
42225.49778828029, 97, 1.0
42227.62605029711, 58, -1.0
42228.255655070476, 160, -1.0
42228.6644296687, 147, 1.0
42230.10607574533, 50, 1.0
42230.5774450579, 235, 1.0
42231.61420720448, 159, -1.0
42232.125350356655, 28, -1.0
42232.20418101148, 148, -1.0
42233.989191107416, 165, -1.0
42234.37046469995, 67, 1.0
42235.34086952433, 75, 1.0
42236.719993685365, 154, 1.0
42238.6261717595, 141, 1.0
42239.34231427737, 68, 1.0
42241.65630528415, 159, -1.0
42242.872173597294, 48, -1.0
42246.016247889616, 34, -1.0
42247.35299549056, 153, 1.0
42249.21249675191, 84, -1.0
42251.09330167091, 169, -1.0
42253.38885038453, 235, -1.0
42255.28412881434, 169, -1.0
42257.03519684029, 173, -1.0
42257.20932432795, 111, -1.0
42257.54212326261, 163, 1.0
42258.022522915824, 182, 1.0
42258.468849015924, 198, -1.0
42259.203707570756, 99, 1.0
42260.202442829184, 169, -1.0
42261.42762300687, 137, 1.0
42262.98937795903, 41, 1.0
42263.34460736267, 126, 1.0
42263.931762993365, 36, 1.0
42264.44855558771, 33, -1.0
42264.47224219219, 157, 1.0
42269.80416732648, 153, -1.0
42270.87111633073, 32, -1.0
42270.96115479865, 165, 1.0
42271.0698521607, 116, 1.0
42273.07489043447, 130, -1.0
42273.45479842592, 67, -1.0
42274.81056590817, 48, -1.0
42275.085641014986, 92, -1.0
42275.269379434496, 83, 1.0
42275.41993886108, 80, 1.0
42275.51322876168, 100, 1.0
42277.55457735978, 58, 1.0
42277.61625463537, 162, 1.0
42278.880937000635, 233, 1.0
42279.0808930879, 102, -1.0
42280.486553245086, 52, -1.0
42282.77439850982, 111, 1.0
42286.496618071884, 44, 1.0
42287.12997021178, 106, -1.0
42290.94184524201, 169, -1.0
42292.87894316807, 41, -1.0
42296.0845694345, 230, 1.0
42297.14872658279, 113, -1.0
42299.50144198974, 59, -1.0
42299.659485432574, 169, -1.0
42303.11605543057, 88, -1.0
42305.42551444539, 99, -1.0
42305.71229756769, 148, 1.0
42305.75763332209, 58, -1.0
42305.82841598461, 27, -1.0
42305.99150996121, 51, -1.0
42306.484811799004, 35, -1.0
42306.88902935199, 48, 1.0
42309.09924456378, 71, 1.0
42309.39114914664, 139, -1.0
42310.78960498675, 160, -1.0
42310.8442876248, 45, 1.0
42315.41769844713, 97, 1.0
42317.683629736624, 53, -1.0
42317.73521452375, 71, -1.0
42317.81466303976, 169, 1.0
42317.90921164285, 110, -1.0
42322.2080143415, 54, 1.0
42322.47111791782, 82, 1.0
42322.71477074721, 167, -1.0
42323.191005592926, 130, -1.0
42323.51213186442, 32, 1.0
42324.33791954308, 53, -1.0
42325.35468044037, 118, -1.0
42329.29203264612, 34, -1.0
42329.29300094893, 40, -1.0
42329.50692535303, 101, -1.0
42334.1994195506, 52, -1.0
42334.5071104351, 50, -1.0
42335.24421292419, 109, -1.0
42335.832400781626, 68, 1.0
42336.111747111245, 193, 1.0
42338.388887370435, 233, -1.0
42340.164473673656, 233, 1.0
42340.99862108993, 58, -1.0
42341.018369462465, 146, -1.0
42342.93393902522, 71, -1.0
42343.28044617778, 107, -1.0
42344.93939946269, 233, -1.0
42345.72414021109, 222, -1.0
42346.1161713899, 62, 1.0
42347.77909505621, 116, 1.0
42348.26937500228, 152, 1.0
42348.35044624932, 97, -1.0
42348.7275184532, 81, 1.0
42349.638367741, 222, -1.0
42349.87532452866, 66, -1.0
42350.48239162412, 59, 1.0
42350.734067697216, 46, 1.0
42351.171646189214, 35, 1.0
42352.03739074257, 124, 1.0
42355.22195610144, 36, 1.0
42356.5112520658, 71, 1.0
42358.29760593579, 26, -1.0
42360.15690569219, 68, 1.0
42361.202613842615, 67, -1.0
42361.819555062764, 58, 1.0
42361.92975166867, 90, -1.0
42362.90718667737, 181, 1.0
42363.621604520216, 152, -1.0
42364.863924258134, 165, -1.0
42365.02487384764, 69, 1.0
42368.3527341571, 158, 1.0
42370.28908262434, 234, -1.0
42373.516002648386, 126, -1.0
42375.35692208729, 71, -1.0
42375.958961561584, 158, -1.0
42376.28627466427, 46, -1.0
42376.731779614136, 149, -1.0
42377.827457935935, 126, -1.0
42378.01434580806, 34, 1.0
42378.014822446654, 139, -1.0
42379.00108569034, 67, 1.0
42381.63707475563, 64, 1.0
42383.76210409547, 59, 1.0
42386.03847298409, 40, -1.0
42387.13529062733, 50, -1.0
42389.78128259578, 84, -1.0
42390.094263039544, 46, -1.0
42391.73667099029, 75, -1.0
42391.99423024647, 233, 1.0
42393.73570716439, 75, 1.0
42393.78082262488, 165, -1.0
42399.49458951172, 40, 1.0
42401.66427490224, 42, 1.0
42402.04194943223, 235, 1.0
42402.322213764586, 110, -1.0
42402.48989851636, 59, 1.0
42403.16355688208, 126, 1.0
42405.425612425206, 69, 1.0
42405.97255104327, 53, -1.0
42406.918302723745, 59, -1.0
42408.34388976157, 34, -1.0
42409.66074838243, 114, 1.0
42411.43352342915, 50, -1.0
42414.78984178286, 101, 1.0
42415.750535910025, 81, 1.0
42417.47803872014, 67, -1.0
42417.683508127266, 188, -1.0
42418.248998123076, 97, -1.0
42419.90566049168, 68, 1.0
42421.017160907504, 168, -1.0
42421.46082953673, 116, 1.0
42422.20687033574, 40, 1.0
42423.0708383547, 83, -1.0
42423.276778704356, 55, -1.0
42424.19504087457, 109, 1.0
42425.256358659884, 169, 1.0
42431.0393863876, 153, -1.0
42432.014586608086, 137, 1.0
42432.46926690966, 110, -1.0
42436.14349016522, 67, 1.0
42436.60900301892, 116, 1.0
42438.207439120415, 120, 1.0
42441.47795888978, 64, -1.0
42443.53512609026, 71, -1.0
42444.817492280235, 98, -1.0
42446.541264140884, 114, -1.0
42447.88956192898, 112, -1.0
42449.934080786385, 101, 1.0
42452.35694836884, 87, 1.0
42453.88096289659, 50, -1.0
42455.56147878267, 40, 1.0
42457.63756004608, 64, -1.0
42458.362807232326, 126, -1.0
42459.67706032876, 68, -1.0
42459.83841691057, 188, -1.0
42460.093972062954, 164, 1.0
42460.99240169955, 67, -1.0
42462.011065602965, 68, 1.0
42463.12509504435, 142, -1.0
42463.93086447255, 56, -1.0
42466.37547716849, 150, -1.0
42468.22456963945, 182, 1.0
42468.359578365926, 68, 1.0
42469.30770627879, 56, -1.0
42470.96343859989, 102, -1.0
42470.982478954276, 75, -1.0
42473.094621041986, 72, 1.0
42476.18814249347, 99, 1.0
42477.666177495244, 165, -1.0
42478.50215988151, 44, -1.0
42478.66329382405, 40, 1.0
42482.132711119644, 82, 1.0
42482.830049910845, 142, 1.0
42483.08678760549, 69, -1.0
42483.325042364835, 67, 1.0
42483.75060448589, 71, -1.0
42485.39051017932, 101, 1.0
42487.48494080162, 137, -1.0
42488.435784900015, 40, -1.0
42489.9208302353, 102, -1.0
42491.30720899553, 63, -1.0
42492.660569091735, 83, -1.0
42492.878557181815, 142, 1.0
42493.58292189106, 69, -1.0
42495.499850229375, 72, 1.0
42496.56826992185, 43, -1.0
42497.704362457785, 162, 1.0
42504.933707020115, 99, 1.0
42507.147496492245, 112, 1.0
42510.60439112141, 65, 1.0
42511.57521899766, 101, 1.0
42513.3775093599, 222, -1.0
42515.51346032982, 33, -1.0
42517.517683415776, 83, -1.0
42519.896816222754, 241, -1.0
42520.68283069418, 40, 1.0
42521.03255360039, 71, 1.0
42522.58296234819, 101, -1.0
42524.140988185914, 182, 1.0
42524.92224212504, 86, -1.0
42525.56424089097, 75, -1.0
42527.24604418227, 71, 1.0
42527.63017561162, 58, 1.0
42529.107916961315, 150, -1.0
42529.9835385116, 114, 1.0
42532.55597479556, 96, 1.0
42533.26385032817, 43, -1.0
42534.48233330571, 45, 1.0
42534.57171963732, 35, -1.0
42536.79305867623, 137, -1.0
42538.54197667222, 43, 1.0
42538.85364695985, 149, -1.0
42538.98055335677, 164, 1.0
42539.28933907801, 71, -1.0
42540.74953911292, 160, 1.0
42544.44703703871, 113, 1.0
42547.06997727507, 101, -1.0
42547.587717430106, 164, 1.0
42548.93026564402, 27, -1.0
42549.83304613464, 165, -1.0
42549.85023666144, 114, -1.0
42550.04758437187, 181, -1.0
42551.282282663684, 32, -1.0
42553.315832481465, 41, 1.0
42553.75987826705, 90, 1.0
42554.56708913095, 118, -1.0
42555.62739136332, 75, 1.0
42556.14322516939, 42, 1.0
42556.18899943541, 169, 1.0
42556.63207155225, 75, 1.0
42557.025091958116, 180, -1.0
42558.169682648935, 114, -1.0
42558.59429333661, 89, -1.0
42558.64101631522, 81, -1.0
42560.723280644794, 169, 1.0
42561.27225974136, 123, -1.0
42561.75733833724, 157, -1.0
42563.844168906406, 148, -1.0
42566.40318668558, 91, 1.0
42567.25457371987, 71, 1.0
42568.036467546066, 142, 1.0
42568.1632595236, 29, -1.0
42568.199673385454, 126, -1.0
42569.243792904985, 155, -1.0
42570.02161956755, 72, 1.0
42571.60358507143, 80, -1.0
42572.260871202176, 75, -1.0
42572.51711834785, 41, -1.0
42572.519404245664, 50, -1.0
42573.3229438478, 85, 1.0
42573.68160887646, 45, -1.0
42575.03817690809, 97, -1.0
42575.11836959518, 148, -1.0
42575.31198284641, 193, 1.0
42575.69139675605, 198, -1.0
42576.55467060978, 198, -1.0
42577.24719577439, 103, 1.0
42578.54766481992, 102, -1.0
42579.84350882258, 90, -1.0
42580.18756507878, 151, -1.0
42581.14616935678, 76, -1.0
42583.395529007015, 116, 1.0
42584.251591216125, 27, 1.0
42584.70098893366, 130, -1.0
42584.724410314106, 137, 1.0
42589.83677375723, 76, -1.0
42590.494819264146, 59, 1.0
42592.24230391264, 80, -1.0
42593.60653142901, 169, -1.0
42595.77356089665, 67, 1.0
42596.60124587804, 108, -1.0
42597.20968923904, 170, -1.0
42599.118877772125, 64, -1.0
42599.37725213233, 167, -1.0
42600.10317289526, 58, 1.0
42600.30991872256, 75, 1.0
42600.985814537766, 101, 1.0
42603.96206596468, 71, -1.0
42604.61473344741, 119, -1.0
42605.3489147828, 169, 1.0
42609.55738083286, 46, -1.0
42609.97804858881, 112, -1.0
42610.719166122966, 40, 1.0
42611.4431052281, 71, 1.0
42612.20102602879, 89, -1.0
42612.30390484685, 142, -1.0
42613.47414830875, 146, -1.0
42615.92097658889, 126, 1.0
42616.3316562915, 103, -1.0
42617.52856055715, 67, -1.0
42619.85486520119, 96, 1.0
42621.46021283571, 119, -1.0
42621.818615131975, 55, 1.0
42624.442169383256, 26, -1.0
42624.61370602725, 163, -1.0
42625.63661598938, 234, 1.0
42626.91338786638, 60, 1.0
42628.55005758872, 104, 1.0
42628.80101216933, 103, -1.0
42630.577307354484, 126, -1.0
42631.26732535118, 163, -1.0
42631.813922019996, 130, -1.0
42631.85974283557, 165, -1.0
42632.16955534357, 105, 1.0
42632.95833337262, 120, -1.0
42634.226642418456, 44, -1.0
42636.39677094195, 154, 1.0
42636.43107938112, 83, 1.0
42637.29220155279, 29, -1.0
42637.58080709112, 100, -1.0
42639.49139369284, 164, -1.0
42640.10936498525, 152, -1.0
42642.45773211622, 75, -1.0
42645.04705849847, 142, -1.0
42647.22635073508, 44, -1.0
42649.05533694727, 146, -1.0
42649.76699871123, 67, -1.0
42655.19507340671, 87, -1.0
42655.93844381611, 137, -1.0
42656.75776911541, 52, -1.0
42658.56061579171, 123, -1.0
42659.8577967154, 89, 1.0
42660.608841880734, 193, -1.0
42661.29154883261, 182, 1.0
42662.23783696787, 109, 1.0
42662.36170849238, 137, -1.0
42663.05901988537, 103, 1.0
42663.22124967579, 59, -1.0
42664.38132054042, 149, -1.0
42665.02638114522, 45, 1.0
42667.33108255714, 34, -1.0
42667.8194451484, 177, -1.0
42668.78069965071, 58, 1.0
42671.935696871325, 230, -1.0
42672.874354673826, 52, 1.0
42674.002111425194, 44, -1.0
42676.56753526109, 67, -1.0
42677.00322061383, 53, 1.0
42677.09538692597, 169, -1.0
42677.89853954659, 91, -1.0
42678.187149966136, 58, 1.0
42678.947375971315, 169, -1.0
42679.106870610194, 27, 1.0
42680.437498576226, 59, 1.0
42683.091455118316, 160, -1.0
42683.61508419876, 59, 1.0
42684.65267628041, 40, -1.0
42684.68987737337, 105, -1.0
42684.69618612949, 165, 1.0
42684.819531514986, 116, 1.0
42687.807326642396, 88, -1.0
42688.354253441066, 68, -1.0
42689.036494935324, 164, -1.0
42689.23045820471, 58, -1.0
42689.301289013914, 114, -1.0
42690.66450152228, 153, -1.0
42690.79894357229, 81, -1.0
42694.4496497242, 34, 1.0
42695.83959142187, 87, -1.0
42697.80310695086, 103, 1.0
42698.87734525653, 130, -1.0
42699.56283053041, 170, -1.0
42702.116729809495, 71, -1.0
42703.82283932916, 97, -1.0
42705.3977984685, 53, 1.0
42707.25793332609, 72, 1.0
42707.89633032624, 165, -1.0
42710.7920252495, 233, -1.0
42712.27336864846, 235, -1.0
42715.42731640843, 35, 1.0
42715.883799602416, 103, -1.0
42718.44927847117, 35, -1.0
42720.77539648392, 76, -1.0
42723.64613730782, 87, -1.0
42724.15923279905, 126, -1.0
42725.549817460866, 128, -1.0
42727.06703726704, 86, 1.0
42727.21555588874, 97, -1.0
42727.248154750094, 148, -1.0
42729.528203870825, 81, -1.0
42729.72655770545, 39, -1.0
42732.249165312634, 118, -1.0
42732.608091785245, 62, -1.0
42732.61478053204, 169, -1.0
42733.6356203812, 149, -1.0
42733.97085333538, 101, 1.0
42734.70521948907, 235, 1.0
42734.86986333983, 58, -1.0
42734.990523031556, 72, 1.0
42736.47404973976, 27, -1.0
42738.32465628148, 146, 1.0
42738.59453434959, 82, 1.0
42738.85773906402, 70, -1.0
42741.4203021813, 202, -1.0
42741.8296223283, 71, -1.0
42742.85869550325, 44, -1.0
42743.86255481739, 94, 1.0
42744.12899125113, 118, -1.0
42744.35857949014, 97, -1.0
42744.61202522627, 162, -1.0
42744.98284824473, 182, -1.0
42745.7245581771, 31, 1.0
42745.76730211024, 166, -1.0
42749.23473036696, 40, 1.0
42750.292234479704, 50, 1.0
42750.76183361305, 91, -1.0
42750.9583181123, 119, -1.0
42751.53300715542, 86, -1.0
42751.85405761912, 44, 1.0
42752.07324883286, 152, 1.0
42752.60112920926, 133, 1.0
42753.08874230558, 31, 1.0
42756.24753481234, 102, -1.0
42756.56627762578, 71, 1.0
42756.74318227757, 92, -1.0
42756.76354416038, 198, -1.0
42757.477577379206, 84, -1.0
42757.65143510392, 35, 1.0
42758.54362975938, 167, 1.0
42762.725373604386, 193, -1.0
42764.51379611799, 53, 1.0
42765.44111538466, 71, 1.0
42765.52036640154, 53, -1.0
42766.291687747915, 95, -1.0
42767.71482629614, 83, -1.0
42770.245146405534, 164, -1.0
42770.72703960197, 58, 1.0
42772.03320652452, 68, -1.0
42773.73896816965, 83, -1.0
42776.197625372486, 71, -1.0
42776.31607875307, 152, 1.0
42777.44229033957, 162, -1.0
42779.67207767615, 118, -1.0
42779.78764041363, 44, -1.0
42780.22275845257, 113, 1.0
42780.54395151702, 113, -1.0
42780.62333509698, 99, 1.0
42783.193435148765, 109, -1.0
42786.18392410398, 92, -1.0
42786.375863771274, 110, 1.0
42787.6717346362, 111, -1.0
42788.36273717193, 27, -1.0
42790.047490091, 171, -1.0
42791.263448503465, 99, 1.0
42791.40058897938, 146, -1.0
42793.80624038333, 92, -1.0
42793.89646432537, 40, -1.0
42795.5887863879, 222, -1.0
42799.21556982141, 98, -1.0
42799.552366122865, 233, -1.0
42799.64026310173, 142, -1.0
42800.69590204969, 142, 1.0
42801.683903206234, 90, -1.0
42802.146181425574, 154, -1.0
42802.38621726, 163, -1.0
42802.43647750326, 108, -1.0
42802.61511656237, 58, 1.0
42806.205973518685, 53, -1.0
42808.00487650033, 141, 1.0
42810.37504153976, 58, 1.0
42812.111358550785, 68, 1.0
42812.58384576087, 137, -1.0
42812.65682350345, 165, -1.0
42814.318916754666, 114, -1.0
42817.13990538448, 56, -1.0
42817.88481164603, 75, 1.0
42818.70368954719, 73, -1.0
42822.03966366032, 95, 1.0
42822.437158728324, 230, 1.0
42823.32084667557, 146, -1.0
42823.85377142087, 72, -1.0
42827.3238663956, 155, 1.0
42828.81454882628, 90, -1.0
42828.932469042156, 71, -1.0
42829.153292907075, 146, 1.0
42830.07676971641, 88, -1.0
42830.27938482955, 114, 1.0
42833.09511829254, 146, 1.0
42834.55435463213, 228, 1.0
42835.89480508978, 75, 1.0
42836.67915030774, 142, 1.0
42836.81066612637, 76, 1.0
42836.949440838616, 87, 1.0
42840.244991501066, 58, 1.0
42840.45312577389, 64, -1.0
42841.40512769161, 73, -1.0
42842.97941443028, 68, -1.0
42843.32572598668, 100, -1.0
42843.84152618529, 149, -1.0
42844.25252994785, 158, 1.0
42846.411333665565, 29, -1.0
42846.700109087906, 241, 1.0
42849.31172651464, 65, 1.0
42850.3261211126, 58, -1.0
42850.42585544042, 59, -1.0
42851.27662104489, 101, 1.0
42852.11985046616, 114, -1.0
42855.1786466165, 150, -1.0
42856.35327533845, 32, -1.0
42856.39371248855, 157, 1.0
42857.02815774446, 48, 1.0
42857.07985186172, 46, -1.0
42858.189286377, 92, -1.0
42860.52102580364, 71, 1.0
42863.82566778734, 35, 1.0
42863.85626709708, 148, -1.0
42864.229696313494, 50, -1.0
42864.519278830805, 126, -1.0
42864.77486771764, 157, 1.0
42865.91745913448, 32, -1.0
42866.16450027075, 76, -1.0
42867.94557794083, 116, 1.0
42868.27948977627, 87, 1.0
42868.73832031101, 193, -1.0
42869.012154291784, 142, -1.0
42871.05677753905, 73, -1.0
42872.16577159476, 142, -1.0
42872.238310775865, 82, -1.0
42874.24375137083, 83, -1.0
42874.873825924245, 147, -1.0
42878.97817700649, 73, 1.0
42880.09634898733, 62, -1.0
42881.12090564749, 101, -1.0
42885.99970737593, 76, -1.0
42887.535808011904, 169, 1.0
42887.829273435076, 198, -1.0
42892.02129600104, 67, 1.0
42892.29545110484, 146, 1.0
42892.31085553828, 72, 1.0
42893.38549084336, 233, -1.0
42893.90509171421, 71, 1.0
42894.27093044188, 32, 1.0
42895.293443699615, 228, 1.0
42895.34481155136, 114, 1.0
42896.682330051546, 69, -1.0
42897.77064344316, 129, 1.0
42898.41904889208, 45, -1.0
42902.95562287145, 95, 1.0
42904.37548300497, 43, -1.0
42907.386828335344, 114, 1.0
42908.35422255844, 43, -1.0
42910.06181570475, 141, 1.0
42910.22581700864, 165, -1.0
42912.14014815324, 104, 1.0
42914.03194355499, 124, 1.0
42914.13816136338, 34, 1.0
42915.71731466898, 100, -1.0
42916.304574039365, 67, -1.0
42917.36427913201, 165, -1.0
42918.78701787978, 68, -1.0
42919.27826247076, 163, -1.0
42922.68180986904, 61, -1.0
42926.417588709635, 59, -1.0
42927.789584809696, 76, -1.0
42927.87784761746, 177, -1.0
42928.54514729626, 44, -1.0
42932.34381141936, 64, -1.0
42932.57994129935, 29, -1.0
42934.46948792171, 64, 1.0
42938.049720140145, 75, 1.0
42939.68363461959, 114, -1.0
42940.429884253426, 83, -1.0
42941.96874343153, 126, -1.0
42942.91888511604, 46, -1.0
42943.0325717174, 87, -1.0
42943.1431003552, 66, 1.0
42943.65168408643, 33, -1.0
42948.02103006815, 34, 1.0
42948.52703185164, 50, -1.0
42949.96021554813, 154, -1.0
42950.77253658124, 71, 1.0
42950.822431143984, 28, 1.0
42952.02693354127, 109, -1.0
42954.98055480668, 130, -1.0
42955.33842379723, 177, -1.0
42955.52279026172, 58, -1.0
42956.70669318123, 180, -1.0
42956.95465568006, 58, -1.0
42958.57603190799, 82, 1.0
42958.66739510612, 171, 1.0
42959.579094850575, 43, -1.0
42959.961740087114, 114, -1.0
42960.63075273714, 53, 1.0
42960.94579126541, 129, 1.0
42962.36051171496, 64, -1.0
42962.62462418644, 103, 1.0
42964.352670415494, 64, -1.0
42965.67129270827, 128, -1.0
42967.423003309385, 230, 1.0
42967.91843357819, 165, 1.0
42968.01521680313, 202, -1.0
42968.47195122596, 116, 1.0
42970.457058678425, 126, -1.0
42971.283683397785, 165, -1.0
42971.405059419776, 82, -1.0
42972.60325212479, 50, -1.0
42973.9906699829, 40, -1.0
42975.52783345765, 164, -1.0
42976.64284280808, 137, -1.0
42978.55712713524, 141, 1.0
42979.032882695385, 89, -1.0
42979.34580142172, 98, 1.0
42979.70036394759, 92, -1.0
42980.54312320421, 58, -1.0
42981.76439077099, 142, -1.0
42982.542109695845, 56, -1.0
42983.336899582646, 235, 1.0
42985.10078720816, 81, -1.0
42986.53532416184, 26, -1.0
42987.85348968978, 235, -1.0
42989.50043993564, 45, 1.0
42990.16515114387, 230, -1.0
42991.156671477715, 149, -1.0
42992.4756855504, 53, 1.0
42992.78475822729, 40, -1.0
42992.8103757975, 159, 1.0
42993.28146714047, 165, -1.0
42996.29145872713, 64, 1.0
43002.73480631999, 188, -1.0
43003.186076728765, 162, 1.0
43004.96458591344, 148, 1.0
43005.45794421522, 161, -1.0
43005.64027274756, 99, 1.0
43007.23250129683, 101, 1.0
43008.161581716595, 87, -1.0
43008.224178975055, 117, -1.0
43008.53906199481, 142, 1.0
43009.06760435944, 137, 1.0
43011.39938121912, 154, -1.0
43011.74122761649, 75, 1.0
43012.72341530069, 83, -1.0
43015.23070752919, 165, -1.0
43015.71226484182, 187, 1.0
43015.92409579366, 39, -1.0
43018.16532780394, 90, -1.0
43018.7029853737, 41, 1.0
43020.15443256938, 105, -1.0
43020.19085412169, 112, 1.0
43022.54685751116, 164, 1.0
43023.86215897779, 99, -1.0
43026.498585150795, 71, -1.0
43027.73904395072, 72, -1.0
43028.36802274933, 40, -1.0
43028.82773588927, 58, 1.0
43032.102546558286, 154, -1.0
43032.76344986017, 114, 1.0
43037.147358653754, 40, 1.0
43037.312784918024, 110, 1.0
43038.61136169049, 58, -1.0
43040.402328426215, 160, -1.0
43043.917142341015, 45, 1.0
43044.55516833391, 99, -1.0
43045.388927462875, 104, -1.0
43045.63938702611, 164, 1.0
43046.12543798486, 133, 1.0
43046.12830102465, 67, 1.0
43046.639940902685, 87, -1.0
43046.70324381459, 62, -1.0
43047.92655492915, 165, -1.0
43048.50630301403, 106, -1.0
43050.295685846446, 71, 1.0
43052.07273379819, 86, -1.0
43052.513396777955, 202, -1.0
43053.73280256136, 64, 1.0
43053.79887817935, 165, -1.0
43055.98928204867, 40, 1.0
43056.50708924694, 39, -1.0
43056.66244370302, 43, -1.0
43059.40378896444, 70, 1.0
43061.58926968734, 48, 1.0
43065.54810605437, 154, -1.0
43067.9517564235, 101, 1.0
43068.218590622964, 40, 1.0
43069.06534714743, 167, -1.0
43069.54288309465, 45, -1.0
43069.647924625766, 116, 1.0
43071.14053934253, 44, -1.0
43071.37472443191, 164, -1.0
43072.541793334996, 130, 1.0
43072.86044426478, 147, 1.0
43074.423966370014, 113, -1.0
43077.613697304485, 101, -1.0
43078.16916203711, 69, -1.0
43079.80637233032, 83, -1.0
43080.361554816955, 40, -1.0
43083.489434144896, 50, 1.0
43084.661630224364, 198, 1.0
43085.11187305577, 35, -1.0
43085.79628809712, 40, -1.0
43085.99597313978, 164, -1.0
43088.43934937421, 35, -1.0
43089.20591485291, 54, 1.0
43089.471392607724, 87, -1.0
43089.89134938767, 98, -1.0
43089.916660872135, 86, -1.0
43089.97809970038, 101, -1.0
43090.920961793454, 34, 1.0
43093.136691568645, 81, 1.0
43093.36233535575, 64, 1.0
43094.24408158036, 234, 1.0
43094.2915158072, 157, 1.0
43096.71858110589, 159, -1.0
43097.31530242118, 116, -1.0
43098.47707813534, 67, -1.0
43098.55097188256, 116, -1.0
43098.98383632571, 141, -1.0
43099.230747893824, 106, -1.0
43099.48102826517, 58, -1.0
43100.14620278348, 67, 1.0
43103.83113577457, 64, 1.0
43104.263005391505, 103, 1.0
43104.61187464975, 100, -1.0
43104.85982849215, 193, -1.0
43105.540074971366, 62, 1.0
43105.87196333933, 105, 1.0
43107.96770731739, 177, -1.0
43108.74118401613, 70, -1.0
43109.30689712652, 150, -1.0
43111.65294141029, 82, -1.0
43113.535675737396, 167, -1.0
43114.091573849444, 51, -1.0
43114.91597155098, 164, 1.0
43115.04306672288, 35, -1.0
43115.37667048461, 159, 1.0
43115.53098016232, 114, 1.0
43116.419458699405, 81, 1.0
43116.4615222695, 76, 1.0
43118.48578370541, 118, 1.0
43118.98967597027, 142, 1.0
43119.83175166321, 182, -1.0
43120.08321854978, 122, 1.0
43121.1600734521, 163, -1.0
43121.844607080624, 108, -1.0
43124.86039761727, 48, -1.0
43126.96549423969, 83, -1.0
43127.33784523824, 110, 1.0
43129.02467825627, 40, -1.0
43130.44444400456, 108, 1.0
43131.42063242928, 59, 1.0
43132.20481268057, 82, -1.0
43132.24999140337, 27, -1.0
43132.92433253596, 173, -1.0
43133.4491494018, 106, -1.0
43133.6251944475, 100, -1.0
43134.21296495756, 28, -1.0
43135.96907223171, 75, 1.0
43136.77541631734, 119, 1.0
43136.981997033894, 164, -1.0
43138.94192232492, 148, -1.0
43139.87484614601, 162, 1.0
43140.25125886245, 228, 1.0
43140.465929317856, 119, 1.0
43140.94468275716, 67, -1.0
43143.184437425916, 41, 1.0
43143.21434241371, 193, -1.0
43145.12742263291, 89, -1.0
43145.22593356871, 165, 1.0
43148.762372235884, 97, 1.0
43149.17120034572, 142, -1.0
43150.92994592176, 70, -1.0
43155.03656995927, 114, -1.0
43157.10611788537, 67, -1.0
43157.9607387693, 92, 1.0
43158.231218124616, 182, -1.0
43159.220771430235, 210, 1.0
43159.346037090356, 91, -1.0
43160.500271791476, 84, -1.0
43161.575070708685, 137, -1.0
43162.7947634385, 163, -1.0
43163.74518348366, 162, -1.0
43165.47790053248, 141, 1.0
43166.34296972963, 119, -1.0
43166.678840627625, 148, -1.0
43168.040215457666, 148, -1.0
43168.07121459452, 142, -1.0
43170.06358341354, 165, -1.0
43170.99350333411, 158, -1.0
43172.81529529994, 153, -1.0
43173.91329087159, 71, 1.0
43173.917636145976, 148, -1.0
43174.19077691445, 87, -1.0
43175.18339226689, 165, 1.0
43176.36937129114, 96, 1.0
43177.255330995176, 193, -1.0
43178.198855853676, 139, -1.0
43178.42395420556, 159, -1.0
43181.33833017033, 35, 1.0
43181.8404385331, 27, -1.0
43182.824572246675, 82, -1.0
43183.36122596354, 46, -1.0
43183.98696931064, 94, 1.0
43184.63280190182, 148, -1.0
43186.70715232665, 171, -1.0
43187.44317349309, 48, -1.0
43188.998390794506, 71, -1.0
43189.311369117495, 165, 1.0
43189.74194596859, 112, -1.0
43190.74130871742, 165, 1.0
43191.243361289, 43, 1.0
43192.189626343396, 83, -1.0
43192.70210159242, 99, -1.0
43193.561836277375, 235, 1.0
43193.84021008114, 116, 1.0
43195.17565114713, 110, -1.0
43195.81087576063, 153, -1.0
43196.88521492743, 124, -1.0
43198.06510792402, 103, 1.0
43199.11527950274, 153, 1.0
43199.51763898293, 53, -1.0
43199.641570670574, 148, 1.0
