61225.306038621486, 83, 1.0
61231.98989335437, 54, -1.0
61251.792288031655, 59, 1.0
61259.4173453229, 101, -1.0
61286.50648309235, 59, 1.0
61289.99214770092, 101, 1.0
61294.383382138854, 59, 1.0
61294.78990427137, 83, 1.0
61298.38582268466, 59, -1.0
61302.6276657859, 59, -1.0
61307.27187594999, 83, -1.0
61316.97432184324, 54, 1.0
61327.566450235434, 133, -1.0
61330.26087408376, 83, 1.0
61331.361296538096, 117, -1.0
61336.39784967569, 101, -1.0
61347.11567948453, 83, 1.0
61370.392766336314, 101, 1.0
61371.99703024106, 104, 1.0
61376.625193356165, 83, 1.0
61383.00190786329, 133, -1.0
61383.99652766083, 117, -1.0
61401.375559252374, 101, -1.0
61402.66660401691, 133, -1.0
61403.96745512166, 54, -1.0
61420.41799268646, 59, -1.0
61437.15659485799, 117, 1.0
61447.33618614492, 54, -1.0
61466.10485463202, 59, -1.0
61474.329443770286, 83, 1.0
61475.30157478156, 101, -1.0
61486.19870493548, 54, -1.0
61491.86460014534, 59, -1.0
61518.11284400319, 117, -1.0
61521.56573528581, 54, 1.0
61526.85445250942, 54, -1.0
61526.96352310041, 117, -1.0
61539.800124638336, 59, 1.0
61546.65348806289, 133, 1.0
61596.090371514845, 83, 1.0
61597.370356286236, 83, 1.0
61600.21994340194, 54, -1.0
61602.55405333875, 59, 1.0
61622.93064486363, 83, 1.0
61627.77458291642, 59, 1.0
61636.527572336134, 59, -1.0
61649.077728778415, 101, -1.0
61656.98755553404, 133, -1.0
61687.457582789866, 59, -1.0
61702.56759429271, 59, -1.0
61703.83251910478, 59, -1.0
61722.73437083492, 101, 1.0
61731.36066837516, 54, 1.0
61732.516091738624, 83, 1.0
61752.28257907569, 101, -1.0
61763.70003962156, 83, 1.0
61772.47686495276, 133, -1.0
61772.64394354059, 59, 1.0
61776.698036832684, 101, 1.0
61791.564944038284, 117, -1.0
61794.25026381001, 133, -1.0
61794.459945563445, 83, 1.0
61794.96424983385, 83, 1.0
61795.69800259468, 59, 1.0
61797.618079106665, 54, 1.0
61884.69852844041, 83, 1.0
61885.403417075475, 59, -1.0
61886.270841569494, 83, 1.0
61897.41753914557, 83, 1.0
61902.00671669875, 101, -1.0
61914.494813319994, 54, 1.0
61916.523299942644, 83, 1.0
61917.330178420285, 83, 1.0
61926.351703797096, 83, 1.0
61936.167905218244, 133, -1.0
61940.458366600695, 83, 1.0
61945.403767002266, 59, 1.0
61948.4002157493, 59, -1.0
61961.70229757579, 83, 1.0
61975.339545253126, 59, -1.0
61978.04611224496, 83, 1.0
61988.83814419289, 59, 1.0
61992.006116983226, 83, 1.0
61998.2169768504, 83, 1.0
61999.94112708202, 54, -1.0
62001.48280212682, 59, -1.0
62001.58748600602, 83, -1.0
62019.66891780599, 59, -1.0
62037.74207736219, 59, 1.0
62047.5392016204, 59, -1.0
62055.07101429747, 117, -1.0
62074.85512622036, 117, -1.0
62075.2657320603, 83, -1.0
62078.634357005925, 54, -1.0
62080.23640497427, 83, 1.0
62080.50609694665, 59, 1.0
62090.299270120384, 83, 1.0
62110.41386889429, 83, 1.0
62113.370162665546, 83, 1.0
62124.94721262746, 59, -1.0
62125.910987211275, 59, 1.0
62126.38000149185, 133, -1.0
62158.110228329984, 101, -1.0
62161.48611421722, 83, -1.0
62167.281411384225, 83, -1.0
62169.23538886217, 54, -1.0
62172.146462562, 83, 1.0
62175.5845723385, 59, -1.0
62180.53912659487, 83, -1.0
62183.47597477641, 59, -1.0
62196.869428808706, 83, 1.0
62202.52094795629, 59, -1.0
62204.01496968919, 133, 1.0
62210.5472725741, 117, 1.0
62212.69273634725, 83, 1.0
62219.31402097033, 83, 1.0
62222.76500047378, 59, -1.0
62227.80977941848, 83, 1.0
62229.87399647375, 54, 1.0
62245.802971998026, 101, -1.0
62277.07711928274, 101, -1.0
62292.2343765815, 83, 1.0
62311.23475083657, 101, -1.0
62326.81294886707, 59, -1.0
62328.69893856975, 133, 1.0
62341.9437281536, 83, 1.0
62352.799155904264, 70, -1.0
62358.502464855905, 117, -1.0
62358.71281969964, 101, -1.0
62365.56661723453, 117, 1.0
62371.82575640721, 83, 1.0
62376.105133934056, 117, -1.0
62380.79397583925, 133, -1.0
62395.56405511433, 54, 1.0
62401.07171751922, 54, 1.0
62411.04868684577, 133, 1.0
62424.71611903522, 54, -1.0
62434.793914519876, 83, -1.0
62440.71507400534, 59, 1.0
62440.852370298424, 83, -1.0
62452.484717656815, 59, -1.0
62468.738976621855, 70, -1.0
62473.85041535476, 59, -1.0
62475.76857440837, 59, 1.0
62476.29890484097, 83, 1.0
62485.80154814804, 59, 1.0
62488.933457703184, 54, -1.0
62503.930618915954, 59, 1.0
62519.958441288974, 117, -1.0
62548.96588961409, 101, 1.0
62550.073373638945, 54, -1.0
62574.160239243756, 83, 1.0
62593.78289888751, 117, 1.0
62595.822678399876, 59, -1.0
62599.829883408725, 54, -1.0
62604.11282704414, 54, 1.0
62614.68473633947, 54, -1.0
62617.60343682501, 59, -1.0
62649.755506589274, 101, 1.0
62655.67786449444, 59, 1.0
62656.97138087425, 59, -1.0
62662.95060116121, 59, 1.0
62673.5658920211, 83, 1.0
62684.688391747135, 54, -1.0
62721.93266830715, 117, -1.0
62731.21648510902, 54, 1.0
62752.39441766703, 59, -1.0
62753.5407301149, 101, 1.0
62756.40915145718, 59, 1.0
62760.59566770643, 59, 1.0
62764.223540652856, 117, -1.0
62775.475232830584, 117, -1.0
62794.805872409626, 59, -1.0
62802.09129991157, 83, -1.0
62815.652387756956, 59, 1.0
62824.635013626015, 54, -1.0
62833.92121983901, 117, -1.0
62835.86937407864, 59, -1.0
62839.95331887739, 83, -1.0
62856.35737875767, 101, 1.0
62860.40447183907, 104, 1.0
62884.5293633059, 83, 1.0
62908.517741900534, 59, -1.0
62924.02476938615, 54, 1.0
62924.81016674795, 104, 1.0
62949.08996488419, 59, -1.0
62949.308173010715, 117, -1.0
62950.737195700975, 104, 1.0
62960.22457118351, 54, -1.0
62962.087171250554, 133, 1.0
62966.27504690239, 59, -1.0
62969.89059821953, 83, 1.0
63021.465962385424, 83, 1.0
63044.45880251, 83, 1.0
63073.831674670306, 59, 1.0
63089.535810395726, 101, 1.0
63109.862074230965, 117, -1.0
63129.26729002908, 54, 1.0
63142.32221426728, 59, 1.0
63146.17515898705, 59, -1.0
63150.045512810204, 59, -1.0
63155.266508964254, 83, -1.0
63166.385793126086, 54, -1.0
63178.72812239148, 54, -1.0
63181.56057030164, 101, -1.0
63186.21580103656, 54, 1.0
63186.91879609085, 54, -1.0
63188.122957250394, 117, -1.0
63189.33451081744, 101, 1.0
63192.987304800154, 117, 1.0
63200.34428599616, 117, 1.0
63201.604992884706, 83, 1.0
63203.59816577276, 54, 1.0
63206.14354095443, 59, 1.0
63207.31526063552, 133, -1.0
63216.74644515894, 83, 1.0
63219.53450519839, 133, -1.0
63238.2525787947, 59, -1.0
63242.44231732438, 101, -1.0
63262.78467437626, 59, -1.0
63264.81715353397, 101, -1.0
63271.825333394336, 59, 1.0
63302.895222044506, 133, -1.0
63303.84379412448, 117, -1.0
63350.54978457183, 59, 1.0
63352.53839197827, 101, -1.0
63354.12470952081, 59, 1.0
63355.14283377081, 59, 1.0
63379.4939775496, 133, 1.0
63385.70766778103, 59, -1.0
63386.212600448955, 54, 1.0
63409.91730650434, 101, -1.0
63415.11628274499, 101, 1.0
63419.33606760578, 59, -1.0
63426.003960920054, 101, -1.0
63434.42521612319, 83, 1.0
63446.4838464299, 59, 1.0
63459.40835393912, 117, 1.0
63460.06208097712, 54, -1.0
63476.50018836791, 59, -1.0
63480.718319122796, 59, 1.0
63494.5703874962, 83, 1.0
63504.36691327341, 117, -1.0
63505.43320256772, 101, 1.0
63519.94011446837, 83, -1.0
63527.2048953246, 59, 1.0
63527.22111809774, 83, 1.0
63540.73653088796, 83, -1.0
63541.9544499156, 59, 1.0
63551.38491073272, 54, -1.0
63556.84002520592, 101, 1.0
63565.79482149132, 133, -1.0
63566.9673271233, 59, -1.0
63587.42370286987, 101, -1.0
63604.41896167562, 54, 1.0
63610.34355822509, 133, -1.0
63613.05900370921, 101, -1.0
63615.07343799668, 101, 1.0
63634.6856360255, 59, -1.0
63636.82795642319, 83, 1.0
63638.160118280655, 59, -1.0
63656.560494906575, 133, -1.0
63660.524388098915, 59, -1.0
63665.281514219634, 117, -1.0
63667.75132611754, 83, -1.0
63691.51116337049, 133, -1.0
63707.42564626895, 104, 1.0
63715.81679988367, 104, 1.0
63719.38532249197, 59, -1.0
63732.59203533639, 54, -1.0
63736.33738558346, 54, -1.0
63738.23495665671, 83, 1.0
63741.3171732769, 133, -1.0
63743.42901057037, 133, -1.0
63746.77730267, 101, -1.0
63750.98984488956, 54, 1.0
63766.3344094269, 59, 1.0
63778.21672219995, 59, 1.0
63780.48918368104, 104, 1.0
63785.14971447467, 83, 1.0
63791.88422804468, 59, -1.0
63806.76254618271, 101, 1.0
63812.85563367163, 59, -1.0
63829.143189493116, 101, 1.0
63835.70992967454, 101, -1.0
63837.31480239442, 54, -1.0
63843.653949074396, 133, -1.0
63864.321483952765, 83, 1.0
63889.99449668274, 59, -1.0
63899.815974816134, 70, -1.0
63910.41426317978, 133, 1.0
63926.68709387419, 117, 1.0
63935.572456226306, 70, -1.0
63937.42482735761, 59, 1.0
63938.844904795274, 101, 1.0
63955.92927566092, 54, -1.0
63959.137055451756, 59, -1.0
63969.02707604481, 59, 1.0
63997.74709198241, 83, 1.0
64010.54190547394, 104, 1.0
64015.29950273819, 83, 1.0
64035.12567753911, 59, -1.0
64053.37405323517, 59, -1.0
64054.24242644945, 101, 1.0
64055.74663868784, 83, 1.0
64073.28923229105, 83, -1.0
64102.80473416946, 83, -1.0
64129.89761125375, 117, -1.0
64133.13852093545, 54, -1.0
64140.15530846343, 54, -1.0
64148.89997275511, 104, 1.0
64150.89297494417, 83, 1.0
64151.42814670347, 54, -1.0
64153.580265429046, 101, 1.0
64157.60084682392, 83, -1.0
64159.84900468053, 83, -1.0
64160.87742154264, 54, -1.0
64206.14544838415, 101, 1.0
64211.988090192666, 104, 1.0
64218.61983280609, 83, 1.0
64223.24809329408, 101, 1.0
64230.25595453732, 101, -1.0
64238.22595987945, 59, -1.0
64243.33885297951, 59, -1.0
64246.561192214365, 54, -1.0
64248.954330467954, 104, 1.0
64265.53390730428, 101, -1.0
64270.42681330284, 133, -1.0
64277.227522532616, 59, 1.0
64292.90904963628, 59, -1.0
64310.649354542955, 133, -1.0
64318.743293507876, 59, -1.0
64321.511820160216, 117, -1.0
64322.114438290366, 59, 1.0
64325.06508423106, 83, 1.0
64331.7440508307, 101, 1.0
64362.222464823026, 83, -1.0
64372.98411889512, 59, -1.0
64375.36783013588, 59, -1.0
64376.52081766205, 83, 1.0
64400.131028548, 83, 1.0
64416.0911575892, 54, -1.0
64418.37296752391, 59, -1.0
64425.41477357503, 70, -1.0
64430.78769275381, 59, 1.0
64450.13340471769, 54, -1.0
64453.77177173772, 101, 1.0
64476.14942300437, 59, -1.0
64489.59288855625, 117, -1.0
64490.24835740263, 59, -1.0
64510.15393984498, 59, 1.0
64515.93156494646, 101, -1.0
64518.53834986023, 54, -1.0
64524.810834299045, 59, 1.0
64525.46852388637, 59, 1.0
64527.34753066192, 101, 1.0
64546.3007475867, 59, -1.0
64568.5872597835, 83, -1.0
64576.68825650862, 59, 1.0
64586.44735558084, 59, -1.0
64591.83211022853, 83, 1.0
64610.709763091254, 101, 1.0
64612.66177699913, 101, 1.0
64618.75653438439, 83, 1.0
64621.30338634236, 133, -1.0
64623.94757151437, 59, 1.0
64643.26475500507, 70, -1.0
64655.96372976669, 83, 1.0
64664.47722916763, 133, -1.0
64673.33791944961, 59, -1.0
64683.67809658849, 133, -1.0
64687.408692692254, 54, -1.0
64695.26616409189, 59, -1.0
64707.58399838006, 83, 1.0
64737.43699820578, 59, 1.0
64764.71969883499, 83, 1.0
64784.74419427654, 54, -1.0
64784.859268256194, 59, 1.0
64787.05821437568, 59, -1.0
64793.180843752976, 117, 1.0
64793.62467021326, 101, 1.0
64798.43506626752, 59, 1.0
64823.23640797106, 59, -1.0
64844.43060483401, 83, 1.0
64844.588970695375, 133, -1.0
64855.162534710806, 59, 1.0
64872.83249839851, 59, 1.0
64898.46470339632, 83, 1.0
64912.39043608065, 59, 1.0
64922.43622477881, 59, 1.0
64923.78325508999, 117, 1.0
64942.24801009248, 59, 1.0
64956.156311422485, 59, 1.0
64975.70274889831, 101, -1.0
64975.79352557594, 59, 1.0
64979.46999884765, 101, -1.0
64981.33044306201, 59, 1.0
65005.59708232835, 54, -1.0
65035.71646237294, 54, 1.0
65045.46873025955, 83, 1.0
65076.75570385014, 59, -1.0
65104.54149450418, 54, -1.0
65133.737029097596, 83, 1.0
65156.65072217798, 59, 1.0
65162.6078720341, 101, 1.0
65165.63423170721, 101, -1.0
65180.63398566056, 70, 1.0
65193.261875121134, 83, 1.0
65223.838470368595, 70, 1.0
65245.4097977383, 83, 1.0
65245.6514200443, 101, 1.0
65261.738491538126, 54, -1.0
65290.07132642242, 101, -1.0
65305.84892047709, 83, 1.0
65314.26166088421, 101, -1.0
65332.40072139309, 101, -1.0
65333.48555842315, 133, -1.0
65348.40848311223, 101, 1.0
65349.04371086425, 59, -1.0
65372.09843107825, 59, 1.0
65388.043681488496, 54, 1.0
65392.78369265268, 59, -1.0
65394.61164989486, 59, -1.0
65417.456161261274, 59, 1.0
65429.56774302924, 59, 1.0
65431.98732328023, 101, 1.0
65446.3543900597, 54, 1.0
65454.411256447456, 133, -1.0
65466.11036983562, 101, 1.0
65466.861895251364, 59, 1.0
65477.75312767494, 101, -1.0
65499.76912230017, 59, 1.0
65505.198222519655, 117, -1.0
65518.8757283378, 133, -1.0
65531.2414279251, 101, -1.0
65541.72355137217, 101, -1.0
65574.94942969951, 117, -1.0
65580.95246353888, 59, 1.0
65585.22217531802, 59, 1.0
65585.87281241336, 59, 1.0
65599.32059309747, 83, 1.0
65608.04920712305, 59, 1.0
65614.47609272793, 59, -1.0
65661.89650341311, 117, 1.0
65670.3146538861, 54, -1.0
65682.45830184105, 59, 1.0
65716.83538606872, 83, 1.0
65724.31028032252, 59, 1.0
65737.59295888034, 101, -1.0
65742.56591861218, 133, -1.0
65745.24834308658, 59, 1.0
65749.51389072555, 101, -1.0
65787.49339997169, 59, -1.0
65825.92304960395, 133, -1.0
65843.94364421949, 59, 1.0
65845.74063513355, 101, -1.0
65863.84107947374, 117, 1.0
65879.49043243402, 83, 1.0
65881.03357013236, 101, 1.0
65906.84692917623, 59, 1.0
65908.07288980551, 101, -1.0
65913.3009246747, 133, -1.0
65916.21428154166, 59, -1.0
65920.0990012932, 133, -1.0
65950.06556643147, 70, 1.0
65957.30530090709, 101, 1.0
65960.22997092844, 54, 1.0
65966.44545348392, 117, -1.0
65968.39018872479, 59, 1.0
65968.70165108105, 59, 1.0
65983.61378208624, 83, 1.0
65997.847647562, 101, 1.0
66005.30673705864, 59, 1.0
66014.50916242758, 133, -1.0
66025.64773894826, 101, -1.0
66037.58818985864, 59, -1.0
66037.84902094485, 101, -1.0
66039.07542727026, 101, -1.0
66040.51037081951, 54, 1.0
66057.36177431674, 54, 1.0
66059.52183494606, 59, 1.0
66060.89426916576, 133, -1.0
66063.48114968627, 133, 1.0
66075.5164150926, 59, -1.0
66108.64025234885, 101, 1.0
66111.71036002428, 133, 1.0
66113.63759113749, 101, 1.0
66116.29879179304, 59, 1.0
66121.54308208184, 101, -1.0
66132.5893574847, 133, -1.0
66137.49656678832, 104, 1.0
66144.81739361875, 59, -1.0
66147.46190639019, 133, -1.0
66173.77561932552, 101, 1.0
66213.86942534611, 59, 1.0
66251.32862722657, 59, 1.0
66283.0800437807, 101, 1.0
66283.25922476761, 133, -1.0
66291.4004219536, 59, 1.0
66291.8032823865, 59, 1.0
66295.16990319663, 59, 1.0
66321.73417335348, 59, 1.0
66332.60968911473, 59, 1.0
66344.33919054331, 117, -1.0
66347.25277644215, 54, -1.0
66354.87211988898, 70, 1.0
66364.72330441227, 59, -1.0
66375.44563971694, 54, -1.0
66391.80895773132, 101, -1.0
66397.1692056522, 59, -1.0
66399.15612207692, 133, -1.0
66409.44333701712, 101, -1.0
66419.13492220512, 104, 1.0
66428.34213967394, 59, 1.0
66431.7952942224, 54, -1.0
66436.72288933273, 59, 1.0
66460.97592131983, 59, -1.0
66477.02905448456, 133, -1.0
66518.06346057694, 117, 1.0
66548.08738300385, 54, -1.0
66560.81221489012, 59, 1.0
66565.87144348242, 117, -1.0
66570.34728116464, 83, -1.0
66579.11746280537, 83, 1.0
66600.79129375995, 117, -1.0
66621.34246519677, 83, 1.0
66623.77667359845, 59, -1.0
66628.15538635234, 54, -1.0
66629.06373556369, 70, 1.0
66635.2432447388, 101, -1.0
66639.04075610255, 59, -1.0
66647.43860736575, 101, 1.0
66649.80460175808, 101, 1.0
66652.14634557729, 59, 1.0
66656.59557285922, 59, 1.0
66693.70828129743, 59, 1.0
66713.4510346702, 101, 1.0
66734.6500002222, 101, -1.0
66744.7748345438, 54, 1.0
66755.14908577944, 59, 1.0
66756.28899347478, 59, 1.0
66778.05685803389, 70, 1.0
66783.39688311682, 101, 1.0
66790.337192541, 59, 1.0
66792.8869364911, 117, 1.0
66795.71252261818, 59, 1.0
66799.65862077067, 83, 1.0
66810.76412470336, 101, -1.0
66830.09537869971, 70, 1.0
66833.31898322856, 101, -1.0
66841.1302223668, 54, 1.0
66877.97123545122, 59, 1.0
66881.17158486015, 101, 1.0
66884.8796175002, 54, -1.0
66885.26520535175, 83, 1.0
66889.18557728852, 54, -1.0
66897.31342939353, 117, 1.0
66922.98064026715, 101, 1.0
66927.12319496715, 59, 1.0
66934.00188408291, 101, 1.0
66942.8623375407, 59, 1.0
66946.98311997381, 54, 1.0
66950.7931782078, 133, -1.0
66955.46343420523, 59, 1.0
66957.30217557016, 59, -1.0
66966.93782659878, 101, 1.0
66988.411656575, 59, 1.0
67013.8516316231, 59, 1.0
67016.2086388905, 59, 1.0
67021.15216720355, 59, -1.0
67023.64712948461, 117, 1.0
67041.29177999208, 59, -1.0
67043.33979768418, 54, -1.0
67045.29717188445, 117, -1.0
67046.91001466221, 59, 1.0
67072.4100576703, 101, -1.0
67096.72046496303, 83, 1.0
67097.64235039876, 133, 1.0
67140.68634536494, 117, -1.0
67171.43090438718, 54, 1.0
67172.58643324916, 70, 1.0
67194.55810626353, 59, 1.0
67194.79215994653, 101, 1.0
67198.43866833764, 59, 1.0
67230.0563676443, 104, 1.0
67249.7499887833, 101, 1.0
67260.62046807102, 59, 1.0
67271.3444534659, 59, 1.0
67313.97780645381, 133, 1.0
67330.4698447032, 59, -1.0
67334.58838871868, 101, 1.0
67364.7563981594, 83, 1.0
67380.28849895281, 70, 1.0
67394.211066891, 101, 1.0
67410.14351862032, 101, 1.0
67413.17842356664, 59, 1.0
67418.76330362655, 117, -1.0
67429.52107218794, 133, -1.0
67433.61090968511, 101, -1.0
67434.11143406412, 133, -1.0
67435.79449163613, 70, 1.0
67438.59268707519, 101, 1.0
67459.90945252309, 117, 1.0
67513.20391940823, 101, 1.0
67513.33516942043, 59, -1.0
67517.13587422969, 101, 1.0
67518.42529366836, 117, 1.0
67522.63823822248, 83, 1.0
67535.42267851853, 59, 1.0
67536.73490757543, 101, 1.0
67540.65155919937, 133, -1.0
67559.99062833954, 133, -1.0
67570.57622644085, 101, -1.0
67581.52109913794, 70, 1.0
67587.51927666333, 133, 1.0
67619.91709856268, 83, -1.0
67623.29792289578, 133, -1.0
67623.90599397206, 133, -1.0
67644.88361311467, 133, -1.0
67652.49105327607, 83, -1.0
67665.76903957581, 54, -1.0
67669.12605260185, 59, 1.0
67674.94892939102, 133, -1.0
67680.29077236081, 101, 1.0
67683.52145746426, 59, 1.0
67687.33969681406, 59, 1.0
67705.99041728997, 117, 1.0
67717.58538900153, 59, 1.0
67721.42934533946, 101, -1.0
67728.4916212776, 101, 1.0
67742.2485758577, 101, 1.0
67753.96485184987, 101, 1.0
67774.35183676332, 70, 1.0
67792.01308685033, 101, 1.0
67796.61258402916, 133, -1.0
67815.40879271738, 83, -1.0
67860.3572940826, 59, 1.0
67877.22198095253, 101, 1.0
67900.64578449502, 83, 1.0
67901.67548435798, 54, -1.0
67905.78261318042, 104, 1.0
67906.07739411773, 59, 1.0
67909.647613353, 59, -1.0
67916.25718652038, 133, 1.0
67945.65169773488, 117, -1.0
67951.10544553433, 101, 1.0
67956.64263135481, 101, 1.0
67959.86710834561, 101, 1.0
67960.22324290086, 59, -1.0
67966.84036460468, 133, -1.0
67971.3782996913, 59, 1.0
67984.94655347454, 59, -1.0
68011.63283100093, 59, 1.0
68016.16606177732, 101, -1.0
68085.13636881331, 83, -1.0
68092.75078782787, 101, -1.0
68102.44296541152, 83, -1.0
68112.16894899284, 59, 1.0
68114.98659266497, 101, -1.0
68133.21914662978, 59, 1.0
68160.97732075238, 101, -1.0
68165.53608642511, 54, -1.0
68169.53633893956, 54, 1.0
68170.75106734723, 59, 1.0
68172.9796803443, 133, -1.0
68187.82364922992, 59, -1.0
68191.4368303283, 59, 1.0
68194.96900992056, 101, -1.0
68202.42917264235, 59, -1.0
68210.06512686666, 101, -1.0
68214.25800104924, 54, 1.0
68218.85283126071, 101, 1.0
68219.22265843545, 117, -1.0
68237.24328901633, 59, -1.0
68245.83735860998, 59, 1.0
68258.28811474841, 83, 1.0
68259.38674511557, 101, 1.0
68262.83738485217, 101, -1.0
68267.11133417832, 83, -1.0
68277.1644100429, 101, -1.0
68290.66233936188, 101, -1.0
68312.73164894663, 101, 1.0
68315.27316446949, 133, -1.0
68316.16864707952, 59, 1.0
68320.83968639675, 101, -1.0
68354.71047363707, 83, 1.0
68393.77015084786, 117, 1.0
68407.35581915577, 70, 1.0
68419.82457461863, 101, 1.0
68421.67424416039, 133, 1.0
68426.96821067337, 133, -1.0
68438.0650872825, 83, -1.0
68438.30218892226, 54, 1.0
68443.20468816262, 70, 1.0
68444.4057768351, 133, -1.0
68449.42395190455, 83, 1.0
68520.47362116977, 117, -1.0
68527.59743215652, 54, 1.0
68533.98564858435, 101, 1.0
68549.87465651963, 59, -1.0
68573.3501959523, 117, 1.0
68580.9063214473, 101, 1.0
68593.89232909512, 117, 1.0
68631.29902578112, 59, 1.0
68640.86192666556, 59, -1.0
68644.04758791848, 101, 1.0
68675.90207329253, 101, -1.0
68678.91916268418, 117, 1.0
68691.90850100407, 70, 1.0
68704.71164681615, 83, 1.0
68735.98900148743, 101, 1.0
68739.35803622435, 133, -1.0
68772.70157757892, 59, -1.0
68781.12006820556, 117, 1.0
68801.83839321662, 83, 1.0
68825.95240183904, 101, -1.0
68829.27075833891, 101, 1.0
68839.5264368199, 101, -1.0
68878.03613684382, 101, 1.0
68888.70889780628, 83, -1.0
68891.2480112066, 101, 1.0
68897.5486286228, 70, 1.0
68915.46352159586, 59, -1.0
68921.61011483568, 101, 1.0
68922.54146051501, 101, 1.0
68958.70715399878, 83, -1.0
68986.45541988782, 59, -1.0
68995.18782306352, 117, 1.0
68996.84992934213, 59, 1.0
69048.87809049049, 133, -1.0
69072.23751962962, 133, -1.0
69077.29897219868, 59, -1.0
69094.23076802077, 59, -1.0
69121.96007392745, 101, 1.0
69160.30936352607, 101, 1.0
69173.37377459505, 54, -1.0
69248.51063800385, 117, 1.0
69278.30797969364, 59, 1.0
69300.75521838752, 54, 1.0
69304.10444652788, 59, 1.0
69311.23688916382, 83, 1.0
69314.75824661013, 83, 1.0
69320.16467701689, 70, 1.0
69355.31553653095, 101, -1.0
69370.4114904796, 59, -1.0
69393.62151106117, 133, -1.0
69404.43215186798, 101, 1.0
69405.18134472528, 101, -1.0
69435.17984190387, 133, 1.0
69453.26731229073, 59, 1.0
69487.93349098717, 133, -1.0
69511.27751205523, 59, 1.0
69512.37971462293, 83, 1.0
69513.8503226254, 117, 1.0
69549.08298474648, 59, 1.0
69558.39026392323, 83, 1.0
69568.62979031533, 117, 1.0
69593.68758396056, 83, -1.0
69609.7228854781, 133, -1.0
69629.6775921784, 133, -1.0
69641.09736579594, 133, -1.0
69654.375211647, 133, 1.0
69656.29453916421, 83, -1.0
69680.93318978608, 59, 1.0
69711.30025288054, 59, -1.0
69751.6835354315, 117, -1.0
69755.27077327552, 83, -1.0
69768.43137188668, 101, 1.0
69773.90240024147, 59, -1.0
69814.76039989073, 59, 1.0
69815.82361272573, 117, 1.0
69832.80024574914, 59, 1.0
69835.08682750438, 133, -1.0
69843.9309840555, 83, 1.0
69886.3163494797, 133, 1.0
69895.85300538532, 83, -1.0
69905.14390268254, 83, 1.0
69938.7214256016, 133, -1.0
69945.65968375976, 83, 1.0
69953.70729297744, 101, 1.0
70004.04733943136, 117, 1.0
70007.90758626614, 101, 1.0
70021.05614249602, 70, 1.0
70055.03533008687, 117, 1.0
70070.50937546202, 133, 1.0
70083.17946217809, 83, -1.0
70168.17079960658, 133, -1.0
70187.20509076101, 101, 1.0
70206.68920808996, 83, -1.0
70250.27325889637, 133, -1.0
70276.8129000843, 101, 1.0
70325.92104291842, 117, 1.0
70353.64649588134, 59, 1.0
70355.6339375697, 101, -1.0
70372.6917483342, 133, -1.0
70377.20931333021, 117, 1.0
70394.76496507677, 133, -1.0
70471.75511019262, 133, -1.0
70515.71619579123, 101, -1.0
70541.26970498031, 133, -1.0
70543.45753834916, 59, 1.0
70554.62360275608, 59, 1.0
70581.62804493835, 133, -1.0
70589.68761923983, 133, -1.0
70621.88286094813, 59, -1.0
70648.24901784118, 117, -1.0
70664.32461640725, 117, -1.0
70700.65000964527, 133, -1.0
70712.74694940867, 59, 1.0
70723.08472480868, 117, -1.0
70728.28660310255, 117, -1.0
70749.76843692859, 54, -1.0
70769.03868474644, 133, -1.0
70780.28701306613, 83, 1.0
70786.46803419928, 83, 1.0
70827.9811872705, 101, -1.0
70849.32718053235, 101, 1.0
70872.62113379536, 101, 1.0
70896.7815537132, 59, -1.0
70903.27766834211, 59, -1.0
70933.7272967538, 59, -1.0
70942.58877569342, 101, -1.0
70953.90462437701, 117, 1.0
71020.75801724673, 133, -1.0
71051.56709278091, 133, -1.0
71054.96528056914, 117, -1.0
71101.17877696073, 133, -1.0
71102.12753265664, 117, 1.0
71103.46189531962, 59, 1.0
71145.29243334185, 133, 1.0
71164.26344584074, 133, -1.0
71196.82060690339, 59, 1.0
71222.3915373227, 133, 1.0
71272.1197854223, 117, 1.0
71273.75233605027, 83, -1.0
71279.15195293704, 101, 1.0
71288.24323900754, 101, 1.0
71298.50190080678, 101, -1.0
71305.82539998258, 133, -1.0
71312.0581446961, 83, -1.0
71326.17484499524, 59, 1.0
71343.39367857693, 70, 1.0
71355.02114992934, 133, -1.0
71357.32844202254, 83, 1.0
71370.57347565852, 101, 1.0
71372.62867114977, 133, -1.0
71386.44506002375, 117, -1.0
71431.74199367885, 83, 1.0
71442.49632411935, 54, 1.0
71454.511133072, 133, 1.0
71500.34387117311, 83, 1.0
71521.50944114084, 117, 1.0
71534.79194811403, 133, 1.0
71561.98071394136, 133, -1.0
71673.6533534927, 133, -1.0
71700.92699059879, 101, 1.0
71709.39296065191, 83, 1.0
71713.70796509943, 83, 1.0
71733.58874522176, 133, -1.0
71777.89515954221, 59, 1.0
71833.65529523825, 101, 1.0
71835.14410198742, 59, -1.0
71891.4305606649, 133, -1.0
71897.8007959045, 101, 1.0
71958.24335769954, 117, 1.0
71960.7988965691, 83, -1.0
71982.68961334348, 133, -1.0
71993.63170745206, 59, 1.0
72066.94617417562, 59, 1.0
72143.80096503618, 104, -1.0
72212.60021127804, 59, -1.0
72241.54551704471, 83, -1.0
72266.99318693524, 133, -1.0
72298.33398163014, 59, -1.0
72314.31866550626, 83, 1.0
72338.31813986518, 83, 1.0
72347.80470894798, 59, 1.0
72363.47051561828, 59, 1.0
72376.94558475591, 59, -1.0
72394.85765268294, 83, 1.0
72408.7508190333, 133, -1.0
72417.29341056538, 101, -1.0
72493.80584747353, 133, -1.0
72557.56266289465, 83, -1.0
72600.20340663416, 83, 1.0
72600.81598892802, 133, -1.0
72607.29640309556, 59, -1.0
72634.5134022791, 70, 1.0
72688.1407258306, 133, 1.0
72704.3173783872, 83, 1.0
72719.97689806073, 83, 1.0
72786.9816708014, 54, -1.0
72826.73345251405, 83, 1.0
72854.59750354382, 104, 1.0
72859.55141932615, 83, 1.0
72862.53207051831, 133, -1.0
72872.2515774563, 83, -1.0
72943.03176217462, 117, 1.0
72992.65882166247, 83, 1.0
72998.10762023037, 83, 1.0
72998.53153810254, 70, 1.0
73026.48371624491, 104, -1.0
73058.17074819269, 133, -1.0
73063.1590491804, 83, 1.0
73070.3606134364, 101, -1.0
73085.61940203965, 59, 1.0
73115.51303665274, 133, 1.0
73156.26595031687, 59, -1.0
73233.63110430512, 83, 1.0
73262.10756620631, 104, 1.0
73269.94281323926, 59, -1.0
73294.62613238822, 83, -1.0
73295.63954152365, 59, 1.0
73339.52197562535, 104, -1.0
73340.75330420748, 83, 1.0
73351.42295710352, 83, 1.0
73374.72085764217, 59, -1.0
73417.36984124953, 83, -1.0
73427.73201854051, 83, 1.0
73444.7699672856, 54, -1.0
73532.39967531312, 133, 1.0
73542.58220583753, 83, 1.0
73678.30548083936, 133, -1.0
73700.90058958452, 83, 1.0
73715.67228317096, 59, 1.0
73740.8515240548, 104, -1.0
73745.49721201819, 59, -1.0
73757.44717852282, 83, -1.0
73775.80889087735, 83, -1.0
73796.31050707625, 83, 1.0
73860.208104117, 133, -1.0
73906.26234569632, 117, 1.0
73945.92075505115, 133, -1.0
74032.56956827416, 59, -1.0
74038.2379275647, 104, -1.0
74056.15548496567, 133, -1.0
74079.64906981066, 133, -1.0
74080.57481233035, 59, 1.0
74089.00633559262, 54, -1.0
74106.57109147854, 83, 1.0
74149.00259846702, 83, 1.0
74177.04774280677, 59, 1.0
74194.64299505677, 83, -1.0
74204.8623600722, 83, 1.0
74222.8694090694, 117, 1.0
74234.0840387683, 54, -1.0
74252.04904607146, 133, -1.0
74273.82642966569, 83, 1.0
74298.38369029321, 59, 1.0
74328.76443149675, 59, -1.0
74374.38007162932, 83, 1.0
74417.74632747893, 117, 1.0
74418.76114030738, 59, 1.0
74425.0706984976, 83, 1.0
74541.36854826135, 70, 1.0
74574.19925818504, 133, 1.0
74591.19618076335, 83, 1.0
74599.89511523636, 54, -1.0
74603.50126802358, 133, -1.0
74617.70571798438, 104, -1.0
74650.14085779502, 59, -1.0
74684.59208465133, 59, 1.0
74702.22300206024, 83, -1.0
74712.02233584665, 101, -1.0
74775.0948884223, 70, 1.0
74823.61992611251, 133, -1.0
74855.97393798671, 104, -1.0
74880.2554175035, 59, 1.0
74943.50476228163, 117, 1.0
74949.74460767097, 83, 1.0
74955.36872272169, 117, 1.0
74958.09571775589, 83, 1.0
74964.9800184158, 83, 1.0
75032.41878576405, 104, -1.0
75046.48597511934, 101, -1.0
75052.03433398242, 83, 1.0
75090.25566217137, 133, -1.0
75115.53698815951, 83, -1.0
75121.38099694716, 83, -1.0
75136.05742376253, 117, 1.0
75137.9439893678, 83, -1.0
75139.81161802464, 133, -1.0
75204.65330145523, 83, -1.0
75209.93692941873, 54, -1.0
75258.58981919702, 83, 1.0
75275.52391415647, 117, 1.0
75306.25596357632, 59, 1.0
75311.34915545501, 59, -1.0
75349.58461545396, 83, 1.0
75369.97501657109, 59, -1.0
75388.67672122072, 104, -1.0
75433.5845689283, 83, -1.0
75466.4238802666, 54, -1.0
75477.80825756094, 54, -1.0
75481.83508157749, 133, -1.0
75489.46953924175, 83, 1.0
75495.1731508667, 117, 1.0
75504.14926737826, 59, 1.0
75567.73724039334, 104, -1.0
75588.42032396261, 101, -1.0
75591.66984188417, 117, 1.0
