61201.193754312626, 70, -1.0
61204.151243121174, 59, 1.0
61204.56640523814, 133, -1.0
61209.649631490116, 101, -1.0
61212.89596817877, 59, -1.0
61215.91876086673, 59, -1.0
61218.56501772599, 83, -1.0
61219.22953961908, 101, -1.0
61219.28209806463, 83, -1.0
61223.51586579354, 59, 1.0
61228.61790217689, 101, -1.0
61235.0749811585, 133, -1.0
61237.193572852644, 83, 1.0
61251.26991284064, 59, 1.0
61267.88088957633, 59, 1.0
61269.69580811817, 59, 1.0
61278.424592754585, 101, 1.0
61280.16468581628, 101, -1.0
61282.16365573839, 59, 1.0
61285.812206263705, 59, -1.0
61296.032346094275, 101, 1.0
61305.50779999604, 101, -1.0
61309.73906742492, 101, 1.0
61310.66972839081, 83, -1.0
61312.32860088565, 83, 1.0
61321.13902832614, 83, 1.0
61326.47112107407, 133, -1.0
61326.89791619153, 101, 1.0
61327.86444523443, 101, -1.0
61329.88944615987, 59, -1.0
61332.958992199834, 117, 1.0
61339.73948594535, 70, -1.0
61341.62815428845, 133, -1.0
61343.97390716573, 59, -1.0
61347.731001782886, 59, 1.0
61358.584309032005, 59, 1.0
61358.97838588833, 133, -1.0
61363.336714624624, 101, -1.0
61367.447003959925, 70, -1.0
61375.08529830841, 104, 1.0
61385.13795527698, 54, 1.0
61387.54989460374, 59, 1.0
61389.53138943288, 101, -1.0
61395.64049591339, 59, 1.0
61410.052559458876, 133, 1.0
61421.614981055056, 83, -1.0
61423.68588008213, 83, -1.0
61430.24795983436, 104, 1.0
61431.943282615764, 59, 1.0
61435.50287998033, 59, 1.0
61438.80253613409, 83, 1.0
61442.86232054551, 83, -1.0
61458.02358737391, 83, -1.0
61465.827359339106, 133, 1.0
61472.32121976254, 59, 1.0
61474.78639319225, 83, -1.0
61489.14905791388, 101, -1.0
61494.01804204155, 59, -1.0
61498.34989518481, 104, 1.0
61500.059463263235, 59, 1.0
61512.656743122985, 59, 1.0
61513.679281546414, 83, 1.0
61517.93995899786, 101, 1.0
61528.481687847554, 59, 1.0
61540.37886954883, 59, 1.0
61542.122841095974, 59, 1.0
61543.035439077714, 133, -1.0
61545.09587759318, 59, -1.0
61546.46782775341, 70, -1.0
61547.35297382855, 101, 1.0
61553.826005197974, 59, 1.0
61588.269522175455, 101, -1.0
61607.17657350629, 59, 1.0
61607.96481276538, 133, 1.0
61613.02618588194, 101, -1.0
61622.31203358793, 83, -1.0
61636.92073115622, 70, -1.0
61644.04693503952, 70, -1.0
61650.20228566605, 104, 1.0
61683.550451951676, 83, -1.0
61700.37100954957, 133, 1.0
61718.34228116448, 101, -1.0
61730.29102114583, 70, -1.0
61756.00478401717, 59, 1.0
61765.27624985868, 83, -1.0
61769.95721281191, 133, -1.0
61770.447413609436, 133, -1.0
61772.36708223796, 101, 1.0
61778.25023787255, 101, -1.0
61789.58808603633, 59, -1.0
61793.39682833517, 104, 1.0
61802.1940396514, 83, 1.0
61809.5802854832, 101, 1.0
61816.22267630356, 101, 1.0
61822.79136414417, 101, 1.0
61842.54411156742, 101, -1.0
61862.18879871439, 59, -1.0
61863.894780950315, 101, -1.0
61871.216299383945, 59, 1.0
61872.20762781185, 54, 1.0
61872.84270918237, 54, 1.0
61891.600416615125, 101, -1.0
61897.46202122926, 104, 1.0
61915.2056172187, 70, -1.0
61927.59760897503, 133, 1.0
61952.89760840454, 59, 1.0
61957.63348961861, 59, 1.0
61961.0379671736, 133, -1.0
61963.62856920104, 133, 1.0
61969.61348802813, 101, -1.0
61973.821245148414, 101, -1.0
61974.83569441893, 83, -1.0
61987.107431391356, 104, 1.0
62003.53227977741, 133, 1.0
62009.51465538109, 59, -1.0
62029.83249127893, 104, -1.0
62036.46285564781, 101, -1.0
62042.87311995552, 101, 1.0
62058.21675048295, 59, 1.0
62061.963096327665, 83, -1.0
62063.181828535206, 59, 1.0
62069.4826513638, 104, -1.0
62083.15029611015, 59, 1.0
62088.880429297176, 101, 1.0
62090.034857729515, 104, -1.0
62095.568767382225, 101, -1.0
62104.63017106021, 59, 1.0
62106.65682516867, 83, -1.0
62128.35913514512, 83, -1.0
62128.866129474, 59, 1.0
62131.80076530071, 83, -1.0
62133.95120392263, 133, 1.0
62164.948127711505, 59, 1.0
62169.43182388895, 83, -1.0
62175.679092187485, 83, 1.0
62177.653641629026, 133, -1.0
62183.14135745838, 83, -1.0
62190.016308097285, 70, -1.0
62197.33960220966, 101, -1.0
62197.928113672795, 101, 1.0
62199.67735184886, 133, 1.0
62208.54391877707, 59, -1.0
62241.657893408505, 101, -1.0
62248.68425895264, 101, 1.0
62255.92531997032, 54, 1.0
62267.53120637511, 101, -1.0
62270.4100074564, 133, -1.0
62270.76312570705, 59, -1.0
62275.50831731557, 59, 1.0
62278.19705321226, 133, 1.0
62278.21045997746, 70, -1.0
62285.72449963568, 104, -1.0
62286.43199869325, 59, -1.0
62286.47676713047, 101, 1.0
62302.66059389203, 83, -1.0
62347.305707884436, 59, -1.0
62355.92802747031, 101, -1.0
62366.669808021, 101, 1.0
62376.29284883758, 59, 1.0
62380.49181348409, 101, -1.0
62381.72069127952, 101, 1.0
62384.13885477728, 101, -1.0
62394.06136250604, 104, 1.0
62402.03470681997, 59, 1.0
62412.61063026844, 101, 1.0
62417.54346815635, 133, 1.0
62420.458066210114, 59, 1.0
62420.74709174344, 101, -1.0
62432.31184953001, 70, -1.0
62442.31021738501, 83, 1.0
62445.37870715369, 101, -1.0
62455.16537689178, 101, -1.0
62457.20273162439, 133, -1.0
62458.82668962796, 104, -1.0
62461.00290763341, 83, -1.0
62461.75373317828, 70, -1.0
62476.7618506278, 70, -1.0
62485.2482277228, 101, 1.0
62504.1476492695, 59, 1.0
62507.564357238996, 83, -1.0
62514.82807756479, 59, 1.0
62555.17852732285, 70, -1.0
62558.66916608703, 101, -1.0
62560.083715397304, 59, 1.0
62577.01587620999, 104, -1.0
62580.12643593048, 101, -1.0
62590.380875603674, 133, -1.0
62617.33969509391, 59, -1.0
62631.27226667019, 101, 1.0
62637.56514753183, 83, 1.0
62642.88075117161, 101, 1.0
62643.45255798972, 59, 1.0
62650.583356923664, 59, 1.0
62652.79304395205, 133, -1.0
62657.21398063198, 133, 1.0
62664.787409010816, 133, 1.0
62666.529957944884, 101, 1.0
62679.75123582065, 59, 1.0
62686.197605753914, 101, 1.0
62687.861311174085, 59, -1.0
62696.49119799349, 101, 1.0
62716.9932009921, 133, -1.0
62718.97586266411, 104, -1.0
62725.12618336052, 101, 1.0
62727.94949892944, 59, 1.0
62754.33709084463, 59, 1.0
62758.07361760859, 59, 1.0
62761.85265723147, 54, 1.0
62770.60729756347, 59, 1.0
62773.0420938029, 59, 1.0
62773.85650798225, 59, 1.0
62795.52221964019, 133, -1.0
62798.86210252006, 70, -1.0
62804.31256164965, 133, -1.0
62808.27427726362, 83, -1.0
62808.557430906476, 104, 1.0
62814.92697588618, 133, -1.0
62828.4397998379, 101, -1.0
62832.01579204291, 70, 1.0
62835.93506657616, 101, -1.0
62844.47570504408, 83, 1.0
62853.770808433255, 83, -1.0
62858.629840809335, 133, -1.0
62873.9692552056, 59, -1.0
62878.85284978203, 59, -1.0
62882.83125115816, 83, 1.0
62889.359939723254, 59, 1.0
62890.41851020538, 54, 1.0
62891.98989351925, 59, 1.0
62900.71869916147, 101, 1.0
62908.54148733571, 54, 1.0
62911.99739758655, 117, 1.0
62919.174653161106, 104, -1.0
62923.79429093788, 101, -1.0
62926.37710423205, 70, -1.0
62940.297589028494, 59, 1.0
62940.99712938983, 83, -1.0
62941.17265217076, 59, 1.0
62953.025863812494, 59, 1.0
62967.9794578493, 101, 1.0
62970.804463932356, 83, -1.0
62980.23485828907, 83, 1.0
63003.509419021975, 59, 1.0
63011.75671244572, 59, -1.0
63013.2329240393, 83, -1.0
63015.806170973316, 101, -1.0
63023.60687579373, 101, 1.0
63029.53912875235, 101, -1.0
63029.665006624746, 59, 1.0
63032.21711232366, 101, -1.0
63052.783460531275, 133, -1.0
63055.48970241885, 59, -1.0
63056.85087764688, 101, 1.0
63058.084224202095, 133, -1.0
63080.871345824045, 101, -1.0
63103.635858271504, 59, -1.0
63105.58388744704, 59, 1.0
63134.09333529316, 59, 1.0
63138.14886478382, 133, 1.0
63138.684572762926, 104, 1.0
63156.89202067582, 101, -1.0
63161.50871033199, 59, 1.0
63185.45772948287, 59, 1.0
63203.12916244162, 54, 1.0
63207.021768801285, 59, 1.0
63226.12243769322, 101, 1.0
63233.39796552344, 70, -1.0
63239.283475055476, 70, -1.0
63264.14662644323, 101, 1.0
63264.807811607614, 101, 1.0
63270.082748920795, 59, 1.0
63278.43575364795, 101, -1.0
63284.263748259094, 70, -1.0
63291.89601014517, 59, -1.0
63294.793754890714, 133, -1.0
63304.78607233749, 133, -1.0
63309.258146845576, 83, 1.0
63317.4618879667, 101, 1.0
63318.25273616539, 59, 1.0
63320.146367668385, 133, -1.0
63331.534409641565, 59, -1.0
63337.975921023695, 59, 1.0
63350.800975676866, 59, -1.0
63350.81209256124, 133, -1.0
63352.25042705654, 59, 1.0
63364.42920177396, 83, 1.0
63365.25843048464, 59, -1.0
63366.07403053283, 133, -1.0
63366.468921845735, 133, -1.0
63372.92317942162, 70, -1.0
63391.34084024466, 133, -1.0
63398.37948750541, 83, 1.0
63414.32799614753, 59, 1.0
63419.227791385, 54, 1.0
63423.93980089486, 54, 1.0
63433.491573351144, 101, 1.0
63434.59953352219, 101, 1.0
63441.76369649846, 133, -1.0
63466.85836568798, 59, 1.0
63472.08805489526, 133, -1.0
63482.05208270951, 101, 1.0
63490.280639816105, 59, 1.0
63509.628674742045, 101, 1.0
63514.863931946034, 133, 1.0
63518.07683675985, 59, 1.0
63519.519251423495, 101, -1.0
63526.53071815956, 101, -1.0
63539.03150563561, 104, 1.0
63541.57150778831, 133, -1.0
63541.58742377102, 104, -1.0
63551.756648311566, 133, -1.0
63559.55262671479, 59, -1.0
63566.80505024988, 59, 1.0
63567.97382712096, 59, 1.0
63569.99319631641, 70, 1.0
63581.384440455724, 101, -1.0
63593.570907198155, 133, -1.0
63598.52786281304, 101, 1.0
63614.13336497171, 83, -1.0
63616.1611016258, 59, -1.0
63617.82663657176, 83, -1.0
63629.33051114256, 54, 1.0
63641.807786074496, 59, -1.0
63643.46901019025, 133, 1.0
63660.53811946695, 70, -1.0
63663.4968766149, 70, -1.0
63668.271598093736, 59, 1.0
63673.675109931966, 133, -1.0
63677.04089331412, 133, -1.0
63677.21406214112, 59, 1.0
63704.42787575149, 59, 1.0
63704.80075406208, 133, -1.0
63712.0211652523, 59, -1.0
63713.88293858624, 101, 1.0
63726.201061513966, 59, 1.0
63739.204267147376, 83, -1.0
63745.41205917331, 101, 1.0
63749.20105575418, 83, -1.0
63770.63522377765, 59, 1.0
63776.99374860782, 101, -1.0
63784.21120088603, 59, -1.0
63795.02832299898, 101, 1.0
63806.07176877513, 59, -1.0
63810.13747469165, 133, -1.0
63812.86257275216, 101, -1.0
63816.70006543819, 59, -1.0
63817.70827543383, 83, -1.0
63827.07107237399, 70, -1.0
63828.61696949104, 59, 1.0
63830.319997972496, 104, 1.0
63837.279144167405, 83, 1.0
63845.77785078337, 59, 1.0
63846.59416020252, 101, -1.0
63854.0540860341, 133, 1.0
63854.8137764135, 59, 1.0
63863.94651088175, 101, -1.0
63873.57259977514, 101, 1.0
63879.50076982536, 59, 1.0
63898.47778797338, 59, 1.0
63900.14670901994, 59, 1.0
63908.659510433325, 101, -1.0
63911.21319895316, 101, -1.0
63912.47917820384, 104, 1.0
63914.13128447427, 101, 1.0
63921.14753071096, 101, -1.0
63925.00338300986, 101, 1.0
63925.233976750314, 54, 1.0
63930.83730972308, 83, -1.0
63940.16729543631, 104, -1.0
63944.17250533312, 83, 1.0
63945.644622556836, 101, 1.0
63948.84027187433, 83, -1.0
63978.11532912424, 70, -1.0
63995.27703912951, 101, -1.0
63996.41794302853, 101, -1.0
64000.06050207786, 59, 1.0
64013.774500428925, 59, 1.0
64025.45131803027, 101, 1.0
64046.718853602695, 59, 1.0
64050.67952832252, 133, -1.0
64055.679869214655, 59, 1.0
64056.04836625394, 54, 1.0
64067.69076587395, 83, 1.0
64083.70236693365, 133, -1.0
64107.05783894, 133, -1.0
64112.12720008965, 104, -1.0
64113.322068422814, 104, 1.0
64115.270103070434, 101, 1.0
64117.11811200127, 59, -1.0
64117.397315198315, 101, -1.0
64121.5269888826, 101, -1.0
64122.98670497141, 59, -1.0
64130.851431093695, 70, 1.0
64136.16491952127, 101, 1.0
64139.82324002736, 101, -1.0
64144.66938820147, 83, -1.0
64149.546217220275, 104, 1.0
64165.921653823985, 133, -1.0
64167.076203521545, 101, -1.0
64172.13597222776, 133, 1.0
64178.931536050775, 59, 1.0
64183.68611981661, 101, -1.0
64185.537305281716, 101, 1.0
64194.45144459844, 133, -1.0
64200.51480963519, 101, -1.0
64218.14244284239, 59, 1.0
64238.44989496286, 83, -1.0
64246.04008973348, 133, -1.0
64247.7215993682, 101, 1.0
64256.90097807084, 83, 1.0
64259.338652142236, 59, -1.0
64263.55218900794, 59, 1.0
64269.727530854725, 101, 1.0
64282.157352231196, 59, 1.0
64286.923923584895, 59, 1.0
64298.5953973064, 101, -1.0
64303.20918254447, 83, -1.0
64315.056941413495, 70, 1.0
64333.76973177768, 104, 1.0
64338.8242850176, 104, -1.0
64345.066861011794, 83, -1.0
64348.23186414538, 59, -1.0
64349.14480563011, 54, 1.0
64372.7784515941, 59, -1.0
64376.025470633365, 59, 1.0
64385.10266469298, 101, -1.0
64398.19758836501, 70, -1.0
64399.08107547347, 133, -1.0
64399.58747289477, 59, 1.0
64414.31282985256, 54, 1.0
64414.428163850636, 70, -1.0
64418.75259612048, 101, -1.0
64429.28499429556, 59, -1.0
64430.540951600284, 133, -1.0
64443.478850033236, 133, -1.0
64455.5672786615, 83, -1.0
64458.40966578222, 101, 1.0
64474.71749481191, 59, -1.0
64478.616939821826, 70, -1.0
64481.603703186745, 59, 1.0
64489.69419398102, 101, -1.0
64490.56375801644, 133, -1.0
64496.710147282436, 59, 1.0
64499.32806355475, 101, -1.0
64503.02285681275, 70, -1.0
64504.19479768093, 59, -1.0
64511.46763463799, 70, -1.0
64519.6801826837, 83, 1.0
64522.1042444705, 133, 1.0
64523.90398460876, 59, 1.0
64524.48163513925, 59, 1.0
64526.798878141555, 133, -1.0
64530.37496641776, 59, 1.0
64534.82864374076, 59, 1.0
64537.47075258906, 133, 1.0
64541.40401311939, 59, -1.0
64542.179189270835, 54, 1.0
64552.35554458729, 133, -1.0
64554.66210154641, 101, -1.0
64576.730886742895, 83, -1.0
64578.84241954124, 83, -1.0
64581.57314320118, 101, -1.0
64629.084952792255, 70, 1.0
64630.08072065465, 59, 1.0
64639.92775764293, 83, -1.0
64644.885014728054, 59, -1.0
64654.40430101818, 133, -1.0
64655.69137204186, 59, -1.0
64662.35407689891, 104, -1.0
64663.30589865359, 83, -1.0
64680.56274512849, 59, 1.0
64683.872947092954, 59, 1.0
64706.5596287662, 59, 1.0
64716.79756137364, 133, -1.0
64722.196638550406, 83, -1.0
64725.505606403305, 59, 1.0
64735.77004057923, 133, -1.0
64747.20913350597, 59, 1.0
64755.17834056452, 59, 1.0
64761.39233311989, 101, 1.0
64765.09316851406, 101, -1.0
64776.44967272197, 59, 1.0
64784.62779413027, 117, 1.0
64790.77692806092, 101, -1.0
64798.1934197713, 83, -1.0
64799.39210949226, 101, -1.0
64803.33644302276, 104, 1.0
64807.73350132793, 59, 1.0
64809.48083261753, 133, 1.0
64813.9092461149, 70, -1.0
64823.08983560321, 83, 1.0
64830.610569346085, 59, 1.0
64830.96212223877, 70, -1.0
64833.01955427918, 101, -1.0
64836.43554136462, 104, -1.0
64840.591989187094, 104, -1.0
64847.054142831505, 101, -1.0
64847.55067943143, 101, -1.0
64859.58609550751, 59, -1.0
64860.85327200793, 133, -1.0
64875.990327135674, 101, -1.0
64882.00389309237, 54, -1.0
64888.16479446743, 133, -1.0
64898.63962422749, 54, 1.0
64914.95197901673, 101, 1.0
64917.46299128479, 59, -1.0
64929.15795325016, 59, 1.0
64978.46844414105, 101, -1.0
64993.27287878028, 59, 1.0
64997.83041423459, 104, -1.0
65012.08981445568, 101, 1.0
65032.863319632896, 104, -1.0
65051.09558592759, 59, 1.0
65056.684988897694, 133, -1.0
65058.28869220481, 104, 1.0
65071.971118545254, 59, 1.0
65079.347664893095, 83, 1.0
65100.382603449936, 101, -1.0
65105.65307974913, 101, 1.0
65119.83549063822, 59, 1.0
65124.51645990989, 83, -1.0
65158.79247633059, 101, -1.0
65166.13054712212, 104, -1.0
65183.85620559079, 54, 1.0
65203.30517552217, 59, 1.0
65208.57976244119, 59, -1.0
65214.51314073755, 133, -1.0
65215.12263039224, 54, -1.0
65245.978444444554, 101, -1.0
65248.04698069603, 101, -1.0
65263.5076768832, 83, 1.0
65264.84552538362, 83, 1.0
65271.44982216472, 59, 1.0
65315.57009226275, 104, -1.0
65360.82351835188, 133, -1.0
65364.967871849505, 83, -1.0
65385.77370660144, 133, -1.0
65386.58157459284, 101, 1.0
65391.98682177458, 54, -1.0
65396.710115234004, 70, -1.0
65401.58688077869, 101, -1.0
65408.19654402556, 83, 1.0
65413.31372882828, 101, 1.0
65413.78883567743, 59, -1.0
65428.926849462485, 133, -1.0
65448.46474236579, 83, 1.0
65450.23853042103, 101, -1.0
65485.34870545385, 101, 1.0
65489.64683078376, 70, -1.0
65504.04485154904, 133, -1.0
65505.665135527626, 83, 1.0
65509.45965693694, 83, -1.0
65512.59484061359, 70, -1.0
65519.03874421047, 101, 1.0
65522.90638082758, 101, -1.0
65532.65745273429, 101, -1.0
65542.18243147852, 133, 1.0
65549.63969228778, 104, 1.0
65571.64734542815, 101, -1.0
65580.78855246825, 101, 1.0
65594.03234814602, 117, -1.0
65626.21926178694, 101, 1.0
65629.31588118973, 101, -1.0
65630.20319535755, 101, 1.0
65640.1820896359, 83, 1.0
65669.24591083854, 104, 1.0
65684.82999332184, 133, -1.0
65686.14113634027, 83, 1.0
65698.03781758712, 117, 1.0
65701.49526910897, 83, 1.0
65727.81268781016, 101, -1.0
65749.21721964382, 59, 1.0
65757.35907416062, 70, -1.0
65759.25318956916, 54, -1.0
65762.19445587568, 83, -1.0
65776.84054322106, 83, 1.0
65789.13058823251, 133, -1.0
65804.17465151653, 59, 1.0
65806.36500714348, 117, -1.0
65806.71001906492, 104, 1.0
65810.79016889379, 101, -1.0
65825.79744502694, 133, -1.0
65837.31500329073, 101, -1.0
65842.180404739, 59, 1.0
65854.23326784305, 59, 1.0
65872.76054753667, 101, 1.0
65874.73405417056, 59, 1.0
65883.05317247589, 133, -1.0
65902.98338179103, 70, 1.0
65908.9972869625, 59, 1.0
65910.26635761911, 83, 1.0
65931.28205012328, 59, 1.0
65960.34105792745, 133, -1.0
65975.38691791572, 59, 1.0
65984.59488859402, 117, -1.0
65989.16216154813, 59, 1.0
65990.18710385331, 101, 1.0
65998.2944754334, 117, -1.0
66009.64638519086, 133, -1.0
66030.43116232377, 133, -1.0
66041.04907423595, 59, 1.0
66043.94600891271, 83, -1.0
66045.74266165395, 104, 1.0
66052.59609875876, 101, 1.0
66055.1384694584, 59, 1.0
66058.80159864204, 59, -1.0
66066.79884055028, 83, 1.0
66072.3539598935, 59, 1.0
66102.9759798318, 133, -1.0
66105.58447483793, 59, -1.0
66119.39728783099, 133, -1.0
66131.5750509114, 101, 1.0
66152.13783510274, 70, 1.0
66152.65555932751, 133, -1.0
66153.82693143563, 54, -1.0
66174.506004819, 133, -1.0
66187.75807072395, 59, 1.0
66193.52577327784, 104, 1.0
66200.42677323398, 83, 1.0
66225.53918046766, 83, 1.0
66228.27264448543, 133, -1.0
66237.0990737131, 59, -1.0
66244.06838999833, 59, 1.0
66254.61061178663, 101, -1.0
66260.35399324584, 101, 1.0
66267.51932360507, 70, -1.0
66280.62519507277, 101, -1.0
66283.38324181475, 101, -1.0
66286.76196922056, 83, 1.0
66294.75538487156, 83, 1.0
66313.34073195624, 83, 1.0
66323.58029811751, 101, -1.0
66324.93424528991, 59, 1.0
66325.1723628675, 101, -1.0
66329.41369621016, 59, -1.0
66331.17171026835, 70, -1.0
66334.02507645955, 70, 1.0
66334.66067389815, 59, 1.0
66342.23018742722, 101, 1.0
66344.21769091376, 101, -1.0
66353.84854551504, 101, 1.0
66387.18346383674, 101, 1.0
66418.5485391095, 59, 1.0
66419.00652026532, 70, -1.0
66420.23108606588, 101, 1.0
66431.97347264209, 104, -1.0
66442.47288181158, 117, -1.0
66474.89994484487, 101, -1.0
66506.8614933318, 101, 1.0
66508.12265462521, 83, 1.0
66518.18636355508, 101, -1.0
66520.98386830246, 83, 1.0
66521.36187117112, 59, 1.0
66554.1026196566, 59, 1.0
66559.0928604393, 133, -1.0
66562.05402086773, 83, 1.0
66588.3609601061, 54, -1.0
66608.30814102213, 133, -1.0
66614.53058511927, 133, -1.0
66637.20533898896, 133, -1.0
66647.97064558374, 70, -1.0
66652.90702682865, 59, 1.0
66655.26282273783, 104, -1.0
66671.0693902878, 83, 1.0
66687.14070729898, 59, 1.0
66687.20415219404, 133, -1.0
66741.5543503871, 70, -1.0
66742.53763664137, 133, -1.0
66764.53054553848, 133, -1.0
66766.54262539596, 133, 1.0
66771.87065483585, 101, 1.0
66773.14046549732, 117, -1.0
66773.58711488804, 59, -1.0
66785.18736009981, 133, 1.0
66796.15938942815, 101, -1.0
66806.70571533273, 101, 1.0
66820.86145533079, 59, -1.0
66829.49911247058, 59, 1.0
66834.2970930508, 101, -1.0
66849.85983024426, 59, 1.0
66869.7726376113, 59, 1.0
66870.56845201974, 117, -1.0
66879.45975110626, 104, -1.0
66892.68000907221, 133, -1.0
66917.3437076525, 133, -1.0
66935.63542147976, 59, -1.0
66940.14516893182, 104, 1.0
66943.36621551846, 101, 1.0
66954.55734764719, 101, 1.0
66957.64786907358, 117, -1.0
66966.21097350495, 59, 1.0
66966.95027849531, 133, -1.0
66972.56610300997, 70, -1.0
66976.37202678974, 83, -1.0
66989.98057244501, 59, 1.0
66995.39824299031, 101, -1.0
67010.11278887778, 59, -1.0
67019.50869274989, 59, 1.0
67020.03489093432, 59, -1.0
67021.98831784734, 101, 1.0
67031.99146397144, 59, -1.0
67033.58708190423, 101, 1.0
67045.16088676246, 70, 1.0
67051.1743943928, 59, 1.0
67058.42207286827, 59, -1.0
67063.25527104299, 101, -1.0
67072.40389180601, 70, -1.0
67101.57767498965, 83, 1.0
67112.00343006343, 59, -1.0
67112.45209006486, 59, -1.0
67142.01099709058, 104, 1.0
67142.91308514345, 101, 1.0
67144.42634863418, 101, 1.0
67145.93089471932, 83, -1.0
67161.59122620654, 101, 1.0
67167.76665126745, 101, 1.0
67201.6755306346, 59, 1.0
67217.44925360158, 59, 1.0
67220.1576478867, 59, 1.0
67229.42650953164, 133, -1.0
67246.57116435781, 83, 1.0
67247.7971688295, 83, -1.0
67263.6625716589, 59, 1.0
67266.48407947084, 101, -1.0
67271.36984485053, 133, 1.0
67289.56830047107, 104, 1.0
67292.72117532032, 117, -1.0
67302.0320488889, 104, -1.0
67305.02077753926, 54, -1.0
67319.6771610107, 133, -1.0
67324.58939891742, 133, -1.0
67330.93162721973, 83, 1.0
67335.56750511547, 59, -1.0
67338.63771967514, 133, -1.0
67342.41852626245, 101, -1.0
67363.92476371177, 83, 1.0
67372.64763470976, 133, -1.0
67396.35833755152, 59, 1.0
67409.0509939483, 101, 1.0
67411.866012924, 59, 1.0
67412.62828143418, 101, 1.0
67414.69949876261, 59, 1.0
67424.79755734067, 59, 1.0
67435.2422357201, 101, -1.0
67447.73412427343, 70, -1.0
67452.37706729629, 104, 1.0
67460.4553671656, 104, -1.0
67472.39673928395, 83, 1.0
67476.19580099118, 83, -1.0
67488.4918910135, 83, 1.0
67494.02110033658, 59, 1.0
67511.48979089028, 133, -1.0
67521.56844375284, 83, 1.0
67527.30330822094, 104, 1.0
67529.43863352475, 101, -1.0
67534.5324261536, 133, -1.0
67536.20013732491, 54, -1.0
67542.33262328715, 70, 1.0
67549.93504489376, 83, 1.0
67554.22072798898, 59, 1.0
67554.38199498359, 133, 1.0
67558.78796887003, 59, 1.0
67583.8644777696, 59, -1.0
67590.29868773313, 104, 1.0
67596.509119803, 59, 1.0
67601.83705634126, 133, -1.0
67621.18361734011, 70, -1.0
67627.5884941829, 59, 1.0
67628.08129921913, 101, -1.0
67638.20933804027, 133, -1.0
67639.70405510698, 117, 1.0
67640.38174590662, 59, -1.0
67644.32173657473, 117, -1.0
67659.30500555855, 83, 1.0
67663.80686372455, 83, -1.0
67688.84084192455, 117, -1.0
67698.10674412722, 83, 1.0
67720.34596290368, 117, -1.0
67723.78009405316, 101, -1.0
67732.21590652598, 70, -1.0
67756.61791986288, 59, -1.0
67774.43289867668, 83, 1.0
67777.5343898087, 59, -1.0
67782.84277389167, 59, 1.0
67806.05909256215, 133, -1.0
67806.33918821982, 83, 1.0
67812.24757979318, 59, -1.0
67833.13230845543, 59, 1.0
67840.74418684213, 83, 1.0
67845.50437997437, 70, -1.0
67850.62741204564, 101, -1.0
67852.74293649993, 70, -1.0
67858.78545235483, 133, -1.0
67864.5186849475, 83, -1.0
67864.64508690557, 133, -1.0
67868.60760200539, 133, -1.0
67879.96337088078, 104, 1.0
67880.50543062501, 59, 1.0
67909.9127154979, 59, 1.0
67917.03848965708, 59, -1.0
67917.8644182415, 59, -1.0
67931.70608711432, 59, 1.0
67941.0729391756, 83, -1.0
67942.25982697029, 133, -1.0
67946.45382247066, 59, 1.0
67952.52861849774, 70, -1.0
67963.99160981394, 101, -1.0
67977.97302491838, 101, 1.0
67978.29665338181, 83, 1.0
68025.64290965805, 83, 1.0
68029.1935085791, 54, -1.0
68039.97457122558, 101, -1.0
68045.55279395924, 133, -1.0
68051.34116182897, 101, -1.0
68053.44217280485, 101, 1.0
68060.59798636557, 117, -1.0
68074.29694396962, 54, -1.0
68075.68792961464, 59, 1.0
68078.15302805093, 54, -1.0
68082.33664735172, 101, -1.0
68090.03130472226, 117, -1.0
68091.85109421492, 83, 1.0
68098.59734934801, 83, -1.0
68108.17476430276, 117, 1.0
68109.56916864257, 133, -1.0
68110.05918172779, 133, -1.0
68137.12213077991, 133, -1.0
68167.04519825423, 59, 1.0
68167.66036223396, 133, -1.0
68181.6689891239, 59, -1.0
68181.68762427165, 54, -1.0
68193.36985357552, 104, 1.0
68229.21596151646, 104, 1.0
68230.36776936373, 83, -1.0
68235.4750844272, 101, 1.0
68246.02336938263, 54, -1.0
68251.82515341791, 70, -1.0
68261.07669186947, 83, 1.0
68269.898236119, 83, -1.0
68283.13252550374, 133, -1.0
68299.85098677211, 101, 1.0
68300.24208466968, 83, 1.0
68300.2805250049, 101, 1.0
68308.13925663794, 101, -1.0
68314.17628715531, 59, 1.0
68317.59989846915, 59, 1.0
68321.77711394768, 101, 1.0
68326.75575244137, 59, 1.0
68328.30775647875, 101, -1.0
68334.61787400975, 133, -1.0
68365.70067042642, 59, 1.0
68379.94292916363, 59, -1.0
68389.24909171778, 70, -1.0
68409.49051546212, 83, 1.0
68440.13780696166, 59, 1.0
68444.54111547081, 133, -1.0
68447.32931709381, 101, -1.0
68469.2289676131, 54, -1.0
68479.2287011649, 133, -1.0
68480.45997724833, 59, -1.0
68495.97778078546, 59, 1.0
68602.3803317433, 117, 1.0
68630.5173227223, 133, -1.0
68660.889370087, 70, -1.0
68685.80925197926, 83, 1.0
68694.30828834511, 54, 1.0
68703.51588315988, 133, -1.0
68741.11363066833, 70, -1.0
68744.07897668745, 117, 1.0
68757.39089565883, 101, -1.0
68762.3786205536, 59, -1.0
68764.26510484822, 101, 1.0
68769.11313553448, 83, -1.0
68770.6932216737, 101, 1.0
68777.52907556151, 117, -1.0
68800.30309481543, 83, -1.0
68802.25721155158, 133, -1.0
68819.91768100367, 101, -1.0
68839.98876088666, 133, -1.0
68853.15267335104, 133, -1.0
68865.98682041552, 59, -1.0
68869.82971430958, 83, 1.0
68883.87942291968, 117, 1.0
68908.19612044487, 101, -1.0
68908.95501114904, 133, -1.0
68913.74630686884, 101, 1.0
68923.33229599384, 117, 1.0
68934.05707264795, 133, -1.0
68935.39533042783, 59, 1.0
68939.14764684397, 59, 1.0
68949.5999028629, 59, 1.0
68970.20115311809, 59, 1.0
68976.57444264782, 59, 1.0
68997.64063373362, 54, -1.0
69013.54291196793, 83, -1.0
69049.29876986184, 83, 1.0
69058.95766461428, 59, 1.0
69061.24007706455, 59, 1.0
69067.36406008742, 117, 1.0
69117.21820299905, 101, -1.0
69128.87673486397, 133, 1.0
69129.24061571878, 133, 1.0
69130.73271517806, 59, 1.0
69144.53456260159, 101, -1.0
69167.39635874584, 54, 1.0
69193.8490933449, 59, -1.0
69210.24439168372, 70, -1.0
69211.01604311065, 133, -1.0
69223.80229175511, 59, 1.0
69242.36483741694, 54, -1.0
69245.81768125137, 59, 1.0
69268.37029912564, 54, -1.0
69276.36320333098, 54, -1.0
69293.47719927544, 59, -1.0
69299.68891393667, 101, 1.0
69308.24650232056, 133, -1.0
69311.3738468775, 101, 1.0
69315.21482586901, 133, -1.0
69321.80292229401, 101, 1.0
69325.42687024236, 59, 1.0
69343.66402731025, 59, -1.0
69346.82367466467, 59, 1.0
69356.76287935085, 101, -1.0
69373.44969093816, 101, -1.0
69377.16516433143, 133, -1.0
69385.69564823812, 133, -1.0
69394.9272885134, 133, -1.0
69417.88342020729, 101, -1.0
69454.15302555232, 133, -1.0
69492.5341672065, 59, 1.0
69493.6898148989, 101, -1.0
69566.83763580132, 133, -1.0
69573.28626998566, 59, -1.0
69595.28734242803, 59, -1.0
69617.97721057362, 133, -1.0
69633.784464939, 70, 1.0
69641.70770185767, 101, -1.0
69656.32639116429, 101, -1.0
69663.11488835137, 59, 1.0
69721.84591354556, 59, -1.0
69727.91962669438, 59, 1.0
69748.50380416359, 59, -1.0
69753.54606280297, 59, -1.0
69764.4206806361, 70, -1.0
69768.34042198365, 101, 1.0
69774.16691186857, 133, -1.0
69780.20451524355, 117, -1.0
69782.49234757599, 83, 1.0
69785.93303837189, 70, -1.0
69820.98024231382, 117, 1.0
69823.81272611332, 101, -1.0
69828.69441616877, 59, 1.0
69834.78052673982, 59, 1.0
69838.54962968446, 101, 1.0
69904.57610259549, 70, 1.0
69937.64992410911, 117, 1.0
69942.50727170441, 104, -1.0
69988.18001534576, 59, -1.0
70003.57598803953, 70, -1.0
70014.49429121574, 101, -1.0
70018.71507546521, 54, 1.0
70030.59195398365, 117, 1.0
70030.67633661449, 54, 1.0
70056.08095875251, 59, -1.0
70069.92343968547, 59, -1.0
70080.5040764609, 101, -1.0
70096.6153860952, 83, -1.0
70101.6627403922, 70, -1.0
70134.8403269158, 133, -1.0
70188.01297945053, 83, 1.0
70265.52841557992, 70, -1.0
70267.72014992526, 133, -1.0
70274.17362376078, 59, 1.0
70276.30219365084, 59, 1.0
70282.88518865319, 54, -1.0
70315.51052591788, 101, 1.0
70354.96170328898, 70, 1.0
70361.68955478426, 133, -1.0
70378.24626563666, 59, 1.0
70425.15498681513, 117, 1.0
70433.33990135501, 59, 1.0
70461.25661718738, 59, 1.0
70472.93692790583, 70, -1.0
70474.16816004121, 70, 1.0
70504.63622343211, 117, 1.0
70528.15576361713, 59, 1.0
70541.25524426643, 59, 1.0
70570.41951840525, 104, 1.0
70570.64872419636, 59, 1.0
70574.22877449956, 59, 1.0
70575.10458960118, 59, -1.0
70580.46557710592, 117, 1.0
70592.1820028168, 59, 1.0
70598.46370280384, 101, 1.0
70599.26182035558, 117, 1.0
70613.42524983802, 70, -1.0
70614.76711552349, 133, -1.0
70614.988991191, 83, 1.0
70621.5863411485, 133, 1.0
70649.00559685982, 59, 1.0
70662.72737603962, 59, 1.0
70687.5879962553, 59, 1.0
70702.28063202268, 59, 1.0
70727.15622683911, 117, 1.0
70750.05383695103, 70, -1.0
70751.18512373121, 133, 1.0
70769.59012185999, 59, -1.0
70774.3343039453, 59, -1.0
70798.15645025078, 54, -1.0
70801.82463428914, 59, 1.0
70802.9606181999, 70, 1.0
70826.67716968479, 101, 1.0
70827.05473574321, 117, 1.0
70870.01772109144, 101, -1.0
70901.9055653138, 54, -1.0
70912.4742496498, 133, -1.0
70920.25505037679, 59, 1.0
70959.89135543662, 83, -1.0
70971.6218928318, 133, 1.0
70978.33747525659, 54, -1.0
70987.83384008473, 101, 1.0
71012.37729750756, 59, 1.0
71024.5451079279, 83, 1.0
71026.91832068814, 83, -1.0
71044.38086295845, 59, -1.0
71059.62070882859, 101, 1.0
71082.84274082891, 101, 1.0
71116.55694812523, 101, -1.0
71134.24469569011, 83, 1.0
71137.16077208194, 104, 1.0
71148.22435789107, 70, -1.0
71177.60458830501, 83, 1.0
71187.22779825528, 59, 1.0
71187.46795781533, 101, 1.0
71224.37873629398, 104, -1.0
71228.52965508749, 70, -1.0
71241.28931804882, 70, -1.0
71248.78880507055, 101, 1.0
71256.3724364241, 70, -1.0
71278.58213825968, 70, 1.0
71282.09320835437, 101, 1.0
71290.25364801503, 104, -1.0
71299.20115360492, 83, 1.0
71300.36862120741, 117, 1.0
71320.41639357377, 59, 1.0
71327.03611319646, 117, 1.0
71327.77308331963, 59, 1.0
71368.84329098786, 59, 1.0
71376.78226760731, 70, -1.0
71391.86215206826, 101, -1.0
71399.48000813213, 133, 1.0
71406.332308606, 70, -1.0
71435.76727447876, 83, -1.0
71445.65565815693, 117, 1.0
71454.27521137596, 59, 1.0
71459.76368888162, 101, 1.0
71506.28633699894, 83, 1.0
71541.29913775055, 59, 1.0
71552.67573231415, 59, -1.0
71553.84764955602, 133, 1.0
71580.47367402742, 83, 1.0
71602.85817635238, 83, -1.0
71625.66943217347, 101, 1.0
71625.86828589608, 59, -1.0
71632.92230319002, 101, 1.0
71656.33721501462, 133, -1.0
71664.7751655112, 59, 1.0
71674.60534661297, 83, 1.0
71682.43481972376, 59, 1.0
71682.70048184448, 101, -1.0
71695.74198219659, 101, -1.0
71716.09161547467, 133, -1.0
71717.57688423478, 133, -1.0
71741.87980793847, 101, 1.0
71745.31838662537, 59, 1.0
71749.34419919898, 83, 1.0
71765.59482274388, 59, 1.0
71773.68674424227, 70, 1.0
71776.60935908533, 70, -1.0
71787.32390101365, 59, 1.0
71788.21723875108, 59, 1.0
71789.01191718149, 83, 1.0
71789.85713372477, 133, -1.0
71793.05517155713, 59, 1.0
71793.58100500402, 70, -1.0
71805.24380323155, 101, 1.0
71817.42990402579, 133, -1.0
71822.82746582552, 133, -1.0
71833.63077045676, 70, -1.0
71845.89754464106, 59, 1.0
71878.04155616286, 133, -1.0
71879.1931432733, 117, 1.0
71885.66276540424, 104, 1.0
71887.11478586555, 70, -1.0
71888.17060850855, 59, -1.0
71894.33969759016, 59, -1.0
71900.98707990922, 104, 1.0
71915.94617448687, 101, 1.0
71928.24784116632, 83, 1.0
71936.7671411991, 83, 1.0
72017.90568544489, 101, 1.0
72036.14806636825, 83, -1.0
72042.63310623144, 59, 1.0
72066.38382497628, 59, 1.0
72087.05344516743, 133, -1.0
72127.72301390661, 101, -1.0
72160.58597813941, 54, 1.0
72166.26364467337, 70, -1.0
72169.80382763692, 59, -1.0
72172.36814508903, 117, -1.0
72186.68438300077, 104, -1.0
72189.97251529507, 59, 1.0
72195.08266666952, 133, -1.0
72232.10905080751, 133, -1.0
72234.88413235909, 101, -1.0
72240.7514799067, 101, 1.0
72294.96483855334, 83, 1.0
72323.42634823608, 59, 1.0
72358.21347867031, 59, 1.0
72367.55825802466, 59, 1.0
72373.65586002942, 83, 1.0
72373.88993481947, 133, -1.0
72465.49691746628, 133, -1.0
72478.46586613932, 104, -1.0
72549.42946004913, 83, 1.0
72598.41179618446, 59, 1.0
72598.58158903617, 101, -1.0
72610.31915241473, 54, -1.0
72663.07398162186, 59, 1.0
72670.28440011259, 59, -1.0
72670.28596751035, 59, -1.0
72685.07446872116, 133, -1.0
72699.17492526227, 117, 1.0
72757.2999699594, 133, -1.0
72790.33256437774, 83, -1.0
72795.92367542579, 70, -1.0
72801.10389097212, 54, -1.0
72807.38091307967, 83, 1.0
72813.53607895017, 70, -1.0
72886.08453492152, 59, 1.0
72901.09103113417, 59, 1.0
72908.75168648566, 59, -1.0
72996.75747712066, 59, 1.0
73006.12742044017, 83, 1.0
73019.65142544129, 59, 1.0
73020.18906575581, 83, 1.0
73035.06293796524, 83, 1.0
73041.57798217048, 54, -1.0
73080.92618321227, 83, 1.0
73107.9216233565, 83, 1.0
73121.02659507886, 101, -1.0
73204.32307777551, 101, -1.0
73207.02682450425, 54, 1.0
73233.00655602904, 101, -1.0
73234.68947445613, 83, 1.0
73244.4178599331, 59, 1.0
73288.2607689625, 83, 1.0
73296.72006436276, 59, -1.0
73326.79334195734, 59, 1.0
73333.48924383556, 59, 1.0
73349.579629667, 59, 1.0
73448.89577131014, 117, 1.0
73454.44996015393, 83, 1.0
73466.14417560535, 59, 1.0
73477.47174274136, 83, 1.0
73481.41136612232, 133, -1.0
73500.3049247842, 70, -1.0
73503.19251189646, 54, 1.0
73543.98011853131, 83, -1.0
73607.718429268, 59, -1.0
73612.60915371869, 83, -1.0
73619.50121975249, 59, -1.0
73625.92367017, 101, -1.0
73642.53276636316, 133, -1.0
73652.83253464765, 70, -1.0
73681.31012216337, 117, 1.0
73701.25854173374, 83, 1.0
73763.57973305589, 59, 1.0
73780.2635086837, 83, 1.0
73820.79150674646, 83, 1.0
73820.99937068907, 59, 1.0
73823.42666830214, 70, -1.0
73829.35675935094, 83, 1.0
73854.91217949249, 117, -1.0
73859.62574854847, 83, 1.0
73860.79616406003, 59, -1.0
73870.70297631774, 133, -1.0
73932.69526238731, 59, -1.0
73952.00897996499, 104, -1.0
73982.78051820945, 59, 1.0
74002.50934265043, 59, 1.0
74003.18912264486, 133, -1.0
74027.69253796605, 70, -1.0
74031.82010769162, 83, 1.0
74032.5712851294, 83, -1.0
74039.42922691748, 83, 1.0
74056.27318283198, 133, -1.0
74072.59007296196, 59, 1.0
74081.698833833, 70, -1.0
74100.31614141985, 133, -1.0
74173.17916722463, 59, 1.0
74193.31399008456, 83, 1.0
74202.6672743324, 101, -1.0
74270.33295323912, 83, 1.0
74301.71078943476, 54, 1.0
74313.79730671506, 101, 1.0
74319.14092594058, 59, -1.0
74330.48869976407, 59, 1.0
74339.22344438589, 83, 1.0
74349.459537117, 59, 1.0
74404.7836668522, 54, 1.0
74472.66071066135, 83, -1.0
74493.51763080386, 133, -1.0
74516.02158654325, 83, 1.0
74516.13780021819, 59, 1.0
74520.34815120262, 59, 1.0
74529.55834783975, 59, 1.0
74569.39727130809, 70, -1.0
74572.8908662185, 83, -1.0
74582.41342773598, 59, 1.0
74608.78226746616, 70, -1.0
74622.17526960232, 54, -1.0
74670.51918364363, 133, -1.0
74687.01701224761, 54, 1.0
74688.2686750754, 83, 1.0
74692.9544043576, 70, -1.0
74744.88389171414, 59, -1.0
74747.49984763855, 101, -1.0
74753.56474842146, 83, 1.0
74753.74915627386, 83, -1.0
74799.04143071723, 83, 1.0
74851.46684822571, 133, -1.0
74856.36457837067, 104, -1.0
74872.3479785265, 83, -1.0
74898.82747785217, 59, -1.0
74915.47334471816, 54, -1.0
74925.34507512403, 59, 1.0
74964.31408262588, 59, 1.0
74989.4284094744, 133, -1.0
74989.59519878455, 59, -1.0
75021.74529267848, 83, 1.0
75082.1669847039, 59, 1.0
75090.90546505294, 83, 1.0
75130.37671584693, 54, 1.0
75167.102224084, 117, 1.0
75185.92120312639, 59, 1.0
75189.15565105989, 83, 1.0
75209.99746153236, 59, 1.0
75224.75034644913, 54, 1.0
75240.86031985928, 101, -1.0
75260.9486879479, 83, 1.0
75285.67041063643, 54, 1.0
75303.1770192032, 117, -1.0
75304.91350414536, 104, -1.0
75351.42658462489, 59, -1.0
75357.34977112975, 59, 1.0
75408.78271886738, 117, -1.0
75419.83480234187, 59, 1.0
75426.94694248642, 59, 1.0
75436.9250507104, 117, -1.0
75475.00018032717, 83, 1.0
75475.51354722289, 117, 1.0
75523.39863393056, 54, 1.0
75528.00439714895, 101, 1.0
