39601.14868912265, 169, -1.0
39604.3933355087, 105, -1.0
39605.684860667665, 84, 1.0
39609.177773774645, 167, -1.0
39609.49086026807, 108, -1.0
39611.06423627794, 48, 1.0
39611.967158849155, 96, 1.0
39613.012345693896, 35, -1.0
39615.37845421155, 35, -1.0
39616.45827509322, 152, -1.0
39617.4024146585, 66, -1.0
39618.47248111184, 40, 1.0
39618.87960953084, 120, -1.0
39619.353012674415, 117, 1.0
39619.36721895097, 48, -1.0
39620.57006698588, 126, -1.0
39620.953351603224, 42, -1.0
39621.26132830794, 173, 1.0
39621.29070917562, 101, 1.0
39622.00219354165, 105, -1.0
39623.35205529519, 152, -1.0
39626.04575019233, 146, -1.0
39626.55661073581, 177, -1.0
39626.9582974678, 97, 1.0
39628.99795365831, 39, -1.0
39629.9261596342, 137, 1.0
39630.21705607766, 154, -1.0
39631.82227025101, 241, 1.0
39633.19197884703, 142, 1.0
39633.52987845588, 36, -1.0
39633.7181323119, 43, 1.0
39634.86502922271, 114, 1.0
39635.957700249615, 71, -1.0
39637.243113256256, 141, 1.0
39638.11029531966, 75, -1.0
39638.583128845465, 173, -1.0
39638.659586786285, 75, -1.0
39641.10187241723, 50, -1.0
39645.704477919746, 37, 1.0
39648.63068380038, 161, -1.0
39648.97547423055, 235, 1.0
39650.3322685643, 163, -1.0
39651.37316173863, 64, 1.0
39651.75304133868, 168, 1.0
39653.454929403015, 58, 1.0
39656.1163006178, 44, -1.0
39657.56098112768, 99, 1.0
39657.93460815227, 142, 1.0
39658.09673307498, 169, 1.0
39663.53691594474, 64, -1.0
39663.53742730184, 68, 1.0
39664.677424292444, 32, 1.0
39665.3932524991, 32, 1.0
39665.87818558736, 101, -1.0
39667.39249688243, 92, -1.0
39667.840593163084, 39, 1.0
39668.02718280793, 177, -1.0
39668.34961699003, 40, -1.0
39671.453781304976, 26, 1.0
39672.83361660831, 96, 1.0
39673.25224724019, 67, -1.0
39675.19222025812, 75, 1.0
39677.65707442995, 105, -1.0
39680.75856210422, 105, -1.0
39682.47265032453, 166, -1.0
39682.88689057793, 70, -1.0
39683.32221446037, 53, -1.0
39683.486387189514, 161, 1.0
39683.73825704435, 68, 1.0
39684.916382902884, 73, -1.0
39685.31948571295, 46, -1.0
39686.59438410753, 97, -1.0
39687.64745570856, 109, -1.0
39689.11995761318, 120, -1.0
39689.89412226942, 101, 1.0
39690.97224621541, 95, 1.0
39693.18359306167, 63, 1.0
39693.794932388155, 100, -1.0
39693.960097210125, 222, -1.0
39694.06263850497, 81, 1.0
39694.659668011416, 62, -1.0
39696.78948011102, 97, 1.0
39700.087413273475, 198, 1.0
39701.44922464278, 26, 1.0
39701.84571693147, 35, -1.0
39702.44327714729, 75, -1.0
39702.604013667005, 45, 1.0
39703.89354410731, 90, -1.0
39704.41867600948, 29, 1.0
39705.65860497405, 33, -1.0
39705.98753489956, 116, 1.0
39706.49373127096, 44, -1.0
39708.17359319765, 44, 1.0
39708.213673657105, 73, -1.0
39708.62550928254, 230, -1.0
39709.21003455295, 165, 1.0
39709.68329139322, 80, -1.0
39710.087244462135, 29, -1.0
39711.07462821872, 35, -1.0
39711.94077169573, 41, 1.0
39712.04792246097, 32, 1.0
39715.417506117396, 75, 1.0
39715.54163191437, 198, -1.0
39715.82823056858, 102, -1.0
39716.10696681909, 35, -1.0
39720.163057415695, 29, 1.0
39720.46412342186, 141, -1.0
39724.46146858804, 153, -1.0
39726.3907269386, 64, -1.0
39726.59188101793, 100, -1.0
39728.40193176523, 207, -1.0
39730.73648497569, 58, -1.0
39731.658397104045, 188, -1.0
39731.721188389776, 154, 1.0
39732.71262045218, 123, -1.0
39732.75413072692, 97, -1.0
39732.86221750794, 114, 1.0
39733.68661963474, 35, -1.0
39734.54520360966, 235, -1.0
39734.68569979661, 100, -1.0
39737.00419787037, 228, -1.0
39738.00743954363, 141, 1.0
39740.22689300167, 60, -1.0
39744.38697205056, 230, -1.0
39745.288435474184, 29, 1.0
39745.510444242784, 59, 1.0
39748.03989928584, 50, -1.0
39748.355430274925, 67, -1.0
39749.26326849305, 76, -1.0
39749.70375499041, 41, -1.0
39750.08327862818, 114, 1.0
39750.87682225766, 58, 1.0
39752.46742590467, 154, -1.0
39752.97839443179, 142, -1.0
39753.92598363451, 65, -1.0
39754.19099424245, 181, -1.0
39754.7995619806, 53, -1.0
39755.29792019354, 105, 1.0
39755.32613698587, 142, -1.0
39756.03228939281, 94, -1.0
39756.60429636548, 193, -1.0
39758.54978239282, 69, -1.0
39759.16775853036, 59, -1.0
39760.298497324125, 165, -1.0
39761.41373005457, 101, 1.0
39761.44459337901, 26, -1.0
39762.23516172521, 71, 1.0
39762.434851094484, 34, -1.0
39762.4997269067, 128, -1.0
39762.669812755805, 105, -1.0
39764.74823893695, 148, -1.0
39766.37311333527, 58, 1.0
39766.56465544769, 141, 1.0
39770.58213135711, 161, -1.0
39771.20431203154, 81, 1.0
39771.29454757473, 150, -1.0
39773.48862094611, 118, -1.0
39773.8578203012, 182, -1.0
39775.50521958417, 137, 1.0
39776.91185976701, 142, 1.0
39778.50410789203, 81, -1.0
39780.284078485136, 81, -1.0
39780.42110204968, 48, -1.0
39780.82402240051, 146, -1.0
39780.93940508542, 101, 1.0
39783.060060165306, 45, -1.0
39785.34106804329, 151, 1.0
39785.849704241846, 167, -1.0
39786.11511745353, 65, 1.0
39790.82955047335, 92, -1.0
39791.68622676596, 101, 1.0
39791.88058627439, 235, 1.0
39792.351629918696, 40, 1.0
39792.53500222077, 128, 1.0
39793.213085655174, 105, 1.0
39796.291708343975, 141, 1.0
39796.6410600827, 99, 1.0
39797.26600464292, 28, -1.0
39797.27122523464, 165, -1.0
39798.08766547911, 32, -1.0
39798.95223135173, 75, -1.0
39800.518368848265, 50, 1.0
39803.52931913875, 159, -1.0
39807.135776056246, 118, -1.0
39807.22277498098, 86, 1.0
39808.02857876899, 92, -1.0
39808.32083247418, 111, -1.0
39808.46055111665, 42, -1.0
39809.85521031801, 152, -1.0
39810.389109752636, 108, 1.0
39811.887044765084, 137, -1.0
39812.2418686409, 117, 1.0
39812.24408827192, 126, -1.0
39812.265143022356, 75, -1.0
39813.140841334534, 151, 1.0
39813.1956910792, 100, -1.0
39814.74362263608, 58, -1.0
39815.94456136471, 67, 1.0
39816.33125472314, 73, 1.0
39816.92795816502, 99, 1.0
39817.233130029344, 64, 1.0
39817.306348193175, 48, -1.0
39817.87619811641, 163, 1.0
39817.91733115819, 37, 1.0
39822.52178771681, 84, -1.0
39822.89187296044, 100, 1.0
39824.83094903716, 26, -1.0
39825.52593581152, 165, -1.0
39825.53833072881, 39, -1.0
39825.56595620974, 58, -1.0
39826.0969588748, 65, -1.0
39827.69691081099, 35, -1.0
39828.64302071263, 80, 1.0
39830.05412996669, 71, -1.0
39834.515016765996, 86, -1.0
39836.99804604952, 103, 1.0
39837.3897686412, 58, 1.0
39837.66527488152, 102, -1.0
39837.937303833794, 72, 1.0
39839.09823673606, 48, -1.0
39840.146158028496, 58, 1.0
39840.322545887706, 105, 1.0
39840.5750789403, 150, -1.0
39843.80548762197, 146, -1.0
39845.2687859099, 44, 1.0
39845.49759837719, 162, -1.0
39846.42814427019, 34, -1.0
39847.07052573039, 165, -1.0
39849.78124870042, 116, 1.0
39849.944584553676, 97, -1.0
39850.68002363854, 142, 1.0
39851.07282166194, 142, 1.0
39855.89185492243, 43, 1.0
39856.24065710571, 233, 1.0
39856.40200140883, 58, 1.0
39856.461499048484, 45, 1.0
39859.28452246279, 97, -1.0
39859.856213908584, 58, 1.0
39863.01198527401, 115, -1.0
39863.54253822503, 98, -1.0
39863.84694089398, 102, 1.0
39865.497824754246, 103, -1.0
39867.25771730709, 98, -1.0
39868.16128302469, 149, 1.0
39869.00645770466, 35, 1.0
39869.43647311661, 116, 1.0
39870.526049877386, 53, -1.0
39871.43725158151, 33, -1.0
39871.809431305956, 126, 1.0
39875.75666113483, 31, -1.0
39876.02606092491, 82, -1.0
39876.26805388518, 76, -1.0
39876.90073637598, 141, -1.0
39879.31094085996, 45, 1.0
39885.25500908056, 153, 1.0
39885.649363015254, 63, 1.0
39890.18384528344, 90, -1.0
39892.51058184906, 146, -1.0
39892.51245608428, 41, -1.0
39893.535997485415, 119, -1.0
39897.22162938176, 126, 1.0
39897.4249374886, 114, 1.0
39899.78630682293, 147, 1.0
39901.02698781568, 228, 1.0
39901.77641483354, 107, -1.0
39902.15665217618, 69, -1.0
39902.24482790023, 75, 1.0
39904.60903592607, 69, -1.0
39906.612709379566, 100, -1.0
39909.58790941294, 64, -1.0
39910.37778056524, 35, -1.0
39913.74351998668, 111, -1.0
39914.53375269358, 90, 1.0
39914.76328911112, 166, -1.0
39915.24499364279, 97, 1.0
39915.728308953345, 146, -1.0
39918.64349814819, 117, 1.0
39918.81032425204, 46, 1.0
39920.604238913904, 75, 1.0
39921.23667840196, 97, 1.0
39922.096386942794, 81, -1.0
39922.27512535204, 60, -1.0
39923.15206387853, 180, 1.0
39923.400470005065, 113, 1.0
39924.5473962069, 39, 1.0
39925.0912622207, 141, -1.0
39926.82461327077, 152, 1.0
39928.291647920145, 161, 1.0
39928.355061179784, 48, -1.0
39928.95727471079, 228, -1.0
39930.70002851185, 56, -1.0
39930.76847543437, 83, 1.0
39934.666012803566, 146, -1.0
39934.92978213471, 154, -1.0
39935.14808629396, 39, -1.0
39935.84282043682, 154, -1.0
39935.99728259808, 83, -1.0
39936.35990307424, 42, -1.0
39936.57081222331, 177, -1.0
39936.61611322748, 171, -1.0
39938.16404700548, 82, 1.0
39938.19208308666, 87, -1.0
39938.994581477134, 154, 1.0
39939.82048375131, 150, -1.0
39940.71379569759, 46, 1.0
39941.223487128475, 222, 1.0
39941.691686691614, 55, -1.0
39944.495639896144, 62, -1.0
39945.26259443789, 163, 1.0
39945.30251785823, 104, 1.0
39945.677497571, 114, 1.0
39946.71497145203, 148, -1.0
39947.55338710807, 142, -1.0
39947.68844038143, 50, 1.0
39949.068943121776, 99, -1.0
39950.94561692991, 188, -1.0
39955.46380474217, 105, 1.0
39957.088188215304, 67, 1.0
39958.58840049887, 34, -1.0
39959.757532720694, 149, -1.0
39961.84994545412, 68, 1.0
39962.06902238009, 67, -1.0
39962.80541673988, 137, -1.0
39964.72457982075, 35, -1.0
39965.248274253376, 151, 1.0
39967.02683688045, 193, -1.0
39968.48084273508, 228, -1.0
39970.8249256759, 29, 1.0
39971.15323634546, 157, 1.0
39973.31525229858, 87, 1.0
39974.2835137576, 114, 1.0
39974.65853483917, 150, -1.0
39974.85677963668, 45, -1.0
39974.96013498502, 84, 1.0
39976.62899309004, 124, -1.0
39976.78836093571, 164, 1.0
39977.1385031485, 33, 1.0
39977.14898045276, 198, -1.0
39978.06348603096, 71, -1.0
39978.261221104716, 182, -1.0
39979.44811247938, 50, 1.0
39979.798588043835, 166, -1.0
39982.01734316352, 165, 1.0
39982.43674927741, 83, -1.0
39983.234936598754, 58, -1.0
39988.351262816235, 130, 1.0
39988.95811303204, 44, -1.0
39989.09130585449, 48, 1.0
39989.21648197054, 137, 1.0
39990.262034978376, 40, -1.0
39991.55128358811, 126, 1.0
39992.88413704668, 63, -1.0
39995.82683731899, 105, 1.0
39996.70145886321, 68, 1.0
39997.93420919452, 154, 1.0
39998.630690224294, 198, -1.0
39998.65191961703, 34, -1.0
39999.33087774318, 109, -1.0
40000.11751511074, 137, 1.0
40000.162576621035, 73, -1.0
40001.56893607776, 72, 1.0
40001.64048052451, 137, 1.0
40002.890656634045, 148, -1.0
40004.429842125515, 148, 1.0
40005.50378533809, 123, -1.0
40006.12597091705, 59, 1.0
40006.16350087714, 83, -1.0
40006.40249099186, 102, -1.0
40006.50836508671, 35, 1.0
40006.93626005607, 81, 1.0
40008.4324012251, 70, 1.0
40009.02248711673, 168, -1.0
40009.3847394372, 73, 1.0
40010.00592667408, 133, -1.0
40010.585416649075, 43, 1.0
40010.7290640099, 59, -1.0
40010.87859346806, 60, -1.0
40011.660652663624, 105, -1.0
40015.98452438783, 233, -1.0
40016.41226421374, 142, 1.0
40017.486159480744, 40, -1.0
40017.87180593692, 52, -1.0
40022.09820674573, 233, -1.0
40023.154281621544, 149, -1.0
40024.1182319356, 142, -1.0
40026.970124687134, 114, 1.0
40027.529770619265, 124, -1.0
40027.75600947647, 103, 1.0
40032.81268214656, 105, 1.0
40035.76508274588, 98, -1.0
40036.18573497648, 103, -1.0
40037.2829963564, 58, -1.0
40037.50659098189, 59, 1.0
40037.653418490525, 188, 1.0
40041.00499147592, 97, -1.0
40042.692701107364, 152, 1.0
40042.8493002386, 188, -1.0
40043.74917831081, 101, 1.0
40044.20851044304, 123, -1.0
40044.39328528307, 165, 1.0
40045.039265557796, 228, -1.0
40046.59860292317, 99, -1.0
40046.719432499376, 40, -1.0
40047.87069695524, 58, 1.0
40048.20976571847, 54, -1.0
40050.586852811466, 69, -1.0
40050.92024046695, 41, 1.0
40051.231525854404, 152, -1.0
40051.42397596119, 163, -1.0
40052.13553098567, 241, -1.0
40056.18528664128, 45, 1.0
40056.286283857204, 58, 1.0
40056.638851618474, 28, 1.0
40059.57705352022, 210, 1.0
40060.658274090914, 101, -1.0
40061.14796438578, 105, -1.0
40061.62760401471, 154, -1.0
40062.37787367003, 75, 1.0
40062.831493028214, 165, -1.0
40064.46561559272, 70, 1.0
40064.61240805837, 52, 1.0
40065.48937387552, 152, -1.0
40066.444354802865, 130, -1.0
40067.12856836431, 101, 1.0
40067.167429827394, 158, 1.0
40067.42683502873, 67, 1.0
40067.8620196141, 150, -1.0
40068.22078900282, 43, -1.0
40068.698101070135, 62, -1.0
40070.41740051035, 81, 1.0
40070.44689968786, 126, 1.0
40070.537858511394, 112, -1.0
40076.75279472543, 109, -1.0
40076.84039967158, 43, 1.0
40078.25599714052, 163, -1.0
40079.7266011211, 75, -1.0
40080.022359122835, 116, -1.0
40080.47183458497, 42, -1.0
40080.62013554655, 84, -1.0
40082.26685616756, 142, -1.0
40084.93396772204, 116, -1.0
40085.08950662589, 39, 1.0
40085.42400085012, 149, -1.0
40085.426301340536, 141, -1.0
40085.45211978142, 29, 1.0
40085.62755371574, 105, -1.0
40085.993209444336, 152, 1.0
40086.067932091, 230, -1.0
40086.10332152172, 163, -1.0
40086.3279495879, 101, -1.0
40087.50702040334, 40, -1.0
40088.47785137125, 58, 1.0
40088.58587467518, 114, 1.0
40090.34128680006, 233, 1.0
40091.36721910554, 152, -1.0
40091.8523880902, 164, 1.0
40093.635464477426, 103, 1.0
40094.21355267017, 118, 1.0
40094.535857899034, 64, 1.0
40094.94253637748, 114, 1.0
40095.41395595508, 34, 1.0
40096.06046912259, 101, -1.0
40098.664583025085, 165, -1.0
40100.30300192289, 142, 1.0
40100.444569091334, 142, 1.0
40102.35363203126, 97, -1.0
40104.308219731494, 166, -1.0
40104.31839192062, 89, 1.0
40105.90146771476, 116, 1.0
40106.119668493906, 26, 1.0
40106.510372021294, 152, 1.0
40108.08006092053, 114, -1.0
40108.401898017924, 72, 1.0
40110.8526963884, 74, 1.0
40110.91680828826, 119, 1.0
40111.93174040366, 68, -1.0
40114.26367707743, 58, -1.0
40115.48858184875, 230, -1.0
40116.609629673985, 26, -1.0
40116.65041949849, 72, 1.0
40117.24753939526, 40, 1.0
40117.51008018857, 153, -1.0
40122.9550401454, 59, 1.0
40126.18174091187, 162, -1.0
40131.01084418856, 58, 1.0
40134.32095049268, 28, 1.0
40134.61072825082, 150, -1.0
40138.43156972707, 109, -1.0
40138.46156850772, 58, -1.0
40139.53193521824, 234, -1.0
40139.56790765606, 81, -1.0
40140.42181445914, 97, 1.0
40140.46565839274, 58, -1.0
40141.42906051588, 80, 1.0
40144.567015112974, 141, -1.0
40144.731965702835, 167, -1.0
40145.53303149403, 153, -1.0
40145.67071165959, 43, -1.0
40146.8424583068, 50, 1.0
40147.183149930934, 162, -1.0
40149.1718076178, 39, -1.0
40149.52168592741, 71, 1.0
40150.93791566859, 142, -1.0
40152.97727114465, 99, 1.0
40153.17401995815, 61, -1.0
40153.35689074965, 28, 1.0
40153.38518846679, 52, -1.0
40154.55378229706, 113, -1.0
40154.753745659465, 142, 1.0
40156.04558070021, 34, -1.0
40156.34172029407, 59, 1.0
40156.71789624313, 169, 1.0
40157.03220953257, 90, -1.0
40158.549987072285, 59, -1.0
40158.95388768319, 97, -1.0
40159.701524916185, 68, -1.0
40161.400493049725, 153, 1.0
40162.70098338531, 41, 1.0
40163.80515761653, 41, -1.0
40163.9593868147, 130, -1.0
40164.21422279559, 75, -1.0
40164.49166533553, 66, -1.0
40166.466455963746, 88, -1.0
40167.05246581348, 87, -1.0
40168.264727147754, 65, 1.0
40168.59393034769, 109, 1.0
40171.32938293747, 92, 1.0
40171.90945863047, 98, -1.0
40179.3084263643, 83, -1.0
40183.18956149925, 157, -1.0
40183.98082509124, 114, 1.0
40184.25636559709, 133, -1.0
40184.750907977184, 71, -1.0
40185.29665913594, 234, 1.0
40186.2663076137, 59, 1.0
40187.575001932724, 159, 1.0
40189.04481324715, 235, 1.0
40190.1387172647, 142, 1.0
40190.67274082759, 95, -1.0
40193.03956295159, 67, 1.0
40194.87763782621, 88, -1.0
40195.012589895836, 148, -1.0
40196.8319933735, 36, 1.0
40197.673442227955, 59, 1.0
40198.11821955392, 33, -1.0
40198.82356681895, 87, 1.0
40199.593027970404, 164, 1.0
40200.1886779043, 148, -1.0
40200.854869920855, 40, 1.0
40201.60248743187, 74, 1.0
40203.04797546686, 114, 1.0
40204.19778478585, 64, -1.0
40205.42024379177, 146, 1.0
40207.022985092925, 146, -1.0
40207.34083915684, 96, 1.0
40207.82663976374, 100, 1.0
40208.660391789956, 99, -1.0
40210.73766092153, 63, -1.0
40212.10706086646, 154, 1.0
40212.67977490394, 70, 1.0
40212.74509063167, 40, 1.0
40214.199114202165, 58, 1.0
40215.06103425273, 42, -1.0
40216.01930623295, 35, 1.0
40218.4905098004, 44, -1.0
40220.35468605567, 33, 1.0
40221.35701106807, 142, -1.0
40223.51546196581, 228, 1.0
40223.84014575115, 52, 1.0
40225.07727637854, 33, 1.0
40225.48738850669, 112, -1.0
40226.947277313964, 126, 1.0
40228.70364065471, 35, 1.0
40229.42381177369, 105, -1.0
40232.89639891788, 28, 1.0
40233.766005679456, 71, -1.0
40235.511851904776, 234, 1.0
40235.95298851272, 116, 1.0
40239.20623089738, 123, -1.0
40240.77491711049, 152, -1.0
40240.980806278814, 155, -1.0
40241.37502084172, 101, 1.0
40242.72333349864, 123, -1.0
40243.589237127926, 64, 1.0
40245.05056734901, 98, 1.0
40245.26165782653, 154, -1.0
40246.01807959438, 40, -1.0
40246.94553367654, 149, 1.0
40247.51529223927, 233, 1.0
40247.54834533731, 28, 1.0
40247.93801673985, 67, -1.0
40249.796437870435, 92, -1.0
40252.63074608469, 41, -1.0
40253.10817317978, 187, -1.0
40255.15912040856, 188, -1.0
40257.51131168762, 161, 1.0
40257.879335686936, 83, 1.0
40259.301236696316, 45, 1.0
40259.373228258584, 116, -1.0
40262.30352741242, 48, 1.0
40263.9944073682, 82, 1.0
40264.808693154, 137, 1.0
40265.266211660055, 167, -1.0
40268.52137476762, 97, -1.0
40268.580185697305, 109, 1.0
40269.79061697595, 123, -1.0
40271.666413550076, 35, -1.0
40272.77885452494, 105, 1.0
40273.32485635532, 52, 1.0
40274.0941709171, 66, 1.0
40275.49979644389, 142, 1.0
40275.503957549154, 142, 1.0
40277.828639113126, 119, 1.0
40279.42482642879, 198, -1.0
40280.17681479225, 100, -1.0
40282.180876999635, 59, 1.0
40282.82861436097, 81, -1.0
40284.511769392855, 235, 1.0
40284.53328048281, 153, -1.0
40285.83907152931, 104, 1.0
40287.85323018442, 123, -1.0
40288.350756927284, 75, -1.0
40288.6120473517, 43, 1.0
40289.66521445098, 37, 1.0
40292.273923338405, 177, 1.0
40292.439013087955, 163, 1.0
40292.66725930797, 41, 1.0
40293.171789853994, 75, -1.0
40293.65977161262, 130, -1.0
40295.163611702534, 64, -1.0
40296.747721078886, 142, -1.0
40297.926911277216, 133, 1.0
40300.27442776928, 63, -1.0
40300.67769941928, 198, -1.0
40300.89920986042, 148, -1.0
40301.391534274575, 233, 1.0
40302.699201944124, 163, 1.0
40305.517511188555, 210, 1.0
40306.876936423476, 177, -1.0
40307.097007985976, 44, -1.0
40307.302192636045, 35, -1.0
40308.644132526955, 58, -1.0
40310.42117846439, 72, 1.0
40310.66481479621, 152, -1.0
40310.7581989757, 128, 1.0
40310.99896153637, 142, 1.0
40313.71020294144, 137, -1.0
40316.08094492176, 123, -1.0
40318.055439422846, 177, 1.0
40318.794045005154, 101, 1.0
40319.274868436754, 52, -1.0
40320.305785125056, 188, 1.0
40320.67712920918, 182, 1.0
40324.667660162166, 188, -1.0
40325.11856717409, 103, -1.0
40326.21624085985, 233, -1.0
40329.79600174508, 173, -1.0
40329.7967655908, 65, -1.0
40332.17516278601, 101, -1.0
40332.55282818134, 146, 1.0
40332.56603679106, 59, 1.0
40335.53632598332, 148, -1.0
40335.63331734353, 35, -1.0
40335.810128571386, 142, 1.0
40335.87073895861, 67, -1.0
40336.40114181808, 40, -1.0
40336.69549944237, 233, 1.0
40340.36234167093, 44, 1.0
40341.62670175037, 130, 1.0
40342.89249394382, 101, 1.0
40344.819171123716, 27, -1.0
40345.04388064579, 39, -1.0
40347.41880218457, 198, 1.0
40349.650971588555, 124, -1.0
40350.43202872598, 35, 1.0
40357.10170602243, 94, 1.0
40357.17500331773, 48, -1.0
40358.840848484106, 59, -1.0
40359.437544875516, 109, -1.0
40360.29176119927, 126, 1.0
40360.39527143523, 109, 1.0
40361.95521437504, 126, -1.0
40363.5370112436, 97, 1.0
40364.01470969668, 142, 1.0
40365.48380971222, 113, 1.0
40366.5130963078, 67, -1.0
40366.65685546886, 160, -1.0
40367.897371571664, 210, 1.0
40368.45599552958, 68, 1.0
40368.50517676753, 160, -1.0
40368.640215887295, 159, -1.0
40369.52449864832, 159, 1.0
40369.69406595054, 101, -1.0
40369.90650880044, 35, -1.0
40370.80602890281, 89, 1.0
40370.886620763216, 75, -1.0
40371.23343670632, 177, -1.0
40371.52742850453, 173, -1.0
40374.70979833763, 235, 1.0
40374.89790569318, 36, -1.0
40375.88263196955, 142, 1.0
40376.137008984035, 26, -1.0
40376.82502953623, 163, 1.0
40377.31637634294, 165, -1.0
40377.34767153143, 75, 1.0
40380.73495957285, 119, -1.0
40381.34845333222, 159, -1.0
40382.30235755883, 222, 1.0
40382.43746000675, 157, -1.0
40382.44983714375, 105, -1.0
40383.18000882491, 148, -1.0
40383.309301362715, 63, -1.0
40383.546110531184, 154, -1.0
40385.85676211648, 180, -1.0
40386.39100297582, 234, 1.0
40386.86393487247, 142, -1.0
40387.061965508314, 155, 1.0
40387.71157390042, 63, 1.0
40390.68638339935, 81, -1.0
40391.13245195431, 123, -1.0
40391.17569087814, 198, 1.0
40391.31608626378, 142, -1.0
40391.66220907456, 36, -1.0
40396.21381896068, 157, 1.0
40398.19594659479, 58, -1.0
40399.14967065685, 37, -1.0
40404.03125522241, 75, 1.0
40405.18883667535, 100, 1.0
40406.48475866355, 32, -1.0
40406.627884969785, 32, -1.0
40407.227039231075, 40, -1.0
40408.88509762871, 114, -1.0
40409.088902222225, 36, 1.0
40412.04627672608, 228, 1.0
40412.14685110729, 150, -1.0
40414.06197752208, 69, 1.0
40414.934027075775, 161, 1.0
40417.42691829766, 30, 1.0
40418.10346181928, 152, -1.0
40419.27107339481, 36, 1.0
40420.74164565349, 155, -1.0
40420.78900284344, 142, -1.0
40421.30772842965, 100, 1.0
40422.67277605242, 146, 1.0
40424.054887330654, 75, 1.0
40424.21672116685, 137, -1.0
40425.92176009232, 98, -1.0
40426.52260217776, 164, -1.0
40429.91944765362, 68, 1.0
40431.29927168124, 100, 1.0
40431.42414755321, 75, 1.0
40431.556683405695, 198, -1.0
40432.435588192726, 33, -1.0
40432.748274155194, 90, 1.0
40437.44688331952, 68, -1.0
40438.471244627515, 58, 1.0
40438.969646693346, 137, 1.0
40441.07788417298, 169, -1.0
40441.33316751075, 67, 1.0
40442.19457779399, 142, -1.0
40443.69974310622, 146, -1.0
40443.8649390691, 35, -1.0
40444.09579963216, 97, -1.0
40444.77150975837, 35, -1.0
40446.347717303965, 82, -1.0
40446.35106486176, 71, -1.0
40446.6012340957, 64, -1.0
40448.66151604746, 40, -1.0
40449.6131269603, 42, -1.0
40450.55179438322, 150, -1.0
40452.07054748203, 72, -1.0
40453.2830981633, 53, -1.0
40454.57640425592, 50, 1.0
40454.91499656962, 149, -1.0
40454.958933320144, 118, -1.0
40456.04102646176, 181, -1.0
40456.76186610698, 126, -1.0
40457.78663864633, 110, -1.0
40458.32582152584, 58, 1.0
40458.35297707803, 169, -1.0
40461.76164461621, 180, -1.0
40462.55614812247, 59, -1.0
40463.57985785004, 34, 1.0
40465.328582987335, 155, -1.0
40465.32882704811, 149, -1.0
40465.81990729424, 59, 1.0
40466.249000531745, 34, 1.0
40466.615212232806, 34, -1.0
40466.742086685794, 169, 1.0
40466.75726279077, 126, 1.0
40466.83502699673, 158, 1.0
40471.94653617621, 75, -1.0
40471.99072969041, 80, -1.0
40472.026550627976, 40, -1.0
40472.10604575604, 235, -1.0
40472.27429412771, 123, -1.0
40472.61737102597, 90, -1.0
40473.06828612945, 169, -1.0
40476.80779306205, 133, -1.0
40477.131199977324, 75, -1.0
40480.05077487874, 120, -1.0
40484.231861005595, 41, 1.0
40484.88921167628, 159, -1.0
40487.57111191567, 42, -1.0
40487.61707535338, 58, -1.0
40488.44465864146, 41, 1.0
40489.32668185437, 142, -1.0
40492.48385094279, 193, -1.0
40496.444728207396, 152, -1.0
40499.19562050072, 84, -1.0
40500.032004480905, 119, -1.0
40500.78181066117, 160, -1.0
40500.878559520635, 65, -1.0
40501.55402218267, 124, -1.0
40502.7760145428, 109, 1.0
40506.91251255429, 29, -1.0
40508.560454462284, 163, 1.0
40510.36046573905, 101, -1.0
40510.84641921008, 103, -1.0
40511.381797998605, 141, 1.0
40512.097307918375, 103, 1.0
40512.1668213412, 109, 1.0
40512.92122832756, 163, 1.0
40513.56201235834, 193, -1.0
40514.141762035295, 59, 1.0
40515.870207811306, 182, -1.0
40516.77268016844, 80, 1.0
40516.81568665412, 163, -1.0
40516.92885316089, 167, -1.0
40517.18819155694, 152, -1.0
40521.79196838877, 43, 1.0
40523.42708582106, 34, 1.0
40523.70876947848, 99, -1.0
40524.88977944866, 60, -1.0
40525.11052919065, 103, 1.0
40525.35934983863, 165, 1.0
40526.747534386035, 164, 1.0
40527.69364155687, 152, 1.0
40527.740887306165, 114, 1.0
40527.7543855687, 159, -1.0
40528.980459885664, 137, -1.0
40529.71612289399, 60, -1.0
40531.04134976571, 59, -1.0
40533.6536109568, 161, -1.0
40533.898085903114, 234, -1.0
40534.02276898195, 27, -1.0
40535.01658809245, 116, -1.0
40535.628485454494, 71, 1.0
40537.18861498254, 95, 1.0
40537.77820861922, 35, -1.0
40539.085993117136, 69, -1.0
40543.72303979406, 155, 1.0
40544.685923805555, 111, 1.0
40545.37735223705, 234, 1.0
40545.500341920066, 165, -1.0
40546.258553819476, 154, -1.0
40549.665254306514, 67, 1.0
40549.953692807336, 56, 1.0
40550.62665539188, 114, 1.0
40551.6651235685, 108, -1.0
40551.86594854561, 58, -1.0
40552.62132980184, 142, 1.0
40554.732484336615, 100, -1.0
40555.084995821926, 137, 1.0
40555.58262202712, 198, -1.0
40556.68844744412, 28, -1.0
40558.41547702331, 36, -1.0
40558.556082996496, 105, -1.0
40561.530118042356, 35, -1.0
40561.78061255163, 83, 1.0
40563.71055056342, 105, 1.0
40564.47615116258, 36, -1.0
40565.50083818056, 137, 1.0
40566.58626097664, 35, -1.0
40567.13143440129, 50, 1.0
40568.4705373139, 142, -1.0
40569.42921386513, 193, -1.0
40571.97960788181, 84, 1.0
40574.51483582972, 133, -1.0
40574.769808483376, 29, -1.0
40577.84926411288, 103, 1.0
40582.458970674714, 66, 1.0
40584.08747381774, 53, -1.0
40584.488818067635, 80, -1.0
40585.8916584387, 48, 1.0
40585.92840222523, 142, -1.0
40586.909179805094, 64, 1.0
40587.324876052226, 150, -1.0
40587.56182098989, 105, -1.0
40589.6211470587, 210, 1.0
40590.66135269927, 141, -1.0
40593.01833552615, 164, -1.0
40593.48422538582, 104, -1.0
40594.380865569474, 149, -1.0
40595.13061699726, 59, 1.0
40595.597208929496, 51, 1.0
40595.62032056809, 152, 1.0
40597.86511497378, 147, -1.0
40599.29645778768, 133, -1.0
40599.37371443408, 65, -1.0
40600.47460503742, 64, 1.0
40602.18465386907, 76, 1.0
40602.38363002369, 74, 1.0
40602.40434453963, 153, -1.0
40602.966436079565, 155, 1.0
40604.92690120081, 137, 1.0
40605.11601241447, 64, 1.0
40605.50785039404, 71, -1.0
40605.52967148303, 207, -1.0
40606.35534365975, 165, -1.0
40606.837063715066, 171, -1.0
40607.1921995262, 155, 1.0
40608.32711791851, 29, -1.0
40610.11300110236, 101, -1.0
40610.596781616005, 157, 1.0
40611.29837025214, 122, -1.0
40612.0153563352, 116, 1.0
40612.15935191769, 163, -1.0
40612.298789336695, 126, 1.0
40613.41329488324, 63, 1.0
40613.92141373348, 222, -1.0
40617.0552503886, 97, 1.0
40618.24649634634, 116, 1.0
40619.62311528964, 100, -1.0
40621.8253489827, 100, -1.0
40623.03103207728, 110, -1.0
40623.75873831426, 59, 1.0
40624.149127998484, 153, -1.0
40625.803467193924, 235, 1.0
40629.18677634203, 233, -1.0
40629.8361278647, 146, 1.0
40630.93736705787, 114, 1.0
40631.21455064508, 81, -1.0
40632.16829491618, 44, -1.0
40632.60214042343, 122, -1.0
40632.773109363094, 87, -1.0
40633.597773925525, 34, -1.0
40633.893453320685, 162, 1.0
40634.706596420496, 153, 1.0
40636.43764401861, 233, 1.0
40637.33358914891, 44, -1.0
40637.427651832564, 81, -1.0
40638.212494663225, 61, -1.0
40638.35161477499, 58, 1.0
40639.55102279221, 169, -1.0
40639.764796177114, 113, -1.0
40640.18025113886, 163, -1.0
40640.23923835683, 126, 1.0
40640.66565332975, 101, -1.0
40641.823175163765, 198, -1.0
40642.58261773184, 163, 1.0
40642.698791905204, 64, 1.0
40642.84412900163, 60, -1.0
40644.7514632202, 41, 1.0
40644.77657912131, 86, -1.0
40645.37709566911, 152, -1.0
40645.8012673363, 105, -1.0
40648.628371286366, 166, -1.0
40648.72482645136, 142, 1.0
40651.912009469546, 159, -1.0
40652.2194882946, 75, 1.0
40652.549135193, 29, 1.0
40653.79357192635, 146, -1.0
40656.08378511499, 81, -1.0
40658.249926481905, 202, -1.0
40658.64048405943, 233, -1.0
40660.15575122037, 100, -1.0
40660.79811263357, 193, -1.0
40664.118071073775, 28, 1.0
40664.56016034606, 152, -1.0
40664.675696702485, 33, -1.0
40665.968063057255, 233, -1.0
40669.05244865139, 34, 1.0
40669.23341727037, 103, -1.0
40671.231914468066, 163, 1.0
40671.34095362975, 60, -1.0
40676.71965602748, 159, -1.0
40677.17129227023, 162, -1.0
40679.07646598608, 101, -1.0
40679.35714644134, 101, 1.0
40681.2735250318, 60, -1.0
40681.411548243064, 126, -1.0
40682.06321582084, 69, 1.0
40683.23349751045, 141, -1.0
40685.157199478, 81, -1.0
40687.783922958864, 29, 1.0
40688.55390416261, 58, 1.0
40691.125435124646, 146, -1.0
40691.556491480645, 114, 1.0
40691.56499173091, 69, 1.0
40692.03135476864, 152, 1.0
40692.20029226471, 167, 1.0
40695.578273384235, 81, -1.0
40699.9473026557, 106, 1.0
40701.02170489847, 154, -1.0
40701.43979287011, 109, 1.0
40701.636260320956, 171, -1.0
40702.286218085035, 95, 1.0
40702.5071541991, 177, -1.0
40702.57790642793, 235, -1.0
40703.4387737522, 27, -1.0
40703.57393815354, 137, 1.0
40704.587212233826, 48, -1.0
40704.6185729461, 89, -1.0
40704.82111255571, 37, -1.0
40705.17031715648, 104, -1.0
40707.04704602949, 105, -1.0
40707.17915546631, 163, 1.0
40708.1472875693, 75, -1.0
40709.475299738806, 29, -1.0
40709.99476172487, 58, 1.0
40711.18786510095, 110, -1.0
40713.79134725692, 148, -1.0
40715.65032465319, 168, -1.0
40716.147060403055, 233, -1.0
40716.3957702035, 101, -1.0
40716.63366259508, 146, -1.0
40719.01991916865, 177, -1.0
40719.04576819614, 222, -1.0
40720.61227753259, 167, 1.0
40721.9829482067, 72, 1.0
40722.52405706133, 163, 1.0
40723.973516673956, 159, -1.0
40724.27939450681, 35, -1.0
40724.550317144094, 62, -1.0
40725.392268142605, 29, 1.0
40726.52056903025, 81, 1.0
40726.94269758409, 48, 1.0
40728.58313344447, 133, -1.0
40729.23140710672, 161, 1.0
40731.93217803781, 58, -1.0
40733.44185084518, 202, -1.0
40734.27070811143, 97, 1.0
40734.85650448095, 152, -1.0
40736.2750766025, 109, 1.0
40737.046281950155, 63, 1.0
40737.90867575104, 182, -1.0
40738.20200838427, 107, -1.0
40740.23325552065, 43, -1.0
40742.6843207101, 241, -1.0
40747.012601997885, 100, -1.0
40748.23468436137, 114, 1.0
40749.00899172195, 36, 1.0
40755.07166937186, 84, 1.0
40755.0815036432, 154, -1.0
40755.96078833512, 153, 1.0
40756.34839661125, 92, -1.0
40756.75565210885, 148, -1.0
40758.43256524122, 82, -1.0
40761.55284464849, 63, 1.0
40762.29308492388, 89, -1.0
40763.817667523675, 64, -1.0
40765.23720278348, 71, -1.0
40765.33196528053, 173, -1.0
40765.56177797272, 152, 1.0
40765.79009888156, 68, 1.0
40765.96643887851, 193, -1.0
40766.083899571626, 152, -1.0
40766.111429485805, 126, 1.0
40768.58263853709, 159, -1.0
40769.9533197095, 142, -1.0
40772.234111977574, 103, 1.0
40773.608926916655, 71, 1.0
40774.30356854126, 168, 1.0
40774.59963491974, 103, -1.0
40774.98617991645, 159, -1.0
40775.33286547563, 42, -1.0
40777.35581216805, 235, -1.0
40777.572236429725, 129, 1.0
40778.931381634415, 161, -1.0
40779.39957253971, 133, -1.0
40781.757444647024, 124, -1.0
40784.37990659118, 82, 1.0
40789.1777033251, 182, 1.0
40789.561305793, 91, -1.0
40791.116206887375, 52, -1.0
40791.82458929366, 141, -1.0
40792.99982517603, 149, -1.0
40793.870289247745, 94, -1.0
40794.47839182316, 155, -1.0
40795.69777018335, 32, -1.0
40795.95893278302, 68, 1.0
40796.209474163516, 126, 1.0
40796.79272115462, 35, -1.0
40801.364509676074, 113, 1.0
40801.399748770775, 82, 1.0
40801.44249328229, 33, 1.0
40802.66284567011, 233, -1.0
40803.12214864251, 112, 1.0
40803.30257884116, 133, -1.0
40803.5362058309, 163, 1.0
40804.553560358036, 91, -1.0
40804.778215342434, 148, -1.0
40805.70686647452, 142, -1.0
40805.814947810955, 130, -1.0
40808.311963065054, 109, -1.0
40810.73240510005, 152, 1.0
40811.17217352355, 161, -1.0
40813.93555690339, 39, -1.0
40814.07233827375, 50, -1.0
40815.47906647055, 50, -1.0
40815.79963868525, 89, -1.0
40818.34657750773, 100, -1.0
40818.811314828796, 86, -1.0
40818.82948409589, 71, -1.0
40819.83326997355, 84, 1.0
40820.3316861387, 141, 1.0
40821.600066464845, 202, -1.0
40822.513773024504, 119, -1.0
40822.64427371938, 33, -1.0
40823.52576662027, 84, -1.0
40827.83400733939, 28, 1.0
40829.42091369841, 169, -1.0
40830.66053193102, 28, -1.0
40831.524940402735, 55, -1.0
40832.693866461705, 177, -1.0
40832.87868270952, 36, -1.0
40833.182511034436, 64, -1.0
40833.92889224698, 62, 1.0
40836.21118884583, 87, -1.0
40839.17302538682, 92, -1.0
40840.53571596062, 123, -1.0
40843.364381828425, 198, -1.0
40846.12725509897, 163, 1.0
40847.44521681575, 69, 1.0
40849.46605901885, 100, -1.0
40852.78809785405, 155, 1.0
40856.582303547446, 142, -1.0
40858.56724309969, 109, -1.0
40858.91368085735, 100, -1.0
40859.34133104265, 147, -1.0
40859.603603986965, 45, 1.0
40859.72557372042, 29, -1.0
40864.642922243496, 76, -1.0
40864.83155531984, 35, -1.0
40866.71219695066, 101, 1.0
40866.758652277626, 138, -1.0
40870.78657814466, 146, 1.0
40871.1773223308, 64, -1.0
40872.19248202595, 104, -1.0
40872.92884933541, 63, 1.0
40875.36483459355, 155, 1.0
40875.63208296112, 152, 1.0
40876.40655349249, 123, -1.0
40876.47473252515, 181, -1.0
40876.53977345264, 56, 1.0
40876.607787422785, 90, -1.0
40879.994839219624, 148, 1.0
40880.20951593048, 41, -1.0
40881.6358306158, 84, 1.0
40883.17587309496, 71, 1.0
40884.64065315956, 26, -1.0
40886.303141896584, 34, -1.0
40889.0377639234, 88, -1.0
40892.14696966002, 64, 1.0
40892.82023929642, 89, -1.0
40895.257406833465, 193, 1.0
40895.61908593969, 40, 1.0
40898.873069845045, 55, 1.0
40900.71270195262, 88, -1.0
40901.141104628994, 44, 1.0
40902.18779341722, 152, 1.0
40902.29100269013, 147, -1.0
40902.82027361648, 44, -1.0
40903.1614848611, 98, -1.0
40903.20260749368, 103, 1.0
40903.490919471726, 39, 1.0
40905.779511358705, 157, 1.0
40906.92160898732, 169, 1.0
40908.85072368835, 53, 1.0
40910.20851469341, 73, -1.0
40910.325687880846, 34, -1.0
40912.21417009808, 111, 1.0
40912.38469801466, 233, -1.0
40913.97802494046, 235, -1.0
40916.175137359045, 76, 1.0
40918.73303706585, 114, 1.0
40923.16760581059, 35, -1.0
40923.717984856594, 40, 1.0
40923.89473608547, 44, 1.0
40924.44447636004, 103, 1.0
40927.15450444273, 41, -1.0
40927.41056927066, 182, 1.0
40927.45764634622, 126, 1.0
40929.14409563255, 241, -1.0
40930.12221801463, 50, -1.0
40930.99268077863, 154, -1.0
40934.23087155483, 45, 1.0
40934.6615300856, 69, 1.0
40935.66951544023, 65, -1.0
40936.30967227085, 50, 1.0
40939.61364881678, 74, 1.0
40940.8380338244, 234, -1.0
40942.44615096091, 44, 1.0
40943.0927655167, 133, -1.0
40943.18963243169, 73, -1.0
40943.59338896355, 153, 1.0
40943.9085847262, 233, -1.0
40946.16657336539, 161, -1.0
40946.99875666228, 163, 1.0
40947.29300465577, 91, -1.0
40948.05707266496, 35, -1.0
40948.71479545534, 45, -1.0
40953.65759066256, 222, 1.0
40955.71621207141, 81, -1.0
40958.15027307018, 67, 1.0
40958.2982745082, 114, -1.0
40958.74546009106, 117, -1.0
40958.92411060459, 168, -1.0
40958.985023614485, 92, -1.0
40959.06775841833, 69, 1.0
40959.249893912136, 29, -1.0
40960.527019379515, 101, -1.0
40961.49158929966, 95, -1.0
40961.680707742824, 71, -1.0
40965.52756918391, 83, 1.0
40965.901894707946, 161, 1.0
40966.53802515773, 159, 1.0
40966.88731605084, 101, 1.0
40967.0253496577, 108, -1.0
40969.1424443475, 68, -1.0
40969.49620096928, 69, 1.0
40971.09020334298, 83, -1.0
40974.03392562582, 154, -1.0
40974.512240309086, 98, -1.0
40974.771745783306, 41, -1.0
40975.65864569068, 91, -1.0
40976.8229169044, 146, -1.0
40978.89509340749, 162, 1.0
40981.47300838186, 163, 1.0
40983.49484074455, 163, -1.0
40983.6781307829, 106, -1.0
40987.10290231629, 101, 1.0
40987.54897700481, 98, 1.0
40988.402370487034, 43, -1.0
40989.029908986, 68, 1.0
40990.39997813207, 150, -1.0
40990.73278530019, 64, 1.0
40992.234449663636, 89, -1.0
40994.103783389925, 59, 1.0
40995.1553789317, 161, -1.0
40995.31732080821, 142, 1.0
40995.88960579797, 61, -1.0
40996.48082804485, 71, 1.0
40998.14651329974, 39, 1.0
40999.071774768374, 69, -1.0
41000.80383187525, 35, -1.0
41001.50566661528, 90, -1.0
41001.877843408634, 75, -1.0
41001.90317802045, 89, 1.0
41001.99580431077, 28, 1.0
41003.159522087524, 56, 1.0
41003.34621208223, 148, -1.0
41004.10452328829, 108, -1.0
41004.72478521439, 53, -1.0
41005.27063253962, 59, -1.0
41005.79769186643, 63, -1.0
41012.226791022316, 40, 1.0
41015.685871756046, 158, -1.0
41015.97311204237, 65, 1.0
41017.094332675806, 87, -1.0
41017.59450011563, 76, -1.0
41018.749250157656, 116, -1.0
41019.6620592088, 90, 1.0
41020.04958098629, 99, 1.0
41020.31137821818, 82, 1.0
41020.7123723276, 162, 1.0
41022.08025170246, 105, 1.0
41022.29240889547, 101, 1.0
41024.11462648891, 111, -1.0
41024.46588374377, 101, -1.0
41024.77961661941, 162, 1.0
41028.44070941021, 105, 1.0
41031.85447978896, 72, 1.0
41033.84341396116, 163, -1.0
41034.55077450349, 100, -1.0
41035.78651942427, 126, 1.0
41037.06821892297, 63, -1.0
41037.07737649513, 147, -1.0
41038.88707491822, 233, -1.0
41039.064829114956, 167, -1.0
41039.94614010568, 45, -1.0
41042.309804606535, 230, -1.0
41043.91352214001, 56, 1.0
41045.30574553869, 81, -1.0
41045.78176606399, 72, -1.0
41047.52031757937, 53, 1.0
41048.2088546917, 59, 1.0
41050.5606633382, 111, -1.0
41050.65558448393, 142, -1.0
41052.23188181592, 155, 1.0
41052.43048144992, 67, -1.0
41052.929297796174, 94, 1.0
41054.24941852571, 162, 1.0
41056.71287007662, 155, -1.0
41056.83135031578, 60, -1.0
41056.9930619277, 46, -1.0
41057.1229627041, 126, 1.0
41057.26738221552, 173, -1.0
41057.653314853276, 62, 1.0
41058.20491055135, 83, 1.0
41059.97485585379, 71, -1.0
41061.45137109806, 69, 1.0
41061.82542277101, 119, -1.0
41062.2902430262, 71, -1.0
41062.48280662868, 48, 1.0
41062.58501346556, 107, -1.0
41063.326807714126, 64, -1.0
41068.89711187332, 40, -1.0
41068.967599088, 114, 1.0
41069.890093791, 35, -1.0
41071.275346182505, 104, 1.0
41071.48887411427, 84, -1.0
41072.79347433013, 60, -1.0
41072.839374214505, 44, -1.0
41074.63900972443, 69, -1.0
41077.36855200855, 162, -1.0
41079.048030798025, 64, -1.0
41080.028007609624, 40, 1.0
41081.20974034827, 48, -1.0
41081.65250461419, 105, 1.0
41082.8286373068, 83, -1.0
41083.0701704881, 114, 1.0
41084.40623640164, 65, 1.0
41086.048443913176, 193, 1.0
41086.200060771094, 63, -1.0
41086.88400215468, 58, 1.0
41087.01749061465, 235, -1.0
41088.4395086038, 164, 1.0
41088.47417912015, 115, -1.0
41088.79557185167, 95, 1.0
41091.12059779346, 44, -1.0
41091.419881758586, 40, 1.0
41093.86663599209, 155, 1.0
41094.44619987948, 52, -1.0
41094.65640860536, 159, 1.0
41096.76703122217, 153, 1.0
41096.818245865135, 161, -1.0
41097.2121512473, 141, 1.0
41097.681935844725, 193, -1.0
41098.381882370435, 202, -1.0
41100.10012397946, 148, -1.0
41100.439073228896, 162, -1.0
41101.19226019873, 67, 1.0
41101.568659430515, 173, -1.0
41102.53173855504, 45, 1.0
41103.59363062138, 75, -1.0
41103.80029044418, 29, -1.0
41103.98552041273, 152, -1.0
41104.51095375072, 130, -1.0
41104.604141234464, 74, -1.0
41106.237160397955, 133, 1.0
41107.9558096497, 42, -1.0
41108.15145137671, 91, -1.0
41109.35452555632, 75, 1.0
41110.289746448536, 42, -1.0
41110.483191290434, 182, -1.0
41111.95194164307, 146, -1.0
41113.59267292053, 81, -1.0
41113.61642428475, 69, 1.0
41114.17276747948, 41, 1.0
41114.31335845254, 64, -1.0
41115.58672750661, 101, -1.0
41116.18745411608, 83, 1.0
41116.54585621915, 149, -1.0
41117.00946484399, 124, -1.0
41117.018057226465, 152, -1.0
41119.293320818135, 182, 1.0
41119.53862545908, 146, 1.0
41121.13704143275, 55, -1.0
41121.50508550262, 163, 1.0
41122.09674861172, 149, -1.0
41123.1995765703, 119, -1.0
41123.9511593178, 34, 1.0
41124.59855268567, 100, -1.0
41125.109288869775, 151, -1.0
41129.386925911014, 87, -1.0
41131.84737557813, 188, -1.0
41136.51484081241, 157, 1.0
41137.40928212909, 59, 1.0
41137.55734296749, 165, -1.0
41139.12633290293, 41, -1.0
41139.773437224045, 193, -1.0
41143.541459131586, 75, -1.0
41144.426880471896, 152, 1.0
41146.073604749494, 29, -1.0
41148.48879539976, 165, -1.0
41151.835049131565, 148, -1.0
41154.000870528616, 155, -1.0
41154.729098345764, 36, 1.0
41157.35628853066, 103, 1.0
41158.111298374555, 59, -1.0
41158.158250056884, 126, -1.0
41159.94880814088, 44, -1.0
41163.900753850794, 126, -1.0
41164.850872782205, 81, -1.0
41167.31874887157, 40, 1.0
41168.90561996792, 33, -1.0
41171.057488411505, 154, -1.0
41172.214224629184, 42, -1.0
41173.557638483006, 228, 1.0
41174.24110513581, 105, 1.0
41175.40308715116, 141, 1.0
41175.65868696327, 87, -1.0
41176.09170915975, 70, 1.0
41176.367621607016, 76, 1.0
41176.578238522256, 64, -1.0
41176.74904994493, 74, -1.0
41176.90803998422, 198, -1.0
41177.15367517068, 120, 1.0
41177.44130559181, 228, 1.0
41179.856144349396, 58, 1.0
41180.245570851424, 126, -1.0
41182.90478994258, 43, 1.0
41183.49505254856, 102, 1.0
41183.77074799185, 101, -1.0
41183.83601980089, 67, -1.0
41184.12596269817, 126, 1.0
41184.670346961146, 81, -1.0
41184.78499752737, 130, -1.0
41185.3519954453, 69, -1.0
41185.865579993675, 167, -1.0
41186.19225631424, 101, 1.0
41186.790709442525, 106, -1.0
41188.751174075536, 118, -1.0
41189.080776383504, 59, 1.0
41189.60148509685, 59, 1.0
41191.33115559137, 101, 1.0
41191.63096832293, 83, 1.0
41191.76791844791, 116, -1.0
41192.958208515825, 62, 1.0
41192.986076989146, 86, -1.0
41194.06823609534, 33, -1.0
41194.10234379965, 181, -1.0
41196.17364682852, 193, -1.0
41197.93277388481, 101, -1.0
41198.39940849644, 39, -1.0
41200.32783632988, 114, 1.0
41200.381019299086, 114, 1.0
41201.79361019736, 34, -1.0
41202.27219866136, 169, -1.0
41203.46141092454, 84, -1.0
41203.51527554216, 155, 1.0
41204.619840316605, 45, 1.0
41206.49135781209, 35, -1.0
41206.65107559911, 89, 1.0
41207.407628472174, 157, 1.0
41208.119999190305, 34, 1.0
41209.27526494932, 165, -1.0
41212.48682906717, 41, -1.0
41215.677887985934, 58, 1.0
41216.70561708487, 72, 1.0
41219.40777485711, 95, -1.0
41219.92346848178, 48, 1.0
41221.30677248457, 149, -1.0
41222.5346476615, 35, -1.0
41222.65794067114, 56, -1.0
41222.756573654326, 67, 1.0
41223.29617442907, 137, 1.0
41223.480126638686, 155, 1.0
41223.77143360167, 84, 1.0
41223.79327453605, 230, -1.0
41224.08366108817, 58, 1.0
41225.94476454561, 59, 1.0
41226.04940815929, 130, 1.0
41227.129527250356, 167, -1.0
41227.17113891983, 33, -1.0
41228.27391066088, 117, -1.0
41229.777849734804, 81, 1.0
41230.35775518311, 28, -1.0
41232.66409809311, 116, 1.0
41234.31690052266, 241, 1.0
41235.92769056338, 126, 1.0
41237.05106393216, 70, 1.0
41237.18021123049, 165, 1.0
41238.67575241615, 59, 1.0
41239.96755008948, 51, 1.0
41240.8372503135, 27, 1.0
41242.81843329155, 35, -1.0
41244.88203324339, 33, 1.0
41244.91402752114, 56, -1.0
41245.036820621484, 133, -1.0
41245.41799194491, 164, 1.0
41245.65965707642, 120, -1.0
41246.83616305336, 35, 1.0
41247.16665021837, 51, 1.0
41248.2487094187, 68, -1.0
41248.40912640514, 123, -1.0
41249.35143556066, 235, -1.0
41249.8237344834, 137, 1.0
41250.015271660915, 61, -1.0
41250.428077195626, 98, -1.0
41252.29164898337, 177, 1.0
41255.02443161819, 61, -1.0
41255.32801814644, 123, -1.0
41257.04123573161, 165, -1.0
41257.26530482824, 116, 1.0
41257.72585795802, 114, 1.0
41263.1982200642, 188, -1.0
41263.94548665236, 104, -1.0
41264.55090063387, 241, 1.0
41264.56135456549, 33, 1.0
41264.88302196848, 33, 1.0
41265.313666082526, 64, -1.0
41267.14330628645, 123, -1.0
41268.92929285432, 173, -1.0
41269.5152434724, 45, -1.0
41274.20704921433, 70, -1.0
41275.078734420626, 198, 1.0
41275.15792324001, 137, 1.0
41275.8244439291, 234, -1.0
41277.90767913476, 169, -1.0
41280.897806810055, 84, 1.0
41281.178322290885, 101, 1.0
41281.68551030506, 70, -1.0
41284.308284457045, 128, -1.0
41286.365652524146, 162, 1.0
41287.03182690371, 76, -1.0
41288.58772069162, 146, -1.0
41289.328013861326, 235, -1.0
41290.4175660488, 59, 1.0
41290.868937260166, 40, -1.0
41294.114086377944, 105, 1.0
41294.75154675716, 34, 1.0
41297.440926718285, 87, -1.0
41299.1977949276, 162, 1.0
41299.257731692036, 81, 1.0
41300.93872893, 234, -1.0
41302.14921479507, 137, -1.0
41302.89202998664, 116, -1.0
41303.1323250498, 71, 1.0
41303.821708806056, 198, -1.0
41304.12489354228, 69, 1.0
41307.70230988106, 169, 1.0
41307.81831247387, 119, 1.0
41308.63472583863, 159, 1.0
41310.951970513976, 167, 1.0
41311.325110413825, 105, -1.0
41312.59246606659, 188, -1.0
41312.69752290475, 116, -1.0
41313.852656168514, 26, -1.0
41315.37049262743, 58, -1.0
41316.88130405463, 122, -1.0
41317.27623306848, 64, -1.0
41317.641533921786, 146, -1.0
41318.97117115222, 114, 1.0
41322.38959399974, 182, 1.0
41322.40715256009, 76, 1.0
41324.940633842765, 142, -1.0
41325.80894843495, 169, 1.0
41328.46990482914, 123, -1.0
41328.54573596536, 29, -1.0
41328.82569312169, 230, -1.0
41329.29703120361, 148, 1.0
41333.1000141406, 126, 1.0
41334.17279280792, 158, 1.0
41340.72527134272, 149, 1.0
41341.07389498079, 123, -1.0
41344.555349808434, 153, 1.0
41344.78643475432, 64, 1.0
41344.894155966904, 188, -1.0
41347.09847667221, 234, -1.0
41347.25727875091, 182, -1.0
41348.45010063473, 59, 1.0
41349.032824645285, 167, 1.0
41349.82579202725, 151, 1.0
41350.87922893176, 142, 1.0
41351.458103526704, 64, 1.0
41352.150367000664, 137, 1.0
41353.79796121611, 98, 1.0
41354.47539112899, 165, -1.0
41355.260051050696, 160, -1.0
41355.27583200068, 114, 1.0
41356.174520225315, 28, -1.0
41356.619791907266, 59, -1.0
41357.92588027769, 202, -1.0
41358.851685138485, 116, 1.0
41360.35968503968, 146, 1.0
41361.896273067454, 149, -1.0
41362.22871698113, 147, -1.0
41362.97171503177, 126, 1.0
41363.11150828412, 88, 1.0
41364.65180316087, 193, -1.0
41364.83446195046, 60, -1.0
41365.12741086024, 35, 1.0
41366.8366884022, 40, -1.0
41371.34334159662, 68, 1.0
41371.93019854707, 165, -1.0
41375.0005896408, 101, 1.0
41376.56099633638, 159, 1.0
41380.75890337778, 45, 1.0
41382.426475318774, 142, 1.0
41383.450577845695, 162, 1.0
41384.040459419404, 109, -1.0
41384.37267581268, 116, 1.0
41385.5132218997, 99, -1.0
41386.43267264781, 141, 1.0
41386.56074892778, 193, 1.0
41386.74241921883, 177, -1.0
41387.19796449542, 198, -1.0
41387.76543013647, 114, 1.0
41389.165074458106, 59, -1.0
41399.23286711258, 116, -1.0
41399.54014008308, 120, -1.0
41401.94552626606, 154, -1.0
41402.70604701297, 114, -1.0
41403.11340365884, 81, -1.0
41404.27913644959, 164, 1.0
41404.350971081694, 126, -1.0
41408.63396075636, 202, -1.0
41410.497187383895, 129, 1.0
41412.01406147017, 163, 1.0
41412.27782921057, 81, -1.0
41412.278396861155, 46, -1.0
41415.50603011216, 51, 1.0
41415.56316426487, 123, -1.0
41417.05326519006, 40, -1.0
41417.41740105193, 87, 1.0
41417.47777822144, 113, 1.0
41419.05549110212, 80, -1.0
41419.38630452684, 154, -1.0
41422.769088322195, 166, 1.0
41423.16352508956, 64, -1.0
41426.766932503764, 100, -1.0
41427.15660916375, 82, 1.0
41427.49666743752, 85, -1.0
41427.957107709575, 91, -1.0
41431.75460036486, 59, -1.0
41432.818541160355, 152, -1.0
41433.22203362317, 109, -1.0
41433.71680746974, 159, -1.0
41434.533386190655, 159, 1.0
41435.50623470021, 163, -1.0
41437.178379161654, 99, -1.0
41437.49365018245, 82, -1.0
41438.2194898263, 241, -1.0
41441.2844174822, 126, 1.0
41443.32191136933, 167, 1.0
41443.39491570879, 158, -1.0
41444.86453320994, 64, -1.0
41445.62077458774, 35, 1.0
41446.03821556456, 137, -1.0
41447.00250513317, 105, 1.0
41447.70845605206, 105, -1.0
41448.14279159014, 32, -1.0
41448.85981853839, 157, 1.0
41451.07738245271, 198, -1.0
41452.045373959256, 109, 1.0
41452.69652049479, 147, -1.0
41452.73234784035, 110, 1.0
41453.83137852819, 171, -1.0
41453.90702833135, 116, 1.0
41454.00609697499, 148, -1.0
41458.43800609141, 36, -1.0
41459.982872720015, 41, -1.0
41461.52605529865, 71, -1.0
41463.88194513848, 36, -1.0
41464.36913980231, 153, -1.0
41467.2416510124, 70, -1.0
41468.237106723434, 67, 1.0
41468.60291520383, 114, 1.0
41470.55664365237, 148, -1.0
41470.766485535074, 210, -1.0
41471.653953031775, 154, -1.0
41474.92731596337, 86, -1.0
41475.81595574524, 89, 1.0
41476.99314094264, 198, -1.0
41480.24046369607, 128, -1.0
41481.75830638596, 165, -1.0
41481.94945735751, 35, 1.0
41482.088683045746, 44, -1.0
41483.92669982462, 222, 1.0
41484.76144108955, 35, 1.0
41485.227431865394, 35, 1.0
41485.72239557758, 31, -1.0
41486.30307187424, 97, 1.0
41487.81949390261, 169, 1.0
41488.148513646964, 48, -1.0
41488.376595921574, 157, 1.0
41488.59434551435, 117, 1.0
41488.70765862848, 33, 1.0
41489.40944415075, 72, 1.0
41490.143667693985, 82, 1.0
41490.477675658425, 75, -1.0
41492.027147571775, 142, 1.0
41494.37144126419, 71, 1.0
41497.62569166616, 26, 1.0
41498.11616777938, 28, 1.0
41498.52719615194, 69, -1.0
41499.49598897341, 167, -1.0
41500.29443690128, 104, -1.0
41503.40920820246, 149, 1.0
41503.69892067915, 35, 1.0
41504.55760429403, 173, -1.0
41504.9069299759, 35, -1.0
41505.84930238706, 73, -1.0
41508.94053071078, 99, 1.0
41512.97686096956, 233, -1.0
41513.95262902118, 166, 1.0
41515.428269339274, 169, 1.0
41515.87442379216, 114, 1.0
41516.46265498572, 133, -1.0
41519.10426509489, 108, -1.0
41520.50318830992, 126, -1.0
41522.00049304374, 67, -1.0
41522.98548316465, 114, 1.0
41525.36091869227, 71, 1.0
41526.152704608074, 94, 1.0
41526.440472943366, 106, -1.0
41526.513167407786, 162, -1.0
41526.68301691537, 120, -1.0
41527.16001392079, 83, 1.0
41527.35333339113, 64, 1.0
41527.69181761329, 35, 1.0
41528.40434536393, 34, -1.0
41528.482730234704, 34, -1.0
41529.02360365295, 133, -1.0
41529.06769698364, 162, -1.0
41529.42380685826, 149, -1.0
41529.785689134456, 187, -1.0
41530.68499702407, 68, -1.0
41530.862320205735, 177, 1.0
41531.16044094572, 45, 1.0
41534.11154821306, 35, 1.0
41535.36597663331, 123, -1.0
41536.38875823525, 120, 1.0
41537.712043572225, 123, -1.0
41538.591082305975, 126, 1.0
41538.749837796, 76, -1.0
41539.123841052715, 67, 1.0
41540.34757643886, 50, 1.0
41542.212912160416, 41, -1.0
41543.11569367305, 64, 1.0
41543.71512663294, 42, 1.0
41546.606745094876, 29, 1.0
41546.78302052739, 161, -1.0
41546.93396694681, 71, -1.0
41547.00856777521, 64, -1.0
41547.174202329465, 142, -1.0
41548.383223486824, 43, 1.0
41548.49088831146, 198, 1.0
41549.58147204378, 122, -1.0
41551.61204687527, 193, -1.0
41552.76536559379, 159, 1.0
41552.93352733661, 151, -1.0
41553.59015508354, 80, -1.0
41553.73612048335, 158, -1.0
41553.91200026715, 70, -1.0
41554.6643953707, 146, -1.0
41557.00400754469, 165, -1.0
41557.89838630308, 161, -1.0
41559.092057452486, 152, 1.0
41562.628672792736, 148, -1.0
41562.73509882632, 141, -1.0
41564.85292451151, 163, -1.0
41572.33662004958, 109, -1.0
41573.5426234619, 149, 1.0
41576.46636245399, 64, 1.0
41577.17587077128, 34, -1.0
41578.3076741136, 71, 1.0
41581.21748168669, 142, 1.0
41583.86649022042, 157, 1.0
41585.06272881366, 103, 1.0
41585.68491750423, 133, 1.0
41587.04986536182, 101, -1.0
41587.347988970476, 146, 1.0
41588.461751382994, 105, 1.0
41588.58189751234, 182, 1.0
41589.082622589194, 48, -1.0
41589.339325404304, 48, 1.0
41589.61256964309, 114, -1.0
41590.25950681102, 68, 1.0
41590.74166065694, 165, -1.0
41592.695447755854, 59, -1.0
41593.93121396376, 109, 1.0
41596.18176638852, 73, -1.0
41599.28719512546, 58, 1.0
41601.371023770414, 110, -1.0
41603.38269258766, 59, -1.0
41605.24424817796, 152, -1.0
41608.11956544598, 33, 1.0
41608.29947888394, 158, 1.0
41610.34535699256, 61, -1.0
41611.36039611752, 162, -1.0
41611.478891957486, 40, -1.0
41612.50468732597, 222, 1.0
41612.832982814296, 92, -1.0
41613.32388160861, 73, -1.0
41613.58742896435, 114, 1.0
41613.789008368374, 70, -1.0
41614.31657584923, 63, -1.0
41614.64374124032, 99, 1.0
41614.79413029317, 58, -1.0
41617.46878976779, 81, 1.0
41617.57505053492, 39, -1.0
41620.44404345535, 91, -1.0
41621.284190687344, 116, -1.0
41621.371058391655, 39, -1.0
41621.42876238532, 64, 1.0
41621.74765139722, 167, -1.0
41621.83304278808, 165, -1.0
41622.52405622717, 58, 1.0
41625.952297996584, 87, 1.0
41627.546061358364, 163, 1.0
41628.50677297299, 162, 1.0
41629.00625532265, 41, 1.0
41630.23744966979, 141, -1.0
41631.470308434495, 50, -1.0
41632.04375542471, 188, -1.0
41632.15604128, 84, 1.0
41633.23404555577, 35, -1.0
41633.27417372039, 55, 1.0
41635.16110525462, 161, -1.0
41635.66408647199, 33, 1.0
41635.804575606686, 169, 1.0
41636.53751252213, 75, 1.0
41636.711971243545, 233, -1.0
41638.11889616543, 163, 1.0
41640.75343247647, 148, 1.0
41642.127345678324, 152, -1.0
41644.12379508802, 142, -1.0
41645.94429789851, 48, 1.0
41648.56045833322, 89, -1.0
41648.94952620261, 234, 1.0
41652.06114639038, 50, -1.0
41653.06430106224, 116, 1.0
41653.44765349018, 75, 1.0
41653.53934041763, 148, -1.0
41653.996636628486, 91, -1.0
41654.62275872095, 137, 1.0
41654.997507629894, 92, -1.0
41655.09081543224, 148, 1.0
41656.181320399424, 167, -1.0
41656.9728214917, 59, 1.0
41657.1828710329, 142, 1.0
41657.94222506374, 162, -1.0
41658.51872007974, 92, -1.0
41658.579442151364, 222, 1.0
41661.0207156051, 98, -1.0
41662.07908804365, 107, -1.0
41662.31957359078, 91, -1.0
41662.88842408607, 44, -1.0
41666.37565441454, 43, 1.0
41667.29418281278, 34, 1.0
41667.91040811393, 51, 1.0
41668.26570549659, 100, -1.0
41669.16240146532, 117, 1.0
41670.37096168509, 114, -1.0
41671.36353438422, 40, -1.0
41672.45237625331, 105, -1.0
41672.49964459238, 133, -1.0
41673.07141259688, 89, -1.0
41674.9266736346, 28, -1.0
41675.70116973094, 177, -1.0
41676.80371027184, 97, -1.0
41677.24808626571, 154, -1.0
41677.87830718407, 162, -1.0
41680.35556401048, 81, -1.0
41680.8258586251, 169, 1.0
41681.77206880215, 56, -1.0
41683.25952780903, 105, -1.0
41683.72856340421, 166, -1.0
41685.40424427334, 83, 1.0
41686.16972461416, 81, -1.0
41686.92625958655, 193, -1.0
41687.296539255825, 163, -1.0
41688.92465223886, 165, 1.0
41689.60510075493, 99, -1.0
41690.144937664736, 165, 1.0
41690.49130695514, 100, -1.0
41690.54148848636, 122, -1.0
41691.3228451854, 119, 1.0
41691.944864659315, 58, -1.0
41692.12061337798, 27, 1.0
41697.80786453715, 153, 1.0
41698.20018130442, 230, -1.0
41699.64877418037, 149, -1.0
41700.66564052921, 34, 1.0
41701.22602601636, 141, 1.0
41701.95092813042, 40, -1.0
41703.11128892707, 118, 1.0
41703.63442630147, 70, 1.0
41703.92780367887, 71, 1.0
41706.2512490932, 154, -1.0
41706.33034683912, 63, 1.0
41708.33124817949, 142, 1.0
41708.623371066744, 65, 1.0
41709.47597307992, 153, -1.0
41711.37181872508, 165, -1.0
41711.74580515047, 27, 1.0
41716.07396892441, 126, -1.0
41718.488706454016, 33, -1.0
41719.55390613309, 123, -1.0
41719.58614527706, 59, 1.0
41720.23320591104, 123, -1.0
41721.850269417, 92, -1.0
41721.90720745211, 173, -1.0
41721.969885527025, 164, 1.0
41723.43105155252, 241, -1.0
41723.8930267047, 153, -1.0
41727.5715927635, 116, -1.0
41727.59266738892, 73, -1.0
41728.648393322335, 29, 1.0
41729.036044485605, 146, -1.0
41731.67497466048, 163, -1.0
41731.924975911716, 64, -1.0
41732.70709919493, 111, -1.0
41734.47999539466, 58, 1.0
41734.65226224373, 241, -1.0
41736.158998290375, 162, 1.0
41736.66598680209, 103, -1.0
41738.41311864479, 81, -1.0
41738.60075535539, 182, 1.0
41738.99860937128, 118, 1.0
41739.16585651624, 83, -1.0
41739.22092718885, 167, -1.0
41742.0319587542, 71, -1.0
41742.599598368186, 152, -1.0
41742.726720971594, 43, -1.0
41746.48346712888, 235, -1.0
41749.87412060228, 99, -1.0
41750.20263242264, 181, 1.0
41751.44814225548, 114, -1.0
41753.240716393004, 37, -1.0
41753.65261451801, 128, -1.0
41754.252904319015, 98, 1.0
41754.77955942801, 103, 1.0
41755.32822938364, 161, -1.0
41755.4655308231, 48, -1.0
41755.856535697276, 163, 1.0
41757.226246744896, 128, -1.0
41758.19809126791, 56, 1.0
41758.21409294832, 109, -1.0
41759.242897531054, 126, -1.0
41759.4557991806, 202, -1.0
41760.53837807363, 117, -1.0
41760.97912787054, 148, -1.0
41761.87212841616, 95, 1.0
41763.609205471665, 64, -1.0
41764.12465017059, 162, 1.0
41766.26033114059, 37, -1.0
41766.546792779045, 85, -1.0
41766.975213864804, 50, -1.0
41768.79566948958, 61, 1.0
41769.58959967301, 71, 1.0
41770.270377112996, 48, 1.0
41771.12706610306, 60, -1.0
41773.30183550782, 75, 1.0
41773.34869601559, 41, -1.0
41773.525784701145, 58, 1.0
41774.835397393974, 141, 1.0
41780.87203548984, 105, -1.0
41781.613295946045, 133, 1.0
41782.558612691835, 162, -1.0
41783.76171545561, 162, -1.0
41785.97379925172, 149, 1.0
41786.53610349748, 107, 1.0
41788.30221011593, 98, -1.0
41789.58350526141, 105, -1.0
41790.08855073085, 153, 1.0
41791.070654477444, 97, 1.0
41792.10135632656, 235, -1.0
41792.56417256944, 149, 1.0
41792.97983238302, 161, -1.0
41793.749126143965, 59, 1.0
41794.19863050581, 62, -1.0
41794.35858017923, 55, 1.0
41796.55500812688, 88, -1.0
41797.11852031831, 123, -1.0
41797.355139166975, 154, 1.0
41797.781302475, 68, -1.0
41798.21887116948, 74, -1.0
41799.86932243523, 142, 1.0
41800.13551498101, 128, -1.0
41800.6559804595, 59, 1.0
41802.277631274614, 164, 1.0
41802.70465809549, 27, -1.0
41804.758015125546, 105, -1.0
41805.22419341914, 168, -1.0
41805.71364742405, 152, -1.0
41805.818231620986, 74, 1.0
41805.850143544725, 29, -1.0
41806.71341477271, 56, -1.0
41808.83272224871, 41, -1.0
41809.02469949365, 75, 1.0
41809.442938768785, 91, -1.0
41810.74154507503, 105, 1.0
41812.8072651156, 44, -1.0
41814.167449902794, 60, -1.0
41814.674700478776, 108, 1.0
41815.235292729616, 67, 1.0
41817.45891576814, 88, 1.0
41817.70444147289, 33, -1.0
41818.593189590516, 162, -1.0
41821.423747943045, 163, 1.0
41825.03612686366, 48, 1.0
41828.543083203695, 128, 1.0
41828.94980396066, 81, 1.0
41828.97535400963, 98, -1.0
41829.32856363619, 35, 1.0
41830.07157369239, 96, 1.0
41830.454747816555, 142, 1.0
41832.56800050524, 234, 1.0
41832.80338624249, 35, 1.0
41833.19120597463, 137, 1.0
41833.56068776812, 103, 1.0
41833.563079237094, 34, 1.0
41835.134105665755, 162, 1.0
41837.36084044654, 35, 1.0
41837.66144991939, 71, -1.0
41838.31652043868, 164, 1.0
41839.4748343103, 60, -1.0
41839.53832838417, 163, -1.0
41840.054307489656, 52, -1.0
41840.42160794551, 158, -1.0
41842.045370629385, 146, -1.0
41842.8444855597, 162, -1.0
41843.15533993522, 106, -1.0
41843.53487660353, 68, 1.0
41844.51083115314, 198, -1.0
41845.131972553754, 152, -1.0
41845.313029374265, 155, 1.0
41845.314398413495, 169, 1.0
41845.33067824683, 126, 1.0
41847.0676834066, 65, -1.0
41847.904738364145, 149, -1.0
41849.962209751044, 67, -1.0
41851.42531556873, 154, -1.0
41851.82785910481, 159, 1.0
41852.47274600198, 72, 1.0
41854.11841220347, 146, -1.0
41854.37451267751, 50, 1.0
41855.128144400194, 142, -1.0
41858.05820295754, 114, 1.0
41861.068422027914, 64, 1.0
41862.20198055097, 142, -1.0
41865.64598019067, 158, -1.0
41867.56817758707, 101, 1.0
41868.44415898727, 116, -1.0
41869.20412709651, 163, 1.0
41870.514494259216, 75, 1.0
41871.61285314324, 89, -1.0
41871.95851069403, 159, -1.0
41873.20250471145, 108, -1.0
41874.365320531455, 81, -1.0
41874.95262113004, 157, 1.0
41875.54003899923, 35, 1.0
41875.58054318656, 50, -1.0
41877.701491547385, 114, 1.0
41878.52559413979, 116, 1.0
41881.53588463232, 94, 1.0
41885.265590539064, 50, -1.0
41886.4811456606, 109, -1.0
41887.30103283536, 106, -1.0
41888.74006938141, 33, -1.0
41889.46711846931, 51, 1.0
41890.91339425362, 100, -1.0
41891.551877136604, 40, 1.0
41891.92652832057, 105, -1.0
41891.987270732876, 35, -1.0
41892.31609971801, 35, 1.0
41894.583573549426, 163, 1.0
41895.27582785434, 123, -1.0
41896.11545060899, 160, -1.0
41896.25884012715, 58, 1.0
41897.94399993846, 40, -1.0
41898.76970439098, 235, -1.0
41900.585344362655, 50, -1.0
41901.084259237454, 72, 1.0
41901.25511381968, 36, 1.0
41901.78749415006, 164, 1.0
41902.22038413617, 141, 1.0
41903.09647950405, 148, -1.0
41903.36045296877, 46, 1.0
41903.77797468861, 28, -1.0
41905.49369689984, 177, 1.0
41905.742468341385, 180, -1.0
41907.154486620995, 34, -1.0
41911.77795984455, 147, -1.0
41913.5976546785, 42, 1.0
41913.62484357616, 161, -1.0
41914.15293474372, 146, 1.0
41915.17306299606, 50, 1.0
41915.88148786244, 109, 1.0
41916.138079741075, 105, 1.0
41916.30308820779, 177, -1.0
41916.48303441539, 152, 1.0
41916.72819806752, 58, -1.0
41917.627703470476, 181, -1.0
41917.97404270015, 154, -1.0
41919.72107104811, 75, 1.0
41919.72898001308, 234, 1.0
41922.28755143675, 97, 1.0
41922.5832892694, 114, 1.0
41927.90821375337, 40, 1.0
41927.937416224755, 64, -1.0
41928.92453103894, 28, 1.0
41929.47972894911, 130, -1.0
41930.76596338954, 142, 1.0
41931.155597481404, 157, 1.0
41931.16316146751, 33, -1.0
41931.790261251226, 75, 1.0
41931.8588916103, 34, 1.0
41932.666110812745, 67, -1.0
41933.05781867575, 126, -1.0
41936.36823814098, 152, 1.0
41937.816638364515, 235, -1.0
41938.809361746426, 137, -1.0
41938.9778896573, 32, -1.0
41939.04749853389, 87, 1.0
41939.51753606565, 241, -1.0
41939.738910066764, 40, -1.0
41939.84969469953, 130, 1.0
41940.4689632617, 102, 1.0
41941.07886339328, 48, 1.0
41941.326999916506, 92, 1.0
41942.30509377559, 91, -1.0
41942.93075069187, 35, 1.0
41944.996170981656, 45, -1.0
41945.5871526051, 30, 1.0
41946.215905310215, 110, -1.0
41947.00071190999, 142, -1.0
41948.18020113589, 111, -1.0
41949.151837451194, 168, -1.0
41949.48986552054, 75, -1.0
41950.111058215, 103, 1.0
41950.353995829326, 71, 1.0
41951.65013120304, 193, -1.0
41956.87510183745, 101, -1.0
41959.66219934135, 45, 1.0
41960.196929448044, 129, 1.0
41960.30703294299, 153, 1.0
41960.892116783594, 59, -1.0
41961.22305665519, 110, 1.0
41961.92292092249, 64, -1.0
41962.644392474984, 70, 1.0
41963.1306726897, 58, 1.0
41963.50636843276, 87, -1.0
41965.333360778444, 126, -1.0
41972.16659049614, 103, -1.0
41973.131602691195, 116, 1.0
41973.85973408348, 87, -1.0
41975.047707286154, 45, -1.0
41975.85879332358, 94, -1.0
41975.920205452385, 146, -1.0
41977.260723848536, 123, -1.0
41978.16357130315, 69, -1.0
41978.9624166851, 171, -1.0
41980.1511179143, 155, 1.0
41980.753504457694, 142, 1.0
41985.486766966635, 70, -1.0
41985.58537433893, 74, -1.0
41987.733557193664, 99, 1.0
41989.08579005647, 44, 1.0
41989.19953075047, 34, 1.0
41989.630987848795, 123, -1.0
41992.01556976618, 188, -1.0
41993.990422803436, 75, -1.0
41994.58603645812, 99, 1.0
41994.8529478912, 33, -1.0
41995.37224741121, 233, 1.0
41996.89597342839, 74, -1.0
41997.503067098245, 109, 1.0
41997.84661252195, 142, 1.0
41997.978283357384, 69, 1.0
41998.50447693096, 44, 1.0
41999.0776010625, 182, 1.0
41999.71315795973, 73, -1.0
42000.861817910445, 53, -1.0
42002.34029450125, 110, -1.0
42003.73486405671, 26, -1.0
42004.26475573618, 152, 1.0
42007.553374720956, 151, 1.0
42008.52946866838, 101, 1.0
42010.61525490653, 26, 1.0
42011.14820637239, 34, -1.0
42013.2916744123, 158, -1.0
42013.35167761785, 64, -1.0
42013.53463557856, 123, -1.0
42014.83316328845, 181, -1.0
42015.39634820671, 26, -1.0
42015.77426397043, 157, 1.0
42015.964680999605, 162, -1.0
42017.075020887, 137, 1.0
42017.08205137188, 123, -1.0
42019.05530479984, 59, 1.0
42019.31910380938, 59, 1.0
42020.081325875406, 158, -1.0
42020.87821453805, 41, 1.0
42022.54107091258, 146, -1.0
42023.331700872855, 35, 1.0
42025.98233432592, 123, -1.0
42026.80464381675, 101, 1.0
42027.0149180488, 109, -1.0
42027.462882402375, 42, -1.0
42027.55496580784, 41, -1.0
42028.05830572938, 64, 1.0
42028.12709533326, 165, -1.0
42028.67719854474, 180, -1.0
42029.14882934004, 110, 1.0
42029.551809119446, 137, 1.0
42029.974757879514, 64, 1.0
42030.22510546848, 142, 1.0
42030.384148542056, 173, 1.0
42032.83162721958, 158, 1.0
42034.670566617555, 34, -1.0
42034.87936295026, 48, 1.0
42035.7970593473, 153, 1.0
42036.16024388305, 90, -1.0
42038.43214164386, 103, 1.0
42038.56012828063, 123, -1.0
42039.82085726248, 87, 1.0
42040.154529554085, 101, 1.0
42040.71345926911, 110, 1.0
42044.98759804678, 169, -1.0
42046.85790019193, 105, -1.0
42049.39918752023, 58, -1.0
42050.08286298483, 100, -1.0
42050.12020085499, 202, -1.0
42050.381593945545, 181, 1.0
42050.79968564604, 123, -1.0
42051.09506788889, 193, -1.0
42051.34335378567, 84, 1.0
42052.409928368004, 148, 1.0
42054.40272911196, 65, -1.0
42054.746928053944, 58, 1.0
42054.871329994654, 112, -1.0
42055.87331711115, 74, 1.0
42057.95392761012, 35, -1.0
42058.41548648498, 152, -1.0
42058.55314699476, 130, 1.0
42062.02700278088, 27, -1.0
42062.485358227044, 65, -1.0
42062.51424581393, 65, 1.0
42065.69035560848, 161, -1.0
42066.09402357533, 103, -1.0
42066.76984795906, 123, -1.0
42066.874235474716, 137, 1.0
42066.948972121594, 68, 1.0
42067.82812845713, 68, 1.0
42068.391960463174, 193, -1.0
42069.135448209294, 100, -1.0
42072.560578684075, 35, -1.0
42078.58327248531, 50, -1.0
42078.94296114708, 169, 1.0
42080.72557092369, 142, 1.0
42081.36067417855, 141, 1.0
42084.67948754019, 32, 1.0
42085.62662876074, 44, 1.0
42085.69943941134, 97, -1.0
42085.780030233436, 71, 1.0
42088.80294422861, 32, 1.0
42089.00453099086, 92, -1.0
42089.25910356082, 26, -1.0
42089.72130477665, 163, 1.0
42090.158835193666, 182, 1.0
42090.705553657346, 39, -1.0
42091.69113307234, 45, -1.0
42091.851707469206, 167, -1.0
42094.49748762041, 165, 1.0
42094.69792935741, 153, 1.0
42095.884004015126, 137, -1.0
42096.477392744404, 28, -1.0
42096.685011301146, 148, -1.0
42097.43174233391, 123, -1.0
42099.41064027231, 141, 1.0
42099.594404335396, 99, -1.0
42100.00150291672, 52, -1.0
42100.55396555135, 33, -1.0
42100.643230246125, 163, 1.0
42100.74991142658, 163, 1.0
42100.90710731253, 152, -1.0
42100.90835110458, 106, -1.0
42101.696922463765, 114, 1.0
42101.769494058964, 42, 1.0
42102.260671896714, 100, 1.0
42103.18510422713, 168, -1.0
42104.45105387555, 28, -1.0
42105.118313781015, 91, -1.0
42106.27281965181, 137, 1.0
42106.53287079766, 72, -1.0
42106.62242970544, 114, 1.0
42107.20047033832, 80, -1.0
42107.6480403746, 81, -1.0
42108.487445636514, 33, -1.0
42109.152871565224, 68, 1.0
42114.541148189244, 188, -1.0
42116.13880122319, 52, -1.0
42116.77209004004, 69, -1.0
42116.811428896945, 157, -1.0
42119.07730756405, 67, 1.0
42119.59255472613, 103, 1.0
42122.55435239521, 82, 1.0
42124.28426356798, 100, 1.0
42124.34714918297, 100, -1.0
42125.00582015189, 84, 1.0
42126.34267942607, 27, -1.0
42131.40785328582, 34, 1.0
42132.16676466288, 187, -1.0
42132.32346529197, 151, 1.0
42133.89405553876, 98, -1.0
42134.46363166958, 154, -1.0
42136.22610451876, 116, -1.0
42136.364535187495, 113, -1.0
42136.43359831844, 30, -1.0
42136.91144232236, 142, -1.0
42136.94232524029, 105, 1.0
42138.879149095286, 62, 1.0
42138.94273366867, 180, -1.0
42139.496225937626, 74, 1.0
42139.93224240139, 107, -1.0
42140.31283341813, 104, -1.0
42140.44951762532, 39, -1.0
42140.45261909663, 67, -1.0
42140.45371495732, 116, 1.0
42143.32040244998, 30, -1.0
42143.372741655825, 75, 1.0
42144.64398078738, 111, 1.0
42145.64500956031, 137, -1.0
42146.18568871641, 155, 1.0
42146.43234412774, 103, -1.0
42151.56408576987, 60, -1.0
42153.908161474734, 39, 1.0
42155.418318508186, 126, -1.0
42155.921105616115, 173, 1.0
42157.20177839133, 142, -1.0
42162.11676466478, 69, 1.0
42164.21047298557, 164, 1.0
42165.133799564515, 161, -1.0
42169.00848050834, 181, -1.0
42170.92479399351, 95, 1.0
42171.02138467113, 188, -1.0
42171.14215824673, 69, -1.0
42174.391412743935, 198, -1.0
42181.07548789787, 104, -1.0
42183.87621588755, 104, -1.0
42186.323868124244, 68, 1.0
42186.592715165694, 75, -1.0
42187.82787787134, 84, 1.0
42188.98622209275, 241, 1.0
42189.07164395247, 50, 1.0
42190.22788529576, 34, 1.0
42191.4092496573, 139, 1.0
42191.54705588086, 162, 1.0
42194.31397724776, 142, -1.0
42197.00849206266, 193, -1.0
42198.917928819894, 42, -1.0
42200.44564493702, 158, 1.0
42201.302338299625, 75, 1.0
42201.49427427126, 92, -1.0
42201.82149202804, 75, 1.0
42202.15146893733, 148, -1.0
42202.43788275173, 40, 1.0
42203.007585273364, 146, 1.0
42203.53577931078, 68, -1.0
42204.01894356089, 64, -1.0
42206.552844665755, 34, 1.0
42207.141433909994, 165, 1.0
42208.17782254552, 168, -1.0
42209.847896704276, 168, -1.0
42210.31801354492, 97, -1.0
42211.340185319554, 161, -1.0
42212.37212503672, 100, 1.0
42213.53713343826, 104, -1.0
42213.935091762156, 35, -1.0
42216.11447300035, 198, 1.0
42217.944656881096, 87, 1.0
42218.8594873733, 96, -1.0
42219.35118464366, 90, -1.0
42221.497750507726, 188, -1.0
42221.768778472804, 94, 1.0
42223.55311357329, 141, -1.0
42224.04797825188, 67, -1.0
42224.43909198119, 75, 1.0
42224.74953621055, 133, 1.0
42229.05667023957, 71, -1.0
42229.08193492483, 40, -1.0
42229.48238454774, 104, -1.0
42229.72372070782, 27, -1.0
42230.43051491437, 157, -1.0
42232.50084745194, 75, -1.0
42235.28903416336, 163, 1.0
42235.58056944914, 153, -1.0
42237.24003067265, 167, 1.0
42238.21166554759, 159, 1.0
42239.924021033155, 41, 1.0
42241.50598337714, 180, -1.0
42242.66923111275, 111, 1.0
42243.51874732317, 58, 1.0
42244.09743764244, 233, -1.0
42249.45128455463, 108, -1.0
42250.74940740859, 171, 1.0
42251.961853254594, 142, 1.0
42254.96924041302, 152, -1.0
42255.55661492112, 34, -1.0
42256.050705668975, 58, 1.0
42257.48111955536, 70, 1.0
42257.86086671086, 150, 1.0
42258.349281131384, 142, -1.0
42258.754310567056, 154, -1.0
42259.3976246496, 182, 1.0
42260.689624454564, 61, -1.0
42261.172050341025, 234, -1.0
42261.219945899495, 100, -1.0
42261.247420787375, 29, 1.0
42261.451693443465, 103, 1.0
42263.43433472167, 105, -1.0
42266.86782051316, 198, 1.0
42266.90260302641, 230, -1.0
42267.241802017656, 71, 1.0
42267.38482252822, 177, -1.0
42267.47150094534, 123, -1.0
42270.10264076992, 133, -1.0
42270.465882686905, 36, -1.0
42270.74540129569, 148, -1.0
42271.00795866591, 153, 1.0
42271.29466517375, 149, -1.0
42271.466594014215, 141, -1.0
42271.5006626601, 67, 1.0
42272.105995460195, 83, 1.0
42272.888736020504, 80, 1.0
42273.07093520781, 35, 1.0
42273.305950966474, 154, -1.0
42274.32208739412, 167, -1.0
42275.259954607696, 230, -1.0
42280.37289267168, 169, 1.0
42280.99677664702, 50, -1.0
42281.680772823805, 69, -1.0
42282.65812325457, 147, -1.0
42284.0405081275, 64, -1.0
42284.85015900986, 103, -1.0
42285.90462437581, 152, 1.0
42286.2192338632, 137, 1.0
42286.7922341213, 141, 1.0
42287.55649727249, 105, -1.0
42287.59076954966, 41, -1.0
42288.849373673416, 157, 1.0
42290.641660009336, 126, 1.0
42292.30195515644, 68, 1.0
42292.377222060146, 29, 1.0
42292.67661487762, 149, 1.0
42292.833802497604, 234, 1.0
42293.06426224334, 73, -1.0
42294.34626237574, 80, -1.0
42294.54875875841, 35, -1.0
42294.58532363225, 64, 1.0
42296.43759640434, 152, -1.0
42297.270074939755, 163, 1.0
42298.400928081144, 85, -1.0
42298.638817948246, 65, 1.0
42298.732514322895, 155, 1.0
42301.9676926869, 103, -1.0
42301.97049438548, 126, 1.0
42302.60906858766, 35, -1.0
42303.146673431555, 171, -1.0
42304.41100544376, 163, -1.0
42304.677995888786, 81, -1.0
42305.42490316847, 60, -1.0
42308.43079797539, 98, -1.0
42311.05006029777, 108, -1.0
42312.025855184045, 74, 1.0
42312.933141265035, 68, 1.0
42314.55759608047, 43, 1.0
42315.86268916271, 105, -1.0
42316.394222158044, 163, 1.0
42318.04462600357, 59, 1.0
42319.76881515012, 67, -1.0
42320.34366592107, 51, -1.0
42321.55726162151, 52, 1.0
42321.846425188385, 146, -1.0
42324.50665572634, 68, -1.0
42325.78271718543, 55, -1.0
42327.10161149649, 71, -1.0
42332.89347615314, 116, 1.0
42335.62664755203, 35, -1.0
42337.02486415674, 62, -1.0
42337.35766048121, 163, 1.0
42339.54772609877, 46, -1.0
42341.51040560134, 193, -1.0
42341.898411736096, 50, -1.0
42343.52787622882, 142, -1.0
42344.95194549435, 67, 1.0
42345.39287942567, 114, -1.0
42345.48268171051, 110, -1.0
42345.62002675726, 90, -1.0
42345.981529254896, 64, -1.0
42346.01861784924, 62, 1.0
42346.03259143687, 123, -1.0
42346.615013449795, 30, -1.0
42349.55279611045, 99, 1.0
42349.90243196431, 120, 1.0
42350.32995677284, 51, -1.0
42351.45161007963, 46, 1.0
42351.80135667318, 241, 1.0
42351.97489587312, 165, -1.0
42352.56994722999, 75, -1.0
42354.84765651655, 72, -1.0
42355.16692148161, 59, 1.0
42355.32653410573, 152, 1.0
42355.98780013527, 39, 1.0
42357.75218620948, 80, -1.0
42357.95491137409, 165, -1.0
42357.999084800096, 103, -1.0
42360.608589814845, 181, -1.0
42363.867881527294, 163, -1.0
42364.07140650656, 85, -1.0
42364.44456238327, 137, 1.0
42365.60926643077, 87, 1.0
42365.855850807704, 164, -1.0
42367.20023185852, 151, 1.0
42367.507917432966, 153, -1.0
42368.85597900615, 188, -1.0
42369.452998891386, 40, -1.0
42370.114149867644, 104, -1.0
42371.22336091131, 137, -1.0
42372.61402534795, 72, -1.0
42374.39140721223, 101, 1.0
42374.98310642819, 70, -1.0
42375.281012252926, 98, -1.0
42375.91486981299, 124, -1.0
42376.95803424161, 101, -1.0
42377.27354946161, 141, 1.0
42377.29779567281, 42, -1.0
42381.06586584582, 146, 1.0
42382.10707589207, 142, -1.0
42382.58021157055, 43, -1.0
42384.35518818884, 154, -1.0
42387.40949858294, 154, -1.0
42389.128159293214, 137, -1.0
42391.94772897681, 58, -1.0
42392.98281402643, 45, 1.0
42393.56473040329, 235, -1.0
42393.719572921305, 90, -1.0
42393.83034094774, 159, -1.0
42395.43934703423, 152, 1.0
42399.038590366436, 90, -1.0
42399.66891052934, 81, -1.0
42399.708898573575, 161, 1.0
42399.71257244621, 163, 1.0
42399.71448072594, 101, -1.0
42399.848850793984, 173, -1.0
42400.37304005329, 101, -1.0
42401.38281634507, 234, -1.0
42401.76943625639, 36, 1.0
42402.815122529486, 153, -1.0
42402.830791949666, 177, -1.0
42403.4358617991, 92, -1.0
42404.365579543584, 96, -1.0
42404.794118400576, 98, -1.0
42405.107874925074, 81, -1.0
42405.796332443744, 60, -1.0
42406.54701674247, 35, 1.0
42408.441519450585, 157, 1.0
42409.84412752231, 141, -1.0
42410.175670932455, 59, -1.0
42410.23684090355, 165, 1.0
42411.562273511816, 130, -1.0
42412.36334673896, 104, 1.0
42413.34235798604, 162, 1.0
42413.69300560084, 84, 1.0
42414.59644036711, 152, 1.0
42417.69146598938, 88, -1.0
42418.68471061465, 154, -1.0
42419.43517478887, 157, -1.0
42421.8793976997, 98, -1.0
42422.075773855824, 71, -1.0
42423.50089382152, 234, -1.0
42424.212602156054, 137, 1.0
42426.22047246161, 82, 1.0
42426.47789407651, 70, 1.0
42428.095409706286, 72, 1.0
42428.52159623003, 73, -1.0
42428.9522639538, 188, 1.0
42429.09756394546, 26, 1.0
42429.32942127921, 123, -1.0
42430.311175289025, 109, 1.0
42431.89975467913, 111, 1.0
42433.70958471017, 112, -1.0
42435.90018850833, 95, 1.0
42436.17739948564, 155, -1.0
42438.01177307322, 87, -1.0
42438.235049072886, 34, -1.0
42438.646468354804, 154, -1.0
42440.852470057034, 92, -1.0
42442.394984070575, 235, 1.0
42443.145648418154, 164, 1.0
42444.59120308761, 116, -1.0
42445.0906186303, 150, -1.0
42445.21197578179, 100, -1.0
42445.43727656224, 59, -1.0
42446.715779066566, 35, -1.0
42448.69305936435, 98, -1.0
42448.88612322435, 163, 1.0
42449.21252390282, 142, -1.0
42449.54822875273, 202, -1.0
42450.20423012684, 80, -1.0
42451.72616453564, 58, 1.0
42454.336418825675, 193, -1.0
42456.6007074975, 110, -1.0
42456.95455927148, 48, 1.0
42457.7839112483, 114, 1.0
42458.05252912932, 40, 1.0
42458.912217531484, 233, -1.0
42459.886451928025, 124, -1.0
42459.96949157649, 114, 1.0
42461.47611219457, 123, -1.0
42462.15017023388, 35, -1.0
42462.33538553596, 111, 1.0
42466.389173503456, 96, -1.0
42468.69798769475, 65, -1.0
42468.93736340071, 126, 1.0
42469.29672549139, 62, 1.0
42470.11866193198, 152, -1.0
42470.19324026132, 159, 1.0
42470.75600844317, 100, -1.0
42470.965883551464, 235, -1.0
42471.40372475718, 37, 1.0
42472.42947942377, 83, 1.0
42474.747701847824, 142, -1.0
42474.83092923731, 163, 1.0
42475.641788842186, 27, -1.0
42477.307912099495, 137, 1.0
42480.0788569231, 34, 1.0
42481.97629436287, 99, 1.0
42482.050688744115, 154, -1.0
42484.48134788279, 76, 1.0
42486.43887948149, 130, -1.0
42486.65713539487, 40, -1.0
42488.28257874178, 40, -1.0
42489.3052537346, 101, -1.0
42490.61926174114, 56, -1.0
42492.08324685801, 64, 1.0
42494.150954131, 44, -1.0
42494.470293188795, 86, 1.0
42494.54863077704, 65, 1.0
42495.29820371914, 58, 1.0
42496.63129421312, 141, -1.0
42498.669767507585, 155, -1.0
42501.51029818063, 90, -1.0
42503.43368224539, 111, -1.0
42504.03510150449, 159, 1.0
42504.49812211909, 35, -1.0
42504.66766194008, 161, -1.0
42505.33497351691, 27, 1.0
42506.273269937235, 29, 1.0
42506.44608032186, 142, -1.0
42506.86978773419, 177, 1.0
42507.674801007706, 119, -1.0
42509.42429313593, 235, 1.0
42512.10397273198, 75, -1.0
42513.3351407623, 102, -1.0
42513.65272400424, 50, -1.0
42516.426732066626, 67, -1.0
42517.03267723473, 59, 1.0
42518.829176964115, 230, -1.0
42519.61800333366, 164, 1.0
42521.00323031797, 177, 1.0
42522.38908187532, 101, 1.0
42522.82028724873, 113, 1.0
42524.536041265856, 71, 1.0
42524.727512622325, 81, -1.0
42524.89417267102, 43, -1.0
42525.44333616703, 234, -1.0
42526.705517124516, 159, 1.0
42527.321708288204, 69, -1.0
42529.18366816868, 70, -1.0
42530.79144482054, 59, -1.0
42536.322765320336, 70, -1.0
42536.52371093895, 164, 1.0
42539.20448160354, 142, -1.0
42539.9390251052, 48, 1.0
42542.03698386383, 142, 1.0
42544.47678943276, 40, 1.0
42545.56156347033, 112, -1.0
42545.62625054108, 101, 1.0
42546.467432544945, 84, 1.0
42546.60649855588, 149, 1.0
42547.08837385074, 29, -1.0
42547.253494515266, 84, 1.0
42547.756994520016, 34, -1.0
42548.378615020956, 126, 1.0
42548.8527851025, 36, 1.0
42549.44865686106, 123, -1.0
42551.02915917242, 71, -1.0
42553.66756809639, 173, 1.0
42554.718516762965, 61, 1.0
42555.82693097039, 163, -1.0
42558.193087079584, 97, -1.0
42558.87183380887, 141, -1.0
42559.501498598045, 146, 1.0
42560.12237582508, 102, 1.0
42562.01989659172, 181, -1.0
42562.274822795975, 133, 1.0
42562.5412972331, 177, -1.0
42563.65704062393, 48, -1.0
42566.374503688334, 101, -1.0
42566.66370239984, 138, -1.0
42570.19547191581, 126, 1.0
42570.33369503558, 74, -1.0
42570.420375151334, 44, 1.0
42571.54137040396, 152, -1.0
42571.898042193825, 188, -1.0
42572.30583963477, 177, 1.0
42574.092842410944, 142, -1.0
42575.531821620985, 114, 1.0
42578.13401616373, 48, 1.0
42580.438442038736, 116, 1.0
42581.63417014747, 81, 1.0
42582.205172214584, 126, 1.0
42582.29018733283, 70, -1.0
42582.76007853408, 84, -1.0
42584.48349091342, 68, -1.0
42584.519155458926, 75, 1.0
42585.226470389905, 97, -1.0
42585.36463985126, 154, 1.0
42588.17886358215, 81, 1.0
42588.63581047969, 74, -1.0
42589.502122545, 48, -1.0
42590.45767926026, 67, 1.0
42591.31925274176, 41, -1.0
42592.04884478955, 42, -1.0
42592.7742057556, 152, 1.0
42592.99505502794, 126, -1.0
42594.28925555402, 126, 1.0
42595.036924449625, 198, 1.0
42596.1144936017, 117, 1.0
42597.12061815549, 59, -1.0
42598.12212982467, 81, 1.0
42599.325715857645, 165, -1.0
42599.370478649296, 92, -1.0
42599.958548192415, 123, -1.0
42600.87516760475, 69, -1.0
42601.12881136783, 74, -1.0
42602.5855224799, 58, -1.0
42604.12906365859, 75, 1.0
42604.472209407926, 43, 1.0
42604.487082502885, 109, -1.0
42605.42372796967, 153, -1.0
42608.726813331064, 188, -1.0
42609.60187809577, 43, -1.0
42611.03166712495, 118, -1.0
42612.03849231826, 35, -1.0
42612.212220497684, 161, -1.0
42613.05233159976, 141, -1.0
42615.15508854864, 146, -1.0
42615.181755749756, 137, 1.0
42615.355034720655, 193, 1.0
42617.29290446804, 33, 1.0
42618.40034354386, 35, -1.0
42619.816715217705, 28, 1.0
42620.56329933243, 59, 1.0
42622.50840792755, 43, -1.0
42622.55448354227, 42, 1.0
42623.238298963726, 87, 1.0
42623.29296297831, 64, 1.0
42623.33359413224, 230, 1.0
42624.06887833482, 81, 1.0
42624.87133269564, 59, 1.0
42626.897274157556, 142, 1.0
42627.52856971168, 123, -1.0
42627.86210119493, 103, 1.0
42629.25463430603, 37, -1.0
42629.54697446791, 169, 1.0
42630.54572054324, 44, 1.0
42630.74513426909, 95, 1.0
42632.10819077388, 162, 1.0
42633.65980938889, 75, 1.0
42633.66709537431, 126, -1.0
42633.94785603862, 75, 1.0
42635.166226948575, 40, -1.0
42636.23932347932, 111, -1.0
42637.5129684831, 58, 1.0
42637.712292413904, 59, 1.0
42637.81250145406, 142, -1.0
42638.95296552335, 149, 1.0
42639.12990951933, 105, -1.0
42639.654141805746, 151, -1.0
42639.98943290915, 147, 1.0
42640.0057042045, 151, -1.0
42640.679358101515, 160, -1.0
42641.462703470504, 68, 1.0
42641.93596961876, 158, -1.0
42645.36982727194, 96, 1.0
42645.55497056661, 153, 1.0
42647.23688964617, 235, 1.0
42647.81297937709, 75, 1.0
42648.814673505054, 222, 1.0
42650.41094278615, 96, -1.0
42651.35683430597, 137, -1.0
42651.72476374192, 171, 1.0
42652.2562809769, 116, -1.0
42654.67977651763, 177, -1.0
42654.82101855006, 51, 1.0
42655.737258708614, 128, -1.0
42655.88652411644, 75, 1.0
42656.211372916565, 40, -1.0
42656.83897680335, 160, 1.0
42660.605135216094, 68, -1.0
42661.288174129106, 34, -1.0
42666.43702218397, 101, -1.0
42667.099258099115, 35, -1.0
42667.19959209024, 76, 1.0
42667.801548562726, 146, -1.0
42669.07029563561, 71, -1.0
42670.99937131923, 152, -1.0
42672.80265643323, 53, -1.0
42673.666466730036, 180, -1.0
42677.76263941653, 168, -1.0
42678.334147607806, 129, 1.0
42678.556710594334, 103, -1.0
42678.9218459526, 193, -1.0
42679.09247737642, 154, -1.0
42683.78423257285, 100, -1.0
42684.554803247986, 64, -1.0
42686.225564897795, 36, -1.0
42687.669238137685, 100, 1.0
42687.693802741276, 193, -1.0
42687.88868326127, 129, 1.0
42687.95054675278, 165, 1.0
42688.25214505588, 167, -1.0
42689.27243658239, 164, -1.0
42690.471629555046, 60, -1.0
42695.63736473834, 97, 1.0
42696.29820747113, 169, 1.0
42696.60074630748, 149, -1.0
42697.48873266393, 65, -1.0
42697.761266124566, 102, 1.0
42698.0023600553, 51, 1.0
42698.88589154246, 126, 1.0
42700.765263674875, 90, -1.0
42703.59333697861, 69, 1.0
42703.82120578549, 29, 1.0
42704.57238957168, 59, -1.0
42705.22397560795, 64, 1.0
42706.61839869878, 116, 1.0
42707.02695506581, 102, 1.0
42707.47300724533, 153, 1.0
42708.32897743641, 73, 1.0
42708.455604262606, 67, -1.0
42709.127100673875, 75, 1.0
42709.727505701594, 65, 1.0
42710.00131673858, 233, 1.0
42711.01796317984, 118, -1.0
42711.221720396985, 155, 1.0
42713.90355795933, 81, -1.0
42714.50814575041, 100, 1.0
42718.406864157216, 99, -1.0
42718.58324804301, 45, -1.0
42719.90610841086, 96, 1.0
42721.48394169913, 39, -1.0
42722.26224516691, 33, -1.0
42724.70491500717, 165, -1.0
42727.69788864678, 235, 1.0
42729.57090396769, 116, -1.0
42729.72164053405, 83, -1.0
42731.21230865755, 74, 1.0
42732.71341486058, 128, -1.0
42734.05275076544, 104, -1.0
42735.128980436384, 62, -1.0
42735.96061817491, 71, 1.0
42736.350945243044, 43, -1.0
42739.381361051695, 99, 1.0
42740.13944621551, 152, -1.0
42740.59956516882, 75, 1.0
42741.28412247135, 155, -1.0
42742.89647354409, 123, -1.0
42743.788867119656, 40, -1.0
42743.90758200571, 40, 1.0
42744.337820648965, 198, -1.0
42744.64968893331, 169, 1.0
42746.25631136963, 101, 1.0
42747.27540887058, 177, -1.0
42747.29759531371, 27, -1.0
42749.6487025494, 142, 1.0
42752.88860106024, 141, -1.0
42754.7187260277, 101, 1.0
42754.979556901184, 40, 1.0
42755.143002208126, 165, -1.0
42756.08844790519, 87, -1.0
42758.61046401622, 75, -1.0
42758.97262866804, 181, -1.0
42759.07560081382, 152, 1.0
42760.51440643536, 67, -1.0
42760.72771944398, 164, 1.0
42761.162954454136, 33, -1.0
42762.01452586651, 163, 1.0
42764.93080717719, 35, -1.0
42766.1501427979, 153, -1.0
42768.48141576512, 48, 1.0
42768.97471980596, 233, -1.0
42769.743013409025, 118, -1.0
42770.17589625931, 94, 1.0
42770.20796026874, 164, -1.0
42771.96418013611, 234, -1.0
42774.25133148109, 48, 1.0
42775.23408168247, 141, 1.0
42775.420281591745, 101, -1.0
42776.89178572389, 67, 1.0
42779.04014258395, 101, 1.0
42779.38372393326, 114, 1.0
42780.71790516575, 137, -1.0
42780.79402517117, 59, 1.0
42780.987256608685, 106, -1.0
42781.36691813431, 88, -1.0
42781.53028940568, 188, -1.0
42781.89408468429, 59, 1.0
42785.92166634688, 138, -1.0
42787.34242541041, 60, -1.0
42789.52876408218, 114, 1.0
42791.267311953845, 123, -1.0
42793.14114216309, 146, 1.0
42793.61956535775, 102, -1.0
42795.473592107315, 52, -1.0
42796.07339810088, 163, 1.0
42797.36249967821, 35, -1.0
42798.55833509673, 167, 1.0
42802.20555631292, 97, -1.0
42802.984252935355, 68, 1.0
42803.53311219679, 167, -1.0
42803.90710682761, 137, 1.0
42804.2348158504, 72, 1.0
42808.263076311305, 28, -1.0
42809.11115889603, 81, -1.0
42809.297666973645, 230, -1.0
42809.639881462404, 51, -1.0
42809.71598903931, 164, 1.0
42810.493046691365, 101, -1.0
42812.252175736474, 84, 1.0
42813.621399549185, 198, -1.0
42815.08923487219, 58, -1.0
42816.216787516314, 45, 1.0
42816.83668515155, 74, 1.0
42816.98286157288, 28, 1.0
42819.04571455791, 114, 1.0
42819.443569936484, 173, 1.0
42819.86921672722, 33, 1.0
42823.2791620429, 64, -1.0
42825.49637057954, 133, -1.0
42826.35487597048, 137, -1.0
42829.5123473113, 114, 1.0
42830.14678601321, 123, -1.0
42830.881101106555, 133, 1.0
42832.032751647406, 164, 1.0
42834.51940091798, 67, -1.0
42835.87223230077, 42, -1.0
42835.940566328856, 188, -1.0
42835.99354428177, 133, 1.0
42837.612043129346, 142, 1.0
42838.91352646933, 119, 1.0
42839.44402467343, 40, 1.0
42840.74966848514, 167, -1.0
42841.21634121625, 141, -1.0
42842.13296943821, 96, -1.0
42842.876744491005, 101, -1.0
42844.261245113994, 40, -1.0
42844.84090880333, 87, -1.0
42845.469477742634, 162, 1.0
42848.32669729872, 88, -1.0
42849.06591638103, 73, -1.0
42850.32854178345, 101, 1.0
42854.85517369326, 169, 1.0
42855.2386004547, 27, 1.0
42855.85460090698, 98, -1.0
42856.32191972888, 106, -1.0
42857.198014635935, 109, -1.0
42858.14812412119, 27, 1.0
42858.52631278962, 99, -1.0
42860.33816283252, 75, 1.0
42861.28498308456, 59, 1.0
42862.9566363161, 29, 1.0
42864.51286553485, 67, -1.0
42865.673093180245, 101, -1.0
42866.01353002294, 163, 1.0
42866.064783602415, 138, -1.0
42867.39621871271, 70, 1.0
42868.880717998705, 120, 1.0
42869.330896135594, 46, -1.0
42869.37607374434, 126, -1.0
42869.7381020165, 75, -1.0
42869.865750663244, 100, -1.0
42870.09902259566, 142, 1.0
42871.68886361262, 28, 1.0
42871.71349186184, 73, -1.0
42872.027513098044, 153, -1.0
42874.796089159194, 141, 1.0
42876.35059433643, 101, 1.0
42877.53169588262, 146, 1.0
42881.17841770524, 61, -1.0
42883.94163480168, 62, -1.0
42883.99102944778, 166, 1.0
42884.86450877802, 75, 1.0
42884.988294020775, 230, -1.0
42885.135004700656, 230, -1.0
42886.15693710025, 66, 1.0
42886.96018471744, 126, -1.0
42887.52474559109, 45, 1.0
42888.39444427089, 84, -1.0
42890.33431709862, 53, -1.0
42891.109893072135, 112, 1.0
42891.349730402355, 58, 1.0
42891.36453402762, 228, -1.0
42892.8583973338, 114, 1.0
42894.44038409805, 164, 1.0
42896.17052265953, 146, 1.0
42896.48931542351, 61, -1.0
42899.50116019419, 81, -1.0
42901.37741100335, 222, -1.0
42901.91416771855, 166, -1.0
42902.538678975776, 71, 1.0
42903.45389887028, 116, -1.0
42906.49596935636, 59, 1.0
42906.85339644669, 100, -1.0
42912.67059652842, 104, -1.0
42912.882888361404, 164, 1.0
42915.249839414646, 152, 1.0
42915.6525685288, 102, -1.0
42916.083255606405, 148, -1.0
42917.198357806534, 36, -1.0
42918.00655319118, 53, -1.0
42918.784130574815, 149, -1.0
42920.03711942257, 173, -1.0
42920.291665998375, 65, -1.0
42920.39885631015, 40, -1.0
42922.01004873431, 154, -1.0
42922.29026840956, 62, 1.0
42925.19118558995, 81, -1.0
42927.86466258027, 29, 1.0
42929.029029002595, 103, 1.0
42929.66846366099, 26, -1.0
42934.4412921893, 103, -1.0
42934.60933461697, 29, 1.0
42934.785065995595, 141, 1.0
42934.90720849719, 95, -1.0
42935.287588109364, 100, -1.0
42935.438406134694, 81, -1.0
42938.16868042725, 65, -1.0
42938.25753766702, 64, -1.0
42939.07774403441, 36, -1.0
42941.06321494037, 181, -1.0
42944.03011412177, 61, -1.0
42944.103657182306, 230, -1.0
42944.53546138376, 149, -1.0
42944.93205963777, 31, -1.0
42945.260219478485, 29, 1.0
42946.66199293794, 63, 1.0
42947.07776801706, 126, -1.0
42947.10219268797, 100, -1.0
42948.88783001989, 146, -1.0
42949.08880092499, 166, 1.0
42949.58245636965, 34, 1.0
42951.122179138416, 80, -1.0
42952.037915389505, 86, 1.0
42954.75459811897, 142, -1.0
42956.21748215446, 90, -1.0
42957.49618125169, 133, -1.0
42958.078738700744, 34, -1.0
42958.497758871716, 147, -1.0
42959.041846012886, 159, -1.0
42961.26046984698, 40, 1.0
42961.85463101286, 100, 1.0
42964.62579974203, 166, 1.0
42965.30642707551, 83, -1.0
42966.42654605138, 40, -1.0
42966.9990822112, 137, 1.0
42968.3656337756, 164, 1.0
42969.126493346535, 74, -1.0
42969.87653748208, 137, 1.0
42970.63406124029, 141, -1.0
42972.70381901646, 149, 1.0
42973.5385609977, 69, -1.0
42975.489941519154, 167, -1.0
42977.60852672731, 41, -1.0
42980.76643455049, 73, -1.0
42980.82514068143, 141, 1.0
42981.91041489018, 161, 1.0
42982.79817797546, 60, -1.0
42982.83366556592, 169, -1.0
42985.293348990126, 123, -1.0
42987.64073569494, 234, -1.0
42988.55691528827, 101, 1.0
42990.15104138556, 29, 1.0
42990.297436510606, 89, 1.0
42990.76731636678, 29, 1.0
42993.35081352279, 41, -1.0
42996.92942559811, 83, -1.0
42997.748728200015, 103, -1.0
42999.33687951349, 116, 1.0
42999.43125791817, 65, 1.0
43001.711650826015, 105, -1.0
43002.15352654446, 111, -1.0
43002.3416434769, 155, 1.0
43002.58495527788, 75, -1.0
43005.43125061664, 160, -1.0
43006.65641359227, 228, 1.0
43007.73323494093, 157, 1.0
43008.85866061047, 116, 1.0
43009.445185748744, 126, 1.0
43010.001807963985, 92, -1.0
43010.05171050861, 58, 1.0
43010.17130957724, 64, -1.0
43012.20132754076, 167, -1.0
43012.394655883974, 76, 1.0
43012.46404025742, 152, 1.0
43016.38336537729, 146, -1.0
43017.07456998739, 52, 1.0
43017.822503122654, 67, 1.0
43018.66022901492, 92, -1.0
43019.28360651671, 122, -1.0
43020.9122402265, 57, 1.0
43021.28902242808, 230, -1.0
43021.686723728926, 53, -1.0
43022.07803341934, 53, 1.0
43022.72399850231, 154, -1.0
43022.730060002585, 198, -1.0
43023.95935895509, 137, -1.0
43025.80484962146, 177, -1.0
43026.31434519347, 105, -1.0
43027.37739480802, 133, -1.0
43028.6896889348, 50, -1.0
43030.06848707756, 137, -1.0
43030.836204344916, 101, 1.0
43031.16130089015, 48, 1.0
43031.664900678275, 160, -1.0
43034.039348283965, 153, 1.0
43035.36125848593, 43, -1.0
43035.7264929655, 114, 1.0
43038.245920783644, 103, -1.0
43038.81698874838, 141, -1.0
43039.288897464074, 108, -1.0
43040.98482776861, 58, 1.0
43041.668018187025, 90, -1.0
43042.29449522681, 146, -1.0
43043.01051691459, 59, 1.0
43043.6706637715, 188, -1.0
43045.69585460196, 32, -1.0
43047.2537585847, 48, 1.0
43047.69253139947, 152, -1.0
43048.33265515696, 155, 1.0
43049.88207779846, 95, 1.0
43050.7137805917, 158, 1.0
43051.58821305529, 88, 1.0
43053.83097275307, 67, 1.0
43054.27012036643, 119, 1.0
43054.34888171142, 30, -1.0
43056.28686013572, 142, -1.0
43056.57618949704, 180, -1.0
43056.704084905214, 146, 1.0
43056.80257807352, 88, -1.0
43057.76306164268, 37, -1.0
43058.280068047934, 153, -1.0
43058.797014165306, 108, -1.0
43059.30313468182, 65, 1.0
43059.46518085728, 64, -1.0
43060.65729519391, 53, 1.0
43061.08697652467, 105, -1.0
43062.34494365718, 84, -1.0
43065.11620611278, 142, -1.0
43066.19929652307, 157, 1.0
43066.93492702843, 83, 1.0
43067.20014737982, 142, -1.0
43067.49250209935, 71, -1.0
43069.46803549277, 141, -1.0
43069.538081226674, 155, -1.0
43069.55412195918, 100, -1.0
43070.406542837656, 116, -1.0
43070.61294116362, 70, -1.0
43070.79994880819, 73, -1.0
43071.00294349555, 111, 1.0
43071.03487184938, 98, 1.0
43071.445873773846, 108, 1.0
43072.324433142385, 48, -1.0
43073.4488014805, 39, -1.0
43075.4895561425, 84, -1.0
43075.94437778958, 105, 1.0
43076.328201781966, 59, -1.0
43076.39147480097, 133, -1.0
43076.44470660056, 152, 1.0
43076.73725624251, 109, -1.0
43077.845586963274, 61, -1.0
43080.383557606285, 58, -1.0
43083.372008543556, 59, 1.0
43083.53448070939, 105, -1.0
43083.65859943737, 91, -1.0
43083.71550992719, 34, -1.0
43084.0916633951, 61, -1.0
43086.90877821198, 88, -1.0
43088.00772071043, 160, 1.0
43088.075125374184, 167, -1.0
43088.326208914856, 103, 1.0
43091.59142474674, 62, -1.0
43091.66908662956, 169, -1.0
43092.12010017937, 65, 1.0
43093.11974013678, 182, 1.0
43093.17366373021, 155, 1.0
43095.02326848788, 82, 1.0
43095.999530928646, 44, -1.0
43098.0747234508, 142, -1.0
43099.6239702579, 62, 1.0
43100.65677744159, 62, -1.0
43102.1682480158, 233, 1.0
43102.646224253396, 50, 1.0
43104.791378803464, 29, -1.0
43104.92175530445, 105, 1.0
43105.608904807064, 233, -1.0
43106.23048328058, 29, -1.0
43107.022777970415, 110, 1.0
43107.53009405842, 98, -1.0
43108.566799593056, 28, 1.0
43109.96946981895, 118, -1.0
43110.505919027026, 68, 1.0
43111.91221108566, 180, -1.0
43112.18986272653, 43, -1.0
43112.34393956615, 230, -1.0
43112.37791100594, 116, -1.0
43112.37843814317, 34, 1.0
43115.05795579553, 146, -1.0
43116.374257865624, 126, -1.0
43116.37652873496, 88, -1.0
43117.01173679718, 58, -1.0
43119.67723623718, 119, -1.0
43119.916968886435, 105, 1.0
43120.68421549175, 39, 1.0
43121.8914617018, 28, -1.0
43124.85369339435, 89, -1.0
43125.3334046327, 64, 1.0
43127.5613937467, 230, -1.0
43128.29956181455, 34, -1.0
43129.13638829485, 230, -1.0
43131.191482296344, 163, 1.0
43131.58472514658, 42, -1.0
43133.44609367024, 90, -1.0
43134.20662182157, 96, -1.0
43135.006901418674, 29, 1.0
43136.18679413785, 148, -1.0
43137.70944930146, 104, -1.0
43142.437838130754, 59, 1.0
43144.36631172335, 163, 1.0
43145.31575091483, 150, -1.0
43146.201678978694, 234, 1.0
43146.27442418036, 171, -1.0
43148.623837457206, 123, -1.0
43150.27513653416, 40, -1.0
43150.559408110814, 34, -1.0
43152.81591734218, 164, 1.0
43153.03010830275, 228, -1.0
43153.4441230746, 193, -1.0
43153.601062293725, 67, 1.0
43153.86235908752, 104, -1.0
43154.972026603165, 162, 1.0
43156.667770630535, 109, -1.0
43158.18715126548, 154, 1.0
43158.23668787015, 162, -1.0
43158.84911549189, 105, 1.0
43159.26975937091, 90, -1.0
43159.359078549496, 164, 1.0
43160.17913971292, 64, 1.0
43162.38661997283, 28, -1.0
43163.98098488141, 123, -1.0
43167.68094813787, 148, -1.0
43168.423590052415, 34, 1.0
43168.7155976044, 126, -1.0
43170.27461530325, 181, -1.0
43172.053998774456, 59, -1.0
43175.39209037958, 146, 1.0
43175.70591077327, 63, -1.0
43176.24386438937, 88, -1.0
43176.89774515844, 75, -1.0
43184.31352996945, 116, -1.0
43185.794562081384, 142, -1.0
43186.781309002516, 105, -1.0
43187.199720646306, 67, -1.0
43188.17191307407, 40, -1.0
43189.14125607893, 53, -1.0
43191.65142744074, 41, 1.0
43195.33916647439, 65, 1.0
43195.34841230621, 89, 1.0
43195.6394896612, 101, 1.0
43195.923652642625, 124, -1.0
43196.25347941992, 235, -1.0
43197.38978588503, 50, 1.0
43197.81914261665, 35, 1.0
43198.53256928548, 149, 1.0
43198.91549860798, 55, -1.0
