28803.207043578386, 44, -1.0
28804.447369063848, 235, 1.0
28808.300904274514, 181, -1.0
28808.603176500812, 60, -1.0
28808.625484732587, 69, 1.0
28809.49331756847, 162, -1.0
28810.77121206553, 152, -1.0
28811.88515062263, 116, 1.0
28816.8740185858, 65, 1.0
28818.620811962475, 44, -1.0
28819.166778208524, 152, 1.0
28820.132523863937, 230, -1.0
28820.61321770837, 162, 1.0
28821.406149911352, 158, -1.0
28822.417437783617, 35, -1.0
28826.78095616117, 167, -1.0
28826.947804957927, 116, 1.0
28828.81285882832, 162, -1.0
28830.234905336736, 114, 1.0
28831.666232039188, 62, 1.0
28831.897246517947, 177, -1.0
28833.13771872469, 162, -1.0
28834.144003462818, 164, -1.0
28834.55889868961, 188, -1.0
28835.244347400338, 116, 1.0
28837.408126640516, 75, 1.0
28838.52909660817, 55, -1.0
28839.34381676021, 67, 1.0
28841.62500996614, 169, 1.0
28841.947056430483, 74, -1.0
28847.39835898217, 158, -1.0
28849.318867290982, 45, -1.0
28851.556289876626, 141, 1.0
28855.797104945825, 59, -1.0
28857.81003508287, 40, 1.0
28861.4999342262, 100, -1.0
28861.64111742814, 69, 1.0
28865.905833994566, 123, -1.0
28867.288851453126, 81, 1.0
28871.33982140636, 54, -1.0
28876.462060315076, 34, -1.0
28883.910072271883, 148, -1.0
28884.721276874658, 171, -1.0
28886.490415713684, 43, -1.0
28887.85156578374, 52, 1.0
28890.478632711012, 56, -1.0
28891.510469679, 159, -1.0
28893.2207028788, 73, 1.0
28893.25449142522, 40, 1.0
28893.920346192357, 50, -1.0
28895.297567725716, 69, 1.0
28898.18321793889, 162, -1.0
28903.433515874975, 123, -1.0
28903.662873292065, 166, -1.0
28905.272380769857, 167, -1.0
28906.488967850462, 83, -1.0
28907.91232163069, 141, 1.0
28908.33237964561, 123, -1.0
28908.597356111582, 32, -1.0
28910.651288481138, 52, 1.0
28915.37894420289, 40, 1.0
28915.991052446447, 126, 1.0
28924.782293593005, 95, -1.0
28924.874675872423, 126, 1.0
28929.024162291968, 241, 1.0
28931.458075850485, 198, 1.0
28932.426188504713, 105, -1.0
28932.59556504755, 155, -1.0
28936.772454020775, 141, 1.0
28939.755608897685, 162, -1.0
28941.68421331574, 29, -1.0
28943.367411243056, 164, 1.0
28945.410941060367, 37, 1.0
28945.412763004824, 103, -1.0
28956.76333057554, 164, 1.0
28959.897843796913, 142, 1.0
28961.847210221993, 45, -1.0
28961.960341552578, 228, 1.0
28963.075066576137, 56, 1.0
28965.17438787386, 164, 1.0
28965.225933821715, 40, 1.0
28970.353511211415, 222, 1.0
28970.71202894323, 40, 1.0
28971.383616379844, 164, -1.0
28975.292898801395, 124, -1.0
28976.482870791013, 95, -1.0
28978.61601984237, 164, -1.0
28979.72684684756, 114, -1.0
28981.104632601833, 44, -1.0
28985.147641257885, 141, 1.0
28985.634553755433, 99, -1.0
28985.843972027695, 116, -1.0
28987.405029233745, 87, -1.0
28987.467630991036, 107, -1.0
28988.988136471376, 198, 1.0
28989.75450691259, 165, -1.0
28989.953127679517, 142, -1.0
28990.176449966566, 162, 1.0
28990.197467722686, 116, -1.0
28994.55947364572, 154, -1.0
28995.224943990528, 63, 1.0
28997.208853167867, 169, -1.0
28997.65211290442, 138, -1.0
28998.63452271073, 234, -1.0
29001.13478971436, 41, -1.0
29003.630721377267, 97, -1.0
29005.890608723737, 142, -1.0
29010.836081281737, 116, -1.0
29011.808335222027, 153, 1.0
29016.166750062395, 141, 1.0
29016.96066730597, 154, 1.0
29016.97579667992, 44, -1.0
29019.316332213537, 171, -1.0
29020.94697251352, 97, -1.0
29022.39028505423, 100, 1.0
29024.9718278473, 84, 1.0
29025.01812311994, 75, 1.0
29025.688277136986, 235, 1.0
29027.87013880988, 157, -1.0
29029.5999079788, 75, -1.0
29033.56011272844, 99, 1.0
29034.366646672126, 177, -1.0
29034.528278830086, 52, 1.0
29036.46792732246, 177, -1.0
29039.40402482604, 50, -1.0
29040.26226894307, 92, 1.0
29040.753128401786, 130, -1.0
29041.91861150168, 39, -1.0
29044.36898844591, 228, 1.0
29046.480183500942, 31, -1.0
29047.336468723224, 97, -1.0
29049.51558605731, 58, -1.0
29053.653956327726, 103, 1.0
29055.580018292934, 66, 1.0
29056.43618203231, 149, -1.0
29058.513781857884, 235, 1.0
29058.915210466974, 97, -1.0
29067.428208678277, 116, 1.0
29068.91792490964, 141, 1.0
29069.211637364577, 71, -1.0
29073.610943307547, 68, -1.0
29079.3441709236, 114, -1.0
29080.230117917356, 45, -1.0
29082.40474731923, 58, -1.0
29084.9605541656, 69, 1.0
29086.115285659405, 28, 1.0
29087.12837400974, 123, 1.0
29088.968605558024, 193, -1.0
29091.595586407988, 139, 1.0
29091.742001393464, 28, -1.0
29092.71655261743, 59, 1.0
29095.636859824444, 82, -1.0
29097.113530787592, 116, -1.0
29099.083979811527, 40, 1.0
29103.800904377487, 159, -1.0
29105.83954607077, 84, -1.0
29108.290262160936, 182, -1.0
29108.823771319672, 51, 1.0
29109.594432091806, 102, 1.0
29110.45322406937, 28, 1.0
29113.66978020657, 181, 1.0
29113.97735806499, 40, 1.0
29114.56562619954, 60, -1.0
29116.459435718676, 164, -1.0
29119.05313937946, 169, -1.0
29129.62957417723, 31, -1.0
29132.233143779988, 64, 1.0
29132.79620633869, 82, -1.0
29133.68762342322, 103, 1.0
29136.976613673593, 114, 1.0
29140.097258587837, 158, 1.0
29142.986017689804, 128, -1.0
29143.51310661607, 182, 1.0
29144.768244585266, 80, 1.0
29144.875616664936, 75, -1.0
29148.306171851662, 161, 1.0
29149.75297360052, 40, 1.0
29154.416546054137, 68, -1.0
29156.28153544131, 59, 1.0
29156.85470584857, 59, -1.0
29157.002110178837, 126, 1.0
29157.65581790029, 113, -1.0
29159.07289330658, 164, -1.0
29159.412332456028, 163, 1.0
29160.963654497817, 44, -1.0
29163.199486074205, 58, -1.0
29163.665152825524, 152, -1.0
29166.67685318196, 62, -1.0
29170.59975133331, 53, 1.0
29171.07802219722, 122, -1.0
29173.653796102444, 84, -1.0
29174.401474195663, 233, -1.0
29175.080328503725, 44, -1.0
29176.21510895211, 146, -1.0
29180.024062263637, 54, -1.0
29183.741957622802, 40, 1.0
29184.806755149453, 87, -1.0
29189.60835356645, 100, -1.0
29189.772030056152, 94, -1.0
29193.148521955085, 233, -1.0
29195.01182444505, 165, -1.0
29197.649714209776, 169, -1.0
29198.518061871564, 198, -1.0
29205.575818620666, 137, 1.0
29207.221611130397, 69, -1.0
29212.22342556328, 114, 1.0
29214.639210051115, 101, 1.0
29215.558523211334, 80, -1.0
29215.852849894327, 149, -1.0
29217.715058380887, 101, 1.0
29222.33505515168, 82, -1.0
29222.459169647434, 96, -1.0
29227.391946319913, 126, -1.0
29230.540037428807, 119, -1.0
29231.786388885925, 233, -1.0
29232.719743723454, 81, 1.0
29245.903898887784, 58, -1.0
29246.263170901813, 67, -1.0
29246.32856440408, 163, 1.0
29252.745655509174, 81, -1.0
29253.895492629574, 188, -1.0
29254.550480080004, 137, 1.0
29254.616098278126, 114, -1.0
29255.23286021438, 68, 1.0
29257.01546091611, 129, 1.0
29259.06053621745, 110, -1.0
29263.86478440484, 182, 1.0
29266.861759981937, 32, -1.0
29269.058333030174, 40, 1.0
29269.22089265489, 99, 1.0
29272.066887449248, 101, 1.0
29276.197906045105, 59, -1.0
29279.999461317915, 84, -1.0
29281.53664890363, 39, -1.0
29281.671656166345, 142, -1.0
29281.834259415267, 63, 1.0
29281.92145721599, 222, 1.0
29283.972161543512, 130, -1.0
29287.61133193161, 59, -1.0
29287.97656384016, 105, 1.0
29291.17758629797, 29, -1.0
29292.073160685657, 103, 1.0
29293.575541800532, 80, -1.0
29294.379329380266, 162, -1.0
29295.206255976558, 31, -1.0
29302.000439850242, 34, 1.0
29306.49805084801, 91, -1.0
29307.68428263676, 81, -1.0
29308.43710522572, 182, -1.0
29315.30363495902, 161, 1.0
29318.749305177167, 80, -1.0
29318.80518405664, 58, -1.0
29319.059675373985, 141, -1.0
29322.293247981655, 105, 1.0
29322.402843182714, 142, 1.0
29322.63431735162, 26, -1.0
29323.077942232285, 141, 1.0
29328.15942688209, 148, -1.0
29329.671333149847, 39, 1.0
29331.43544902801, 222, -1.0
29337.25569299161, 142, -1.0
29337.70417078785, 126, 1.0
29341.28555032291, 59, -1.0
29343.237042294688, 28, -1.0
29344.58076843308, 56, 1.0
29352.856992642384, 114, 1.0
29353.25962165671, 45, -1.0
29354.969609687763, 230, 1.0
29356.134948329636, 133, -1.0
29356.247929902904, 113, -1.0
29356.287085057746, 187, -1.0
29359.83846802467, 64, 1.0
29361.3846787086, 103, 1.0
29362.27404930868, 101, 1.0
29366.217478710936, 154, 1.0
29372.66814081347, 68, -1.0
29373.24890456246, 75, 1.0
29376.331120394283, 46, -1.0
29379.83469130204, 70, 1.0
29385.461990296055, 80, 1.0
29386.42677654437, 44, -1.0
29386.74486357921, 71, 1.0
29387.30798227955, 28, -1.0
29389.337855311933, 69, 1.0
29391.16744873768, 59, -1.0
29395.037935997858, 101, -1.0
29395.964173815206, 100, 1.0
29398.42786313915, 157, 1.0
29398.58350352962, 61, -1.0
29398.585889455546, 91, -1.0
29404.16969684181, 92, -1.0
29405.275378473, 146, -1.0
29406.666384220312, 113, 1.0
29406.672209416745, 102, 1.0
29409.402999703485, 70, -1.0
29415.359565093608, 141, 1.0
29416.84053894442, 28, -1.0
29417.14491831212, 141, -1.0
29417.39698750463, 103, 1.0
29419.19924709982, 110, -1.0
29420.404457344455, 71, 1.0
29422.39333886636, 126, 1.0
29424.125628693873, 101, 1.0
29424.726331640337, 41, 1.0
29426.874520442136, 159, 1.0
29428.59400332648, 54, 1.0
29431.966767682854, 52, -1.0
29435.27165689801, 39, -1.0
29436.670688195412, 99, -1.0
29439.598655791557, 157, 1.0
29440.36631083566, 28, -1.0
29440.764624547606, 101, 1.0
29441.613928409595, 50, -1.0
29446.095055884703, 164, 1.0
29446.303800106554, 153, -1.0
29449.447648777095, 74, -1.0
29450.98977978645, 142, 1.0
29453.82213746752, 58, 1.0
29455.78162098665, 58, -1.0
29463.388705261095, 177, 1.0
29463.59894545868, 141, 1.0
29464.861575796247, 56, 1.0
29469.179272486796, 59, 1.0
29472.280391204287, 102, 1.0
29473.888851585933, 71, 1.0
29473.99714727838, 41, 1.0
29477.471902767487, 165, -1.0
29478.327442607362, 177, -1.0
29479.25137648414, 71, -1.0
29480.2295107394, 130, -1.0
29481.883358653962, 109, -1.0
29483.320278624993, 50, 1.0
29486.772949794868, 147, -1.0
29489.565460305697, 40, 1.0
29490.594327779883, 104, 1.0
29490.84049983699, 154, -1.0
29491.72066733149, 54, -1.0
29493.03960243956, 222, -1.0
29493.04953603259, 122, -1.0
29493.672637946034, 75, 1.0
29496.016791216298, 66, 1.0
29497.37238977924, 164, 1.0
29499.752717278054, 34, 1.0
29500.619576203648, 142, -1.0
29500.77545212459, 80, 1.0
29503.056979685214, 68, 1.0
29504.52067570366, 83, -1.0
29509.884505896876, 105, -1.0
29513.801590790146, 102, 1.0
29513.81027389432, 120, 1.0
29514.394902259126, 109, 1.0
29515.541952270287, 62, 1.0
29518.824181942862, 81, 1.0
29520.26960625584, 45, -1.0
29522.093004794875, 32, -1.0
29524.217129934223, 161, -1.0
29525.187419292535, 64, 1.0
29525.418921338944, 158, -1.0
29525.8441658434, 51, 1.0
29527.578080050633, 147, -1.0
29528.35002211155, 71, -1.0
29530.471751817, 207, -1.0
29532.524879730256, 165, -1.0
29538.519120123106, 152, 1.0
29539.17604590014, 177, -1.0
29540.020927664496, 80, 1.0
29540.441320955855, 87, 1.0
29541.17258612184, 101, 1.0
29542.800479009395, 104, 1.0
29542.89726327538, 235, -1.0
29544.249654332587, 91, 1.0
29546.534813445647, 67, 1.0
29546.620889830225, 110, -1.0
29548.735129037526, 180, 1.0
29548.824734334685, 152, -1.0
29549.505792346037, 148, -1.0
29551.47132389025, 167, -1.0
29553.636531321492, 152, -1.0
29553.817366498446, 84, -1.0
29554.431608162715, 162, 1.0
29556.020020048858, 93, -1.0
29557.593590040837, 40, -1.0
29563.191597620338, 110, -1.0
29565.164445093014, 101, 1.0
29567.18911787509, 97, -1.0
29569.26332076567, 34, -1.0
29569.96154890026, 151, -1.0
29570.52813575951, 123, -1.0
29576.218523508196, 74, -1.0
29580.819934897125, 58, 1.0
29581.04326033558, 56, -1.0
29581.58406584057, 100, 1.0
29582.19462784806, 130, -1.0
29583.245455268403, 95, 1.0
29583.296806095244, 98, -1.0
29584.19646375668, 101, 1.0
29587.08069498337, 53, -1.0
29588.57506813044, 84, -1.0
29589.07378094997, 235, 1.0
29590.876102261696, 177, -1.0
29591.072742637676, 105, 1.0
29592.02692949198, 95, -1.0
29594.445610803603, 141, 1.0
29596.976268937713, 114, 1.0
29600.51820036542, 70, -1.0
29601.895440866952, 169, 1.0
29602.01925073202, 97, -1.0
29602.359630265488, 95, 1.0
29602.80432212201, 149, -1.0
29603.20743298661, 146, -1.0
29609.309780077903, 36, 1.0
29609.68406356029, 98, -1.0
29611.81255194326, 148, 1.0
29613.626261543177, 84, -1.0
29615.85110817045, 162, -1.0
29616.19445117041, 126, 1.0
29618.043427596327, 64, 1.0
29622.27764009109, 114, -1.0
29622.3427428442, 54, -1.0
29622.354831046978, 169, 1.0
29622.48763845298, 152, -1.0
29623.02273581149, 48, 1.0
29623.637035603446, 228, 1.0
29624.68016146991, 94, 1.0
29625.945212335253, 67, -1.0
29627.152575035765, 133, -1.0
29630.512154206663, 62, 1.0
29639.7112482043, 106, -1.0
29640.471140862035, 235, 1.0
29642.101437185076, 69, -1.0
29645.2865489061, 152, -1.0
29651.673017466775, 100, 1.0
29652.29916382775, 26, -1.0
29653.76959943214, 36, 1.0
29655.440575083325, 171, -1.0
29655.703143195093, 154, 1.0
29655.802571557055, 92, 1.0
29656.13858204087, 60, -1.0
29661.505488567294, 40, 1.0
29663.079584583975, 74, -1.0
29663.630385915105, 158, -1.0
29665.263065977913, 146, -1.0
29668.431813786916, 230, -1.0
29671.008469253957, 31, -1.0
29671.306652018702, 45, -1.0
29673.489485228216, 116, 1.0
29674.237234563006, 28, -1.0
29674.66354269892, 147, -1.0
29677.70484207591, 63, 1.0
29681.65080990896, 99, -1.0
29686.337951943864, 154, -1.0
29686.4957454868, 141, 1.0
29687.113087407888, 67, 1.0
29687.119426850044, 141, 1.0
29687.279563781245, 166, 1.0
29688.416192587567, 142, -1.0
29689.616420886145, 45, -1.0
29689.765796924232, 130, -1.0
29692.869205083844, 91, -1.0
29694.68124574987, 81, -1.0
29696.47255221513, 100, 1.0
29697.419166263506, 59, -1.0
29701.548026437093, 54, -1.0
29704.30372871716, 63, 1.0
29704.520248386234, 58, 1.0
29708.055117514145, 59, -1.0
29714.373861356366, 40, 1.0
29715.693008205293, 55, -1.0
29718.23872111926, 187, -1.0
29718.844396421813, 193, -1.0
29719.330533781682, 193, -1.0
29727.286747961887, 114, -1.0
29729.595785816415, 177, 1.0
29730.684946111065, 101, 1.0
29735.39884983556, 59, 1.0
29742.696803130784, 89, -1.0
29744.438155956937, 126, -1.0
29744.71724694799, 116, -1.0
29744.763375404116, 228, 1.0
29745.27692446548, 193, -1.0
29750.519440693504, 88, 1.0
29751.32868843575, 56, -1.0
29751.34158299775, 99, 1.0
29755.499208523535, 193, -1.0
29756.617099882016, 103, 1.0
29758.01972768536, 235, -1.0
29760.595884987466, 99, -1.0
29762.663886200793, 104, -1.0
29766.639226118055, 48, 1.0
29767.04068259539, 34, -1.0
29767.06215045517, 153, 1.0
29767.942041002243, 40, 1.0
29768.39595069257, 33, -1.0
29769.380691848095, 87, -1.0
29772.60300048542, 124, -1.0
29772.967790465173, 97, -1.0
29776.073663398798, 193, -1.0
29778.24876390625, 71, 1.0
29779.392205419674, 105, -1.0
29790.652562737152, 126, 1.0
29792.627862267356, 103, 1.0
29794.18288230672, 141, 1.0
29796.000652088074, 65, 1.0
29801.2340202256, 154, 1.0
29804.529682988694, 101, 1.0
29805.227300620383, 164, 1.0
29807.80032585048, 80, -1.0
29809.017225074454, 91, -1.0
29809.132941355718, 71, -1.0
29812.621501605878, 123, -1.0
29814.95976836772, 158, 1.0
29815.54877365229, 74, 1.0
29817.99581794323, 44, -1.0
29818.225559715815, 40, 1.0
29819.875947025055, 152, -1.0
29827.899848179946, 188, -1.0
29830.36025100884, 164, 1.0
29831.173596957076, 86, 1.0
29831.2282115389, 162, -1.0
29832.83043687389, 75, 1.0
29832.871179969392, 40, 1.0
29833.306600922697, 105, 1.0
29834.648389028072, 70, 1.0
29836.051639745845, 99, -1.0
29837.81482249622, 152, -1.0
29846.295546822897, 126, -1.0
29846.436995342243, 40, -1.0
29852.54874708054, 69, -1.0
29853.75070172405, 76, 1.0
29854.39308812417, 28, -1.0
29854.76790059878, 164, 1.0
29855.822174356203, 40, 1.0
29864.832100801013, 33, -1.0
29865.233095862895, 71, 1.0
29865.86139171533, 153, -1.0
29870.002365824537, 71, -1.0
29872.14860110817, 58, 1.0
29878.362703712188, 88, -1.0
29878.553610852738, 149, -1.0
29879.459006051773, 61, -1.0
29880.999352644198, 34, 1.0
29884.615631091892, 64, 1.0
29887.642716999217, 41, 1.0
29890.440793871858, 105, 1.0
29890.717474800847, 109, 1.0
29892.000604797962, 45, -1.0
29892.670189609085, 87, -1.0
29893.36433207284, 87, -1.0
29893.617865636123, 90, -1.0
29893.729823033733, 59, 1.0
29898.834739223003, 165, -1.0
29903.68481122201, 35, -1.0
29903.95451693499, 170, -1.0
29906.39920533268, 157, -1.0
29908.94524841775, 114, 1.0
29911.511121274718, 198, -1.0
29912.303696218525, 181, -1.0
29912.35752957132, 67, -1.0
29913.503824119605, 165, -1.0
29914.609781228948, 119, -1.0
29917.977271119744, 87, 1.0
29918.27428895259, 58, -1.0
29919.257562402283, 141, 1.0
29919.26921410666, 105, -1.0
29922.241393642304, 83, -1.0
29923.206370548247, 169, 1.0
29925.397299527147, 96, -1.0
29925.914053283163, 28, 1.0
29927.033430514763, 163, 1.0
29927.666551715225, 92, -1.0
29928.308355848774, 40, 1.0
29931.766829693875, 58, -1.0
29931.936711762395, 133, 1.0
29934.50023283771, 146, 1.0
29942.76451737539, 29, -1.0
29943.345081969634, 48, 1.0
29943.790184085396, 159, -1.0
29946.586431857526, 109, 1.0
29947.36140315121, 222, -1.0
29947.991995122124, 35, -1.0
29952.340535771793, 80, -1.0
29953.424704057605, 114, -1.0
29953.465478848495, 32, -1.0
29955.655190348014, 162, -1.0
29956.71804765246, 45, -1.0
29956.874967520653, 91, -1.0
29957.342041237334, 177, -1.0
29958.68715248766, 71, 1.0
29958.903729528152, 40, 1.0
29959.045563979973, 148, -1.0
29960.401063829242, 165, 1.0
29960.959947343734, 160, 1.0
29961.48558820684, 142, 1.0
29967.142518863766, 52, -1.0
29968.351906114982, 74, -1.0
29968.74742592474, 52, -1.0
29968.932328075978, 228, 1.0
29970.410596417983, 169, 1.0
29973.508430716276, 99, -1.0
29973.631611252822, 230, -1.0
29973.64154737463, 68, 1.0
29975.92462865275, 72, -1.0
29976.54026742957, 34, -1.0
29976.556364018335, 83, -1.0
29976.980798000874, 97, -1.0
29977.525506264974, 89, 1.0
29977.6372767952, 180, -1.0
29979.253358525686, 152, 1.0
29980.676100212717, 68, 1.0
29980.891559394262, 235, -1.0
29981.07611915938, 107, -1.0
29982.81902519733, 103, 1.0
29984.81419356912, 40, 1.0
29985.767153733104, 50, -1.0
29986.879065698715, 39, -1.0
29990.285443313805, 41, 1.0
29993.106992003468, 148, -1.0
29993.30923478729, 71, 1.0
29996.725621144957, 58, -1.0
29998.3290783515, 53, -1.0
29998.6032034452, 181, -1.0
29999.312701424373, 193, -1.0
30000.135780938916, 116, -1.0
30002.652057070325, 107, 1.0
30003.741760440655, 95, -1.0
30003.942066750453, 75, 1.0
30004.347338772088, 41, 1.0
30006.040268635938, 158, 1.0
30006.985200612307, 159, -1.0
30007.245356246916, 146, -1.0
30008.454141944734, 87, -1.0
30009.07087970943, 58, -1.0
30010.74395736408, 75, 1.0
30014.195078471916, 157, -1.0
30014.39319336884, 52, 1.0
30019.56960235237, 169, -1.0
30020.47627600422, 62, -1.0
30023.36860762759, 148, -1.0
30024.985365697656, 242, 1.0
30025.580492953868, 92, -1.0
30027.66422762474, 101, 1.0
30028.38785585279, 126, 1.0
30032.791973496845, 59, 1.0
30033.380013476308, 100, 1.0
30033.917202252174, 126, 1.0
30040.27123338062, 54, -1.0
30040.593709069824, 154, 1.0
30042.84858205468, 161, -1.0
30043.84814310302, 68, -1.0
30044.316758539226, 235, 1.0
30044.400620140634, 54, -1.0
30045.48662060064, 166, 1.0
30048.284944986655, 90, -1.0
30049.08888457758, 154, -1.0
30049.883186306764, 44, -1.0
30052.176009347128, 158, -1.0
30054.098158545672, 114, -1.0
30056.922373923964, 142, -1.0
30057.504538821693, 152, 1.0
30063.468118163313, 34, -1.0
30064.3986158411, 114, -1.0
30065.696809474848, 40, 1.0
30069.266488921014, 72, 1.0
30074.750013929155, 110, -1.0
30075.05240735923, 164, -1.0
30075.100235544727, 40, 1.0
30077.97976299336, 101, -1.0
30081.68981629181, 177, 1.0
30081.892181307776, 99, 1.0
30082.262935255523, 167, -1.0
30085.639097582152, 102, 1.0
30085.95690432005, 29, 1.0
30087.638762574392, 97, -1.0
30088.703281712063, 99, -1.0
30089.615096858375, 141, 1.0
30091.057794224045, 32, -1.0
30092.09269482232, 94, -1.0
30093.592045856127, 29, -1.0
30096.66340812348, 161, -1.0
30097.27736442226, 53, -1.0
30097.589309154348, 32, -1.0
30097.87617168083, 169, -1.0
30098.872960010172, 103, 1.0
30101.115360300442, 65, 1.0
30106.023499601753, 105, 1.0
30108.1789481324, 167, -1.0
30108.244927587766, 198, -1.0
30109.324400680012, 141, 1.0
30110.8476552269, 230, 1.0
30111.68780859549, 40, 1.0
30111.827738861302, 169, 1.0
30112.164143150974, 89, -1.0
30112.35654382755, 62, -1.0
30113.16346285396, 177, -1.0
30119.951291514666, 34, -1.0
30123.31830793856, 51, -1.0
30123.587840350196, 102, 1.0
30124.233353359006, 99, 1.0
30126.801645124044, 137, 1.0
30127.780557924205, 169, 1.0
30129.269632111813, 64, 1.0
30133.230961100835, 167, -1.0
30133.327413734838, 41, -1.0
30135.018063502568, 64, -1.0
30135.739264419164, 100, 1.0
30140.224916567073, 114, -1.0
30143.716035359514, 81, 1.0
30150.126961091373, 130, 1.0
30153.811338446965, 40, 1.0
30153.90933370637, 96, -1.0
30155.598418332094, 88, -1.0
30156.876378542685, 163, -1.0
30158.89171063178, 110, -1.0
30159.00868472159, 126, 1.0
30161.24543529924, 62, -1.0
30161.283865816073, 106, -1.0
30161.6028421836, 74, 1.0
30161.741022751172, 58, -1.0
30163.259496347135, 96, 1.0
30165.840627249952, 56, 1.0
30166.89371601886, 60, -1.0
30172.52022029806, 193, 1.0
30174.07052514737, 53, -1.0
30176.6909310225, 29, -1.0
30177.0669189056, 126, -1.0
30177.602620959547, 165, -1.0
30179.290094987362, 193, -1.0
30180.630965624296, 64, 1.0
30181.168791105945, 114, 1.0
30181.366170560064, 116, -1.0
30182.312170059136, 158, -1.0
30182.533989793275, 58, -1.0
30184.508165335403, 113, 1.0
30188.588136096758, 101, -1.0
30189.353145120745, 54, -1.0
30190.34559557466, 152, -1.0
30193.43163744343, 28, -1.0
30195.429180422587, 165, -1.0
30196.734818774195, 155, 1.0
30197.115726917575, 81, 1.0
30198.966837400356, 198, -1.0
30199.151139587124, 64, -1.0
30199.307353327065, 67, 1.0
30200.398195409478, 153, -1.0
30200.502679694167, 235, 1.0
30207.376538057993, 58, 1.0
30209.045884005256, 80, 1.0
30210.021646577225, 148, -1.0
30210.26300768637, 29, -1.0
30210.28118411594, 155, -1.0
30211.23686572874, 61, 1.0
30213.401593788447, 70, 1.0
30215.323863283546, 81, -1.0
30216.073938370453, 41, 1.0
30217.46586355067, 152, -1.0
30217.827120916732, 162, -1.0
30221.773173167694, 66, -1.0
30223.79860783917, 130, -1.0
30224.012226854516, 114, -1.0
30224.099034786414, 142, -1.0
30224.38243431175, 88, -1.0
30226.595634173085, 147, -1.0
30228.291516698497, 163, 1.0
30228.554162087592, 126, -1.0
30229.131092701722, 70, -1.0
30230.408592302047, 75, 1.0
30230.963464541397, 53, -1.0
30232.876879849093, 67, -1.0
30233.238640390915, 95, -1.0
30237.117445496147, 126, -1.0
30237.70281780901, 44, -1.0
30237.955870136026, 123, -1.0
30240.66117859267, 84, -1.0
30242.72446422247, 50, -1.0
30244.189571612194, 68, -1.0
30245.605635059484, 230, -1.0
30254.03965268641, 123, -1.0
30255.24852738147, 58, -1.0
30255.365870075606, 67, -1.0
30257.239293796232, 154, -1.0
30257.541979453414, 182, 1.0
30257.619694666566, 33, -1.0
30257.90123128846, 104, 1.0
30259.010294758064, 51, -1.0
30259.221125741562, 133, 1.0
30260.351650868506, 34, -1.0
30262.68648290934, 64, -1.0
30265.377569758803, 58, -1.0
30267.633008763798, 182, -1.0
30271.54792096381, 54, -1.0
30275.11327284956, 182, -1.0
30275.707367880215, 40, 1.0
30276.411119737997, 71, 1.0
30277.96493411293, 94, -1.0
30278.530955932496, 142, 1.0
30278.639636973585, 67, -1.0
30279.231444397334, 126, 1.0
30279.400727402357, 92, -1.0
30279.58721223825, 148, -1.0
30280.573047223825, 153, -1.0
30282.435494099544, 62, -1.0
30287.67572739723, 28, -1.0
30287.862916822778, 168, -1.0
30295.43328563129, 142, 1.0
30297.01374390848, 126, 1.0
30299.436682033094, 142, -1.0
30300.395673522813, 100, -1.0
30305.265220097393, 133, -1.0
30309.391759694103, 83, 1.0
30309.89897041152, 228, 1.0
30318.453565198015, 40, 1.0
30319.46809443161, 84, -1.0
30320.13616047011, 103, 1.0
30325.203841583727, 40, 1.0
30326.643749619478, 114, -1.0
30326.761446704244, 98, -1.0
30327.193566478414, 235, -1.0
30327.473328764892, 103, 1.0
30332.705867776578, 36, 1.0
30334.010529592186, 55, 1.0
30335.67347254163, 142, 1.0
30335.84318488697, 133, -1.0
30338.699297826694, 166, -1.0
30340.09171646065, 116, -1.0
30341.429639954866, 75, -1.0
30344.148658898936, 188, 1.0
30345.384280961218, 58, 1.0
30345.96884240002, 163, 1.0
30350.334462325885, 71, -1.0
30354.44246830349, 45, -1.0
30355.086257801147, 182, 1.0
30356.619909995647, 141, -1.0
30358.189265165427, 59, 1.0
30364.795122529566, 114, -1.0
30366.636070166707, 75, -1.0
30369.847134382046, 72, 1.0
30369.975761271955, 45, -1.0
30371.544023061386, 141, 1.0
30372.856270094377, 158, -1.0
30373.041645840123, 99, 1.0
30374.635590668368, 198, 1.0
30375.95423643051, 29, 1.0
30379.310185653445, 71, -1.0
30380.139090986766, 83, -1.0
30380.23994266388, 126, -1.0
30382.94148761253, 83, -1.0
30383.12080384627, 58, -1.0
30390.501674751435, 103, 1.0
30391.957224981637, 40, 1.0
30392.81766468467, 202, -1.0
30394.687056425282, 90, -1.0
30395.622275453235, 198, -1.0
30401.019908624072, 230, -1.0
30401.343759518513, 41, 1.0
30410.113306806667, 142, 1.0
30410.469311862405, 69, 1.0
30411.698353811087, 167, -1.0
30413.938840434545, 94, -1.0
30416.449906253005, 141, 1.0
30416.484006464856, 162, -1.0
30419.914697949625, 162, -1.0
30420.271937761292, 165, -1.0
30424.841774653327, 69, 1.0
30425.422576025103, 128, -1.0
30427.558426913005, 97, 1.0
30430.72611361237, 87, -1.0
30432.81805285333, 109, 1.0
30435.474992508247, 81, -1.0
30436.117647214767, 109, 1.0
30436.217109110235, 158, -1.0
30436.80908931753, 97, -1.0
30437.24158972006, 105, -1.0
30437.617958141953, 141, 1.0
30437.837670505283, 26, -1.0
30439.747038304162, 35, -1.0
30440.901341557692, 36, -1.0
30442.54799252843, 67, 1.0
30443.067390481672, 128, -1.0
30446.252911143758, 123, -1.0
30446.643618708917, 107, -1.0
30447.31171509272, 155, 1.0
30450.376273314472, 74, 1.0
30454.282036049775, 114, -1.0
30454.738364394365, 58, -1.0
30455.151403277992, 55, -1.0
30455.93751369167, 64, 1.0
30455.996031488423, 123, -1.0
30459.864362703665, 99, -1.0
30461.64267664688, 103, 1.0
30461.956467498763, 142, -1.0
30462.46650853919, 126, 1.0
30466.22228215586, 138, 1.0
30468.748686932846, 83, -1.0
30470.401551753705, 137, 1.0
30471.32607753691, 65, 1.0
30471.649130174443, 35, -1.0
30471.82106960533, 235, -1.0
30473.367081750042, 116, -1.0
30478.048402429813, 83, -1.0
30481.076341932992, 59, 1.0
30484.201815087836, 188, -1.0
30485.851207351137, 154, -1.0
30488.618566045872, 91, 1.0
30489.25812583753, 169, 1.0
30490.78960280866, 129, -1.0
30494.47490749182, 103, 1.0
30497.43968815466, 109, 1.0
30499.370921247246, 44, -1.0
30505.308206778915, 126, 1.0
30512.71581369023, 157, -1.0
30513.615820294715, 126, 1.0
30514.831050179197, 151, 1.0
30519.153192100897, 40, -1.0
30519.61781735298, 100, 1.0
30521.642016979193, 43, 1.0
30523.802524644325, 101, 1.0
30524.486696913697, 34, -1.0
30525.197964180355, 102, 1.0
30528.023869961853, 68, 1.0
30528.6679098635, 67, -1.0
30529.392854928843, 67, 1.0
30533.91362602329, 50, 1.0
30533.925805543007, 97, -1.0
30534.969484752604, 34, -1.0
30538.44609810202, 33, -1.0
30544.370622282346, 114, -1.0
30544.377680991827, 141, -1.0
30548.131922177257, 50, 1.0
30551.451584630893, 142, -1.0
30553.010063063517, 80, 1.0
30560.377063213222, 137, 1.0
30561.92728518967, 40, 1.0
30563.697494602962, 83, 1.0
30563.70586594141, 235, -1.0
30564.125923457024, 97, -1.0
30566.695114151007, 33, -1.0
30567.969678955873, 35, 1.0
30568.558089321228, 52, -1.0
30571.6159317222, 84, -1.0
30572.779934041147, 75, -1.0
30573.610582438465, 56, 1.0
30576.109720951983, 141, 1.0
30577.16992408142, 71, -1.0
30578.617154464766, 53, 1.0
30578.751284602564, 35, -1.0
30579.488101378112, 169, -1.0
30579.71421672347, 116, 1.0
30580.004085248904, 149, -1.0
30587.852751879444, 109, -1.0
30590.174891933722, 149, -1.0
30590.1966683121, 130, -1.0
30591.038128737437, 41, -1.0
30592.23631666101, 26, -1.0
30594.87330352328, 56, 1.0
30599.317061752532, 162, -1.0
30602.538726808158, 148, -1.0
30603.237123982788, 83, -1.0
30604.444997709517, 26, 1.0
30606.224336479896, 39, -1.0
30607.44313332385, 97, -1.0
30613.153024947642, 65, -1.0
30615.817152448413, 59, -1.0
30620.097969097267, 123, 1.0
30624.348074145215, 137, 1.0
30627.01748084519, 94, 1.0
30629.974989632232, 41, 1.0
30629.990454007304, 92, -1.0
30632.928640201306, 69, 1.0
30633.08643452707, 40, 1.0
30633.741175897918, 43, 1.0
30640.506286459105, 129, -1.0
30641.44863868149, 48, -1.0
30642.455039693676, 52, 1.0
30643.892544150483, 41, 1.0
30643.91185636915, 101, -1.0
30645.36689786778, 142, 1.0
30646.564617100532, 81, 1.0
30647.635889046414, 41, -1.0
30650.2483251698, 80, -1.0
30650.416757436906, 88, -1.0
30652.043926270737, 81, -1.0
30652.851370120028, 230, 1.0
30656.375470304913, 40, 1.0
30658.89659239702, 92, -1.0
30660.33235136423, 105, -1.0
30661.167969226324, 167, -1.0
30662.76968192642, 235, 1.0
30663.594996271433, 165, -1.0
30664.32441119476, 228, 1.0
30667.83617275324, 40, 1.0
30667.84868231202, 241, 1.0
30668.415729083605, 164, -1.0
30669.161694842936, 148, -1.0
30672.82905666368, 89, -1.0
30674.938707580746, 157, -1.0
30675.318962630743, 141, 1.0
30679.463168711285, 122, -1.0
30679.628930430004, 44, -1.0
30680.223817266422, 198, -1.0
30680.967692383245, 104, 1.0
30681.035442050634, 50, -1.0
30684.443614762415, 99, -1.0
30688.401199027485, 32, 1.0
30689.45771738658, 123, -1.0
30692.910167085087, 158, -1.0
30693.62487331046, 54, -1.0
30693.844068481656, 123, 1.0
30697.38321580467, 65, -1.0
30698.29220981749, 59, 1.0
30698.90675310672, 165, -1.0
30699.29110609004, 235, -1.0
30700.10183224674, 87, -1.0
30703.765530072415, 44, -1.0
30704.651623889487, 71, 1.0
30707.169027064603, 116, 1.0
30709.360491313473, 105, 1.0
30710.957014019878, 128, 1.0
30712.056823889074, 40, 1.0
30712.54829948076, 101, -1.0
30715.147887338033, 165, -1.0
30716.13408530983, 152, -1.0
30717.54850535185, 169, -1.0
30719.00312388197, 124, -1.0
30719.720094531105, 193, -1.0
30720.34846530931, 40, 1.0
30721.781193338364, 29, 1.0
30725.149136647262, 126, 1.0
30726.48625175564, 29, 1.0
30727.247824595328, 40, -1.0
30727.681420220248, 114, -1.0
30728.076886385003, 83, -1.0
30729.863198939023, 162, 1.0
30731.298563838827, 113, -1.0
30732.94118833648, 169, 1.0
30736.42816171923, 146, -1.0
30736.67324583443, 68, 1.0
30741.75718353984, 234, 1.0
30745.971449751672, 154, 1.0
30748.32471623608, 51, 1.0
30748.679575325914, 39, -1.0
30754.52089334395, 59, -1.0
30754.936932009892, 230, 1.0
30758.061796356676, 103, 1.0
30758.39856090088, 102, -1.0
30761.85425194867, 146, 1.0
30764.377226737157, 34, -1.0
30767.763013114196, 162, -1.0
30771.15442326764, 52, 1.0
30777.547708312584, 152, -1.0
30778.148730926863, 67, 1.0
30779.283682725476, 27, 1.0
30780.10372001836, 67, 1.0
30780.737844261283, 92, -1.0
30790.391328891084, 169, 1.0
30791.194073848124, 48, -1.0
30792.58959705156, 31, -1.0
30797.06969843915, 114, 1.0
30797.588395620518, 167, -1.0
30799.66839766592, 28, -1.0
30802.399263423955, 142, -1.0
30802.420963858152, 80, -1.0
30804.98908526574, 67, 1.0
30806.188162950337, 74, -1.0
30808.374263443286, 177, -1.0
30809.18936445369, 147, -1.0
30809.67955547982, 84, -1.0
30818.00732419991, 41, -1.0
30818.238922148652, 29, -1.0
30818.263871401246, 142, 1.0
30825.973286985703, 141, 1.0
30826.235011741846, 28, 1.0
30830.256909806187, 105, 1.0
30830.953211654778, 103, 1.0
30836.62389540826, 141, -1.0
30842.24777847048, 100, -1.0
30843.62272296204, 235, 1.0
30847.47472711701, 234, -1.0
30848.08237704992, 153, 1.0
30849.315126231737, 109, 1.0
30849.517294519144, 105, 1.0
30850.930348383794, 126, -1.0
30856.85435938095, 58, -1.0
30858.44163579246, 32, -1.0
30859.086633494368, 61, -1.0
30859.402227701772, 114, 1.0
30860.863412127823, 104, 1.0
30861.55405190049, 165, 1.0
30861.869044104216, 103, 1.0
30864.70865042902, 63, -1.0
30864.98200644945, 164, -1.0
30869.20662510251, 70, 1.0
30869.406678467967, 56, -1.0
30870.215467006557, 114, 1.0
30873.254735484254, 152, 1.0
30879.94347932598, 162, -1.0
30880.579354142184, 44, -1.0
30882.94593287466, 75, -1.0
30883.325473128974, 68, 1.0
30884.496571423257, 96, 1.0
30885.63840207619, 202, -1.0
30885.652953787034, 101, -1.0
30887.434724245206, 81, 1.0
30888.52439230812, 39, -1.0
30897.29594078027, 169, 1.0
30898.029087925923, 56, -1.0
30904.494808072617, 46, -1.0
30906.130590968798, 33, 1.0
30912.033306671903, 41, 1.0
30912.42113470832, 161, 1.0
30912.821450134747, 166, -1.0
30916.86863601698, 152, -1.0
30919.887023872976, 193, -1.0
30919.921223893667, 81, -1.0
30920.299197631713, 86, 1.0
30920.344217922833, 142, -1.0
30922.49725875727, 50, 1.0
30923.058884161204, 103, 1.0
30923.608383009174, 99, -1.0
30924.836646358937, 198, -1.0
30934.441547082028, 52, -1.0
30935.26629406727, 222, -1.0
30941.94099146825, 165, -1.0
30952.02594447767, 116, 1.0
30954.35694285942, 90, 1.0
30955.368994953464, 40, -1.0
30957.439640516943, 154, 1.0
30958.64117178214, 126, 1.0
30960.337914793254, 153, 1.0
30961.72802282438, 67, 1.0
30963.217094940006, 169, 1.0
30965.19319505476, 97, -1.0
30967.658314448458, 59, 1.0
30968.150960456955, 83, -1.0
30968.798471676702, 62, -1.0
30970.385065889925, 162, 1.0
30971.45741985824, 222, -1.0
30973.425232292517, 228, 1.0
30975.104088741253, 81, -1.0
30977.199972199465, 113, -1.0
30979.060641832653, 169, -1.0
30979.250515540047, 58, -1.0
30979.403501697117, 148, 1.0
30979.429837430685, 58, 1.0
30984.12103174351, 84, -1.0
30986.701539003898, 29, -1.0
30987.302839470234, 198, 1.0
30988.622630104805, 164, -1.0
30989.58397227457, 75, 1.0
30990.007560679816, 141, 1.0
30990.592154953825, 43, 1.0
30990.7931047853, 101, 1.0
30990.79895779716, 177, -1.0
30991.75184296648, 68, -1.0
30995.312661989123, 35, 1.0
30999.621867931422, 110, -1.0
31000.262743127576, 40, -1.0
31001.90627616002, 92, -1.0
31003.51734082379, 72, -1.0
31005.574719768694, 114, -1.0
31006.723819233826, 92, -1.0
31007.878189023148, 146, 1.0
31010.343808378682, 163, 1.0
31011.412327868085, 87, -1.0
31012.47618574547, 165, -1.0
31014.433578766944, 165, -1.0
31020.657050602207, 31, -1.0
31021.53974703736, 69, 1.0
31022.377311050892, 235, 1.0
31023.73036650492, 142, -1.0
31030.657471314582, 198, -1.0
31031.194570725333, 82, -1.0
31035.4765182865, 58, -1.0
31036.42530183151, 65, 1.0
31036.909633358762, 71, -1.0
31040.55040725037, 58, 1.0
31042.29149401583, 113, -1.0
31043.718989151606, 230, 1.0
31044.65503209874, 68, -1.0
31046.677551484794, 105, -1.0
31047.168897477244, 58, -1.0
31048.37801845926, 126, 1.0
31048.602549049858, 235, 1.0
31052.498856534716, 96, -1.0
31058.88345578098, 222, 1.0
31059.42525193438, 159, -1.0
31061.508791119755, 146, 1.0
31066.805855428054, 58, -1.0
31073.88452724194, 92, -1.0
31075.783385889416, 142, 1.0
31076.079075887603, 154, 1.0
31076.885487089283, 105, -1.0
31077.650167902717, 159, -1.0
31080.250523002782, 180, -1.0
31086.599896130036, 103, -1.0
31087.429214478798, 171, -1.0
31088.674551163498, 45, -1.0
31089.339119869423, 91, -1.0
31091.300304027824, 107, -1.0
31091.353960439897, 99, 1.0
31098.485726852363, 169, 1.0
31099.214816596694, 67, -1.0
31099.902020643873, 161, 1.0
31100.480562939912, 103, 1.0
31103.04954684837, 88, 1.0
31108.822184315977, 58, -1.0
31109.636563037606, 107, -1.0
31109.792173657992, 50, 1.0
31111.082949408195, 63, -1.0
31112.506690560178, 50, 1.0
31116.109657230838, 40, 1.0
31117.842590763474, 142, 1.0
31119.24581650818, 157, -1.0
31124.792628672723, 167, 1.0
31125.165551103408, 169, -1.0
31125.91208899809, 169, 1.0
31125.91804772422, 45, 1.0
31127.39312003367, 169, 1.0
31128.512713212116, 93, -1.0
31130.42999512462, 31, -1.0
31131.808105805252, 33, -1.0
31131.825013041922, 51, 1.0
31133.812412791278, 75, 1.0
31135.888889164806, 100, -1.0
31136.915591206925, 153, -1.0
31137.667704347048, 230, -1.0
31140.010431539886, 87, -1.0
31144.16591354011, 43, 1.0
31144.623830702727, 54, -1.0
31144.763139874005, 187, 1.0
31145.88934302296, 58, -1.0
31146.53554992551, 137, 1.0
31147.128262399234, 152, -1.0
31156.212867656817, 100, 1.0
31157.439067810115, 235, 1.0
31159.71862184195, 66, 1.0
31160.058181159373, 40, 1.0
31162.944270099622, 34, -1.0
31163.36369736459, 162, 1.0
31164.72134076061, 179, -1.0
31167.853484602696, 133, -1.0
31172.208742008537, 84, -1.0
31172.948930302624, 114, 1.0
31182.547001642793, 27, 1.0
31188.347229241648, 130, 1.0
31188.884337305706, 58, -1.0
31192.154141828563, 43, -1.0
31192.964163578567, 33, -1.0
31195.237557010296, 68, -1.0
31196.89042319418, 103, 1.0
31203.80920497376, 74, 1.0
31203.93364689129, 87, -1.0
31207.72831264712, 133, -1.0
31208.049303919084, 222, -1.0
31208.399357141796, 169, 1.0
31213.351600863796, 71, 1.0
31213.476468293098, 126, -1.0
31213.70716865541, 74, -1.0
31222.479266730705, 188, -1.0
31222.55406328383, 50, -1.0
31225.05581742133, 31, -1.0
31227.884393726486, 87, -1.0
31229.70131685733, 40, 1.0
31229.937683520024, 235, 1.0
31230.297024568226, 69, 1.0
31230.67031835411, 103, 1.0
31231.68418674237, 159, -1.0
31232.723287699577, 126, 1.0
31235.50622161682, 154, -1.0
31235.58201814701, 162, -1.0
31236.25589380841, 233, 1.0
31237.931593067427, 75, 1.0
31237.99216164302, 58, 1.0
31241.1365025016, 92, -1.0
31242.68281745978, 82, -1.0
31244.655600098282, 151, -1.0
31244.704755855368, 165, 1.0
31244.8070606431, 169, 1.0
31247.130619964628, 40, 1.0
31251.369675274404, 33, -1.0
31251.682850494013, 43, -1.0
31251.97060850838, 142, 1.0
31252.44971960145, 96, -1.0
31257.480160151423, 193, 1.0
31257.582110758896, 148, -1.0
31259.030588313868, 99, -1.0
31259.280865026798, 66, 1.0
31260.219474748068, 234, 1.0
31260.276214822305, 69, 1.0
31260.310146675238, 230, 1.0
31260.356983641945, 44, -1.0
31263.76433414057, 64, -1.0
31264.02123268901, 153, 1.0
31266.181466050148, 93, -1.0
31266.325942176285, 152, -1.0
31267.29397602885, 45, -1.0
31268.647269689067, 106, 1.0
31270.044816451613, 152, -1.0
31273.91729347336, 32, 1.0
31274.84857895242, 41, 1.0
31277.379097778812, 114, -1.0
31278.988325260318, 158, -1.0
31279.859305766837, 133, -1.0
31280.81766409262, 69, 1.0
31285.5401064503, 40, 1.0
31285.908725660625, 234, 1.0
31286.579095531775, 114, 1.0
31288.501785621247, 110, -1.0
31288.6644569364, 105, 1.0
31292.838501537764, 40, 1.0
31293.19719537879, 177, 1.0
31295.1143228926, 198, -1.0
31295.177160693558, 105, -1.0
31295.229398851654, 74, 1.0
31295.296236381542, 39, 1.0
31298.064870693626, 46, -1.0
31298.303757617537, 198, -1.0
31299.273057503033, 26, -1.0
31299.451470187945, 230, 1.0
31300.896456299008, 188, -1.0
31303.369936122355, 162, -1.0
31304.257591861293, 59, 1.0
31306.174231418696, 67, 1.0
31312.08784840432, 81, -1.0
31313.97763121171, 34, -1.0
31314.881400494938, 52, 1.0
31315.30476967712, 80, 1.0
31316.73427975503, 126, 1.0
31319.906191084036, 75, -1.0
31321.118606448574, 81, -1.0
31321.18094393677, 159, -1.0
31322.042868387332, 230, -1.0
31322.38796061511, 98, -1.0
31323.68917455141, 163, 1.0
31323.965628947233, 116, 1.0
31324.30607256394, 101, -1.0
31328.2598838676, 167, -1.0
31328.30382670155, 96, 1.0
31330.7547324656, 198, -1.0
31331.651719583064, 34, -1.0
31334.940954604073, 40, 1.0
31335.190005804474, 177, -1.0
31338.74550603259, 142, 1.0
31338.936436779713, 114, -1.0
31339.84322852829, 159, -1.0
31344.22942793746, 60, 1.0
31346.837897425194, 83, -1.0
31347.158850488126, 50, 1.0
31349.759289513215, 35, 1.0
31354.47350717706, 157, -1.0
31361.68366256593, 122, -1.0
31365.449465006855, 188, -1.0
31366.40517361463, 67, 1.0
31366.917164631046, 149, -1.0
31366.945977655643, 167, -1.0
31369.74497192248, 29, -1.0
31370.127465542173, 50, 1.0
31371.859149554213, 148, -1.0
31372.228352054568, 36, -1.0
31375.3406698834, 46, -1.0
31377.44344784569, 173, -1.0
31384.27567182743, 122, -1.0
31395.10058214958, 105, 1.0
31401.10834126232, 104, 1.0
31404.07625621139, 89, -1.0
31405.126808157744, 114, 1.0
31407.02473515141, 98, -1.0
31407.271514135533, 193, 1.0
31409.295250204494, 116, 1.0
31415.231352294628, 137, 1.0
31415.616917369327, 142, -1.0
31419.935333006906, 84, -1.0
31420.56943125286, 40, 1.0
31422.542469431035, 80, -1.0
31427.676036981917, 59, 1.0
31428.97271929163, 103, 1.0
31429.17615313139, 35, -1.0
31431.752609163243, 101, -1.0
31432.55669858734, 28, -1.0
31433.08154769908, 142, -1.0
31433.90322253814, 235, 1.0
31435.95999725238, 67, 1.0
31436.639360805835, 109, -1.0
31439.438878141915, 40, 1.0
31441.29779978483, 58, -1.0
31442.97569407103, 58, 1.0
31445.0668230206, 26, 1.0
31446.96940128752, 44, -1.0
31447.182700599697, 234, 1.0
31451.43156580324, 48, -1.0
31452.906756311415, 165, -1.0
31456.602078317734, 71, 1.0
31459.574376568868, 161, -1.0
31461.85375838457, 147, -1.0
31463.68483306509, 58, -1.0
31463.72603623909, 52, -1.0
31463.881688705478, 67, 1.0
31465.243773502916, 34, 1.0
31466.357968039272, 64, -1.0
31467.193882508374, 32, -1.0
31470.594891615572, 153, -1.0
31471.84062280016, 113, -1.0
31472.540711766327, 165, -1.0
31472.762903250506, 83, 1.0
31473.098895685325, 71, 1.0
31474.006813260472, 163, 1.0
31475.976555162928, 103, 1.0
31476.033850976077, 88, -1.0
31479.489462492802, 32, -1.0
31481.38369171898, 123, -1.0
31481.49619446685, 99, 1.0
31482.776417331486, 114, 1.0
31482.905923618448, 103, 1.0
31483.51361842291, 177, -1.0
31485.21215382492, 109, -1.0
31488.852478651686, 168, 1.0
31489.478692647925, 177, -1.0
31489.484995652012, 58, -1.0
31490.416635055182, 98, -1.0
31492.156544174246, 93, -1.0
31496.574045087298, 235, 1.0
31503.855056818546, 114, -1.0
31504.076129130568, 34, 1.0
31504.62085075384, 105, -1.0
31507.495331504113, 84, -1.0
31507.601918094013, 141, -1.0
31508.45166059897, 105, 1.0
31510.003351280626, 87, -1.0
31510.65747251262, 141, 1.0
31511.40874473245, 235, 1.0
31520.97166624406, 92, -1.0
31523.381588702963, 27, 1.0
31525.48826581936, 44, -1.0
31525.847604683662, 126, 1.0
31532.2952978123, 158, -1.0
31532.961860314987, 126, 1.0
31534.778426801255, 103, 1.0
31537.242756038606, 102, 1.0
31540.47621728008, 51, -1.0
31544.421007043453, 103, 1.0
31545.243217986448, 158, -1.0
31551.132928675248, 116, 1.0
31553.758201860637, 61, 1.0
31556.112566103966, 188, -1.0
31556.334305503366, 169, 1.0
31558.660143754358, 36, -1.0
31560.772258039095, 162, -1.0
31561.47757890564, 71, 1.0
31562.973880842386, 72, 1.0
31563.475002119445, 177, -1.0
31564.967779348877, 105, -1.0
31567.96634745968, 152, -1.0
31568.251290408287, 40, -1.0
31573.654074077403, 104, -1.0
31575.02607259708, 153, -1.0
31578.06432737661, 161, 1.0
31581.067071734826, 75, 1.0
31582.514543898462, 114, -1.0
31585.17128757125, 116, 1.0
31585.603719002407, 152, -1.0
31590.209235950628, 207, -1.0
31590.666219361497, 165, 1.0
31593.007874325755, 169, 1.0
31593.449156205454, 222, -1.0
31594.363695905842, 32, -1.0
31598.649201794964, 48, -1.0
31599.40489905383, 62, 1.0
31600.26292363148, 46, -1.0
31600.99713396907, 126, -1.0
31601.008954835615, 59, 1.0
31603.376277247662, 154, -1.0
31604.740240456253, 142, -1.0
31606.21260781963, 154, -1.0
31606.950758611114, 36, 1.0
31607.217809158832, 152, 1.0
31609.978601782343, 84, -1.0
31612.06168738867, 83, -1.0
31616.22280011182, 149, -1.0
31616.640527414576, 148, -1.0
31619.371516984444, 61, 1.0
31619.83531583767, 114, -1.0
31620.614709550428, 43, 1.0
31621.558863695303, 40, 1.0
31622.491450555877, 126, -1.0
31624.40572000556, 142, 1.0
31627.745593001746, 28, 1.0
31628.217468822033, 66, -1.0
31629.431450998658, 165, -1.0
31630.861261217502, 122, -1.0
31631.09966243768, 114, -1.0
31632.78728039072, 154, -1.0
31634.042181421515, 202, -1.0
31635.091355591427, 59, -1.0
31642.711381314883, 141, 1.0
31643.793786898044, 105, 1.0
31644.055928985697, 61, -1.0
31647.87009967968, 68, -1.0
31648.210607137586, 83, -1.0
31648.635510809203, 34, -1.0
31648.78298672249, 67, -1.0
31650.742792346788, 45, -1.0
31656.590289743734, 152, 1.0
31658.90381661414, 75, -1.0
31658.937702842275, 50, -1.0
31659.955589441393, 56, 1.0
31661.69679481757, 32, -1.0
31662.779803216676, 35, 1.0
31662.80675009112, 103, 1.0
31662.921123592925, 137, 1.0
31663.29485302715, 162, 1.0
31665.58770052776, 48, 1.0
31667.123463941338, 102, 1.0
31667.27191378654, 86, 1.0
31674.92905199093, 39, -1.0
31676.68419074141, 45, -1.0
31677.055164682897, 152, -1.0
31680.95320550374, 94, 1.0
31683.112824697106, 98, -1.0
31684.064978836086, 152, -1.0
31686.37244806176, 169, 1.0
31687.050234825467, 130, -1.0
31690.6744950719, 83, -1.0
31693.628321033546, 100, 1.0
31697.98609636926, 68, 1.0
31699.64124946696, 71, -1.0
31704.903424875236, 84, 1.0
31707.047227399995, 72, 1.0
31710.351182292146, 51, -1.0
31712.780932704885, 153, -1.0
31714.055066969388, 101, -1.0
31715.687235759553, 103, 1.0
31716.093282569014, 116, 1.0
31721.22057645971, 164, 1.0
31724.832139842234, 126, -1.0
31725.100525538124, 109, 1.0
31725.262082905712, 230, 1.0
31728.14739133838, 55, -1.0
31729.193715106074, 86, -1.0
31732.589807673023, 53, -1.0
31733.442672391044, 230, 1.0
31733.79969749716, 44, -1.0
31734.595668913455, 141, 1.0
31736.107365195072, 92, 1.0
31738.633765979852, 116, 1.0
31741.171121104984, 228, 1.0
31741.803540291035, 44, -1.0
31754.514635654592, 166, -1.0
31756.066371455134, 164, -1.0
31756.5834238664, 101, 1.0
31761.533207006956, 67, 1.0
31762.919418074336, 165, -1.0
31763.77472854022, 67, 1.0
31764.246990332602, 133, 1.0
31764.426738248832, 84, -1.0
31765.252271891324, 105, -1.0
31769.85501592702, 81, -1.0
31773.547648646832, 53, -1.0
31773.970041464327, 64, -1.0
31774.915989149606, 54, -1.0
31776.426972203815, 99, -1.0
31779.782385932962, 82, -1.0
31782.433415160685, 222, -1.0
31782.79241356101, 110, -1.0
31783.68643673943, 48, 1.0
31783.739724586878, 146, 1.0
31785.35147324851, 152, -1.0
31792.571244277427, 106, 1.0
31793.90458166083, 75, -1.0
31795.872138291674, 113, -1.0
31797.040030220873, 75, 1.0
31798.8115014545, 116, 1.0
31799.312112284948, 101, -1.0
31799.657934073948, 35, -1.0
31799.884368339255, 162, 1.0
31805.34921002456, 39, -1.0
31805.753240873448, 169, 1.0
31807.600538873838, 101, 1.0
31807.86065790324, 72, 1.0
31808.261540895634, 72, -1.0
31809.715922561336, 182, 1.0
31812.180515602166, 193, -1.0
31816.127850683293, 110, -1.0
31817.837974776827, 105, 1.0
31818.127021014156, 28, 1.0
31818.43919391845, 84, -1.0
31818.990458199023, 181, -1.0
31819.518054358017, 45, 1.0
31821.668278601297, 116, 1.0
31822.100753008795, 141, 1.0
31822.130226720612, 162, -1.0
31822.799642613438, 33, -1.0
31823.45400621804, 67, -1.0
31824.725489509485, 69, 1.0
31824.957663568963, 71, 1.0
31827.248542031142, 87, -1.0
31827.631910429533, 58, 1.0
31828.644635837816, 40, -1.0
31829.46187812322, 67, -1.0
31831.75703451763, 84, -1.0
31832.52452292037, 116, -1.0
31833.207585926244, 69, 1.0
31834.559304131366, 235, 1.0
31834.945523224575, 149, -1.0
31839.68487999698, 36, -1.0
31845.180710262048, 52, -1.0
31845.791976619475, 98, 1.0
31846.6897513262, 66, -1.0
31851.130576124822, 67, 1.0
31851.411190912662, 103, 1.0
31851.96819396992, 103, 1.0
31855.532787719567, 80, -1.0
31856.738495940946, 73, 1.0
31860.427998181836, 36, 1.0
31861.03792366154, 155, 1.0
31862.22102523378, 27, -1.0
31864.714539768836, 159, -1.0
31871.50512847984, 97, 1.0
31871.853585516794, 74, -1.0
31872.703537736546, 91, -1.0
31874.24021129051, 60, -1.0
31877.294658813775, 50, -1.0
31877.298484662864, 58, -1.0
31877.937092033822, 84, -1.0
31878.647107133445, 81, -1.0
31882.276444208303, 114, -1.0
31883.223161816328, 141, 1.0
31884.194748793812, 180, -1.0
31884.52281431116, 50, 1.0
31884.796704100692, 68, -1.0
31885.50214909482, 91, -1.0
31885.771799384886, 116, 1.0
31886.457468982826, 163, 1.0
31886.64641079456, 165, -1.0
31892.95889569456, 87, -1.0
31893.80407968149, 65, 1.0
31897.80713216805, 101, 1.0
31898.561636341015, 148, -1.0
31899.330588425386, 163, -1.0
31899.538434965256, 120, -1.0
31901.011330661662, 97, -1.0
31901.529110678297, 52, 1.0
31901.928323047894, 148, -1.0
31903.986196201175, 98, -1.0
31905.146509488746, 34, 1.0
31905.364811812393, 101, 1.0
31906.67397709663, 87, 1.0
31907.943525941257, 169, -1.0
31909.288528377576, 93, -1.0
31910.865595469324, 81, -1.0
31912.486152617945, 44, -1.0
31918.639394181875, 92, -1.0
31919.99374344221, 123, 1.0
31920.97980151405, 59, -1.0
31921.806419491542, 153, -1.0
31922.173762315128, 43, -1.0
31926.546226507802, 58, -1.0
31927.07262485592, 120, -1.0
31927.14348039282, 76, 1.0
31928.463787198078, 59, 1.0
31929.118708586157, 170, -1.0
31929.665246905504, 35, 1.0
31931.608888546958, 100, -1.0
31933.17260830653, 198, -1.0
31935.666122496335, 235, 1.0
31937.74158880259, 102, 1.0
31939.378040683536, 222, -1.0
31943.200979848483, 50, -1.0
31943.332097999733, 126, -1.0
31944.152948522795, 155, -1.0
31944.19280090393, 123, -1.0
31945.324993530383, 83, 1.0
31945.70790512085, 44, -1.0
31947.095453789992, 133, -1.0
31949.772394588606, 62, -1.0
31956.10388171443, 198, -1.0
31958.39973604094, 56, -1.0
31961.092366523084, 80, 1.0
31963.53791480522, 155, -1.0
31966.704949085666, 52, 1.0
31968.803271310306, 188, -1.0
31969.092057029524, 28, 1.0
31971.58464835586, 230, 1.0
31974.260604410058, 67, 1.0
31976.83148877704, 103, 1.0
31978.18060165643, 35, -1.0
31980.682380753686, 87, -1.0
31982.31496905189, 89, -1.0
31986.518833214384, 82, -1.0
31987.11921530756, 188, -1.0
31989.9917575957, 97, -1.0
31995.525966489775, 164, -1.0
31996.379752020974, 99, -1.0
31996.921421353232, 62, 1.0
31997.30037759883, 130, -1.0
31999.887967076655, 157, -1.0
32000.944239282388, 165, -1.0
32001.10564712783, 153, 1.0
32003.066727554873, 40, 1.0
32003.771162207995, 84, 1.0
32004.062529024704, 110, -1.0
32004.92867495084, 141, -1.0
32005.973773278503, 158, -1.0
32006.57198047861, 68, -1.0
32012.449576270876, 46, -1.0
32016.51704686032, 142, -1.0
32018.46785525558, 146, -1.0
32019.959001328694, 155, -1.0
32023.465142418387, 114, -1.0
32023.75682318597, 161, -1.0
32024.62730054711, 104, 1.0
32025.683038683816, 74, -1.0
32025.83594333546, 44, -1.0
32030.645940208513, 154, 1.0
32033.886660102944, 69, 1.0
32035.027769207823, 116, -1.0
32036.574777584497, 165, -1.0
32038.6206789861, 165, -1.0
32039.62564302627, 61, -1.0
32039.875854153466, 99, 1.0
32042.17700634812, 40, 1.0
32046.8572814278, 158, -1.0
32047.34531736147, 153, 1.0
32047.457278913593, 44, -1.0
32047.74961865753, 40, 1.0
32054.030896322907, 75, -1.0
32054.761072806334, 154, 1.0
32056.3550962867, 157, -1.0
32064.223598240857, 81, -1.0
32064.425074998773, 50, -1.0
32076.40157735422, 100, -1.0
32077.447565065202, 181, -1.0
32079.19712180311, 148, -1.0
32079.796279969007, 74, -1.0
32082.174607638084, 222, 1.0
32082.35977164151, 128, -1.0
32083.21051291295, 27, -1.0
32084.4215637672, 34, 1.0
32084.441368213542, 152, -1.0
32084.94584541035, 87, -1.0
32085.784376737985, 107, -1.0
32086.569786474032, 149, -1.0
32087.588532428803, 71, -1.0
32092.60968149552, 109, 1.0
32094.985339529925, 152, 1.0
32096.770687354405, 70, -1.0
32099.03009395382, 167, -1.0
32099.80724312952, 146, 1.0
32103.94363645579, 235, 1.0
32105.80133817823, 75, -1.0
32107.437984837958, 69, 1.0
32111.06724378013, 116, 1.0
32112.132311303696, 177, -1.0
32114.381403201965, 95, 1.0
32114.894097967008, 126, -1.0
32114.967718944492, 39, -1.0
32115.592694444837, 95, 1.0
32115.877784629127, 71, 1.0
32117.560245019347, 65, -1.0
32118.19891946622, 34, -1.0
32122.999243660408, 90, -1.0
32123.024820290848, 230, 1.0
32123.64548640581, 60, 1.0
32128.540061329546, 165, -1.0
32128.614604541588, 133, -1.0
32128.749409148804, 154, -1.0
32133.83158186359, 155, 1.0
32134.11769852134, 152, 1.0
32134.269283181882, 80, -1.0
32139.33388377008, 141, -1.0
32141.6203658815, 165, -1.0
32142.921462135757, 80, -1.0
32143.612695136017, 44, -1.0
32144.241586003067, 54, -1.0
32144.520075524255, 230, 1.0
32147.05098883813, 97, -1.0
32148.196365078016, 165, -1.0
32152.71079759662, 164, -1.0
32153.062327722695, 159, -1.0
32156.422762145565, 35, -1.0
32156.57164581206, 44, -1.0
32156.594468472493, 89, -1.0
32158.828160719262, 163, 1.0
32165.041944347908, 167, -1.0
32165.54780058474, 126, 1.0
32166.433308385982, 64, -1.0
32168.557355971112, 166, -1.0
32174.223766605526, 142, -1.0
32175.06769779164, 162, 1.0
32175.455860035996, 142, -1.0
32176.043862915103, 71, 1.0
32178.575081595453, 123, -1.0
32179.12401740536, 235, 1.0
32181.345720060002, 106, 1.0
32187.47297050155, 146, -1.0
32189.90453160082, 193, -1.0
32190.106948542783, 52, -1.0
32190.46519513297, 141, 1.0
32192.265281616754, 81, -1.0
32192.66353026646, 116, 1.0
32196.207199043198, 50, 1.0
32196.96857187022, 34, -1.0
32197.606880996493, 234, 1.0
32198.448139927383, 103, 1.0
32199.108456855152, 187, -1.0
32200.50259121893, 146, -1.0
32203.292878964043, 98, -1.0
32203.72989128549, 40, -1.0
32205.21660211223, 149, 1.0
32205.41773681582, 151, 1.0
32205.827870334957, 235, 1.0
32207.613131138183, 167, 1.0
32208.442626472228, 130, 1.0
32210.35282670829, 45, -1.0
32214.157908696427, 64, -1.0
32214.211814122595, 82, -1.0
32215.56251990516, 97, -1.0
32216.22109673603, 97, -1.0
32218.05403445723, 101, 1.0
32218.640100615692, 58, -1.0
32220.296673124387, 100, 1.0
32221.177180043862, 83, -1.0
32221.850544689918, 152, -1.0
32222.98862202712, 40, 1.0
32224.382697427558, 181, -1.0
32225.42325984645, 151, 1.0
32226.104563976456, 146, -1.0
32227.4601038202, 146, 1.0
32228.668393221073, 45, 1.0
32233.359116687454, 45, 1.0
32234.80974798577, 154, -1.0
32235.759500193257, 133, -1.0
32237.843342636825, 87, -1.0
32238.49100852701, 105, 1.0
32239.746279632946, 149, -1.0
32240.272126879987, 96, 1.0
32241.80081976067, 137, 1.0
32242.244778954653, 161, 1.0
32246.337500911242, 43, 1.0
32246.47685808931, 142, 1.0
32247.839838437885, 152, 1.0
32248.77202550841, 44, -1.0
32250.044617293366, 81, 1.0
32250.723084224952, 116, 1.0
32251.743026095042, 86, -1.0
32253.42752249923, 34, 1.0
32257.862465893253, 157, -1.0
32259.149223183806, 29, 1.0
32259.859888915224, 59, -1.0
32260.418394219363, 40, 1.0
32263.685568952882, 26, -1.0
32265.046651881436, 130, -1.0
32267.51199588693, 50, 1.0
32267.969329955366, 71, -1.0
32270.04784060475, 233, 1.0
32270.73282899593, 81, 1.0
32271.813672344808, 95, -1.0
32271.94027529393, 53, -1.0
32272.19593343654, 99, -1.0
32272.694226465504, 87, -1.0
32274.752327741866, 80, -1.0
32274.833983592664, 116, 1.0
32276.76625970965, 164, -1.0
32277.37535575038, 160, 1.0
32277.403682336695, 51, 1.0
32281.827020989906, 110, -1.0
32285.31976394734, 105, 1.0
32289.935032534955, 164, -1.0
32290.196356880482, 91, -1.0
32292.337033765343, 59, -1.0
32292.981604998884, 69, 1.0
32295.414412984534, 133, -1.0
32296.040894744365, 114, 1.0
32298.52839213753, 98, 1.0
32298.90557849397, 50, -1.0
32303.187203168287, 59, -1.0
32303.489515453926, 116, 1.0
32304.248926745124, 36, 1.0
32305.644947453187, 75, -1.0
32307.226069242184, 116, 1.0
32307.316913085757, 152, 1.0
32307.831725353255, 137, 1.0
32309.138391232125, 88, -1.0
32309.763743684467, 43, -1.0
32310.809217425274, 167, -1.0
32312.42967899672, 159, -1.0
32314.150424303996, 41, 1.0
32314.962820466375, 103, 1.0
32316.975519912732, 105, -1.0
32317.75126733641, 40, 1.0
32320.80548026989, 170, -1.0
32322.394834327155, 177, -1.0
32323.465406048257, 101, -1.0
32326.96654629694, 181, -1.0
32330.188879011697, 161, 1.0
32333.736047097904, 40, 1.0
32335.69365542562, 100, -1.0
32338.465369032332, 73, 1.0
32338.522536085824, 40, -1.0
32344.77379547867, 94, -1.0
32345.8529076686, 148, -1.0
32348.293527847785, 116, -1.0
32348.55634544117, 45, -1.0
32349.900968334776, 45, -1.0
32352.06643460824, 40, 1.0
32352.493141978368, 138, 1.0
32353.349201959132, 54, -1.0
32353.399118317724, 83, 1.0
32354.69836111655, 169, 1.0
32355.73324089417, 142, -1.0
32357.544628532276, 167, -1.0
32362.1283327599, 100, -1.0
32364.568916839933, 40, 1.0
32366.613738756674, 84, -1.0
32372.717655279157, 40, 1.0
32373.225042916096, 81, -1.0
32374.14966155991, 52, 1.0
32374.465315511985, 154, 1.0
32376.263285048095, 123, 1.0
32376.696692792193, 82, -1.0
32377.6942126991, 155, 1.0
32384.088769463367, 67, 1.0
32388.82683615759, 26, -1.0
32394.12410090808, 137, 1.0
32396.286466440994, 98, -1.0
32397.240429204816, 29, -1.0
32397.801728248553, 27, 1.0
32399.242973628603, 130, -1.0
32399.948632863234, 70, 1.0
