61200.19565456138, 71, -1.0
61202.69033860312, 170, 1.0
61203.76515307427, 187, -1.0
61205.32007022748, 97, -1.0
61206.09578419928, 29, 1.0
61206.428965008825, 162, 1.0
61208.68794251033, 68, 1.0
61215.912469525654, 69, 1.0
61217.13029947956, 146, 1.0
61218.66991292356, 116, -1.0
61218.737068081915, 44, -1.0
61220.782259338586, 36, 1.0
61223.32658149752, 27, -1.0
61224.42596066247, 113, 1.0
61224.96650408855, 167, -1.0
61225.26156352991, 164, -1.0
61229.208550221796, 42, 1.0
61231.995687034534, 68, -1.0
61232.133790417356, 146, -1.0
61236.47320631374, 141, 1.0
61237.33945107045, 111, -1.0
61238.14619826394, 40, -1.0
61240.25739833584, 154, -1.0
61240.41597395188, 164, 1.0
61242.57994345395, 158, -1.0
61244.91334897092, 119, 1.0
61246.612970629256, 119, -1.0
61246.65327227803, 182, 1.0
61248.85516100214, 45, 1.0
61250.78487053457, 193, -1.0
61252.81916645575, 107, 1.0
61253.88256419146, 163, -1.0
61256.56720087217, 120, 1.0
61259.69893091136, 96, -1.0
61262.561186245635, 34, -1.0
61263.567698469444, 67, -1.0
61263.87536445159, 146, -1.0
61264.24058814836, 116, 1.0
61267.67910012599, 126, 1.0
61269.20305823164, 48, 1.0
61270.49882187547, 123, 1.0
61270.99719921845, 32, 1.0
61272.74833642121, 234, 1.0
61274.35302811578, 69, -1.0
61274.656677253, 43, 1.0
61275.34678079853, 153, 1.0
61276.655265078574, 202, -1.0
61277.273886888164, 123, 1.0
61280.19286406427, 102, 1.0
61281.39378616198, 73, 1.0
61281.55458518471, 164, 1.0
61284.51128001904, 83, 1.0
61285.8411769481, 42, -1.0
61286.38114932031, 51, 1.0
61287.19831455799, 35, -1.0
61290.720015472645, 159, -1.0
61291.885356526676, 111, -1.0
61292.36236356954, 101, 1.0
61296.72421824565, 171, -1.0
61297.04483250224, 54, 1.0
61297.07703410753, 142, 1.0
61298.86920191303, 235, 1.0
61300.74198347494, 165, -1.0
61301.93660472315, 149, 1.0
61301.962121078635, 170, 1.0
61302.56296853985, 120, -1.0
61303.190835708556, 50, 1.0
61304.35308194391, 162, -1.0
61308.826782603486, 149, 1.0
61309.49350358382, 69, -1.0
61310.701955357225, 109, 1.0
61318.8092817691, 68, -1.0
61320.37120582634, 130, -1.0
61321.02058928156, 53, -1.0
61321.244496599626, 116, 1.0
61323.267852973775, 228, 1.0
61326.44001023297, 137, -1.0
61328.791110203136, 59, -1.0
61331.28958465855, 75, -1.0
61335.520143144895, 45, 1.0
61336.66742101309, 72, 1.0
61338.259063848214, 42, -1.0
61339.66993876407, 53, -1.0
61344.30077908133, 177, -1.0
61345.11584542821, 167, -1.0
61346.39855404183, 165, 1.0
61347.794214754205, 26, -1.0
61351.63640673291, 116, -1.0
61355.43259347169, 83, 1.0
61356.17781249544, 50, -1.0
61358.30834367725, 94, -1.0
61360.20499561177, 147, -1.0
61361.01889765999, 166, -1.0
61364.28115197203, 116, -1.0
61364.44173274723, 68, 1.0
61366.45025626249, 163, -1.0
61366.9476847781, 119, 1.0
61369.570163996585, 71, 1.0
61369.94050049182, 30, -1.0
61374.74894270488, 177, -1.0
61376.74418429984, 116, 1.0
61376.99501568214, 173, 1.0
61384.16312868465, 75, 1.0
61385.55523024852, 129, 1.0
61386.7600190157, 128, -1.0
61390.52845004806, 80, -1.0
61390.636440132665, 133, -1.0
61390.87047458618, 35, -1.0
61394.9872394319, 61, -1.0
61397.36165735889, 86, 1.0
61398.66177798972, 29, -1.0
61398.76469904845, 116, -1.0
61400.69869961207, 159, -1.0
61403.65719299156, 80, 1.0
61404.552792600756, 69, 1.0
61409.95938210766, 120, 1.0
61410.92413147502, 68, 1.0
61411.37719944649, 159, -1.0
61414.33846232771, 170, -1.0
61414.80926412008, 161, 1.0
61417.79131018039, 27, 1.0
61420.31021979597, 36, 1.0
61420.51493423802, 146, 1.0
61422.785523926534, 50, -1.0
61423.20639882051, 71, -1.0
61423.25728466437, 163, -1.0
61425.74761622662, 104, 1.0
61427.37500446647, 100, 1.0
61428.51118016696, 71, 1.0
61430.16386497217, 146, -1.0
61436.847842919095, 59, 1.0
61437.95255929836, 43, -1.0
61438.48248863469, 160, 1.0
61438.81140342628, 60, 1.0
61440.775435631185, 158, -1.0
61447.51329437921, 142, 1.0
61448.55369200896, 153, 1.0
61450.099004445714, 173, 1.0
61450.41020786423, 74, -1.0
61452.52235000213, 65, -1.0
61453.3926922644, 34, -1.0
61453.44569164199, 158, 1.0
61455.890330403876, 100, 1.0
61457.401698944894, 105, -1.0
61459.55214612262, 165, -1.0
61461.69769088996, 142, 1.0
61464.48530205287, 142, -1.0
61465.66929622936, 133, -1.0
61467.71787655539, 40, 1.0
61468.10857343375, 108, 1.0
61468.46627935164, 58, 1.0
61469.530538753985, 41, 1.0
61469.93481017055, 137, -1.0
61471.64055348877, 108, -1.0
61473.55585863909, 29, 1.0
61478.33314361454, 71, -1.0
61478.80274257919, 54, -1.0
61481.33765854848, 120, -1.0
61483.715375147134, 84, -1.0
61487.521038365005, 182, -1.0
61487.867123414675, 163, -1.0
61489.08813243491, 50, -1.0
61489.21752396357, 112, -1.0
61490.13334425142, 148, -1.0
61492.12127144083, 182, -1.0
61495.7850836482, 58, 1.0
61499.734871507266, 130, 1.0
61501.26122966418, 114, 1.0
61503.78492187206, 59, 1.0
61504.61813643217, 76, -1.0
61505.08111679761, 126, 1.0
61506.38642248515, 142, -1.0
61507.522001236, 164, -1.0
61508.01736250617, 63, 1.0
61508.423121010725, 114, 1.0
61510.18669273332, 146, 1.0
61510.24907066484, 148, 1.0
61514.60726058677, 114, 1.0
61514.68852853482, 48, 1.0
61515.019266419986, 110, -1.0
61516.28203085758, 84, -1.0
61518.190420750645, 137, -1.0
61519.43010347288, 68, 1.0
61521.07161260522, 193, 1.0
61522.150343397836, 68, 1.0
61524.263676717135, 68, -1.0
61524.65170708885, 152, 1.0
61525.544687105365, 108, 1.0
61529.6980901788, 90, 1.0
61530.37157470071, 167, -1.0
61532.735606726514, 33, 1.0
61533.91925313501, 59, -1.0
61534.81170089492, 94, -1.0
61538.62603593766, 53, 1.0
61541.37374973746, 75, 1.0
61541.88658059054, 50, 1.0
61542.225053944705, 94, 1.0
61542.625806112366, 234, -1.0
61544.15784023919, 29, 1.0
61545.93546581204, 130, -1.0
61546.24772041577, 105, 1.0
61549.18693334269, 148, -1.0
61556.1097327561, 35, -1.0
61556.7275418384, 67, -1.0
61557.22089916596, 101, -1.0
61560.2774932645, 230, 1.0
61560.36050339898, 40, 1.0
61560.54586917789, 87, -1.0
61560.63952591841, 45, 1.0
61561.331122043535, 177, -1.0
61561.698510416754, 141, -1.0
61563.514768397734, 162, 1.0
61563.96034998507, 165, -1.0
61565.56442110225, 165, -1.0
61569.904643708105, 27, -1.0
61574.66063685118, 41, 1.0
61575.711318015456, 165, 1.0
61576.041638587034, 158, -1.0
61577.91594158792, 113, -1.0
61580.39992059869, 101, -1.0
61590.800498244455, 33, -1.0
61593.81020740071, 182, -1.0
61596.41420740844, 146, -1.0
61598.38123535787, 163, 1.0
61599.84876304456, 52, 1.0
61600.014257843926, 235, -1.0
61600.10292405894, 235, 1.0
61603.3552444185, 26, 1.0
61603.877487202786, 164, 1.0
61605.42750066843, 105, 1.0
61606.20625646098, 119, 1.0
61608.447630931, 73, 1.0
61609.73052830075, 81, -1.0
61613.686700820246, 39, 1.0
61613.70004038432, 107, -1.0
61616.2674648668, 146, -1.0
61616.296147612564, 141, -1.0
61616.97354582421, 173, 1.0
61617.1758237752, 39, 1.0
61620.00802553873, 71, 1.0
61622.49251030701, 27, 1.0
61627.1703613493, 36, 1.0
61627.63068829234, 43, -1.0
61628.2337177317, 105, -1.0
61636.25868151058, 35, 1.0
61638.56863700251, 59, -1.0
61641.60112224616, 130, -1.0
61642.29351594403, 27, 1.0
61644.495672166355, 222, 1.0
61644.800791693444, 64, -1.0
61645.61817525824, 96, 1.0
61649.88379131838, 163, 1.0
61651.417529665814, 235, -1.0
61652.00943919072, 165, 1.0
61652.090307946775, 123, -1.0
61653.88526982234, 97, 1.0
61655.79245313891, 116, 1.0
61657.279815191214, 162, 1.0
61659.84125715726, 146, -1.0
61661.85596572535, 111, -1.0
61663.51585781143, 114, -1.0
61663.594565801606, 90, 1.0
61664.02674305909, 101, 1.0
61665.90773616122, 75, 1.0
61666.82435307867, 35, 1.0
61667.42775415857, 84, 1.0
61668.12813695011, 128, -1.0
61668.87286901634, 122, -1.0
61669.307166469946, 166, 1.0
61672.35202901682, 84, -1.0
61678.647343685065, 106, 1.0
61678.75070163219, 142, -1.0
61679.32516293679, 91, -1.0
61681.49976477889, 80, 1.0
61682.76804379158, 67, -1.0
61683.03252318033, 177, -1.0
61685.20505475628, 163, -1.0
61688.11677460444, 141, 1.0
61689.15285694428, 123, -1.0
61691.94785092696, 58, 1.0
61693.083869661874, 93, -1.0
61694.62732870545, 48, 1.0
61696.329263891545, 105, 1.0
61697.56545331261, 52, 1.0
61697.993141384424, 154, 1.0
61700.450561970174, 34, 1.0
61703.38983094368, 58, -1.0
61703.76842765743, 165, -1.0
61704.92399021443, 60, 1.0
61706.11418987803, 103, 1.0
61708.16717639846, 75, 1.0
61708.85622980823, 58, 1.0
61711.97730614135, 164, 1.0
61716.03666573117, 68, -1.0
61716.33101420699, 67, 1.0
61716.69773721203, 50, -1.0
61717.8400386882, 105, 1.0
61718.02409854815, 109, -1.0
61719.7565475428, 163, -1.0
61721.84995570479, 53, 1.0
61723.544006231634, 159, -1.0
61724.87785407305, 40, -1.0
61725.02874187695, 113, 1.0
61725.29576510028, 104, 1.0
61725.56972220086, 94, -1.0
61726.14079755638, 60, -1.0
61728.13350309879, 60, -1.0
61728.42254452323, 116, -1.0
61728.534124352234, 141, 1.0
61729.219565739055, 169, 1.0
61730.53649785305, 163, -1.0
61731.87667098583, 193, -1.0
61735.084695596444, 81, 1.0
61735.46092849601, 173, 1.0
61738.29874829569, 198, -1.0
61739.96065710905, 116, 1.0
61743.25837595499, 141, -1.0
61743.70786828786, 133, -1.0
61744.69821212921, 153, -1.0
61746.54128661467, 67, -1.0
61748.31189735923, 165, 1.0
61750.53045148577, 75, 1.0
61750.800845767066, 58, -1.0
61750.974804495585, 182, -1.0
61753.56362465348, 146, -1.0
61753.80508531201, 108, -1.0
61754.12571015856, 171, -1.0
61754.862522611766, 129, 1.0
61755.12850772964, 159, -1.0
61758.25998995579, 59, 1.0
61759.60424562983, 95, 1.0
61761.91655200434, 137, 1.0
61763.38524433963, 67, -1.0
61769.942732075324, 165, -1.0
61771.48196792115, 137, -1.0
61777.10859816476, 130, -1.0
61779.20638814764, 99, 1.0
61780.40158529934, 126, 1.0
61780.64392848672, 159, 1.0
61781.60803162176, 152, -1.0
61781.73015895608, 51, 1.0
61782.35840581168, 103, 1.0
61786.711252668385, 165, 1.0
61789.2842578243, 162, -1.0
61792.322101757585, 164, 1.0
61792.62228338847, 29, 1.0
61796.072622761356, 165, 1.0
61796.16826765907, 162, 1.0
61798.05321997476, 35, -1.0
61800.291559184705, 58, -1.0
61801.33714786005, 58, -1.0
61802.86603572292, 50, -1.0
61805.87216373736, 87, -1.0
61806.844584502294, 165, -1.0
61809.42021720209, 50, -1.0
61810.53369159334, 40, 1.0
61813.08321595286, 29, 1.0
61813.21316069794, 68, 1.0
61813.36748829544, 141, -1.0
61814.40083114363, 86, 1.0
61814.57378845563, 111, -1.0
61814.66394080251, 35, -1.0
61817.169837942005, 58, 1.0
61817.61977970388, 113, -1.0
61818.207092262084, 124, 1.0
61819.04329384539, 142, 1.0
61821.09142017139, 193, -1.0
61821.2182330838, 29, 1.0
61821.34283543558, 32, 1.0
61822.372475042706, 86, -1.0
61823.50744328726, 92, 1.0
61825.35273624305, 164, 1.0
61827.47512640513, 65, -1.0
61828.14398221525, 51, -1.0
61828.276604485814, 95, 1.0
61829.73542550771, 114, -1.0
61829.851416128484, 93, -1.0
61833.04496917649, 39, 1.0
61834.04664363422, 163, -1.0
61835.88235178949, 35, -1.0
61838.8793987741, 148, -1.0
61839.5031662026, 75, -1.0
61841.05821301954, 43, -1.0
61842.16403324522, 62, 1.0
61844.09808698053, 165, 1.0
61846.58090431571, 222, 1.0
61847.0156033597, 40, -1.0
61847.610828003235, 43, 1.0
61849.88656731396, 75, 1.0
61850.12017078588, 58, -1.0
61850.93756119303, 142, 1.0
61854.07407818865, 93, -1.0
61854.34340187389, 163, 1.0
61854.380401992596, 58, -1.0
61855.14247238401, 75, -1.0
61855.195679377255, 158, -1.0
61856.058361695184, 171, -1.0
61856.274980387985, 68, 1.0
61858.54404796598, 210, -1.0
61858.771259148234, 105, 1.0
61860.519856939136, 198, -1.0
61862.725427280864, 114, 1.0
61863.67585337108, 157, 1.0
61866.50333517201, 117, 1.0
61867.409592905555, 61, 1.0
61870.154900023765, 35, 1.0
61870.434225905876, 64, 1.0
61871.52393661754, 122, 1.0
61873.73870938016, 152, 1.0
61874.10681670344, 193, -1.0
61875.55994848955, 167, -1.0
61875.985601871136, 117, 1.0
61876.76921652616, 43, 1.0
61879.69460544952, 142, -1.0
61880.33767221808, 177, -1.0
61880.916226738125, 114, 1.0
61881.68502619886, 95, 1.0
61884.65398863498, 36, 1.0
61887.9670214226, 157, -1.0
61887.97988581694, 170, 1.0
61891.781256669354, 142, -1.0
61893.313637483894, 148, 1.0
61893.676674372524, 97, -1.0
61895.42446887727, 98, 1.0
61896.337789652185, 97, -1.0
61897.72206088998, 146, -1.0
61899.895973570136, 36, 1.0
61902.15040629605, 100, 1.0
61902.48442244876, 81, 1.0
61903.67255883343, 116, 1.0
61905.39017221161, 87, -1.0
61905.93088142789, 158, 1.0
61908.16814072334, 101, -1.0
61909.676965075276, 137, -1.0
61913.2881032822, 116, -1.0
61914.965168736795, 141, -1.0
61919.187000034784, 100, -1.0
61926.473275551674, 35, 1.0
61927.628239517086, 62, -1.0
61927.72097795908, 130, -1.0
61932.73427502222, 90, -1.0
61933.66305613938, 163, 1.0
61934.71688258953, 62, 1.0
61937.549447463076, 142, 1.0
61937.71459265104, 67, 1.0
61937.882401944575, 50, -1.0
61942.67854917414, 110, -1.0
61943.04767787789, 50, 1.0
61946.956623521255, 159, -1.0
61947.03970314469, 142, -1.0
61947.37774588242, 122, -1.0
61947.85446309648, 35, -1.0
61948.56740167373, 141, -1.0
61949.42741895311, 161, 1.0
61954.30905775835, 114, 1.0
61958.18398818132, 142, 1.0
61959.50206793716, 235, -1.0
61959.94770418369, 101, -1.0
61964.05961699164, 86, -1.0
61965.9954698542, 58, 1.0
61966.834688883595, 35, -1.0
61967.242932237554, 33, -1.0
61969.196426984425, 75, 1.0
61970.388078311094, 70, -1.0
61970.562712757535, 139, -1.0
61971.59196265765, 106, -1.0
61976.64852623159, 187, -1.0
61984.79552611597, 100, 1.0
61986.54109909259, 142, -1.0
61988.99983968121, 53, 1.0
61990.01577357316, 64, -1.0
61990.39115722956, 44, 1.0
61991.71607703813, 146, 1.0
61993.926366779335, 68, 1.0
61996.48243355331, 155, -1.0
61997.40451353981, 58, 1.0
62000.63240080069, 165, 1.0
62003.320343927706, 170, 1.0
62003.517300229316, 153, 1.0
62005.41828924963, 27, 1.0
62007.66498641159, 37, 1.0
62007.814664833604, 182, 1.0
62010.91668021996, 97, -1.0
62011.525405585926, 193, -1.0
62014.60404114438, 92, 1.0
62017.17141680757, 126, 1.0
62017.407812834725, 34, -1.0
62017.8285579293, 87, 1.0
62022.082068542564, 142, 1.0
62022.48140054394, 141, -1.0
62022.879441835365, 44, -1.0
62023.236490648844, 153, 1.0
62024.99671648195, 142, -1.0
62025.07173505715, 114, 1.0
62026.2140135288, 152, -1.0
62028.43020587724, 97, -1.0
62028.52319167191, 241, -1.0
62032.657054089046, 142, -1.0
62033.677199593236, 75, 1.0
62034.72249453582, 158, 1.0
62035.42728291117, 53, 1.0
62035.623066406886, 116, -1.0
62036.82190950242, 58, 1.0
62037.219067042155, 39, 1.0
62039.057666200795, 142, -1.0
62040.49654352538, 84, -1.0
62040.52194193905, 106, -1.0
62041.96473390226, 169, 1.0
62042.62738023427, 149, 1.0
62044.034660908816, 36, -1.0
62044.45211419984, 27, 1.0
62044.88454008827, 159, 1.0
62046.774657148715, 182, -1.0
62047.44664254462, 105, 1.0
62048.71580301748, 41, 1.0
62049.84715276811, 141, -1.0
62051.08270265688, 149, -1.0
62051.33817887958, 39, -1.0
62052.485250461585, 75, 1.0
62053.502241616094, 81, 1.0
62054.16316002453, 157, 1.0
62055.013052852926, 234, 1.0
62055.29527756637, 147, -1.0
62055.57528489479, 80, -1.0
62056.37202254818, 154, 1.0
62057.32813159418, 198, 1.0
62057.418149134886, 75, -1.0
62057.900396070225, 110, 1.0
62059.793594599345, 35, -1.0
62061.03599831194, 193, -1.0
62061.458845522, 46, -1.0
62063.2605317547, 105, -1.0
62063.39111650726, 28, -1.0
62065.021134904404, 90, -1.0
62070.98736689263, 100, -1.0
62071.35566096566, 138, -1.0
62076.199116798285, 108, -1.0
62077.30843607642, 82, 1.0
62078.31077768362, 116, -1.0
62081.715705828225, 67, 1.0
62083.03118976902, 35, -1.0
62083.633820158706, 119, -1.0
62084.866922118585, 159, 1.0
62086.17502269071, 116, -1.0
62088.991221961885, 119, -1.0
62091.274638230614, 130, -1.0
62091.40080460836, 155, 1.0
62096.415254049774, 234, 1.0
62101.90946582934, 182, -1.0
62102.71348641296, 84, 1.0
62108.07573057572, 141, 1.0
62108.76600574712, 165, -1.0
62109.0528991593, 61, -1.0
62109.57024049264, 164, -1.0
62111.058449819, 222, -1.0
62112.06730984128, 59, -1.0
62113.38037881528, 149, -1.0
62113.74258061211, 89, 1.0
62115.67717403687, 96, 1.0
62116.96943050063, 104, -1.0
62117.7072973193, 35, -1.0
62122.8759422019, 163, 1.0
62124.17354687035, 152, -1.0
62125.5344940692, 27, -1.0
62125.94568357844, 230, -1.0
62127.18034480931, 56, 1.0
62130.022460032815, 35, -1.0
62136.577451295074, 40, 1.0
62139.429427972376, 69, 1.0
62140.40482310568, 120, -1.0
62140.587601815896, 59, 1.0
62143.01394245248, 116, -1.0
62146.28302426927, 67, -1.0
62147.31072623999, 41, 1.0
62150.47090956806, 116, -1.0
62150.64182375583, 111, -1.0
62151.69565034794, 71, -1.0
62158.01051827239, 152, -1.0
62160.62578562494, 26, 1.0
62162.98811051941, 142, -1.0
62163.10820537384, 101, -1.0
62164.25598778754, 53, -1.0
62166.222649750336, 235, -1.0
62166.224955557635, 84, -1.0
62166.225412083884, 116, -1.0
62166.610098650315, 50, -1.0
62166.66553567932, 111, -1.0
62167.61525184529, 87, 1.0
62170.71832526093, 109, 1.0
62172.76787166781, 153, -1.0
62174.24570042474, 74, -1.0
62174.29425904971, 41, -1.0
62175.239412644885, 32, -1.0
62180.44752453016, 75, 1.0
62181.57506840337, 75, -1.0
62187.752072088064, 171, 1.0
62191.80091703536, 58, -1.0
62192.86442989218, 119, -1.0
62196.19883646424, 116, 1.0
62196.98337701155, 165, -1.0
62199.22369430663, 62, -1.0
62202.12062825383, 53, -1.0
62202.26099901528, 177, -1.0
62203.98092789211, 39, 1.0
62205.005743763046, 58, 1.0
62209.11592914587, 59, 1.0
62210.7025707652, 102, 1.0
62213.59996009552, 41, 1.0
62216.532518676315, 141, 1.0
62216.53355489178, 198, -1.0
62218.00170790827, 177, -1.0
62218.404175163705, 60, -1.0
62220.7203808322, 157, 1.0
62223.88923324646, 36, 1.0
62224.59854717314, 114, 1.0
62224.658866740356, 170, -1.0
62225.166314320726, 111, -1.0
62235.17633393954, 162, 1.0
62235.8327817648, 94, -1.0
62238.26760369733, 58, 1.0
62241.116945108166, 95, 1.0
62241.95631588038, 27, -1.0
62242.62163488782, 32, -1.0
62245.565607603996, 27, -1.0
62245.87559333228, 75, -1.0
62247.674961634395, 106, 1.0
62249.19174403712, 59, 1.0
62250.941968696614, 26, -1.0
62253.29565257146, 31, 1.0
62256.18625646062, 76, -1.0
62260.359719689455, 99, 1.0
62261.72930102967, 40, -1.0
62262.789889689506, 64, -1.0
62264.32843844825, 130, -1.0
62266.143760975945, 114, 1.0
62267.89430663061, 106, -1.0
62269.80037659799, 198, 1.0
62272.54148772547, 146, -1.0
62276.90666891304, 157, 1.0
62278.33489055517, 123, -1.0
62279.416428889446, 110, -1.0
62280.05962566524, 80, 1.0
62284.3445317297, 119, -1.0
62285.45569348842, 90, 1.0
62285.94053177968, 59, -1.0
62286.17826164671, 148, -1.0
62286.33081415778, 119, 1.0
62291.89409615302, 83, 1.0
62292.34869939653, 39, 1.0
62292.752940556325, 153, -1.0
62295.79933525255, 105, 1.0
62296.35154176519, 137, 1.0
62297.91826408511, 153, -1.0
62299.71597236847, 114, 1.0
62301.161998073956, 222, 1.0
62301.369561830856, 230, 1.0
62302.751661358336, 158, -1.0
62303.95403392126, 126, 1.0
62304.766372488375, 106, -1.0
62306.552171061354, 102, 1.0
62310.36465840437, 42, 1.0
62311.137885560136, 126, -1.0
62312.14824514383, 234, 1.0
62313.444514355855, 65, -1.0
62316.53414908614, 159, 1.0
62318.59131286497, 35, 1.0
62318.76093272254, 164, -1.0
62321.38697642259, 87, -1.0
62322.45457343003, 92, -1.0
62327.11570259194, 126, -1.0
62329.239627832, 58, -1.0
62333.27929245953, 52, -1.0
62334.87647754751, 35, -1.0
62335.88748559649, 234, -1.0
62338.612191406566, 80, 1.0
62338.80768508611, 153, -1.0
62339.339405136605, 182, 1.0
62341.38650104868, 96, -1.0
62353.03188251326, 94, 1.0
62354.424176777786, 109, 1.0
62355.95569909058, 165, -1.0
62357.401902337195, 101, -1.0
62359.842816538796, 146, -1.0
62360.11657570634, 75, 1.0
62360.98277192964, 137, -1.0
62362.77494200011, 71, -1.0
62364.11463274103, 102, -1.0
62364.92842797248, 45, 1.0
62369.00849214802, 142, -1.0
62370.464668943896, 67, -1.0
62370.68397791208, 87, 1.0
62370.78642108333, 80, 1.0
62373.496256059, 173, 1.0
62376.49854744202, 98, 1.0
62378.44635581526, 81, 1.0
62378.885442170664, 149, 1.0
62385.713377879496, 82, -1.0
62387.32884845069, 84, 1.0
62388.03881790016, 164, 1.0
62389.12844438745, 117, 1.0
62389.563914553204, 141, -1.0
62389.90106817816, 65, -1.0
62390.96129370981, 138, -1.0
62391.06943053404, 50, 1.0
62392.83897066672, 142, 1.0
62394.43462965145, 157, 1.0
62394.89687108449, 146, 1.0
62394.89952574732, 59, 1.0
62394.90761509521, 113, -1.0
62396.867167720105, 234, -1.0
62397.12502573754, 113, -1.0
62399.787734556616, 26, 1.0
62402.91926654595, 110, 1.0
62403.49245699424, 103, -1.0
62407.3961590054, 160, -1.0
62407.498839227854, 153, -1.0
62409.93375194614, 44, -1.0
62410.2657264164, 222, -1.0
62412.50590246179, 61, 1.0
62412.7544393379, 235, -1.0
62413.6050335655, 50, -1.0
62419.118595115084, 126, 1.0
62419.19335017382, 119, -1.0
62420.612953135984, 137, -1.0
62422.756410211085, 182, -1.0
62426.06218877197, 114, 1.0
62426.36386219319, 139, -1.0
62428.57220856586, 142, -1.0
62430.69572766536, 86, -1.0
62430.785912733976, 101, 1.0
62430.86702491328, 120, -1.0
62431.85943557981, 41, 1.0
62431.888139661096, 56, 1.0
62434.11731598456, 182, 1.0
62436.372408892945, 72, 1.0
62436.96878159552, 52, -1.0
62440.65828218342, 72, 1.0
62443.072162549004, 81, -1.0
62443.8626015735, 159, 1.0
62443.89013425313, 26, 1.0
62446.138801396126, 114, 1.0
62449.55404551793, 155, 1.0
62450.09220027362, 36, -1.0
62452.37449171874, 99, 1.0
62454.611066776364, 46, -1.0
62456.38547167336, 141, -1.0
62456.766564918755, 161, -1.0
62458.79112681325, 99, 1.0
62459.28453403983, 71, 1.0
62464.33189469079, 116, 1.0
62464.50406871366, 100, -1.0
62469.44922797555, 50, -1.0
62469.48781335285, 165, 1.0
62469.80529917298, 165, 1.0
62473.20726288145, 198, 1.0
62474.33036794199, 141, 1.0
62475.08854200968, 171, -1.0
62475.16239004821, 97, -1.0
62476.470494930414, 158, -1.0
62478.192491736656, 69, -1.0
62478.37457089479, 84, -1.0
62481.46297377336, 97, -1.0
62482.34023238938, 90, -1.0
62483.52829064678, 68, -1.0
62484.84335484793, 162, 1.0
62487.83515760292, 114, 1.0
62488.48895223429, 80, 1.0
62492.30880475622, 64, 1.0
62496.54988984758, 177, 1.0
62496.79266578296, 75, -1.0
62501.61945650345, 70, 1.0
62501.76955712744, 149, 1.0
62502.44676486954, 59, 1.0
62506.2406481592, 101, -1.0
62510.64084992543, 170, -1.0
62513.80334963521, 233, 1.0
62516.95775029389, 71, 1.0
62516.97317052467, 153, 1.0
62518.64101267746, 106, -1.0
62518.913760472926, 28, -1.0
62520.72154148057, 29, 1.0
62521.33007608171, 106, -1.0
62524.56627879669, 153, -1.0
62527.44921417675, 104, -1.0
62528.32473235106, 83, 1.0
62533.685399523325, 75, -1.0
62534.73966382161, 167, -1.0
62535.75782176152, 133, 1.0
62537.21331959619, 59, 1.0
62537.87689972242, 34, 1.0
62553.146142771846, 166, -1.0
62554.58000794467, 177, -1.0
62554.62488035349, 105, -1.0
62557.94308979482, 241, -1.0
62558.24026375638, 43, 1.0
62558.560108831414, 29, 1.0
62561.99416437022, 118, -1.0
62564.76842160171, 84, 1.0
62568.02460386435, 235, -1.0
62570.78547291543, 70, -1.0
62575.66430386359, 193, -1.0
62578.96493984718, 83, -1.0
62582.920897410026, 69, 1.0
62585.13381442387, 155, -1.0
62585.85712725901, 75, -1.0
62586.22186580354, 89, 1.0
62587.7015485707, 36, 1.0
62589.258780823264, 97, 1.0
62589.79700267147, 39, -1.0
62590.37944931865, 137, -1.0
62591.92539518859, 157, 1.0
62592.01911520055, 142, -1.0
62592.30548282186, 182, -1.0
62594.92643786955, 116, 1.0
62597.098712803905, 71, 1.0
62598.144536575855, 117, 1.0
62600.17377899795, 75, -1.0
62602.692769551635, 83, -1.0
62603.81402837982, 80, -1.0
62604.436678905055, 122, -1.0
62604.491609507095, 58, -1.0
62605.58510738753, 88, -1.0
62605.93662710689, 44, -1.0
62606.355021794596, 92, -1.0
62607.32560038162, 44, -1.0
62609.84371937854, 198, -1.0
62612.56622700771, 159, -1.0
62612.982075573294, 28, -1.0
62613.76683036605, 88, -1.0
62614.20223097841, 33, 1.0
62615.61981777023, 58, 1.0
62617.48384427177, 141, 1.0
62619.03009966881, 148, 1.0
62619.97171007071, 80, 1.0
62623.84101512529, 54, -1.0
62625.938904520044, 69, 1.0
62627.87676217582, 114, 1.0
62628.279164685395, 198, -1.0
62629.96838712368, 44, -1.0
62630.05153970327, 83, 1.0
62630.40926995929, 162, 1.0
62631.461805875835, 53, -1.0
62633.35864267776, 84, -1.0
62635.440649605065, 234, -1.0
62639.875408599364, 52, -1.0
62641.687205925526, 81, -1.0
62643.07869547568, 94, -1.0
62646.57009892021, 80, 1.0
62647.368264198456, 116, 1.0
62647.73240282007, 163, -1.0
62648.366438606805, 130, -1.0
62650.15253949574, 177, -1.0
62650.55760669239, 152, -1.0
62651.184064764035, 95, 1.0
62652.19690258448, 26, 1.0
62652.625835596846, 44, -1.0
62653.252174321926, 75, -1.0
62654.39464503907, 59, 1.0
62654.80621628815, 71, -1.0
62656.24597595547, 35, 1.0
62659.550987149916, 193, 1.0
62660.70410105131, 182, -1.0
62662.79043109034, 116, 1.0
62664.15281577532, 64, -1.0
62665.84402382064, 68, 1.0
62666.607270348984, 165, 1.0
62667.10980131061, 107, -1.0
62670.10199532255, 40, 1.0
62670.33398378169, 58, -1.0
62670.82126182385, 35, -1.0
62674.6242960409, 50, 1.0
62674.677471840405, 103, 1.0
62675.36609620052, 116, 1.0
62677.8527413482, 114, -1.0
62682.466693775525, 146, -1.0
62687.21717191849, 198, 1.0
62688.08654860181, 165, 1.0
62689.70234795427, 26, -1.0
62689.72602961624, 234, -1.0
62690.073473541845, 73, 1.0
62693.66300624432, 29, -1.0
62697.32368231578, 116, 1.0
62699.63515212642, 159, 1.0
62699.79140665683, 165, -1.0
62702.5940711494, 61, -1.0
62704.97661952472, 105, -1.0
62706.028901478, 109, -1.0
62707.676231328885, 65, -1.0
62709.0223607981, 142, -1.0
62710.32287341647, 90, -1.0
62713.04083739412, 166, 1.0
62714.76131126502, 68, 1.0
62715.41125173478, 67, 1.0
62716.90963878363, 44, -1.0
62717.33557892118, 60, -1.0
62719.11770674339, 31, -1.0
62719.26287980358, 82, -1.0
62720.24772023665, 128, -1.0
62722.22825443822, 133, 1.0
62722.41960086238, 80, 1.0
62722.69096324068, 91, -1.0
62725.376275990966, 75, -1.0
62728.290524914206, 119, 1.0
62728.69891234753, 141, -1.0
62729.30615854941, 28, -1.0
62729.97967657512, 83, 1.0
62730.14886437091, 130, -1.0
62730.49274488107, 146, -1.0
62731.82106486292, 90, 1.0
62732.470184395046, 54, -1.0
62733.29002225124, 26, -1.0
62734.007339294, 52, -1.0
62736.79715536245, 159, -1.0
62741.45637926532, 159, 1.0
62742.18416379029, 154, 1.0
62742.27177887953, 59, 1.0
62742.55339819307, 130, -1.0
62742.84175132718, 50, 1.0
62743.89489998678, 163, -1.0
62746.712071573995, 164, 1.0
62747.33696085956, 59, 1.0
62748.18061726607, 116, 1.0
62753.69923471705, 164, 1.0
62754.11154029768, 98, 1.0
62756.35313495212, 193, -1.0
62756.905763168186, 29, 1.0
62756.92551540204, 162, 1.0
62757.55028144303, 68, 1.0
62761.14378866644, 35, -1.0
62763.09120578111, 67, 1.0
62763.722603989525, 58, 1.0
62764.22479034119, 34, 1.0
62764.917080054365, 167, -1.0
62767.110266343654, 28, 1.0
62768.085430573235, 68, -1.0
62771.14457324625, 35, -1.0
62772.341865086295, 146, -1.0
62772.91377771956, 87, 1.0
62773.22224091194, 105, 1.0
62773.40903600013, 99, 1.0
62775.05453368063, 99, -1.0
62775.18865848863, 163, -1.0
62776.00717255255, 116, -1.0
62777.155048553555, 42, -1.0
62777.48628205311, 58, 1.0
62778.6027044819, 148, 1.0
62780.10844645868, 166, 1.0
62780.537577782394, 103, -1.0
62782.575236088705, 40, -1.0
62783.248686630825, 95, -1.0
62785.98653254846, 75, -1.0
62786.206756200234, 235, -1.0
62786.83881066498, 222, -1.0
62788.52315761497, 117, 1.0
62792.853269428924, 58, 1.0
62794.82481556041, 71, 1.0
62800.10287456492, 95, 1.0
62801.31907352284, 50, 1.0
62801.732620170245, 71, -1.0
62803.171549547485, 88, 1.0
62806.9361464192, 122, -1.0
62808.702377671216, 32, 1.0
62809.00486699154, 50, -1.0
62809.466499751274, 26, -1.0
62811.35377876888, 40, -1.0
62813.477586199246, 52, 1.0
62815.46055599362, 177, -1.0
62817.489759852775, 160, -1.0
62817.721438247216, 177, -1.0
62818.67860086712, 75, -1.0
62820.83380570725, 69, 1.0
62821.20216506612, 118, -1.0
62823.868741489896, 157, 1.0
62829.89882524888, 230, 1.0
62830.48713052463, 83, -1.0
62833.64712543793, 142, 1.0
62834.59633375999, 54, 1.0
62839.23021194746, 126, -1.0
62841.33464232421, 163, -1.0
62842.18160403049, 142, -1.0
62842.66040490662, 116, -1.0
62846.718006948715, 41, 1.0
62847.60507926356, 153, 1.0
62849.412007410916, 116, -1.0
62851.37327171264, 234, 1.0
62854.031371863326, 87, -1.0
62855.30192844224, 162, 1.0
62855.46319284315, 128, -1.0
62856.23100785972, 84, 1.0
62856.992005722735, 75, -1.0
62858.70252512212, 153, 1.0
62859.685502463464, 59, 1.0
62861.83284416491, 27, -1.0
62863.79280548625, 84, 1.0
62866.940590027814, 168, -1.0
62867.71635447065, 27, 1.0
62871.75270455108, 31, 1.0
62871.93796569019, 80, 1.0
62873.08164188646, 30, 1.0
62873.27081119905, 193, -1.0
62873.77653621856, 75, -1.0
62874.745417808386, 72, 1.0
62877.772358374335, 88, 1.0
62880.351717989135, 68, 1.0
62882.19074087788, 105, 1.0
62882.74613979905, 35, -1.0
62883.13565714347, 146, 1.0
62886.58004201841, 180, -1.0
62887.30225832065, 59, 1.0
62888.11626839988, 146, -1.0
62889.05198149375, 97, 1.0
62889.81973795165, 50, -1.0
62890.15111663277, 34, -1.0
62891.26379749693, 87, -1.0
62891.760973759985, 157, 1.0
62891.90186401724, 142, 1.0
62892.33057188614, 29, 1.0
62892.468502044714, 28, 1.0
62893.30430577443, 97, 1.0
62896.45634118428, 137, -1.0
62897.22210925082, 96, 1.0
62897.24777010662, 162, 1.0
62899.93009802641, 126, 1.0
62900.59757322155, 28, -1.0
62901.12677241601, 165, -1.0
62901.58706700847, 97, 1.0
62908.16911871124, 58, -1.0
62910.60207223106, 81, -1.0
62912.002847335396, 87, 1.0
62912.30932885933, 158, 1.0
62912.49755338428, 165, 1.0
62915.77109372176, 110, 1.0
62917.76024369053, 177, -1.0
62918.47079887558, 163, -1.0
62924.03686295915, 160, -1.0
62926.54096687781, 165, -1.0
62928.60705737048, 87, -1.0
62930.80399571542, 152, -1.0
62931.94799661031, 159, -1.0
62937.25263298524, 101, -1.0
62937.867289333946, 182, -1.0
62938.487957419355, 100, 1.0
62941.972822997406, 76, -1.0
62943.85502464991, 35, -1.0
62946.48028928598, 141, -1.0
62949.3015233369, 30, 1.0
62955.00948840733, 74, -1.0
62957.008075661426, 198, 1.0
62958.44667133786, 52, -1.0
62961.832890034086, 153, 1.0
62964.48893309245, 82, 1.0
62966.05446775503, 129, 1.0
62967.39055372259, 27, 1.0
62967.85549200249, 32, -1.0
62970.799370008135, 76, -1.0
62971.70203246989, 104, 1.0
62973.48096242488, 114, 1.0
62973.86245180093, 123, 1.0
62978.381801769734, 90, -1.0
62980.960114947186, 148, -1.0
62984.25574905167, 75, 1.0
62989.481608431786, 142, 1.0
62990.85960049962, 113, -1.0
62990.86159516091, 95, 1.0
62999.16769296181, 146, -1.0
63000.84202140283, 193, -1.0
63003.214315013945, 101, -1.0
63003.53153805646, 98, 1.0
63004.95039196277, 116, 1.0
63005.72210894789, 75, 1.0
63008.62699493629, 114, -1.0
63009.626079422276, 34, 1.0
63010.60281241842, 91, 1.0
63014.10713955607, 75, 1.0
63020.2879287304, 161, -1.0
63021.79175933758, 105, 1.0
63022.13430597822, 32, -1.0
63025.28986406645, 162, 1.0
63027.025122677085, 153, 1.0
63027.88861072006, 39, 1.0
63031.55308229575, 148, -1.0
63031.58534041876, 141, 1.0
63034.39558398654, 158, 1.0
63034.91330621923, 142, 1.0
63035.835042605475, 119, -1.0
63037.37511284904, 71, 1.0
63038.80717197161, 39, -1.0
63040.290781802774, 35, 1.0
63040.98012642536, 146, -1.0
63041.32909112836, 36, 1.0
63041.52419156714, 109, 1.0
63042.25644137503, 137, 1.0
63044.13364165355, 80, -1.0
63044.68527772676, 150, -1.0
63047.50835945879, 26, -1.0
63048.70228644028, 163, 1.0
63048.75038700628, 150, 1.0
63049.727788748554, 163, 1.0
63051.86095238582, 106, -1.0
63051.96814348026, 198, 1.0
63052.76043248125, 120, -1.0
63053.46568424416, 234, 1.0
63053.67150604127, 162, 1.0
63054.41864171556, 148, 1.0
63054.98974455987, 148, -1.0
63055.637887021105, 84, 1.0
63055.87623695931, 58, -1.0
63056.94757644199, 164, -1.0
63057.1720505031, 59, 1.0
63058.03812069294, 198, -1.0
63059.08169349058, 50, 1.0
63061.918957507325, 160, -1.0
63066.767908094196, 110, 1.0
63068.455895317806, 52, -1.0
63070.45654211263, 34, 1.0
63071.87934603714, 52, -1.0
63073.53279700424, 165, 1.0
63075.53038179259, 133, -1.0
63078.081055492796, 198, 1.0
63079.63481152112, 93, -1.0
63081.75175621527, 167, -1.0
63086.63128504874, 148, 1.0
63086.86154106433, 150, -1.0
63088.78945548995, 198, -1.0
63092.17517610304, 116, 1.0
63092.804233584364, 113, -1.0
63094.540865710325, 50, -1.0
63095.398377809295, 71, -1.0
63098.04783207514, 28, 1.0
63099.40143604501, 138, -1.0
63101.46363001103, 146, 1.0
63102.8063401237, 75, -1.0
63102.98330525893, 58, 1.0
63103.97436102577, 126, 1.0
63105.5204781682, 71, -1.0
63106.547608396264, 105, -1.0
63106.74014085169, 91, -1.0
63108.46234891237, 83, 1.0
63110.92981313405, 113, -1.0
63111.36892954056, 110, 1.0
63112.106399539975, 32, -1.0
63113.306450900716, 164, -1.0
63113.467200119696, 162, 1.0
63113.87335894747, 82, -1.0
63114.20186156235, 29, 1.0
63114.21193838828, 95, -1.0
63116.287364580305, 59, -1.0
63117.23129579898, 116, 1.0
63117.51074922251, 95, 1.0
63120.22505860914, 82, 1.0
63121.31079481252, 154, -1.0
63122.884850892944, 67, -1.0
63124.36788670247, 137, -1.0
63129.643700109205, 146, 1.0
63133.9482508159, 100, 1.0
63134.11424472895, 137, 1.0
63135.37253839312, 158, 1.0
63141.65755086524, 155, -1.0
63144.440984142624, 155, -1.0
63145.326472541754, 222, 1.0
63147.45188608896, 235, -1.0
63147.46260967868, 104, -1.0
63147.47747142542, 84, 1.0
63147.64989244455, 81, -1.0
63148.12524842171, 86, 1.0
63148.96767595491, 71, 1.0
63150.531748394336, 69, -1.0
63150.85982018373, 105, -1.0
63151.65549022573, 137, -1.0
63151.91473167714, 113, -1.0
63152.029345553805, 39, 1.0
63155.57681436844, 58, 1.0
63163.07752272688, 28, -1.0
63163.11373754504, 152, -1.0
63170.476897760906, 142, 1.0
63172.819600841234, 230, -1.0
63173.7703605919, 110, 1.0
63173.891689373115, 166, -1.0
63174.966902514076, 96, -1.0
63178.10992853914, 102, 1.0
63181.44884246728, 163, 1.0
63183.53046847616, 106, -1.0
63183.64797473541, 146, 1.0
63184.9079795878, 177, -1.0
63189.43204116908, 161, -1.0
63192.27461862741, 85, -1.0
63193.315542709635, 67, -1.0
63200.12457267992, 146, 1.0
63200.19049173197, 123, -1.0
63203.48918089814, 35, -1.0
63203.88079002855, 116, -1.0
63206.04718152375, 109, -1.0
63208.77087144471, 160, -1.0
63209.06622292091, 88, -1.0
63214.86793780544, 59, 1.0
63216.588029030114, 27, 1.0
63216.63373341589, 34, 1.0
63218.7987508627, 71, 1.0
63223.02720158164, 30, -1.0
63223.483150477026, 111, -1.0
63225.015678375814, 84, -1.0
63225.47458126645, 75, 1.0
63226.58483328423, 58, 1.0
63228.9740854936, 148, -1.0
63231.98257397551, 61, 1.0
63232.691728815465, 141, -1.0
63233.28902411178, 28, -1.0
63233.33092655569, 81, 1.0
63235.51023310475, 138, -1.0
63235.77723934217, 165, 1.0
63236.05326158728, 105, 1.0
63237.18686229463, 133, -1.0
63238.60110494443, 146, -1.0
63240.02250649453, 52, 1.0
63240.05495783357, 133, -1.0
63241.770666596916, 108, -1.0
63247.84725437631, 71, 1.0
63248.036083128085, 165, -1.0
63251.9481564162, 146, -1.0
63254.2532750346, 123, -1.0
63254.585608725945, 99, 1.0
63255.534835365244, 122, 1.0
63256.36935065569, 90, 1.0
63257.209416602025, 71, 1.0
63257.339211702376, 124, -1.0
63257.35540675239, 58, 1.0
63257.869199563414, 105, 1.0
63259.18098957322, 163, 1.0
63261.71942379143, 72, 1.0
63263.94948392586, 162, 1.0
63265.649477555075, 119, -1.0
63266.471785218695, 163, -1.0
63269.24523803516, 142, -1.0
63269.859612744614, 64, -1.0
63270.00032210913, 35, -1.0
63270.154479338606, 40, -1.0
63271.48750139122, 170, 1.0
63276.77595454526, 58, -1.0
63281.78627164157, 141, 1.0
63282.471197452935, 108, -1.0
63285.69169247796, 84, 1.0
63285.74843228511, 75, 1.0
63289.170695999914, 60, 1.0
63289.92208391125, 102, 1.0
63291.98738068367, 113, -1.0
63293.273601220135, 45, 1.0
63293.59206514405, 111, 1.0
63294.05673847251, 45, 1.0
63295.65947118457, 46, -1.0
63296.20353373938, 82, 1.0
63296.8347857949, 113, -1.0
63297.15548790699, 128, -1.0
63298.24096446581, 58, 1.0
63299.320110056586, 114, 1.0
63299.73498443981, 99, 1.0
63300.20050349142, 111, -1.0
63303.00695054459, 133, -1.0
63304.37787995457, 142, 1.0
63304.63889979935, 153, -1.0
63304.96909882001, 128, 1.0
63305.28595951693, 164, 1.0
63309.12260242555, 152, -1.0
63310.41169226927, 173, -1.0
63311.14998483538, 87, -1.0
63312.808635619265, 133, 1.0
63313.62909865583, 193, -1.0
63314.75825558702, 119, -1.0
63317.32139228542, 80, 1.0
63320.383194989205, 84, 1.0
63321.578856735345, 84, 1.0
63323.27687780649, 71, -1.0
63328.27024396699, 159, 1.0
63328.62468124995, 94, -1.0
63331.060996243585, 75, -1.0
63336.15475482072, 90, -1.0
63336.70279968398, 99, 1.0
63340.76134337284, 97, 1.0
63340.93970867944, 58, -1.0
63342.039651670435, 165, -1.0
63343.495056730884, 26, -1.0
63346.13093854235, 193, -1.0
63348.58485133529, 27, -1.0
63348.933408144745, 44, -1.0
63349.19078100939, 177, -1.0
63355.6739496687, 165, -1.0
63356.54254335019, 99, 1.0
63356.79165134352, 28, -1.0
63356.9061287479, 159, 1.0
63358.027527360646, 193, -1.0
63359.68735235952, 164, -1.0
63359.898537574816, 157, -1.0
63360.70247183058, 193, -1.0
63360.790895016165, 72, 1.0
63361.86301318266, 65, 1.0
63363.37664156026, 101, 1.0
63365.69139774973, 65, -1.0
63367.44381452145, 71, -1.0
63369.22074148775, 137, -1.0
63372.724858193236, 182, 1.0
63372.96565858928, 33, 1.0
63374.91758877199, 141, -1.0
63375.37523203083, 53, 1.0
63376.56744751003, 96, -1.0
63378.368044752686, 34, -1.0
63379.41606447553, 159, -1.0
63381.838096558335, 97, 1.0
63382.27777364739, 65, 1.0
63382.33391005039, 167, -1.0
63382.40899815134, 159, -1.0
63382.778679662646, 33, -1.0
63383.303917470155, 74, 1.0
63388.97041959992, 159, -1.0
63390.24045126037, 119, -1.0
63390.89238207487, 83, 1.0
63392.49482002292, 53, -1.0
63395.00683013218, 48, 1.0
63395.30459460788, 35, -1.0
63397.04797324167, 101, -1.0
63400.371300845916, 113, -1.0
63401.14699636467, 88, -1.0
63401.71990408032, 101, 1.0
63401.84537313993, 126, 1.0
63402.75109123054, 41, 1.0
63403.84233069778, 162, -1.0
63404.44882012025, 163, 1.0
63404.64075675097, 41, 1.0
63405.538733880414, 235, -1.0
63406.51750994714, 141, -1.0
63412.14409858447, 33, -1.0
63412.53139171919, 40, -1.0
63412.63405884822, 36, 1.0
63413.558519602804, 155, -1.0
63413.68487734323, 177, 1.0
63414.58434463257, 44, -1.0
63414.62954553302, 50, -1.0
63416.686858532084, 181, -1.0
63418.31694828024, 169, 1.0
63418.55595046324, 58, 1.0
63421.614899242486, 165, 1.0
63425.172021060745, 177, -1.0
63428.642434436275, 100, -1.0
63428.837300801475, 173, -1.0
63429.39521626684, 146, 1.0
63430.25056071496, 113, -1.0
63430.93259943184, 86, -1.0
63433.46039905739, 52, -1.0
63433.7560594271, 230, 1.0
63437.3124759852, 35, 1.0
63437.46309691011, 86, -1.0
63437.68707800248, 29, 1.0
63438.86069209372, 120, -1.0
63441.99496232271, 44, -1.0
63442.1986826399, 71, 1.0
63445.05131230113, 155, 1.0
63445.30452469389, 193, 1.0
63447.638838718674, 45, 1.0
63448.68889474876, 130, -1.0
63450.175905049444, 75, 1.0
63451.74025133824, 114, 1.0
63456.69305830609, 90, 1.0
63458.31202853859, 64, 1.0
63458.76311367981, 111, -1.0
63459.04852549812, 107, -1.0
63460.234738384526, 81, 1.0
63460.65418164108, 124, 1.0
63461.446932669125, 105, -1.0
63463.3349287473, 91, -1.0
63466.77618703747, 118, -1.0
63466.979025518514, 75, -1.0
63468.86292130817, 163, -1.0
63470.15783545125, 235, -1.0
63471.81044961519, 126, 1.0
63473.94664239218, 105, 1.0
63474.762542899545, 59, 1.0
63476.327815588586, 98, -1.0
63479.05480709979, 50, 1.0
63480.72695934469, 142, -1.0
63481.5889491796, 29, -1.0
63485.45687470531, 26, 1.0
63489.00475949637, 99, 1.0
63489.57062768052, 116, -1.0
63493.05227416469, 230, -1.0
63493.09577212749, 105, 1.0
63494.152659094354, 116, 1.0
63494.771422267055, 97, -1.0
63495.93913741124, 182, -1.0
63496.225893261566, 50, -1.0
63496.241635892664, 67, -1.0
63500.37241117722, 64, 1.0
63502.059503009805, 59, 1.0
63507.40139829935, 149, -1.0
63515.68698801633, 101, -1.0
63516.149554592375, 36, 1.0
63516.69864411501, 103, 1.0
63520.87151311909, 91, -1.0
63521.405373660666, 118, -1.0
63524.0552754007, 154, -1.0
63527.684847641205, 75, -1.0
63530.20628459746, 84, 1.0
63531.840586593295, 112, -1.0
63533.9005007148, 123, 1.0
63534.491011264894, 91, -1.0
63544.26253705044, 222, 1.0
63545.02015089846, 114, -1.0
63545.63464964219, 34, -1.0
63546.43713625256, 84, -1.0
63547.548430485054, 163, -1.0
63547.8556479037, 27, 1.0
63549.540842405084, 35, -1.0
63552.87673275236, 35, -1.0
63555.35465954894, 113, -1.0
63557.140997250404, 87, 1.0
63557.207238442796, 155, -1.0
63562.10759320958, 87, 1.0
63562.554055359426, 84, 1.0
63564.11305503674, 146, -1.0
63564.6637924954, 94, 1.0
63567.50808724956, 241, -1.0
63571.461342399976, 234, 1.0
63572.07778692125, 166, -1.0
63572.50180599805, 101, -1.0
63574.8401384573, 187, -1.0
63575.024892259135, 53, -1.0
63577.995744320295, 130, -1.0
63584.43250809228, 67, -1.0
63586.46670136754, 101, -1.0
63590.091969831636, 69, -1.0
63592.4843520613, 119, -1.0
63593.18311022332, 193, -1.0
63594.38533562999, 116, -1.0
63596.29486536734, 100, 1.0
63601.140813682694, 198, -1.0
63601.3602597911, 84, 1.0
63601.882112013845, 101, 1.0
63602.796072060824, 114, 1.0
63603.196102392554, 45, 1.0
63603.88661561371, 96, -1.0
63604.67623347069, 74, -1.0
63605.14465656999, 113, -1.0
63605.3885725967, 161, -1.0
63608.714085527696, 166, 1.0
63612.51689157392, 160, 1.0
63614.502145620005, 114, -1.0
63615.147616842216, 80, 1.0
63616.08025268573, 104, -1.0
63619.70686300469, 163, -1.0
63620.76413837262, 71, 1.0
63623.701802208416, 165, -1.0
63623.824487779086, 87, -1.0
63624.200733331745, 161, -1.0
63624.86596165244, 146, -1.0
63626.06687515019, 64, 1.0
63626.591414061775, 173, 1.0
63626.798910768164, 87, 1.0
63627.801047807705, 173, 1.0
63628.176683223246, 71, -1.0
63628.50121718007, 80, -1.0
63628.602452590465, 114, 1.0
63631.20496172061, 177, -1.0
63634.63463203375, 54, 1.0
63638.12783090367, 61, -1.0
63640.21320524907, 149, 1.0
63641.20737298762, 111, -1.0
63642.576104367516, 159, -1.0
63644.707011641214, 53, -1.0
63645.18112138358, 142, -1.0
63646.08843286031, 116, -1.0
63646.463267283136, 84, 1.0
63648.04077360679, 163, -1.0
63648.85738073318, 116, 1.0
63651.25995643018, 141, 1.0
63651.53736045664, 164, 1.0
63653.649983014875, 158, -1.0
63655.10960285662, 163, -1.0
63655.28499796131, 177, -1.0
63655.49505108546, 71, -1.0
63656.064697156726, 182, -1.0
63657.48639141048, 119, -1.0
63657.62796891347, 114, 1.0
63658.06956714814, 93, -1.0
63658.75315157755, 58, 1.0
63661.87432368223, 70, -1.0
63665.07719686435, 102, -1.0
63665.859646605, 81, 1.0
63668.560665741265, 42, -1.0
63669.561835571854, 164, 1.0
63669.607606425714, 114, -1.0
63670.087194675056, 35, -1.0
63670.335081343976, 202, -1.0
63672.11475804186, 124, -1.0
63672.43969314287, 177, -1.0
63672.854732147105, 169, 1.0
63673.03578473474, 94, -1.0
63674.316902384846, 105, -1.0
63674.74391612223, 235, 1.0
63675.12851032837, 67, -1.0
63677.62063984504, 141, -1.0
63680.307059444414, 26, 1.0
63682.21879904428, 50, -1.0
63684.606399277414, 126, -1.0
63696.17788320118, 90, -1.0
63699.57976990282, 36, -1.0
63702.97492958066, 173, -1.0
63703.16998658188, 149, 1.0
63703.318462889205, 163, 1.0
63707.91776050188, 88, 1.0
63712.88862272175, 146, 1.0
63713.84616955112, 83, -1.0
63715.11266403888, 148, -1.0
63717.158045609, 45, -1.0
63725.316598777325, 101, 1.0
63726.290229674865, 165, -1.0
63727.72552406174, 69, 1.0
63728.427462149935, 58, -1.0
63730.995993997894, 155, 1.0
63731.93915131404, 222, 1.0
63733.78413007739, 80, 1.0
63737.44705094511, 53, 1.0
63742.321862368604, 64, 1.0
63743.537001578414, 142, 1.0
63743.950584292776, 53, -1.0
63744.31654550452, 163, -1.0
63749.0576045611, 163, -1.0
63749.95732075592, 41, -1.0
63749.984503675885, 46, -1.0
63750.92752128702, 110, -1.0
63753.74056240676, 130, 1.0
63753.86089061759, 45, 1.0
63755.66671394806, 27, -1.0
63757.65464432059, 45, 1.0
63761.70477043675, 68, -1.0
63762.90404035818, 163, 1.0
63765.250740647796, 142, 1.0
63765.8466117347, 71, 1.0
63766.69000833134, 123, 1.0
63768.94596852198, 52, -1.0
63770.96801793781, 182, 1.0
63771.835103210644, 124, 1.0
63772.342242660576, 109, 1.0
63773.28484104491, 58, 1.0
63774.576471662855, 48, -1.0
63775.34009464772, 80, 1.0
63778.42375229446, 163, -1.0
63779.289338616836, 155, -1.0
63779.543993307554, 152, -1.0
63780.01807575232, 45, 1.0
63781.08574498469, 142, -1.0
63782.0131275238, 153, 1.0
63783.969005256215, 68, 1.0
63785.59730830388, 113, -1.0
63787.81192927059, 153, 1.0
63789.38514089738, 92, -1.0
63795.80453060455, 173, -1.0
63795.96481370946, 65, -1.0
63797.85250056317, 142, -1.0
63798.275343007095, 26, -1.0
63799.148477233524, 126, 1.0
63799.74816159865, 163, -1.0
63801.019986532025, 73, 1.0
63805.552307596256, 160, -1.0
63805.58267479118, 50, -1.0
63806.203597812666, 150, -1.0
63808.11574670416, 41, 1.0
63810.0573880614, 73, 1.0
63811.66433094134, 56, 1.0
63812.25010418899, 116, 1.0
63812.62900584082, 97, 1.0
63813.847360545165, 149, 1.0
63814.87222029953, 92, -1.0
63816.77499195651, 158, 1.0
63818.69747307799, 128, -1.0
63819.27691615122, 234, -1.0
63821.22961909494, 97, -1.0
63821.81143227764, 177, -1.0
63823.31263431021, 130, -1.0
63825.871483795425, 50, 1.0
63826.858360259765, 52, -1.0
63830.89219263485, 105, 1.0
63832.31379520928, 114, -1.0
63835.192057384345, 104, -1.0
63842.48418674362, 94, 1.0
63842.55836339715, 153, 1.0
63843.126826845735, 165, 1.0
63843.84520790043, 58, -1.0
63846.03931238939, 105, -1.0
63846.393109541365, 198, 1.0
63849.97478472769, 146, 1.0
63851.723744967516, 60, -1.0
63853.634957262315, 59, 1.0
63855.88241665223, 106, -1.0
63860.63583366116, 45, 1.0
63861.1093271319, 146, -1.0
63862.0256952331, 106, -1.0
63868.74927825472, 36, -1.0
63870.94634754905, 39, -1.0
63871.729172920284, 152, 1.0
63872.21172366855, 133, -1.0
63875.16894086843, 84, 1.0
63876.4647086274, 146, 1.0
63880.34880150705, 110, 1.0
63882.3407322322, 42, -1.0
63883.73316054423, 87, 1.0
63884.72756773129, 141, 1.0
63887.97932443936, 106, -1.0
63893.62601556112, 61, -1.0
63894.337606966474, 173, -1.0
63895.36340038124, 234, 1.0
63895.38314883839, 53, -1.0
63895.646370790426, 75, 1.0
63898.378824469415, 114, 1.0
63900.377623499524, 155, 1.0
63902.22386800799, 64, 1.0
63906.302389696284, 128, -1.0
63906.958556305515, 154, -1.0
63911.95852750282, 58, 1.0
63912.3597745013, 162, 1.0
63915.019162939236, 94, -1.0
63915.14984187526, 138, -1.0
63917.43599514978, 161, -1.0
63917.94521381323, 116, 1.0
63919.52988633039, 142, 1.0
63919.95871856335, 34, -1.0
63920.93204877926, 148, -1.0
63923.65237427967, 106, -1.0
63924.96571998739, 35, 1.0
63928.86781973639, 159, -1.0
63930.08388339129, 93, -1.0
63936.513909640555, 165, 1.0
63938.246906941706, 141, -1.0
63938.974040938236, 133, 1.0
63939.05069526606, 163, 1.0
63939.699780370436, 46, 1.0
63940.34371786189, 90, 1.0
63940.364122814855, 116, 1.0
63940.819243221464, 74, 1.0
63942.13570190001, 142, 1.0
63944.95479591268, 114, -1.0
63945.82949463494, 101, -1.0
63946.16168818507, 159, 1.0
63951.96530593936, 71, -1.0
63952.411057915044, 126, 1.0
63954.22802097567, 62, -1.0
63958.31688704906, 235, -1.0
63958.99619719313, 116, -1.0
63963.3943007464, 165, 1.0
63964.52110095393, 26, 1.0
63964.55526589689, 100, -1.0
63970.69846331181, 163, 1.0
63974.11724085844, 35, -1.0
63974.15279004934, 193, -1.0
63976.46320659555, 106, -1.0
63977.48612775941, 67, -1.0
63977.756743823236, 71, 1.0
63978.88703499129, 41, -1.0
63985.53289899917, 87, -1.0
63987.88529890236, 27, 1.0
63990.30098400478, 158, -1.0
63991.56454099817, 148, -1.0
63993.70119906828, 165, 1.0
63997.218417878285, 58, -1.0
63997.38803542371, 165, 1.0
63997.8376271231, 64, 1.0
63997.858550239485, 68, 1.0
63999.85077436747, 104, -1.0
64001.76809656246, 53, 1.0
64001.97563183728, 165, 1.0
64011.75394417013, 97, 1.0
64013.77649303563, 35, -1.0
64014.09870545201, 58, -1.0
64015.34567174215, 142, -1.0
64017.23643592509, 51, -1.0
64017.66464164796, 87, -1.0
64018.4384547763, 44, 1.0
64019.376246580796, 34, -1.0
64022.665343496665, 233, 1.0
64023.72091548689, 234, 1.0
64023.94612208561, 35, 1.0
64024.575280498255, 26, 1.0
64024.61552232918, 119, -1.0
64025.9339912859, 87, 1.0
64026.52762945221, 58, -1.0
64029.00646821114, 146, 1.0
64030.307463500125, 177, -1.0
64031.92381206379, 71, 1.0
64032.5616340405, 98, 1.0
64038.19151301757, 58, -1.0
64039.22581625994, 159, 1.0
64044.97088052363, 29, -1.0
64046.24009984594, 29, -1.0
64046.614073715304, 80, 1.0
64048.01016517455, 202, -1.0
64050.725997232876, 94, 1.0
64050.87534598485, 146, -1.0
64051.67294024203, 88, -1.0
64054.81661143455, 163, -1.0
64055.4696861154, 84, 1.0
64057.206410523206, 129, -1.0
64057.88087002652, 165, -1.0
64058.38737819848, 164, 1.0
64060.321917143345, 94, -1.0
64062.10556428336, 142, -1.0
64062.53838951863, 44, 1.0
64062.929543206985, 137, -1.0
64063.0135053702, 105, 1.0
64066.28189919188, 109, -1.0
64066.37989325685, 81, 1.0
64066.80323926236, 198, -1.0
64066.88342270695, 53, -1.0
64068.632856674296, 71, -1.0
64070.62506734487, 133, -1.0
64075.06887175314, 53, -1.0
64075.320701035685, 35, -1.0
64076.660343374446, 29, -1.0
64077.07045626579, 50, -1.0
64077.10538162034, 148, 1.0
64078.590625937606, 64, -1.0
64078.71432436564, 111, -1.0
64080.430231081, 97, -1.0
64081.530997439695, 157, 1.0
64088.90523220597, 68, 1.0
64089.91229093877, 88, -1.0
64090.32411209072, 26, 1.0
64090.34748032174, 126, 1.0
64090.83085945118, 27, 1.0
64091.52766316881, 141, -1.0
64096.49514861546, 50, -1.0
64096.54885773605, 71, -1.0
64096.622186655964, 142, -1.0
64096.9956332276, 27, 1.0
64097.77195538752, 126, 1.0
64097.890416771705, 63, 1.0
64098.472586629505, 173, -1.0
64098.97913683615, 133, -1.0
64099.21384043765, 118, 1.0
64099.86238283518, 33, -1.0
64100.47912699523, 167, -1.0
64100.782984253165, 103, -1.0
64102.40836920725, 99, -1.0
64102.8970172973, 138, -1.0
64106.4183591619, 71, -1.0
64106.62436050788, 52, -1.0
64108.92244017486, 67, 1.0
64109.822163330915, 84, -1.0
64111.403115553956, 165, 1.0
64112.50499494004, 94, -1.0
64117.030856366575, 26, 1.0
64118.28834084398, 87, 1.0
64118.76479631042, 158, -1.0
64119.28075067758, 29, -1.0
64120.25276845744, 163, -1.0
64121.19311617248, 182, -1.0
64121.49449005925, 62, -1.0
64121.817397905834, 42, 1.0
64122.716200395036, 75, 1.0
64129.85700706446, 35, -1.0
64130.82247955792, 101, 1.0
64131.78925873984, 99, -1.0
64132.364247711244, 86, 1.0
64132.420664803474, 166, -1.0
64141.823576066374, 71, 1.0
64142.35252930983, 173, 1.0
64143.83369330839, 26, 1.0
64144.047784783324, 99, 1.0
64146.922128003665, 83, 1.0
64148.01755480962, 75, 1.0
64149.11987119329, 97, -1.0
64149.811139763384, 97, -1.0
64149.95146857281, 68, 1.0
64149.97548938312, 58, -1.0
64151.62810667627, 40, -1.0
64159.56859699821, 113, -1.0
64161.40413823822, 53, -1.0
64161.65230682849, 173, 1.0
64161.796040528876, 182, -1.0
64166.54490267711, 173, -1.0
64167.0605466417, 110, 1.0
64168.55067374344, 52, 1.0
64170.188597556546, 114, 1.0
64172.09767492256, 39, -1.0
64175.95247817766, 80, 1.0
64179.06273393877, 110, -1.0
64182.47977205851, 114, 1.0
64183.37257409025, 152, -1.0
64184.47933578184, 46, -1.0
64186.03022301125, 142, -1.0
64188.37287894054, 80, 1.0
64189.79115265996, 35, -1.0
64190.30452564996, 71, 1.0
64190.82106024801, 165, 1.0
64192.822327052345, 97, 1.0
64195.21005638971, 126, -1.0
64197.47600045471, 83, 1.0
64198.55116694473, 55, 1.0
64202.0176998991, 198, -1.0
64203.32368339745, 177, -1.0
64203.435941081836, 117, 1.0
64203.476790105335, 34, 1.0
64205.78644857445, 163, -1.0
64207.72946593179, 90, 1.0
64210.43827611154, 96, -1.0
64210.46863712228, 71, 1.0
64212.215373517334, 133, -1.0
64212.960617905585, 119, 1.0
64215.263245500406, 162, -1.0
64216.240133899584, 68, 1.0
64216.86503866499, 108, -1.0
64218.31913560548, 230, -1.0
64219.08385504878, 67, -1.0
64221.639208216155, 111, 1.0
64230.75687391099, 98, 1.0
64231.591383954736, 193, -1.0
64233.988654097746, 165, 1.0
64235.84039774348, 116, 1.0
64235.99020855502, 123, 1.0
64237.898920946216, 159, 1.0
64239.392316839236, 114, 1.0
64239.398572709455, 42, -1.0
64240.49748112444, 101, 1.0
64250.012958335654, 153, -1.0
64256.84054106544, 93, -1.0
64257.49206585794, 116, 1.0
64257.781885449745, 64, -1.0
64258.89439804423, 137, -1.0
64259.463405010225, 26, 1.0
64260.01728327114, 84, 1.0
64263.75211924519, 28, -1.0
64264.46456277944, 94, -1.0
64267.88531567703, 71, -1.0
64270.55213137932, 159, -1.0
64271.201990908965, 101, 1.0
64271.82154225498, 84, -1.0
64274.00091742361, 116, -1.0
64274.04376995021, 154, -1.0
64274.316598749516, 152, 1.0
64283.5241654601, 63, 1.0
64285.515194607346, 165, 1.0
64285.70847665168, 116, -1.0
64286.785021448464, 68, -1.0
64287.43872627275, 101, -1.0
64289.07721961245, 142, -1.0
64289.16697548902, 235, -1.0
64289.244697145026, 102, 1.0
64290.816183765986, 128, -1.0
64291.87989419933, 28, -1.0
64292.28335763175, 110, 1.0
64292.48463272438, 155, -1.0
64292.807375460674, 235, -1.0
64293.6535552387, 161, 1.0
64294.43982703902, 137, 1.0
64297.944078195476, 163, 1.0
64298.11887237145, 28, -1.0
64298.985371847695, 28, 1.0
64299.46245267084, 123, 1.0
64301.98844258966, 152, -1.0
64302.197577308485, 81, -1.0
64302.6591197311, 68, 1.0
64305.18528950508, 159, 1.0
64305.21674250104, 164, 1.0
64307.96205984429, 177, -1.0
64310.2242089248, 169, 1.0
64310.851634797626, 73, 1.0
64310.90573909535, 116, 1.0
64311.83359374674, 64, -1.0
64312.23941702935, 106, -1.0
64314.262811050314, 137, -1.0
64316.06366327826, 142, 1.0
64316.09624022576, 119, 1.0
64317.08728077729, 107, 1.0
64319.09198384047, 75, 1.0
64326.590737324, 101, -1.0
64326.637381921384, 82, 1.0
64327.34545988268, 165, 1.0
64328.294297575296, 36, 1.0
64328.478896801484, 161, -1.0
64328.86698079421, 92, 1.0
64329.281466320404, 84, 1.0
64329.89070081163, 141, 1.0
64330.05280657114, 35, 1.0
64334.53096887485, 84, 1.0
64334.69926610401, 71, -1.0
64335.07290709694, 129, -1.0
64336.29094418703, 162, -1.0
64337.632309829314, 82, 1.0
64346.50964335614, 70, -1.0
64346.99734403374, 39, -1.0
64350.91308101081, 152, 1.0
64352.626084777716, 52, -1.0
64352.94654732937, 94, -1.0
64357.49085402879, 98, -1.0
64359.172179262794, 163, -1.0
64359.578192449226, 35, -1.0
64359.85736937619, 234, 1.0
64362.30032308119, 141, 1.0
64367.80762169844, 146, 1.0
64368.547056325755, 27, 1.0
64371.103459304955, 34, 1.0
64371.21119844754, 116, -1.0
64374.44274221849, 35, 1.0
64377.118057968735, 50, -1.0
64377.506267064084, 75, -1.0
64378.049728813916, 100, 1.0
64378.9133474173, 27, -1.0
64379.389978007704, 89, 1.0
64379.660488007365, 124, 1.0
64384.92528656542, 157, 1.0
64385.26193525911, 59, -1.0
64386.93964632983, 148, -1.0
64389.8178591897, 122, -1.0
64392.61169271052, 41, 1.0
64393.46702117434, 95, 1.0
64401.367476915715, 142, 1.0
64401.7039149592, 109, 1.0
64401.90089268499, 222, -1.0
64402.232150072115, 29, 1.0
64402.95011052002, 75, 1.0
64403.1469236307, 137, -1.0
64403.41611096879, 167, -1.0
64405.42138008338, 141, -1.0
64405.469967408564, 80, 1.0
64408.77648419207, 108, 1.0
64409.51962526175, 74, 1.0
64410.66157017702, 84, 1.0
64412.69440247942, 60, 1.0
64412.76100855531, 146, 1.0
64417.49034696487, 28, 1.0
64419.97523976585, 87, -1.0
64422.607344025935, 59, 1.0
64427.40088808889, 92, -1.0
64428.32814477585, 123, 1.0
64428.383366450376, 149, 1.0
64428.990866217515, 28, 1.0
64430.61289432348, 164, 1.0
64431.49911690792, 119, 1.0
64433.55735379487, 173, -1.0
64434.598841412, 68, -1.0
64435.794080811116, 157, 1.0
64437.53647210423, 167, -1.0
64440.02981481634, 44, -1.0
64440.717138010754, 95, 1.0
64441.53724458183, 133, -1.0
64442.924731543724, 118, -1.0
64445.92893070369, 34, 1.0
64447.46083977714, 167, -1.0
64448.884847127694, 42, -1.0
64452.38960387548, 187, -1.0
64452.98148554903, 68, 1.0
64454.078723539846, 177, -1.0
64456.07219307479, 96, -1.0
64456.954574700314, 97, -1.0
64457.05258978082, 165, -1.0
64457.741507485065, 54, 1.0
64458.122762330946, 69, 1.0
64463.37807037434, 99, 1.0
64464.308088808204, 166, -1.0
64464.46161738242, 160, -1.0
64464.97784046988, 73, 1.0
64465.79316038895, 59, 1.0
64466.537198986705, 34, -1.0
64469.18749321973, 198, -1.0
64470.34936754898, 114, 1.0
64473.805718555275, 171, -1.0
64475.4624102377, 116, 1.0
64476.40666414893, 65, 1.0
64476.41199153307, 124, -1.0
64477.32314237358, 31, -1.0
64478.43610453639, 146, 1.0
64479.1621788926, 114, 1.0
64480.042433492774, 165, -1.0
64485.88833828353, 114, -1.0
64488.27725398469, 142, -1.0
64492.17969787604, 164, 1.0
64493.64686671678, 104, -1.0
64494.282697935676, 177, -1.0
64494.70363707288, 42, -1.0
64495.52571844061, 65, 1.0
64500.079780133994, 142, 1.0
64500.150923281224, 27, -1.0
64503.9737561341, 105, 1.0
64504.315579529786, 42, -1.0
64505.59357059083, 126, 1.0
64508.57041490132, 162, 1.0
64508.67493912923, 110, -1.0
64510.37397479243, 89, 1.0
64510.48671828309, 93, 1.0
64511.99755555195, 234, 1.0
64512.94542099836, 33, -1.0
64513.37558322323, 27, -1.0
64515.99180009494, 193, -1.0
64524.90011793519, 119, 1.0
64525.453628009316, 35, -1.0
64531.46589530051, 106, 1.0
64532.656902951996, 110, 1.0
64532.921021912705, 87, -1.0
64534.2870242666, 33, 1.0
64538.30801932409, 34, -1.0
64539.34295895654, 235, -1.0
64541.56085179437, 162, 1.0
64544.447485875986, 152, -1.0
64548.1173331991, 95, 1.0
64548.85543234665, 150, -1.0
64550.50741787615, 94, -1.0
64551.11088699646, 113, -1.0
64555.699129943976, 105, -1.0
64556.54524453213, 98, 1.0
64560.69544143472, 40, -1.0
64560.707809270636, 84, -1.0
64565.95519334935, 33, 1.0
64566.28648888844, 133, 1.0
64567.07405836762, 61, -1.0
64570.26719264339, 85, 1.0
64570.900996085016, 160, -1.0
64571.57239192324, 80, 1.0
64571.96979229821, 163, 1.0
64572.04074466302, 177, -1.0
64575.737503868404, 40, -1.0
64576.66048227573, 63, 1.0
64577.42583663417, 193, -1.0
64579.562220037136, 163, -1.0
64580.439839041486, 69, 1.0
64581.39260308425, 141, 1.0
64583.26402240294, 165, 1.0
64583.46855680947, 163, 1.0
64583.68473764981, 235, -1.0
64585.03275302023, 167, -1.0
64586.29151126289, 105, -1.0
64590.75400507342, 198, 1.0
64591.17340500986, 71, 1.0
64591.34053388313, 130, 1.0
64591.41735999826, 85, 1.0
64594.555461537166, 148, -1.0
64599.10463076537, 74, -1.0
64602.02744662154, 129, -1.0
64606.848237730606, 117, 1.0
64607.03446267559, 198, 1.0
64607.85468036268, 170, -1.0
64608.97857233354, 235, -1.0
64609.62289547568, 46, -1.0
64609.72570920981, 116, 1.0
64611.292078458304, 44, -1.0
64616.24233085494, 100, 1.0
64621.30730146271, 80, -1.0
64622.0161397757, 68, 1.0
64623.67842170376, 160, -1.0
64624.96164263719, 26, 1.0
64625.489455658375, 44, 1.0
64626.29009888092, 85, -1.0
64627.02934221521, 146, 1.0
64627.488452842364, 68, -1.0
64627.815059956156, 54, -1.0
64628.95086817679, 106, -1.0
64630.02041906103, 113, 1.0
64630.22292693163, 50, -1.0
64630.44522615994, 165, -1.0
64633.101159170845, 116, 1.0
64634.33046806729, 182, -1.0
64634.84461134438, 68, 1.0
64635.09124812993, 60, -1.0
64636.40918278852, 44, 1.0
64636.94234426986, 88, 1.0
64637.2739325915, 163, -1.0
64638.202209980256, 146, 1.0
64638.70358546612, 142, -1.0
64640.74889507891, 104, 1.0
64647.42603197557, 118, -1.0
64648.85185986467, 148, 1.0
64649.604048603134, 45, 1.0
64650.56768371373, 141, 1.0
64650.71841291117, 119, -1.0
64651.740566746776, 45, 1.0
64653.82028115039, 165, -1.0
64654.41390986375, 50, 1.0
64655.4224496641, 102, -1.0
64655.90626393672, 75, -1.0
64656.24006193077, 116, 1.0
64657.72463143327, 58, 1.0
64658.236047381106, 35, 1.0
64658.93328929038, 35, -1.0
64659.73687091565, 146, 1.0
64659.91463731684, 193, -1.0
64659.93721449184, 58, -1.0
64664.881055966354, 152, -1.0
64669.427175659206, 58, 1.0
64669.74939880869, 173, -1.0
64671.48269484345, 105, -1.0
64672.21416452636, 35, -1.0
64675.26880016887, 162, -1.0
64675.80045748627, 160, 1.0
64676.30564571172, 142, -1.0
64678.14991572514, 71, -1.0
64678.90851852759, 99, 1.0
64679.72110490006, 193, -1.0
64680.11824409434, 165, -1.0
64682.820961765356, 71, -1.0
64683.746440189476, 102, -1.0
64693.761568584196, 154, 1.0
64695.15808435833, 123, 1.0
64695.74051928923, 58, 1.0
64696.244473619874, 75, -1.0
64697.73327868714, 72, 1.0
64700.341667856985, 80, 1.0
64700.443623694584, 107, -1.0
64702.72391626339, 90, -1.0
64703.07913825801, 100, 1.0
64703.473256942714, 29, -1.0
64703.771474786176, 97, 1.0
64703.9944404506, 95, -1.0
64706.44472059302, 177, -1.0
64709.078472134635, 68, 1.0
64711.80555284381, 62, 1.0
64711.891875402296, 27, -1.0
64719.19684415211, 181, -1.0
64719.521379752805, 155, -1.0
64720.82175572758, 163, 1.0
64725.70006762986, 74, -1.0
64726.439464556635, 114, 1.0
64727.90075571027, 133, -1.0
64728.05576721425, 166, -1.0
64730.88422489987, 53, 1.0
64731.07746804478, 142, 1.0
64731.26529667533, 180, -1.0
64734.57588086407, 234, 1.0
64734.95981224133, 158, -1.0
64735.92708832973, 97, -1.0
64739.83115617962, 106, -1.0
64739.87060318937, 35, 1.0
64746.05471361392, 158, 1.0
64746.55829621938, 142, 1.0
64750.13280893468, 177, -1.0
64751.56172356986, 120, -1.0
64755.29650577636, 89, 1.0
64756.69836534321, 163, 1.0
64757.1908414489, 41, 1.0
64757.33512509203, 161, 1.0
64758.81798949833, 53, 1.0
64759.22635210628, 153, 1.0
64761.21550835084, 146, 1.0
64762.581750010366, 170, 1.0
64762.74198113132, 106, -1.0
64765.473109761755, 170, -1.0
64765.99643039051, 35, 1.0
64767.550877218004, 82, 1.0
64772.44669144219, 222, 1.0
64773.15845914252, 116, 1.0
64775.530708307975, 75, -1.0
64779.60385085726, 101, -1.0
64784.272916607806, 139, -1.0
64786.92348943129, 116, -1.0
64786.930209053135, 60, -1.0
64787.73490168926, 165, 1.0
64787.918540613085, 137, -1.0
64792.07773044913, 114, 1.0
64792.22048436387, 71, 1.0
64792.78918799725, 68, 1.0
64794.87491749576, 40, -1.0
64795.02132956026, 114, 1.0
64797.443974983755, 182, -1.0
64799.059303966584, 165, -1.0
