61201.20242762586, 54, 1.0
61247.567048958306, 59, -1.0
61253.410188501904, 59, 1.0
61257.97052182345, 101, -1.0
61258.324038154315, 117, 1.0
61278.33642104671, 133, -1.0
61279.89987626288, 104, -1.0
61280.30374771791, 59, -1.0
61284.79115303124, 101, 1.0
61289.39992377885, 59, 1.0
61291.53698377398, 83, -1.0
61294.212964577775, 59, 1.0
61308.05066361002, 59, 1.0
61309.36399504966, 83, 1.0
61317.43321838489, 59, -1.0
61328.817303337215, 83, 1.0
61343.235576641484, 59, -1.0
61346.19305308131, 54, -1.0
61348.094899295866, 59, -1.0
61351.34564333626, 117, 1.0
61354.58146430203, 83, 1.0
61354.66391923866, 117, 1.0
61355.51423716453, 101, -1.0
61359.14760693627, 101, 1.0
61378.97389783854, 54, 1.0
61380.320126818304, 83, 1.0
61384.4508954001, 59, 1.0
61405.45413943085, 83, 1.0
61407.57892276766, 59, 1.0
61407.58398072577, 101, 1.0
61412.143973645056, 70, -1.0
61414.17019334734, 101, -1.0
61429.14513216047, 59, 1.0
61432.16799737865, 59, 1.0
61432.9298798832, 59, 1.0
61438.8797735437, 59, 1.0
61447.082345374336, 101, 1.0
61451.02302657818, 83, 1.0
61469.46123800377, 117, 1.0
61473.5607095258, 59, -1.0
61476.530280725405, 104, 1.0
61489.895084670774, 59, -1.0
61489.92377967318, 59, 1.0
61492.617128400445, 117, 1.0
61498.94948752976, 101, -1.0
61506.30847374826, 133, -1.0
61513.18308884526, 83, 1.0
61528.56166142652, 59, -1.0
61533.98015729784, 101, -1.0
61540.11282067339, 83, 1.0
61546.06613139394, 117, 1.0
61564.44547005809, 59, -1.0
61566.4282663625, 101, -1.0
61567.63325146141, 54, 1.0
61569.7629028101, 59, 1.0
61574.39411648215, 104, -1.0
61576.17488245154, 83, 1.0
61590.91910161111, 83, 1.0
61597.592542424616, 59, 1.0
61598.88904369124, 133, -1.0
61606.1149412771, 117, 1.0
61630.56703962384, 117, -1.0
61641.708319263154, 59, 1.0
61654.02963094564, 59, 1.0
61667.15435387402, 104, -1.0
61669.943450533836, 54, -1.0
61678.464987310595, 54, -1.0
61693.590669049285, 133, 1.0
61695.398758705625, 133, -1.0
61702.69109948728, 101, -1.0
61711.16867555757, 59, 1.0
61714.07191126902, 59, 1.0
61720.462033273696, 59, 1.0
61721.13634211091, 83, -1.0
61724.90210275781, 104, 1.0
61738.00183052051, 101, -1.0
61764.499486520464, 101, -1.0
61769.85859230009, 59, -1.0
61771.26123417738, 59, 1.0
61771.86138961649, 59, 1.0
61775.01695678707, 133, -1.0
61783.598540352774, 104, 1.0
61784.90424111952, 117, 1.0
61791.47993595239, 59, -1.0
61794.08210743738, 83, 1.0
61795.24294236801, 104, -1.0
61797.02777365617, 59, 1.0
61797.115170064164, 54, -1.0
61800.69946796063, 101, -1.0
61802.8701453648, 101, 1.0
61810.121925683896, 83, 1.0
61814.0543579653, 117, 1.0
61838.53083190432, 133, -1.0
61838.65576347594, 101, -1.0
61848.369423949305, 83, 1.0
61848.58608559128, 101, -1.0
61874.1213217549, 133, -1.0
61909.033106079514, 59, -1.0
61914.20466055389, 59, -1.0
61917.25717423814, 83, 1.0
61921.88098254449, 133, 1.0
61928.10499831546, 101, -1.0
61957.72875099577, 59, 1.0
61967.718180804106, 54, 1.0
61976.143255646355, 133, -1.0
61990.753114549836, 59, 1.0
62002.688032762686, 59, -1.0
62006.672016103665, 101, -1.0
62008.03124898395, 83, 1.0
62012.90590249776, 101, -1.0
62022.486030789856, 59, -1.0
62034.9686005447, 83, -1.0
62035.87199690755, 83, -1.0
62039.843189818115, 133, 1.0
62044.64739687826, 101, 1.0
62045.5422236411, 59, 1.0
62059.10144730324, 133, -1.0
62059.221786007045, 83, 1.0
62083.72207486706, 59, 1.0
62090.98043830451, 70, -1.0
62101.17283982325, 101, 1.0
62113.70931212471, 59, 1.0
62122.307340565385, 101, 1.0
62123.94936897551, 104, 1.0
62128.770837642, 59, -1.0
62142.41894206545, 117, 1.0
62164.285098068445, 59, -1.0
62173.88090734458, 101, 1.0
62174.489078915656, 83, 1.0
62176.01479482003, 83, -1.0
62185.534613695534, 133, -1.0
62188.67582985427, 83, -1.0
62191.093354417695, 83, -1.0
62191.71167760763, 117, 1.0
62205.37239376799, 101, 1.0
62209.754164959755, 54, -1.0
62214.58427725148, 70, -1.0
62216.42573340917, 117, 1.0
62217.02714898987, 104, -1.0
62228.71913468992, 83, 1.0
62230.269109962675, 133, -1.0
62237.413457608796, 101, 1.0
62248.60450076247, 83, -1.0
62249.063000389375, 101, 1.0
62249.493800510274, 83, -1.0
62252.52091861145, 59, 1.0
62256.5820379641, 104, 1.0
62268.99647085245, 101, -1.0
62278.69787497982, 59, -1.0
62284.056355498826, 54, -1.0
62286.63627334524, 101, 1.0
62288.88849026537, 101, -1.0
62308.68089679817, 59, 1.0
62316.80511706195, 59, 1.0
62325.2114847152, 83, 1.0
62326.15498770797, 101, 1.0
62332.57361874971, 101, -1.0
62339.23551668505, 101, 1.0
62340.38084051798, 133, -1.0
62351.216499352704, 70, -1.0
62354.241202476216, 59, -1.0
62359.10445204964, 101, 1.0
62365.189812082055, 59, 1.0
62370.08639548562, 133, 1.0
62405.67927955625, 101, -1.0
62411.525776443144, 83, 1.0
62412.59806351646, 70, -1.0
62415.1202879423, 59, 1.0
62420.928197592235, 59, -1.0
62428.55366567809, 101, 1.0
62444.215370224316, 101, 1.0
62451.10110472304, 83, 1.0
62453.880034634785, 59, 1.0
62454.55921880381, 104, -1.0
62461.19840883372, 83, 1.0
62468.09742714437, 83, 1.0
62485.53490040421, 59, -1.0
62489.62743505269, 104, 1.0
62500.47228913458, 59, 1.0
62513.35695450468, 101, 1.0
62516.15458430109, 101, -1.0
62517.65638396936, 59, 1.0
62520.591556467196, 101, 1.0
62521.01684046586, 59, 1.0
62526.91981006859, 59, -1.0
62533.51437155186, 83, 1.0
62536.82599110324, 59, 1.0
62539.075062145355, 101, 1.0
62568.94996876975, 59, -1.0
62571.15246487336, 59, -1.0
62585.523246120385, 133, -1.0
62588.20070092373, 133, 1.0
62589.77848991785, 59, -1.0
62592.882968674596, 133, -1.0
62613.77119255622, 104, 1.0
62617.142978393174, 59, 1.0
62624.688725269734, 133, -1.0
62627.55846282063, 101, -1.0
62640.23687212805, 101, -1.0
62651.33024006826, 59, 1.0
62667.115518859515, 104, 1.0
62668.671705321205, 83, -1.0
62687.405422623575, 59, 1.0
62687.81344201269, 59, 1.0
62709.733413248694, 83, -1.0
62719.51874671503, 117, 1.0
62730.582374343045, 101, 1.0
62738.33106951835, 59, 1.0
62740.90121284058, 133, -1.0
62746.02565637505, 59, 1.0
62753.776002775274, 104, 1.0
62755.275036913816, 83, 1.0
62772.89398651961, 59, -1.0
62773.62982311785, 70, -1.0
62786.54784299868, 133, -1.0
62786.791020613164, 133, -1.0
62797.994249362884, 101, -1.0
62804.33904393269, 59, -1.0
62805.97224174125, 104, 1.0
62810.60400069112, 83, 1.0
62816.45063999311, 133, -1.0
62818.31067796097, 101, -1.0
62849.57636733406, 104, -1.0
62871.74346534476, 133, -1.0
62875.14344338246, 104, -1.0
62877.802841071454, 59, -1.0
62878.09906666275, 54, -1.0
62882.27589343168, 59, 1.0
62902.24353064074, 117, 1.0
62903.30153597955, 104, 1.0
62904.28263092083, 54, 1.0
62922.61406294053, 59, 1.0
62923.089726410595, 59, 1.0
62923.29749904336, 133, -1.0
62924.81188620227, 59, -1.0
62951.38818046031, 54, 1.0
62978.53320506346, 101, -1.0
62994.083539007, 101, -1.0
63000.418800911975, 83, 1.0
63013.86397755613, 59, 1.0
63031.10069598363, 101, -1.0
63031.87153290407, 54, 1.0
63037.09364970818, 54, -1.0
63043.26042777241, 101, -1.0
63044.265812067446, 101, 1.0
63051.88632031638, 59, 1.0
63059.80176143324, 104, 1.0
63068.41224197515, 101, 1.0
63070.35348278177, 133, -1.0
63080.030309753194, 83, 1.0
63083.107888041624, 59, 1.0
63084.63893304182, 133, -1.0
63088.98435994615, 117, -1.0
63092.67854798013, 83, 1.0
63103.023221390795, 101, -1.0
63113.8623286348, 101, -1.0
63137.31833062339, 83, 1.0
63151.332154528944, 101, 1.0
63153.70266986301, 59, 1.0
63183.09241023532, 101, -1.0
63190.22970774614, 101, -1.0
63200.58104064189, 101, -1.0
63205.46815566423, 59, -1.0
63217.91228504835, 117, 1.0
63230.212829572476, 83, 1.0
63250.66547725846, 83, 1.0
63252.23187150569, 54, -1.0
63253.15297466613, 83, 1.0
63256.18543099189, 101, -1.0
63273.5462989604, 83, 1.0
63289.90582728674, 117, 1.0
63301.800686788396, 101, -1.0
63313.27120125182, 59, 1.0
63315.0554678095, 59, 1.0
63323.665104662665, 104, -1.0
63344.89257305806, 101, -1.0
63361.64540121001, 133, 1.0
63378.05472825342, 54, -1.0
63381.90061206628, 59, 1.0
63388.51612345433, 101, 1.0
63388.631299098684, 104, 1.0
63391.59085575658, 54, -1.0
63395.014143057, 83, 1.0
63413.55045629518, 83, 1.0
63418.527651757155, 83, 1.0
63421.88872709206, 104, -1.0
63423.541767499315, 133, 1.0
63439.344526745386, 104, 1.0
63447.00578462168, 59, 1.0
63452.070583260036, 83, 1.0
63469.370672971825, 104, 1.0
63472.429784855456, 59, 1.0
63493.2338335581, 101, 1.0
63499.23171231765, 59, -1.0
63503.10666083759, 104, 1.0
63516.14308089133, 104, 1.0
63520.368229712556, 54, -1.0
63532.4554234485, 83, 1.0
63535.52136681279, 54, -1.0
63545.70308779526, 83, 1.0
63554.37348012232, 54, -1.0
63554.71530914847, 101, 1.0
63559.489013072154, 59, -1.0
63560.40988717404, 59, 1.0
63563.670868082736, 59, 1.0
63569.22561045434, 104, -1.0
63570.00086664711, 104, 1.0
63575.54982939191, 133, -1.0
63578.72581507818, 59, 1.0
63580.21265051467, 59, 1.0
63606.36258740841, 104, 1.0
63612.474184732964, 101, 1.0
63616.77474343228, 54, 1.0
63617.94761186932, 59, -1.0
63618.85419755588, 101, 1.0
63621.61768652, 104, -1.0
63625.89154304999, 101, 1.0
63629.8284302295, 59, -1.0
63633.27874625634, 104, 1.0
63638.39635026989, 83, 1.0
63642.84387256307, 59, 1.0
63649.9403090874, 59, 1.0
63666.88944182238, 59, -1.0
63673.060180159286, 59, -1.0
63673.07720210985, 59, 1.0
63691.63316855928, 83, 1.0
63694.24479091339, 83, 1.0
63698.84855867313, 133, 1.0
63702.16095673222, 54, 1.0
63703.61313250487, 54, 1.0
63704.08619966201, 133, -1.0
63712.95911017203, 59, 1.0
63728.728289819184, 59, -1.0
63748.20624535955, 70, -1.0
63749.67559730049, 59, -1.0
63749.80123243044, 101, 1.0
63752.25364968598, 133, -1.0
63758.35448442587, 101, -1.0
63759.49452277517, 133, 1.0
63781.52219732823, 59, 1.0
63786.16178989447, 83, 1.0
63786.192986940725, 101, -1.0
63787.426622548744, 133, 1.0
63791.03392318076, 104, 1.0
63804.38802994209, 59, -1.0
63809.99401644477, 133, 1.0
63816.56824037179, 59, -1.0
63836.93745300791, 101, -1.0
63849.48276873548, 59, 1.0
63855.62530232752, 101, -1.0
63859.488314328104, 101, 1.0
63859.821569259446, 59, -1.0
63862.66945455665, 104, 1.0
63889.53968090763, 104, -1.0
63893.59686613086, 59, 1.0
63922.82460220257, 101, 1.0
63924.39278585455, 101, -1.0
63934.51941733317, 59, 1.0
63947.24643869262, 104, 1.0
63956.690141399085, 101, 1.0
63958.563234843234, 101, 1.0
63961.40450710588, 59, 1.0
63963.51776749598, 101, -1.0
63964.54037407884, 83, 1.0
63981.02739252932, 117, 1.0
63984.72954113783, 133, -1.0
63990.08486624649, 59, 1.0
63992.52336340694, 133, -1.0
63996.016069632395, 101, -1.0
63996.381915988735, 117, 1.0
63997.43674147281, 133, -1.0
64002.77074192982, 83, 1.0
64003.679923436786, 59, 1.0
64008.16005248792, 54, -1.0
64008.21653483791, 133, -1.0
64011.74569603733, 104, 1.0
64018.41913405458, 104, -1.0
64031.23757207591, 83, 1.0
64050.26821505309, 104, 1.0
64052.39158229625, 101, -1.0
64053.07301544882, 101, 1.0
64067.37960095142, 101, -1.0
64069.078262962816, 83, 1.0
64071.356054632924, 101, 1.0
64075.26008563814, 101, -1.0
64077.68305922709, 54, 1.0
64079.361311521716, 83, 1.0
64093.992826802576, 104, 1.0
64104.84418485548, 101, 1.0
64113.7338452806, 83, 1.0
64124.968609222, 133, 1.0
64128.04924546658, 59, 1.0
64142.41276053806, 59, 1.0
64148.18066503391, 101, -1.0
64152.79033592626, 133, -1.0
64172.506069143485, 101, -1.0
64175.12273473627, 101, 1.0
64176.88389783914, 101, -1.0
64188.598071894456, 59, 1.0
64207.605312503234, 59, 1.0
64213.40819979521, 54, -1.0
64220.82277311897, 59, -1.0
64227.164720608984, 101, 1.0
64232.83824627141, 59, -1.0
64235.09610886354, 59, -1.0
64240.06784276605, 117, 1.0
64242.60276837929, 59, 1.0
64243.85956707431, 101, -1.0
64251.95830959878, 83, 1.0
64264.33270801941, 59, 1.0
64278.38344185182, 101, -1.0
64321.117130760234, 83, 1.0
64324.19950584476, 101, 1.0
64335.30171192643, 101, -1.0
64339.82689721376, 101, -1.0
64344.058845533495, 133, -1.0
64348.028099301584, 54, -1.0
64368.53789792115, 83, 1.0
64400.59589724801, 133, -1.0
64403.0514087475, 83, 1.0
64404.57110110206, 59, 1.0
64411.63917876315, 83, 1.0
64420.71785981276, 101, -1.0
64429.46549494386, 83, 1.0
64431.49366029192, 83, 1.0
64442.36925934759, 59, 1.0
64451.087264698144, 59, 1.0
64457.97048660641, 59, 1.0
64459.66571330352, 133, -1.0
64472.07699934518, 54, 1.0
64475.412560839926, 59, 1.0
64487.31536316648, 54, 1.0
64495.479095719216, 101, 1.0
64508.60320791768, 59, 1.0
64511.84079870061, 59, -1.0
64522.373161289746, 54, -1.0
64532.85859050157, 101, -1.0
64534.62859115979, 59, 1.0
64552.07490736383, 70, -1.0
64557.77472941733, 59, 1.0
64568.352972530236, 101, 1.0
64569.20459847467, 133, -1.0
64594.97436409325, 133, -1.0
64601.26933008302, 101, -1.0
64610.91924533855, 59, 1.0
64622.41152044115, 59, -1.0
64659.157434575, 59, -1.0
64661.41362041108, 101, 1.0
64674.91093157746, 104, -1.0
64678.388929424174, 133, -1.0
64681.35135912628, 83, 1.0
64681.53218995161, 59, 1.0
64684.01040480397, 59, 1.0
64696.00904604904, 104, 1.0
64702.63252663422, 133, -1.0
64712.46385961382, 83, 1.0
64748.05557628827, 83, 1.0
64755.42739503536, 54, 1.0
64785.01321236391, 117, 1.0
64788.68751099308, 104, 1.0
64788.97909867646, 54, -1.0
64793.69938013097, 59, -1.0
64795.59472530049, 83, 1.0
64800.8922465824, 59, 1.0
64803.37332494852, 101, -1.0
64809.26209627017, 83, 1.0
64813.41103131492, 101, -1.0
64817.01245034829, 54, 1.0
64825.9257688864, 83, -1.0
64829.46206039405, 54, -1.0
64839.34810814571, 104, -1.0
64840.0242243061, 117, 1.0
64860.10468408457, 59, 1.0
64900.86474537201, 83, 1.0
64931.183990884805, 59, 1.0
64932.816820153814, 117, 1.0
64966.22514444009, 59, 1.0
64968.371683522324, 117, -1.0
64985.01147323783, 117, 1.0
64986.2680941904, 101, -1.0
65006.34275555216, 59, -1.0
65016.81702509282, 54, 1.0
65038.728498424054, 83, 1.0
65043.156497189855, 70, -1.0
65052.25766250357, 54, -1.0
65068.650635774335, 104, -1.0
65096.92682091755, 104, 1.0
65127.425252295936, 59, 1.0
65136.145164159745, 101, -1.0
65171.4662060136, 101, -1.0
65181.50890017793, 101, -1.0
65182.32974822373, 59, -1.0
65196.989710180365, 83, 1.0
65199.91906436896, 101, -1.0
65212.24495173164, 59, 1.0
65212.253395791864, 59, -1.0
65229.05653908079, 54, 1.0
65232.565598339126, 54, 1.0
65252.56134745837, 133, 1.0
65255.494837643695, 83, -1.0
65274.608365914915, 83, 1.0
65275.90165411107, 104, -1.0
65295.52333617522, 101, -1.0
65298.94186765959, 101, -1.0
65304.64562600443, 59, 1.0
65307.015172045416, 54, 1.0
65327.33590600972, 59, 1.0
65342.54379515443, 54, -1.0
65348.41951777525, 59, -1.0
65355.39492333414, 59, 1.0
65358.26911770443, 117, -1.0
65381.790457740586, 101, -1.0
65397.514661101726, 59, 1.0
65417.51651680344, 59, 1.0
65421.60234172303, 83, 1.0
65426.76364011771, 70, 1.0
65440.61496288231, 70, 1.0
65454.79067731478, 54, 1.0
65458.63900030061, 83, 1.0
65484.099584280906, 59, -1.0
65485.87986186672, 83, 1.0
65520.237692527095, 59, 1.0
65523.87418159183, 59, 1.0
65525.820608841816, 101, -1.0
65539.31752869487, 101, -1.0
65544.96558573341, 59, -1.0
65547.6110354996, 117, 1.0
65555.1148834016, 54, 1.0
65562.64108606023, 54, -1.0
65619.66928661402, 59, 1.0
65633.50065254138, 70, -1.0
65639.12687677602, 101, -1.0
65640.73241147486, 117, -1.0
65657.50193752108, 83, 1.0
65658.8659898038, 54, 1.0
65671.07934887917, 59, 1.0
65699.16297171227, 83, -1.0
65702.48259656249, 54, -1.0
65717.521951142, 54, -1.0
65730.1171884287, 101, -1.0
65732.01889265246, 101, -1.0
65758.04051337262, 59, -1.0
65762.56849557228, 83, -1.0
65762.81611910884, 117, -1.0
65775.06029002646, 101, -1.0
65794.47107481037, 59, 1.0
65801.96609197375, 101, -1.0
65808.5265169524, 83, 1.0
65832.76761049299, 101, -1.0
65841.53069954512, 101, -1.0
65850.92781635639, 101, -1.0
65852.34309849777, 83, 1.0
65854.63215482408, 83, 1.0
65859.41609190911, 59, 1.0
65885.80066946367, 54, -1.0
65886.41639629642, 59, -1.0
65891.4878870855, 83, -1.0
65892.27309340842, 54, 1.0
65896.44739282751, 54, -1.0
65911.0858263251, 54, 1.0
65920.0927912336, 117, 1.0
65930.69767228595, 83, -1.0
65942.59665561163, 101, -1.0
65971.8414550025, 117, -1.0
65975.44583813605, 59, 1.0
65981.60261389313, 83, 1.0
66041.30924401482, 117, 1.0
66063.67380120285, 59, -1.0
66093.49372718173, 59, -1.0
66093.81703824208, 54, 1.0
66099.27502101027, 104, -1.0
66162.65218437258, 117, -1.0
66185.01084611345, 54, 1.0
66204.59434771165, 104, 1.0
66221.52046543056, 59, -1.0
66225.05140036103, 117, 1.0
66241.77562587096, 83, -1.0
66264.62388666677, 101, -1.0
66279.15660575237, 83, 1.0
66303.99204949751, 54, 1.0
66349.1908317771, 101, -1.0
66379.44226728595, 59, 1.0
66383.34102372557, 104, -1.0
66410.73904254465, 59, 1.0
66418.8535676151, 83, -1.0
66422.56445013318, 59, -1.0
66431.2037277926, 83, 1.0
66435.0723768384, 59, -1.0
66435.18107393438, 83, 1.0
66437.17434810016, 59, 1.0
66449.08285539948, 59, -1.0
66465.8909360087, 117, 1.0
66468.43904880638, 59, 1.0
66470.84023274279, 59, 1.0
66478.80828150135, 70, 1.0
66490.46490836829, 59, -1.0
66505.7910439297, 59, -1.0
66521.18245525309, 101, -1.0
66524.93915052892, 83, -1.0
66535.25058262322, 54, 1.0
66554.51383460381, 59, -1.0
66560.99284225093, 54, 1.0
66565.21389102141, 101, -1.0
66582.84995097689, 54, -1.0
66592.58147130988, 101, -1.0
66616.0907090426, 117, -1.0
66632.56532909935, 70, 1.0
66641.20645141648, 83, -1.0
66649.63364922233, 101, -1.0
66671.35608119317, 59, -1.0
66731.1417290922, 59, 1.0
66736.52656427806, 83, 1.0
66753.58549254449, 59, 1.0
66765.7318332112, 117, -1.0
66772.60725113556, 70, -1.0
66780.34392843234, 117, -1.0
66786.30984912785, 117, 1.0
66802.35880486088, 54, -1.0
66803.44861825141, 101, -1.0
66824.71714466538, 83, 1.0
66854.0035324542, 117, -1.0
66865.15619339122, 54, 1.0
66912.16353447853, 59, -1.0
66925.75972268947, 59, -1.0
66927.70589431911, 101, -1.0
66953.54385078208, 70, 1.0
66975.11282892754, 83, -1.0
66993.4272774933, 101, -1.0
67048.15907046437, 117, 1.0
67073.24888687179, 59, 1.0
67079.93031166497, 83, 1.0
67095.15641498427, 104, -1.0
67100.02616720647, 59, 1.0
67108.35154233316, 59, -1.0
67112.69813543645, 59, 1.0
67114.20083446553, 104, -1.0
67137.79802862133, 117, 1.0
67145.59940511061, 117, -1.0
67154.0223578676, 54, 1.0
67156.90864167736, 59, 1.0
67167.17587007693, 59, -1.0
67169.04843996615, 59, 1.0
67171.3992518811, 104, 1.0
67176.83571495344, 104, -1.0
67186.16225284805, 104, -1.0
67261.92690129222, 117, -1.0
67264.3930815474, 101, -1.0
67265.63372552319, 70, -1.0
67293.44211002445, 59, 1.0
67316.85403216314, 59, -1.0
67359.45439864871, 101, -1.0
67367.45253898091, 117, 1.0
67386.81952783209, 104, 1.0
67389.27434732378, 59, 1.0
67396.58604586616, 70, 1.0
67406.94289635119, 83, -1.0
67421.18496535311, 54, 1.0
67448.1779939972, 59, 1.0
67450.3274043908, 59, 1.0
67457.66323103572, 70, 1.0
67465.09139906462, 83, 1.0
67465.72962340261, 101, -1.0
67471.48567865582, 70, -1.0
67490.7069882157, 101, -1.0
67498.81239599572, 104, 1.0
67499.61974893892, 83, -1.0
67506.16519720572, 59, -1.0
67509.25085820936, 59, -1.0
67509.53171868026, 117, 1.0
67525.61339494467, 70, -1.0
67545.29671515636, 70, 1.0
67549.35453265562, 59, -1.0
67549.60441218612, 101, -1.0
67557.80898589046, 59, 1.0
67563.50521648051, 59, 1.0
67581.57501157989, 59, 1.0
67582.81736524327, 54, 1.0
67604.33024828287, 101, -1.0
67617.98650106839, 101, -1.0
67660.25702744813, 101, -1.0
67662.78461592311, 101, -1.0
67663.2565287299, 70, -1.0
67664.10712794392, 54, -1.0
67673.15693395182, 59, 1.0
67689.56027034481, 70, 1.0
67715.34854596439, 101, -1.0
67721.3040640697, 54, 1.0
67721.96928189136, 117, -1.0
67726.69003353291, 117, -1.0
67736.7629157388, 101, -1.0
67744.02256051239, 70, -1.0
67775.3294861563, 101, -1.0
67794.14756269573, 59, 1.0
67805.90097156716, 59, -1.0
67827.9325919106, 59, 1.0
67833.81103910261, 83, 1.0
67835.17164430695, 83, 1.0
67847.00136584994, 54, 1.0
67858.26184207867, 59, 1.0
67860.42724112251, 83, -1.0
67886.55552818938, 59, 1.0
67905.57445469109, 59, -1.0
67906.3626434149, 101, -1.0
67944.9906369731, 101, -1.0
67966.36839592122, 117, -1.0
67978.34483378778, 59, 1.0
67992.11262394038, 104, -1.0
67998.85183991384, 59, 1.0
68018.89233599165, 117, 1.0
68037.23598299106, 54, 1.0
68038.74940762082, 59, -1.0
68046.31983701033, 59, 1.0
68050.10546731789, 59, -1.0
68055.3317079226, 59, -1.0
68069.0005536187, 101, -1.0
68075.38542500405, 83, -1.0
68099.15889992176, 54, 1.0
68115.25966145989, 83, 1.0
68115.40845776108, 54, 1.0
68121.90475517222, 117, -1.0
68128.67990410363, 117, -1.0
68134.62805955378, 70, -1.0
68135.52615073386, 59, -1.0
68139.7460777701, 70, 1.0
68155.17471366748, 54, -1.0
68158.70497874275, 101, -1.0
68177.67714794133, 59, -1.0
68183.11986237901, 59, -1.0
68212.93790197939, 59, -1.0
68213.27991733703, 54, 1.0
68216.68739328838, 59, 1.0
68245.5978522523, 104, 1.0
68253.39649601396, 59, 1.0
68253.82147351911, 59, 1.0
68253.94140118442, 101, -1.0
68277.4736979984, 59, 1.0
68281.89991559448, 70, 1.0
68284.80611830205, 59, 1.0
68289.36813127712, 133, 1.0
68301.25743366971, 83, -1.0
68304.17566712537, 117, -1.0
68305.17441738788, 59, 1.0
68308.78338831487, 70, 1.0
68313.94429615427, 59, 1.0
68325.32634270148, 101, -1.0
68328.45185671117, 104, 1.0
68356.29589522972, 117, -1.0
68367.77567254838, 54, -1.0
68417.81062712951, 59, 1.0
68425.80530466154, 101, -1.0
68471.26835280203, 83, -1.0
68477.73026671805, 117, -1.0
68503.2013984935, 59, -1.0
68511.45713229815, 70, -1.0
68511.74453845563, 83, -1.0
68520.38353964253, 70, -1.0
68522.85931624872, 83, 1.0
68584.94348383708, 101, 1.0
68592.93802853601, 101, -1.0
68659.30519006109, 59, 1.0
68719.49134500421, 70, 1.0
68728.1732625266, 101, -1.0
68743.37245109364, 101, -1.0
68752.85097892955, 133, 1.0
68754.00063940446, 133, 1.0
68758.87704010955, 54, 1.0
68766.93012277153, 70, -1.0
68779.91301795894, 59, 1.0
68813.01060537648, 83, -1.0
68817.50584348012, 59, -1.0
68828.70410488154, 101, -1.0
68833.17566678309, 54, 1.0
68835.87431636946, 59, 1.0
68843.38075296662, 101, -1.0
68862.9433236853, 83, 1.0
68866.82184247518, 59, 1.0
68928.49641879651, 59, 1.0
68933.91189942812, 54, 1.0
68971.043206311, 101, 1.0
68983.59533260578, 54, -1.0
68999.20336465379, 83, -1.0
69098.74643074418, 54, 1.0
69105.47237988857, 59, 1.0
69150.94130384659, 83, 1.0
69161.23957170917, 83, 1.0
69165.98640374163, 54, 1.0
69179.77195335827, 83, 1.0
69201.4468912554, 104, 1.0
69206.39361076913, 101, -1.0
69222.66856951534, 101, -1.0
69290.02993832326, 101, 1.0
69293.72309918862, 83, 1.0
69301.4120724399, 133, 1.0
69309.79401882018, 54, 1.0
69358.20541701763, 59, 1.0
69363.31440295554, 83, 1.0
69366.04008514133, 83, 1.0
69395.1479497742, 70, -1.0
69398.46714409745, 101, -1.0
69407.63505972011, 101, 1.0
69416.55144619611, 101, -1.0
69428.38372206916, 133, 1.0
69443.79476672893, 104, 1.0
69447.2933288907, 70, 1.0
69465.17341853332, 101, 1.0
69465.92099347438, 101, 1.0
69478.6408655987, 101, -1.0
69497.51227882052, 59, 1.0
69505.39685703324, 70, 1.0
69516.30077476676, 70, -1.0
69521.79957802192, 101, 1.0
69526.87170348356, 83, -1.0
69531.49814234275, 70, 1.0
69570.73871999458, 101, -1.0
69572.99676010538, 83, 1.0
69576.72241994472, 83, -1.0
69625.4065039802, 83, -1.0
69661.17067262075, 83, 1.0
69685.01816235895, 101, -1.0
69718.20257805352, 70, -1.0
69724.40906750604, 101, 1.0
69785.24144303182, 54, -1.0
69799.87638767398, 101, -1.0
69811.27306192588, 117, -1.0
69853.74208515212, 59, 1.0
69873.72805470928, 59, 1.0
69888.29531085952, 59, 1.0
69905.0142459925, 70, 1.0
69913.68497997259, 83, -1.0
69918.25829854739, 54, -1.0
69938.84811256001, 101, -1.0
69947.57239665271, 59, -1.0
69950.23422016576, 59, -1.0
69964.76069620211, 101, -1.0
69971.80382569028, 83, 1.0
69982.25032222955, 54, 1.0
70003.95136842915, 54, 1.0
70013.95694428208, 101, 1.0
70025.10104257197, 101, 1.0
70044.44830283867, 70, 1.0
70059.18134753675, 83, 1.0
70062.22915657744, 104, 1.0
70092.90106669703, 59, 1.0
70104.00508547123, 101, -1.0
70129.8612477599, 101, -1.0
70141.517565483, 101, -1.0
70169.3454316001, 101, -1.0
70205.30880966301, 70, -1.0
70212.7310893379, 70, 1.0
70215.73414742478, 59, -1.0
70222.10401017066, 83, 1.0
70233.17326928677, 101, -1.0
70246.93237630313, 101, -1.0
70267.66594046887, 54, -1.0
70281.01557723024, 83, 1.0
70291.22208926117, 101, 1.0
70304.33596119311, 101, -1.0
70308.30036895041, 101, 1.0
70327.3046738547, 101, -1.0
70338.7966998958, 101, -1.0
70339.3265724212, 101, -1.0
70344.05281279088, 117, -1.0
70364.7728040601, 70, -1.0
70409.31746059348, 83, 1.0
70429.22109636052, 83, -1.0
70488.5571283403, 104, 1.0
70494.50070903393, 83, -1.0
70498.64236021503, 59, -1.0
70534.3502847177, 133, 1.0
70557.36188507332, 70, -1.0
70557.71344839263, 133, -1.0
70559.2122774852, 101, -1.0
70575.63828526388, 70, -1.0
70580.12178719691, 54, -1.0
70583.94332599058, 54, -1.0
70590.0532204427, 101, -1.0
70595.68697502378, 83, -1.0
70598.42401900339, 104, 1.0
70610.82188963797, 59, 1.0
70638.50663198948, 101, -1.0
70647.74117954251, 70, -1.0
70678.78985107363, 83, 1.0
70692.69467552695, 54, 1.0
70712.76585915664, 83, 1.0
70742.5607670459, 133, 1.0
70754.83548701442, 101, 1.0
70764.06286320506, 133, -1.0
70791.03217935945, 117, -1.0
70801.96334025907, 104, 1.0
70807.7763395127, 59, 1.0
70821.56525842212, 70, -1.0
70873.62959624144, 83, -1.0
70880.20985594188, 101, -1.0
70896.21991451446, 54, -1.0
70940.68636657391, 101, -1.0
70947.49004484645, 54, -1.0
70955.97491479568, 101, 1.0
70957.01902207693, 101, -1.0
70966.13704328037, 59, 1.0
70967.60976130907, 59, 1.0
70993.963143848, 59, 1.0
71006.26853579494, 101, -1.0
71012.56330891431, 83, 1.0
71037.34300985326, 70, -1.0
71040.4652422054, 59, -1.0
71056.36556796145, 133, -1.0
71062.49916414887, 59, 1.0
71064.28151384517, 70, -1.0
71132.38894610264, 83, 1.0
71135.19455412822, 83, -1.0
71143.0373685926, 101, -1.0
71148.60784513965, 101, -1.0
71187.61442193095, 59, 1.0
71199.20889934812, 54, -1.0
71205.95295136941, 101, 1.0
71250.49230959396, 70, -1.0
71253.92410852114, 59, 1.0
71258.37643423943, 54, 1.0
71277.20907202615, 83, 1.0
71289.01076452636, 54, 1.0
71293.97345785685, 83, 1.0
71317.47667492597, 101, 1.0
71318.24916750733, 70, -1.0
71337.45335425326, 117, -1.0
71364.56993074705, 83, -1.0
71372.50760708337, 101, 1.0
71373.39587986661, 70, -1.0
71450.958379705, 83, -1.0
71451.43743331158, 101, -1.0
71473.35243707919, 59, -1.0
71477.77849185778, 117, -1.0
71479.75359495978, 101, -1.0
71484.77266768581, 70, -1.0
71529.32444605652, 83, -1.0
71541.26454252424, 83, 1.0
71566.5262253189, 54, -1.0
71575.28087412826, 101, 1.0
71595.83675644748, 54, -1.0
71596.51850616517, 101, 1.0
71614.26614248352, 70, -1.0
71619.3577123386, 83, -1.0
71619.74454323776, 59, 1.0
71641.16498590323, 70, -1.0
71701.18776030517, 54, 1.0
71702.34808591272, 83, -1.0
71716.88609620453, 54, 1.0
71729.66824328902, 70, -1.0
71743.33792806357, 59, -1.0
71753.85345017734, 104, 1.0
71756.322547637, 101, -1.0
71758.55895278126, 133, 1.0
71764.23328681517, 54, 1.0
71774.48553169903, 59, -1.0
71801.80576673507, 101, -1.0
71803.60157788296, 104, 1.0
71808.20159584387, 101, -1.0
71813.1592082937, 54, 1.0
71841.31083994919, 101, -1.0
71842.25879977172, 117, -1.0
71871.26449986962, 59, -1.0
71916.14553606093, 101, -1.0
71921.62468832309, 83, 1.0
71989.38896802314, 59, 1.0
72001.66603052469, 117, 1.0
72023.62410802407, 101, -1.0
72044.7319539724, 83, 1.0
72097.8278133524, 83, 1.0
72120.80936933744, 59, 1.0
72174.35545492012, 70, -1.0
72193.72773886092, 59, 1.0
72286.97518841775, 59, -1.0
72311.19574116022, 83, 1.0
72329.70490354484, 54, -1.0
72333.82205564095, 70, -1.0
72348.9424092208, 117, -1.0
72356.70448693699, 54, -1.0
72433.10725470536, 101, 1.0
72446.47805343365, 59, 1.0
72464.05519683613, 133, -1.0
72474.74385109215, 101, -1.0
72484.05442775956, 70, -1.0
72489.57538903091, 83, 1.0
72509.27259758269, 59, 1.0
72515.08988517655, 101, 1.0
72541.38828637428, 59, 1.0
72556.90702396118, 83, 1.0
72585.88143023627, 59, -1.0
72614.30496080128, 101, -1.0
72648.26745481796, 54, 1.0
72679.54431882656, 59, -1.0
72694.04125548719, 59, 1.0
72724.73661199081, 59, 1.0
72751.86044360194, 83, -1.0
72793.20531480965, 59, 1.0
72798.31432977166, 70, -1.0
72812.07341653986, 101, -1.0
72859.02670407538, 59, 1.0
72864.86394361044, 70, -1.0
72898.43625131846, 117, 1.0
72917.4486801648, 59, -1.0
72918.94644534988, 59, -1.0
72934.20564980968, 117, 1.0
72957.77996207021, 133, -1.0
72982.39686208664, 117, 1.0
72982.43005662967, 70, -1.0
72983.83388546226, 133, -1.0
73003.58645593288, 104, 1.0
73011.86784465781, 59, 1.0
73059.81364787993, 59, 1.0
73066.54987152218, 83, 1.0
73078.91242793351, 101, -1.0
73087.78602109085, 54, -1.0
73097.44366750037, 117, -1.0
73114.26348885281, 83, 1.0
73115.73876384665, 59, 1.0
73118.97148817852, 101, -1.0
73127.49310220714, 101, 1.0
73283.54442018161, 101, -1.0
73297.2678405273, 101, -1.0
73330.93951405122, 59, -1.0
73406.40667776256, 59, -1.0
73416.76978746978, 104, 1.0
73430.22926044377, 104, 1.0
73439.92311643643, 117, 1.0
73482.04533503018, 104, 1.0
73487.30081826441, 117, 1.0
73493.66985149196, 83, 1.0
73511.35115812386, 54, -1.0
73531.92700087218, 101, -1.0
73537.10722767489, 101, 1.0
73559.385865743, 101, 1.0
73570.41650892657, 117, -1.0
73638.02848045727, 101, -1.0
73653.52299775468, 101, 1.0
73669.18987866625, 54, 1.0
73676.68794465631, 101, -1.0
73676.8388104314, 59, -1.0
73729.48179239506, 117, 1.0
73788.29736744758, 117, 1.0
73804.72863687527, 83, 1.0
73820.59677439235, 83, 1.0
73836.519737281, 101, 1.0
73864.07056144557, 101, -1.0
73874.94418740916, 117, -1.0
73881.11899180165, 59, 1.0
73917.68414394272, 83, 1.0
73924.33639690348, 101, -1.0
73942.34742515313, 117, -1.0
73978.23140922183, 101, -1.0
74023.75523270661, 83, 1.0
74057.07225736661, 59, -1.0
74058.61745213231, 54, -1.0
74087.41976561914, 70, 1.0
74103.44620551224, 59, -1.0
74143.48938763203, 59, 1.0
74163.51907178015, 59, 1.0
74180.95426508028, 101, -1.0
74208.14749604999, 83, 1.0
74218.1878269319, 101, 1.0
74251.77653858306, 133, 1.0
74257.77515850932, 104, 1.0
74281.24997987856, 104, 1.0
74297.29861352286, 117, -1.0
74325.234035185, 59, -1.0
74345.62753744959, 101, -1.0
74369.02536585802, 83, 1.0
74370.75089333016, 59, -1.0
74381.96877175385, 59, -1.0
74414.16326517717, 54, 1.0
74505.83841249296, 59, -1.0
74512.20360783378, 54, 1.0
74552.13358857011, 59, -1.0
74560.41008769875, 101, -1.0
74609.18638837642, 83, 1.0
74615.98966967488, 59, 1.0
74616.81122535073, 101, -1.0
74631.1180395923, 59, 1.0
74676.50662470279, 70, 1.0
74723.56098691121, 83, 1.0
74731.38261770694, 59, 1.0
74810.84216792512, 83, 1.0
74817.7710613012, 117, -1.0
74830.9686843878, 70, -1.0
74843.94037197967, 101, -1.0
74857.58723621618, 101, -1.0
74872.0820704245, 70, -1.0
74926.72679056566, 70, 1.0
74933.50249249695, 117, 1.0
74940.91694570007, 101, -1.0
75025.90013134427, 83, 1.0
75028.29955263509, 101, 1.0
75028.33761647501, 133, -1.0
75034.9934754989, 59, -1.0
75049.5627667018, 83, -1.0
75065.14024875332, 117, 1.0
75133.06364547242, 117, 1.0
75213.48569400248, 117, 1.0
75245.37268727743, 70, -1.0
75257.78301925924, 83, 1.0
75258.59851501437, 83, 1.0
75325.75568593573, 133, -1.0
75328.68157552624, 59, 1.0
75330.16828244925, 54, 1.0
75345.31501972233, 101, -1.0
75380.27595854974, 59, -1.0
75386.5278470694, 101, -1.0
75389.83294174897, 59, -1.0
75401.20762000178, 59, -1.0
75424.983599412, 117, -1.0
75436.21992209734, 101, 1.0
75441.78084882007, 59, -1.0
75443.75573403607, 59, 1.0
75444.06675342456, 59, 1.0
75448.24904525177, 101, -1.0
75500.49881597444, 59, 1.0
75517.90822500714, 83, 1.0
75532.83662606098, 59, -1.0
75558.72179764998, 59, 1.0
75569.5438378796, 59, -1.0
75593.55753591044, 70, -1.0
