25213.606244086168, 75, -1.0
25213.718925728812, 35, -1.0
25215.109796367018, 152, 1.0
25226.6082831954, 152, -1.0
25237.84056794827, 101, 1.0
25239.13405020896, 75, 1.0
25241.60384106182, 35, -1.0
25256.875363267325, 152, -1.0
25266.55347482312, 101, 1.0
25271.111148024724, 101, 1.0
25282.054508440866, 103, 1.0
25283.16349477028, 75, -1.0
25283.338631500665, 35, -1.0
25285.641321114887, 101, -1.0
25286.225226169932, 75, 1.0
25289.61429966638, 101, -1.0
25294.521852160466, 154, 1.0
25297.504474861642, 152, -1.0
25298.913276665335, 152, -1.0
25300.460026820674, 152, -1.0
25322.248013802608, 148, -1.0
25325.064485127277, 75, -1.0
25329.512326026994, 44, -1.0
25347.85442567644, 154, 1.0
25349.54364607106, 154, 1.0
25352.09668137876, 154, 1.0
25355.375399978286, 35, -1.0
25355.4943546353, 101, 1.0
25367.024487502742, 75, 1.0
25368.0884453842, 148, -1.0
25375.372139807638, 75, 1.0
25375.92665387123, 154, 1.0
25385.298306625784, 44, -1.0
25388.70456790754, 75, -1.0
25396.561004179075, 101, 1.0
25397.629365822453, 154, 1.0
25412.56050136043, 35, 1.0
25414.884678515362, 35, -1.0
25420.006068386123, 75, 1.0
25440.101503423637, 152, 1.0
25446.25906285765, 154, 1.0
25455.31709490551, 75, 1.0
25458.21768696176, 152, -1.0
25483.046816883645, 75, 1.0
25483.723046984065, 101, 1.0
25495.863018872653, 103, 1.0
25500.20749208091, 35, -1.0
25503.760849246704, 101, 1.0
25507.394576706494, 154, 1.0
25516.204472305195, 75, 1.0
25525.976865728793, 103, 1.0
25526.24175371585, 75, 1.0
25536.67581691338, 148, -1.0
25537.35371110012, 44, -1.0
25539.954103437256, 44, -1.0
25540.968311045064, 103, 1.0
25554.552839305055, 75, 1.0
25560.717209303486, 35, -1.0
25563.8928310598, 148, -1.0
25564.823928161008, 75, -1.0
25565.466275612507, 103, 1.0
25569.267143357996, 35, -1.0
25573.15542271862, 44, -1.0
25574.128170114436, 75, -1.0
25576.273768197414, 101, 1.0
25584.648996913376, 75, 1.0
25600.14454718274, 35, -1.0
25601.44927340661, 44, -1.0
25602.30195599645, 75, 1.0
25611.140760085797, 75, 1.0
25614.897179775013, 101, 1.0
25619.993289674832, 101, 1.0
25620.455647745173, 75, 1.0
25621.21809113571, 152, 1.0
25622.072212379226, 148, 1.0
25626.138661449397, 103, 1.0
25632.237357487476, 75, 1.0
25638.692980400017, 101, 1.0
25642.420482647627, 152, -1.0
25645.187857742265, 148, 1.0
25662.13537679214, 148, -1.0
25665.046023127365, 101, 1.0
25671.678963951454, 75, 1.0
25674.893199348473, 35, -1.0
25682.260432693765, 44, -1.0
25686.97954523515, 148, -1.0
25696.017379929224, 154, 1.0
25696.83825030862, 154, 1.0
25703.3215240382, 148, -1.0
25723.298569265287, 103, 1.0
25736.531250197386, 75, 1.0
25736.693680606237, 44, -1.0
25736.947591509914, 103, 1.0
25739.775341406847, 35, -1.0
25743.273356532325, 35, -1.0
25750.163939341728, 101, 1.0
25755.35706668002, 152, 1.0
25757.600019372, 75, 1.0
25763.782541496184, 148, 1.0
25768.84690709249, 103, 1.0
25778.83215169841, 154, 1.0
25782.6324431785, 103, 1.0
25785.10992132926, 75, -1.0
25785.81521028079, 35, -1.0
25793.8433805225, 44, -1.0
25815.841575061073, 154, 1.0
25816.268285453927, 75, -1.0
25817.299841448523, 148, -1.0
25819.230435691676, 103, 1.0
25819.407531618683, 35, -1.0
25829.296344360686, 152, 1.0
25833.316495222487, 75, 1.0
25834.75573325195, 35, -1.0
25837.163064618246, 75, 1.0
25840.948531828453, 148, -1.0
25844.65613243012, 35, -1.0
25850.90857925206, 75, 1.0
25866.37272527984, 152, -1.0
25870.332242329652, 103, 1.0
25871.78335087021, 101, 1.0
25872.740938641055, 35, -1.0
25878.062760071574, 103, 1.0
25883.533342933977, 75, -1.0
25890.03613383872, 44, -1.0
25891.922112206394, 101, 1.0
25892.235849578083, 154, 1.0
25895.30154003751, 75, -1.0
25902.322197870504, 75, 1.0
25907.9730195098, 35, -1.0
25908.284020269097, 152, 1.0
25911.074317821145, 152, -1.0
25912.341312643286, 152, -1.0
25914.53619431925, 75, 1.0
25916.59669157253, 35, 1.0
25920.172698309132, 75, 1.0
25924.475143947948, 75, 1.0
25929.181605632726, 35, -1.0
25929.43414830823, 152, -1.0
25959.964469540395, 103, 1.0
25971.404079365646, 152, 1.0
25972.165685889227, 103, 1.0
25977.302011496948, 35, -1.0
25992.432367101723, 103, 1.0
25992.64384469054, 75, 1.0
26000.712423170087, 35, -1.0
26003.597137159555, 35, -1.0
26006.736944105127, 148, -1.0
26010.404762195412, 148, -1.0
26021.130905844733, 152, -1.0
26023.203956677786, 101, 1.0
26023.99053455884, 154, 1.0
26033.495581638213, 103, 1.0
26044.789826272412, 152, -1.0
26047.625285214497, 103, 1.0
26048.6658400364, 101, 1.0
26054.195917352117, 154, 1.0
26054.781973726196, 35, -1.0
26056.532185617172, 101, 1.0
26061.44259233559, 44, -1.0
26069.481051846735, 101, 1.0
26072.76895237373, 75, -1.0
26079.265403906702, 44, -1.0
26083.899148183893, 75, 1.0
26093.98995978258, 152, -1.0
26102.08021151292, 154, -1.0
26107.175685350638, 154, 1.0
26109.471483417114, 35, -1.0
26114.472312118018, 44, -1.0
26115.30690516759, 152, -1.0
26120.10213121819, 75, 1.0
26124.02290169587, 154, 1.0
26127.202968677007, 148, -1.0
26128.68581463908, 152, -1.0
26137.740965964513, 154, 1.0
26146.559356573955, 148, -1.0
26147.89366349361, 152, 1.0
26149.08774127682, 152, -1.0
26149.95034167293, 101, 1.0
26157.250159541727, 103, -1.0
26158.65753496781, 75, -1.0
26159.805467684786, 44, -1.0
26163.377121574213, 154, 1.0
26168.476084244532, 154, 1.0
26173.587673135167, 148, -1.0
26173.71423122781, 35, -1.0
26177.775599678298, 35, -1.0
26180.592116370728, 154, 1.0
26182.665087933514, 35, -1.0
26185.398584937346, 148, -1.0
26192.298208940065, 75, 1.0
26201.02352275711, 75, 1.0
26203.09008920957, 154, 1.0
26204.26408723102, 75, 1.0
26213.4098086169, 75, 1.0
26220.446944976633, 154, 1.0
26225.639371991605, 148, -1.0
26232.004136126747, 148, 1.0
26255.522033603447, 148, -1.0
26257.85402769, 154, 1.0
26260.867956495014, 44, -1.0
26267.607609253257, 35, 1.0
26272.932880645916, 75, -1.0
26276.322027411727, 75, 1.0
26277.983910120976, 75, -1.0
26279.692179500656, 75, 1.0
26285.840885473626, 154, -1.0
26287.55017207633, 101, 1.0
26300.695269734497, 75, 1.0
26301.069251428602, 101, 1.0
26304.620550664902, 35, -1.0
26304.749842471472, 148, -1.0
26310.80992941069, 101, 1.0
26325.293730420974, 154, 1.0
26325.587635539767, 75, 1.0
26332.231970983696, 154, -1.0
26332.97806047006, 75, 1.0
26334.765429094452, 103, 1.0
26334.85384386553, 35, -1.0
26341.781150049348, 152, 1.0
26348.85254049843, 148, -1.0
26351.69419273949, 101, 1.0
26352.11880013244, 35, -1.0
26371.09602059141, 103, 1.0
26374.11267666684, 101, 1.0
26374.32245827089, 101, 1.0
26375.231407232666, 75, 1.0
26383.605821471006, 75, -1.0
26384.62866303311, 148, -1.0
26384.66660073163, 152, -1.0
26390.592366776527, 148, -1.0
26398.36251960316, 154, 1.0
26404.53018364174, 154, 1.0
26405.145207624064, 35, 1.0
26407.977427536, 148, -1.0
26414.32338265031, 35, -1.0
26417.712557517676, 101, 1.0
26419.44932222304, 75, 1.0
26424.166851499624, 75, -1.0
26438.72917638576, 44, -1.0
26444.647250344042, 154, 1.0
26451.243232717374, 101, 1.0
26456.453757292904, 75, 1.0
26474.758706568162, 148, -1.0
26475.301464355623, 148, -1.0
26477.61805449035, 75, 1.0
26496.296079007232, 152, 1.0
26500.56023588739, 75, 1.0
26501.37899961302, 154, 1.0
26502.18472207345, 101, 1.0
26514.153984270924, 154, 1.0
26517.888761323837, 154, 1.0
26528.96772401124, 148, -1.0
26530.778447344175, 154, 1.0
26535.537711658384, 75, -1.0
26541.16529280687, 101, 1.0
26543.039973777315, 35, -1.0
26558.005421542417, 35, -1.0
26558.710115927894, 154, 1.0
26567.193349569054, 75, 1.0
26567.840421386616, 154, 1.0
26575.093429884517, 101, 1.0
26582.319681417488, 44, -1.0
26588.884650471482, 148, -1.0
26591.334472242765, 101, -1.0
26594.332295002663, 75, 1.0
26605.71327742294, 75, 1.0
26612.962842417415, 101, -1.0
26620.375813358474, 154, 1.0
26622.417987904144, 75, 1.0
26627.42528534873, 101, 1.0
26631.154913253235, 75, -1.0
26637.850060189496, 148, -1.0
26638.665042566918, 148, -1.0
26645.987454764858, 152, 1.0
26654.438081676784, 152, 1.0
26657.809315850096, 75, 1.0
26661.274170338256, 101, -1.0
26663.124096923566, 154, 1.0
26667.88360336174, 154, 1.0
26677.14739083143, 103, 1.0
26677.866431820607, 154, 1.0
26683.339933120384, 103, 1.0
26684.62231651245, 44, -1.0
26685.224328941436, 148, -1.0
26691.360326503895, 154, 1.0
26695.00915917977, 103, 1.0
26702.19922373563, 101, 1.0
26711.80425515683, 154, -1.0
26715.70814225988, 154, 1.0
26716.347279053687, 44, -1.0
26717.249639859718, 152, -1.0
26721.147464468308, 35, -1.0
26722.778451632083, 35, 1.0
26724.524387017336, 75, 1.0
26727.44912024085, 103, -1.0
26729.00429083497, 75, 1.0
26732.35262765243, 44, 1.0
26741.96529349136, 103, 1.0
26743.44121225278, 44, -1.0
26744.574886634808, 154, 1.0
26747.52944153807, 75, -1.0
26748.019620033672, 75, 1.0
26752.097569005942, 75, -1.0
26757.352768043147, 75, 1.0
26767.892736810016, 103, 1.0
26774.242222671368, 75, 1.0
26777.537599911364, 44, -1.0
26778.902660581993, 75, -1.0
26780.925730386145, 35, -1.0
26804.157273624853, 44, -1.0
26805.738030938373, 44, -1.0
26811.411444192436, 154, 1.0
26821.128343022992, 75, -1.0
26821.59656837394, 154, 1.0
26832.305761547148, 103, -1.0
26833.207459921123, 154, 1.0
26834.304605953905, 154, 1.0
26835.666024558835, 152, -1.0
26840.219610600107, 44, -1.0
26850.686191036373, 101, 1.0
26851.036342939242, 35, -1.0
26860.27618827221, 103, -1.0
26872.6460737473, 75, 1.0
26884.454142074952, 148, -1.0
26890.23028394602, 75, 1.0
26890.807576839048, 154, 1.0
26891.839155397836, 75, -1.0
26895.108354736134, 154, -1.0
26898.181121472706, 75, 1.0
26901.258821256513, 35, -1.0
26912.570760652354, 154, 1.0
26912.864259095997, 101, 1.0
26920.93242348462, 75, 1.0
26921.955924425973, 75, 1.0
26922.619847655988, 152, 1.0
26930.802250173285, 44, -1.0
26935.57605544906, 154, 1.0
26936.865132191248, 75, 1.0
26945.03841733923, 152, -1.0
26947.42152914079, 75, 1.0
26955.29423673208, 148, -1.0
26962.316720711504, 148, -1.0
26962.67241593861, 75, -1.0
26975.22019414495, 148, -1.0
26977.004756160368, 152, -1.0
26978.739794933364, 152, -1.0
26979.51923737538, 35, -1.0
26986.43731230038, 101, 1.0
26987.294690797993, 35, 1.0
26991.183278545966, 148, -1.0
26992.680555915635, 75, 1.0
27007.391754313434, 44, -1.0
27021.099782376532, 101, 1.0
27022.139951402758, 101, 1.0
27026.799062430466, 154, 1.0
27030.799190928705, 154, 1.0
27036.64627369362, 103, -1.0
27036.91047464469, 103, 1.0
27039.047401789903, 35, -1.0
27040.764406901737, 75, 1.0
27045.003720115157, 35, 1.0
27054.11493787886, 35, -1.0
27069.14678045214, 75, -1.0
27071.704864434185, 75, 1.0
27077.451208565955, 44, -1.0
27087.46265164304, 154, 1.0
27087.703904514772, 152, 1.0
27088.780839670606, 75, 1.0
27096.685093485044, 75, -1.0
27099.740799065337, 44, -1.0
27112.977486969678, 154, 1.0
27116.3986899046, 152, -1.0
27119.84224472065, 154, 1.0
27120.324460270964, 154, -1.0
27122.621604009095, 75, 1.0
27131.938965148987, 75, 1.0
27158.25388871528, 152, -1.0
27158.966836848973, 101, 1.0
27190.442929170935, 103, 1.0
27191.863617232386, 75, -1.0
27196.20351668143, 148, -1.0
27197.574628703707, 35, -1.0
27205.036020209496, 154, 1.0
27206.7741895914, 101, -1.0
27206.98062302246, 152, -1.0
27207.126953806302, 35, -1.0
27211.527125015975, 35, -1.0
27219.709659223958, 75, 1.0
27221.591800757844, 101, 1.0
27223.816550015435, 152, 1.0
27228.36505759126, 154, -1.0
27230.63053989571, 35, -1.0
27232.167110368282, 154, 1.0
27234.66171343585, 44, -1.0
27242.26729873702, 35, -1.0
27246.113540079397, 101, 1.0
27247.446071825583, 101, 1.0
27248.492461033606, 44, -1.0
27248.882092641903, 101, -1.0
27251.412030094765, 101, 1.0
27255.89048232759, 75, -1.0
27261.696208533507, 154, 1.0
27265.503776926158, 75, -1.0
27269.192584397417, 154, 1.0
27270.392396437757, 103, 1.0
27278.60366363852, 154, -1.0
27280.089467712158, 148, -1.0
27283.74962501314, 148, -1.0
27285.976114541438, 75, 1.0
27286.327409958096, 152, 1.0
27287.462481311904, 101, 1.0
27290.176851077376, 103, -1.0
27290.323911617532, 154, 1.0
27303.370781503472, 35, -1.0
27312.812696862486, 103, -1.0
27313.55749174799, 35, -1.0
27320.583887232577, 101, 1.0
27324.20174249525, 44, -1.0
27332.45443225168, 75, 1.0
27335.026387618003, 152, 1.0
27349.493523278543, 154, 1.0
27349.630707142154, 75, 1.0
27349.933202735996, 75, 1.0
27351.89431953127, 152, -1.0
27356.130339905296, 154, 1.0
27356.74427190271, 35, -1.0
27362.376878461746, 75, -1.0
27363.105474088967, 75, -1.0
27368.700812549214, 75, 1.0
27373.87706556124, 44, -1.0
27377.01239839899, 103, 1.0
27392.521080094753, 101, -1.0
27393.745435691788, 154, 1.0
27401.99630695965, 44, 1.0
27404.64004909644, 75, 1.0
27408.478404697868, 35, 1.0
27412.426615672863, 148, -1.0
27422.98333143709, 35, -1.0
27427.815764194645, 75, -1.0
27433.687230225012, 154, -1.0
27437.46842633516, 75, 1.0
27437.976827731614, 101, 1.0
27451.146657615205, 154, -1.0
27453.630243190353, 35, -1.0
27453.964687507156, 103, 1.0
27455.82618385059, 154, 1.0
27467.90202789955, 101, 1.0
27468.98906552117, 75, -1.0
27469.673349155524, 75, 1.0
27471.681187166876, 152, -1.0
27477.44141202714, 152, -1.0
27481.654716672263, 154, 1.0
27484.48984445982, 75, -1.0
27484.60600930023, 103, 1.0
27490.472471379977, 154, 1.0
27490.99583604734, 154, 1.0
27493.02401151557, 44, -1.0
27493.905351200945, 148, -1.0
27497.36744781052, 101, 1.0
27497.491593513543, 152, -1.0
27498.399311253474, 75, 1.0
27500.272222096406, 101, -1.0
27504.952889193984, 75, -1.0
27508.928743031003, 44, -1.0
27511.951434454335, 103, 1.0
27533.999816755786, 75, 1.0
27534.228887248068, 101, 1.0
27535.749764925804, 101, 1.0
27543.84003626398, 148, -1.0
27545.830303998715, 152, 1.0
27548.98387275156, 75, -1.0
27558.13472755727, 101, 1.0
27562.958611266724, 154, -1.0
27564.39897834772, 101, 1.0
27566.934556860444, 35, -1.0
27570.182657769197, 148, -1.0
27570.933659665006, 35, -1.0
27575.94248039971, 103, 1.0
27579.427383461385, 35, -1.0
27591.069696057988, 103, -1.0
27604.647717043837, 154, -1.0
27609.097421889936, 44, -1.0
27635.154055914118, 75, 1.0
27641.953056350398, 103, 1.0
27643.138516371673, 148, -1.0
27643.59493071709, 44, 1.0
27646.57573068967, 75, -1.0
27676.676559278465, 44, -1.0
27694.874649311212, 75, -1.0
27699.229161140847, 103, 1.0
27701.828664014178, 103, -1.0
27706.46088158336, 44, -1.0
27716.655903260264, 152, -1.0
27719.394143077585, 154, 1.0
27719.96201520885, 35, -1.0
27720.393987633357, 103, 1.0
27727.608847749547, 103, 1.0
27728.3840771767, 154, 1.0
27740.68269550856, 75, -1.0
27741.65892133384, 152, -1.0
27748.63255877948, 44, 1.0
27749.629866478044, 148, -1.0
27751.014192248953, 35, -1.0
27760.87066069233, 44, -1.0
27763.292862378516, 75, 1.0
27770.70895892728, 148, -1.0
27773.128669681508, 101, 1.0
27776.126709271186, 75, 1.0
27776.159824111826, 154, 1.0
27791.257826269008, 148, -1.0
27792.297297786325, 148, -1.0
27805.703781216875, 154, 1.0
27806.056705026847, 148, -1.0
27811.62891771367, 152, -1.0
27811.933316642753, 35, -1.0
27813.16291600109, 75, 1.0
27814.745201724905, 75, 1.0
27817.02153447081, 103, -1.0
27817.17131794544, 152, -1.0
27822.151999112983, 154, 1.0
27823.03479251706, 101, -1.0
27825.030313081577, 148, -1.0
27825.5196983493, 148, -1.0
27828.314813012486, 103, 1.0
27828.96212792542, 152, -1.0
27838.754915386366, 101, 1.0
27838.987060622858, 152, 1.0
27840.067144195305, 35, -1.0
27841.1665051411, 35, -1.0
27843.668876753043, 148, -1.0
27847.415379244034, 44, -1.0
27853.944750805436, 75, 1.0
27854.36162109166, 101, -1.0
27863.107853770794, 154, -1.0
27864.367298584584, 75, 1.0
27876.564888322693, 75, 1.0
27877.106214717016, 103, -1.0
27878.311663627, 75, 1.0
27884.176588927272, 101, 1.0
27891.305707793224, 154, 1.0
27891.886723813634, 154, 1.0
27901.907092586105, 35, -1.0
27909.13430764441, 148, 1.0
27916.953077231083, 44, -1.0
27922.47509880161, 44, -1.0
27923.89684104414, 154, 1.0
27930.359132721816, 101, 1.0
27937.512872171323, 103, 1.0
27958.157236200255, 35, -1.0
27960.423614449202, 35, 1.0
27968.00366731293, 103, 1.0
27968.181762115026, 154, 1.0
27968.696472445874, 148, -1.0
27978.01640251037, 152, 1.0
27990.35483270743, 154, 1.0
27995.504399391786, 154, 1.0
27999.639024142645, 35, 1.0
28004.99685172399, 101, 1.0
28013.914117083183, 75, 1.0
28018.225145874258, 75, 1.0
28018.982478653, 148, -1.0
28019.47406486532, 75, -1.0
28023.268407863943, 101, -1.0
28024.00096293974, 75, -1.0
28028.64457099035, 154, 1.0
28028.95926014458, 44, -1.0
28029.000678956334, 152, -1.0
28038.077119634716, 75, -1.0
28040.968549066827, 44, -1.0
28042.118030767124, 101, -1.0
28042.592514240343, 101, -1.0
28044.50425571314, 101, 1.0
28054.983685591615, 75, 1.0
28060.394810035003, 44, -1.0
28071.38620078763, 152, -1.0
28074.66076336039, 35, -1.0
28074.725266647143, 35, -1.0
28080.776440226648, 148, -1.0
28085.89318897269, 44, -1.0
28109.741750413654, 101, 1.0
28114.63111673119, 154, 1.0
28117.98419798822, 101, 1.0
28121.5595151137, 44, -1.0
28121.874766835528, 44, -1.0
28122.048599007474, 101, 1.0
28122.75584335086, 152, -1.0
28124.058642204927, 148, -1.0
28127.775614991988, 35, -1.0
28128.827411018654, 75, 1.0
28144.192141458323, 75, 1.0
28149.08555745734, 101, 1.0
28157.155483341583, 148, -1.0
28161.627692273672, 103, -1.0
28167.99249370836, 152, -1.0
28175.862355940266, 75, 1.0
28199.01003399525, 101, 1.0
28207.86490158412, 75, 1.0
28211.88518307516, 44, -1.0
28221.38177789553, 101, 1.0
28226.27963799204, 75, 1.0
28231.360732020872, 75, 1.0
28232.248290755124, 152, 1.0
28232.252956835255, 148, -1.0
28233.442111776603, 101, -1.0
28240.378774005934, 148, -1.0
28244.110461841796, 35, -1.0
28246.041190865897, 103, -1.0
28246.639507713815, 75, -1.0
28250.443782483933, 101, -1.0
28252.72951319245, 148, -1.0
28265.069923434916, 148, -1.0
28272.97406825667, 152, -1.0
28274.403462725575, 44, 1.0
28275.609180915446, 44, -1.0
28280.57521493604, 44, -1.0
28306.51523001324, 35, -1.0
28309.291067274014, 103, 1.0
28312.467906292917, 75, 1.0
28312.55764563194, 75, 1.0
28313.288777926024, 101, 1.0
28323.838878649487, 44, -1.0
28326.860724159822, 75, 1.0
28331.087691235276, 148, -1.0
28331.261435072516, 101, 1.0
28332.28734863976, 154, 1.0
28341.707700298855, 44, -1.0
28348.798508393316, 75, -1.0
28355.78253509377, 44, -1.0
28365.243268547125, 44, -1.0
28368.58653223861, 101, 1.0
28369.184361467494, 152, -1.0
28371.771067670044, 101, 1.0
28376.12408958764, 75, 1.0
28376.25876214604, 75, 1.0
28380.0737610891, 152, -1.0
28383.597959240862, 103, 1.0
28384.8012774627, 154, -1.0
28388.347935087993, 152, -1.0
28392.003156594008, 75, 1.0
28392.630071606975, 101, 1.0
28409.229181650488, 35, -1.0
28414.644398954886, 75, 1.0
28416.288343902783, 154, 1.0
28422.15722375044, 152, -1.0
28432.039963548148, 148, -1.0
28444.23219828288, 152, -1.0
28451.141281078606, 35, -1.0
28455.815741413495, 154, 1.0
28461.515130051357, 154, 1.0
28466.616731299277, 148, -1.0
28468.871249608834, 101, 1.0
28469.10418788063, 148, -1.0
28470.91751767665, 35, -1.0
28480.895604989648, 152, 1.0
28486.578110407554, 154, 1.0
28490.416981338905, 75, 1.0
28502.127936617086, 103, 1.0
28505.270867714855, 75, 1.0
28509.578777992312, 154, 1.0
28510.010813544042, 75, 1.0
28511.361262821123, 101, 1.0
28515.42520701591, 44, -1.0
28517.169398860176, 44, -1.0
28525.296970101066, 101, 1.0
28532.290164941423, 152, -1.0
28533.63934499539, 101, 1.0
28534.881706512515, 35, -1.0
28535.664941962616, 101, 1.0
28541.739932255336, 35, -1.0
28545.524979289883, 35, -1.0
28547.785035201665, 35, -1.0
28550.306628997554, 152, -1.0
28550.97010751225, 75, 1.0
28553.891063821873, 35, -1.0
28554.084759252004, 154, 1.0
28558.430290564243, 152, -1.0
28562.886915416093, 35, -1.0
28564.8039589145, 103, 1.0
28570.096219745716, 148, -1.0
28576.273471890407, 103, -1.0
28577.510541483483, 75, 1.0
28580.70583922225, 44, -1.0
28581.15351741624, 35, -1.0
28587.223599356563, 152, -1.0
28587.34513975195, 152, -1.0
28590.393906119236, 103, -1.0
28591.952244714103, 148, -1.0
28595.043896728697, 148, -1.0
28597.65579829095, 152, 1.0
28603.113725687857, 154, -1.0
28606.82456340744, 101, 1.0
28613.085060957008, 101, 1.0
28616.084394101843, 75, 1.0
28618.16673212319, 101, -1.0
28622.991618306893, 154, -1.0
28640.1602068565, 44, 1.0
28640.68414885793, 101, 1.0
28642.494136826626, 35, -1.0
28642.770659722875, 35, -1.0
28643.624485209828, 75, 1.0
28658.934807981885, 101, 1.0
28660.059563508446, 148, -1.0
28662.732752680266, 75, 1.0
28669.109305999744, 101, 1.0
28670.230065203796, 152, -1.0
28678.281262380806, 154, 1.0
28678.848209182095, 154, 1.0
28688.117264436136, 152, -1.0
28695.42732577644, 152, -1.0
28705.151602809176, 101, -1.0
28709.28911010512, 35, -1.0
28710.2049528958, 148, -1.0
28725.904928865584, 154, 1.0
28727.977938971046, 35, -1.0
28733.01027698716, 148, -1.0
28739.68752106361, 101, 1.0
28747.732140592925, 75, -1.0
28747.87488006056, 35, -1.0
28751.74476730112, 152, -1.0
28756.11307323652, 152, -1.0
28763.853084374532, 75, 1.0
28770.023587140473, 152, -1.0
28774.744091819895, 103, 1.0
28775.72187408486, 152, 1.0
28779.56126636963, 75, 1.0
28780.803027494927, 35, 1.0
28790.795425519682, 152, -1.0
28811.351517946627, 148, -1.0
28811.998090865764, 35, 1.0
28817.643116049596, 44, -1.0
28819.64498145939, 101, 1.0
28822.54117054486, 35, -1.0
28829.007982236417, 75, 1.0
28833.45536952662, 35, 1.0
28837.08704382197, 101, 1.0
28878.27454982205, 103, -1.0
28881.569550424945, 154, -1.0
28883.4233916034, 35, -1.0
28885.11122372365, 152, 1.0
28885.341557082724, 103, 1.0
28887.649795954156, 101, 1.0
28896.584376136507, 75, 1.0
28902.9417933722, 75, 1.0
28905.287106356303, 75, 1.0
28909.781018522855, 75, 1.0
28917.391744500073, 154, 1.0
28917.74147243547, 75, -1.0
28919.986041123884, 75, 1.0
28923.921214436552, 75, 1.0
28926.26260321282, 101, -1.0
28931.736008688214, 101, -1.0
28943.643635152945, 75, 1.0
28948.80865283141, 152, -1.0
28950.66848172331, 152, 1.0
28950.8957834394, 44, -1.0
28951.7884451095, 148, -1.0
28951.960119599156, 44, 1.0
28962.946447794242, 101, 1.0
28965.747553597645, 148, -1.0
28967.4997088157, 101, 1.0
28970.750754671277, 101, 1.0
28970.91708773257, 154, -1.0
28992.277603496033, 35, -1.0
28998.400215884456, 75, 1.0
28999.626140695993, 101, 1.0
28999.62887741446, 152, -1.0
29004.28867808855, 148, -1.0
29012.04087531598, 44, 1.0
29015.173476590204, 154, 1.0
29025.903931463086, 75, 1.0
29040.067602200033, 152, -1.0
29046.807820494236, 101, -1.0
29052.91815710265, 35, -1.0
29060.53651690822, 75, 1.0
29075.162390032514, 101, 1.0
29089.28992792378, 75, 1.0
29092.15059152973, 75, 1.0
29097.068606260465, 101, -1.0
29098.394264833652, 44, -1.0
29107.27437462893, 103, 1.0
29109.290987872217, 35, 1.0
29109.412402382804, 75, 1.0
29116.35608651247, 35, -1.0
29118.059506510872, 75, -1.0
29118.278203969614, 152, 1.0
29118.41873563111, 103, 1.0
29140.125681321435, 152, -1.0
29140.989406268487, 101, -1.0
29148.903448000157, 75, 1.0
29152.096250943036, 103, 1.0
29198.112716210424, 148, 1.0
29201.063750656904, 154, -1.0
29209.324366731533, 101, 1.0
29217.34823443339, 152, 1.0
29221.525543867327, 154, -1.0
29235.333786021696, 154, 1.0
29242.589512996637, 35, -1.0
29255.401059889562, 154, -1.0
29261.318039895144, 152, -1.0
29262.324293524005, 103, 1.0
29271.25960929875, 75, 1.0
29271.831583517, 101, -1.0
29274.373779406746, 148, -1.0
29281.176854977595, 101, -1.0
29295.982236434127, 35, -1.0
29296.11652567425, 101, 1.0
29301.128478850685, 101, 1.0
29311.26123119025, 148, -1.0
29313.85326145568, 154, 1.0
29322.902868549492, 101, 1.0
29328.809336755436, 154, -1.0
29335.636589997437, 44, -1.0
29345.901552799078, 75, 1.0
29366.530802853562, 101, -1.0
29368.418896710573, 44, -1.0
29369.945922582505, 152, 1.0
29376.1594771727, 101, -1.0
29380.156268548017, 35, 1.0
29382.23160361581, 35, -1.0
29388.257960983323, 35, 1.0
29394.716181871972, 101, 1.0
29394.895008130115, 75, 1.0
29402.715153615085, 101, 1.0
29402.730961499357, 154, 1.0
29406.701367681177, 35, 1.0
29412.970320245106, 101, 1.0
29418.57791328359, 35, 1.0
29420.15960734651, 101, 1.0
29424.043444050287, 148, -1.0
29437.307841117603, 148, -1.0
29446.472207681294, 35, -1.0
29459.837789418605, 101, -1.0
29482.321718842326, 101, -1.0
29489.490171938687, 35, -1.0
29503.615779903263, 75, 1.0
29508.216243117808, 103, -1.0
29511.965344428198, 154, -1.0
29514.305472225642, 35, 1.0
29518.784144726025, 35, 1.0
29527.398034377547, 148, 1.0
29530.898137971148, 103, -1.0
29541.330561708575, 154, -1.0
29549.239359771214, 101, 1.0
29554.26126843345, 101, -1.0
29564.782668928852, 148, 1.0
29566.00967717872, 101, 1.0
29586.21062950003, 101, -1.0
29589.73343542062, 154, -1.0
29612.976989306593, 103, -1.0
29616.59984507529, 103, -1.0
29619.486235582277, 35, 1.0
29632.450758406598, 44, 1.0
29649.088749499053, 101, 1.0
29664.594908121486, 35, -1.0
29669.08406311021, 35, 1.0
29671.776430571033, 152, 1.0
29691.381312588615, 103, -1.0
29701.38724943783, 75, 1.0
29706.045944082412, 101, 1.0
29721.693838370673, 103, 1.0
29734.518266591218, 154, 1.0
29740.73253688244, 35, -1.0
29746.74873746532, 101, -1.0
29750.497072668197, 75, 1.0
29750.971685442077, 101, -1.0
29756.787074992757, 35, 1.0
29757.192128660008, 101, 1.0
29757.742277745023, 101, 1.0
29759.815104812715, 101, 1.0
29777.686801412972, 101, 1.0
29784.787224896623, 101, -1.0
29787.954763964015, 101, 1.0
29791.692012261778, 152, -1.0
29798.8249500388, 101, 1.0
29802.448164169036, 35, -1.0
29802.49837570695, 75, 1.0
29803.510768437536, 103, 1.0
29806.107937620338, 35, 1.0
29806.136063870857, 148, -1.0
29806.92936935505, 152, 1.0
29809.846008885816, 103, -1.0
29810.69795184027, 154, -1.0
29820.38982247462, 101, 1.0
29832.592250813646, 148, -1.0
29833.578506326965, 101, -1.0
29835.211197477725, 101, -1.0
29835.43867449837, 75, 1.0
29841.6515324495, 101, -1.0
29850.449234537537, 148, -1.0
29850.728417973547, 154, -1.0
29861.672204851933, 103, -1.0
29895.749741896543, 152, -1.0
29895.90165966046, 35, 1.0
29909.12012719503, 101, -1.0
29914.208240543136, 154, -1.0
29924.63245218652, 152, -1.0
29930.66915404069, 35, 1.0
29976.177030815572, 35, -1.0
29977.52659051352, 154, 1.0
29981.473952737142, 101, 1.0
29986.541906684186, 152, -1.0
29999.45178198692, 75, -1.0
30005.408676030995, 35, 1.0
30012.320119578548, 148, -1.0
30035.525897883857, 101, 1.0
30049.72844420131, 75, -1.0
30053.840984951887, 75, -1.0
30057.556442848752, 35, -1.0
30062.895056757745, 152, -1.0
30067.165669021793, 101, 1.0
30071.31078251893, 44, -1.0
30079.61869218011, 35, -1.0
30086.87369402691, 101, 1.0
30087.16464715096, 101, 1.0
30089.26933952248, 101, -1.0
30090.092356047524, 154, -1.0
30109.568365426214, 101, 1.0
30114.296523695877, 35, -1.0
30116.799118269413, 75, -1.0
30123.94578885433, 152, 1.0
30129.36857983928, 152, -1.0
30134.569534014194, 101, 1.0
30136.304083370356, 103, 1.0
30166.328359596955, 103, -1.0
30170.768517368735, 103, -1.0
30179.369437255515, 75, 1.0
30183.93900955695, 154, 1.0
30193.205154964147, 101, -1.0
30203.113616879164, 35, -1.0
30206.341035430265, 103, -1.0
30209.632287712935, 101, 1.0
30219.68421029039, 103, 1.0
30223.783710831074, 103, 1.0
30228.4120874301, 35, 1.0
30231.09683674553, 148, -1.0
30238.677516018484, 148, -1.0
30246.852943965347, 148, 1.0
30247.273206890917, 75, 1.0
30252.824002783214, 152, -1.0
30254.298542849065, 103, 1.0
30257.304349576923, 35, 1.0
30259.146886632443, 154, 1.0
30263.707012141844, 75, 1.0
30267.839951026082, 101, -1.0
30274.10424377514, 75, -1.0
30279.351918234846, 101, -1.0
30283.297875307166, 35, 1.0
30289.32883957491, 101, 1.0
30293.8709464509, 75, 1.0
30309.609905999772, 101, -1.0
30326.232175090452, 103, -1.0
30327.385105825353, 44, -1.0
30334.533447485228, 44, -1.0
30338.253715524967, 103, 1.0
30342.872605071367, 154, 1.0
30343.388480388807, 148, -1.0
30392.407394886344, 101, 1.0
30394.400913057558, 75, 1.0
30400.84586212339, 148, -1.0
30412.533062919716, 44, 1.0
30416.027714114738, 101, 1.0
30420.71422953552, 154, 1.0
30431.111703760766, 103, 1.0
30433.21033155931, 154, 1.0
30433.521821942642, 152, 1.0
30450.843641082538, 101, -1.0
30451.90002849367, 101, 1.0
30470.472284300085, 75, 1.0
30473.049365577772, 101, -1.0
30486.44917712824, 152, 1.0
30489.068698018113, 101, 1.0
30489.106300786494, 152, -1.0
30499.140527541174, 35, 1.0
30500.04308373187, 101, 1.0
30502.27632538784, 101, 1.0
30521.391943467872, 35, 1.0
30522.781626521977, 148, -1.0
30526.206309371493, 44, 1.0
30526.523703197705, 75, 1.0
30530.613067889164, 101, -1.0
30538.217880352462, 35, -1.0
30538.44808533293, 101, 1.0
30572.100787309508, 103, 1.0
30572.52188028238, 154, 1.0
30578.51662261857, 75, 1.0
30589.25881616401, 152, 1.0
30596.70025745215, 75, 1.0
30614.91056645235, 101, -1.0
30629.05748942304, 101, -1.0
30630.432790840998, 101, 1.0
30643.39941609993, 101, -1.0
30648.015465558692, 35, 1.0
30664.54722082122, 101, 1.0
30669.133745453535, 154, 1.0
30673.375081212547, 154, -1.0
30676.00493749423, 152, -1.0
30676.443144728808, 101, 1.0
30682.97297596047, 103, -1.0
30685.246514016162, 35, 1.0
30687.233040128747, 101, 1.0
30692.870413419358, 75, 1.0
30693.166183274934, 154, -1.0
30712.695145728212, 101, 1.0
30723.560967135396, 75, 1.0
30723.60394783925, 152, -1.0
30733.00867998067, 101, 1.0
30742.18550293946, 148, 1.0
30743.369632183152, 103, -1.0
30747.208824562444, 75, 1.0
30749.173521783458, 148, -1.0
30751.86008365577, 35, -1.0
30752.13188820383, 101, -1.0
30758.002071803927, 103, 1.0
30759.83316601506, 103, -1.0
30761.594452442667, 101, 1.0
30770.087173264477, 35, -1.0
30771.755758377967, 101, 1.0
30788.225805219026, 154, 1.0
30788.92617034329, 35, -1.0
30816.601467852575, 103, -1.0
30829.484322669872, 35, 1.0
30835.945669024928, 101, 1.0
30845.067416501464, 35, -1.0
30871.128805582986, 154, 1.0
30875.28167100764, 101, -1.0
30884.243019466492, 103, -1.0
30889.206435927335, 154, -1.0
30890.88793517189, 103, 1.0
30902.000801583876, 103, 1.0
30905.565166875447, 101, 1.0
30905.898621750643, 75, 1.0
30907.028820812506, 35, 1.0
30911.404396374437, 148, -1.0
30918.46610318175, 44, -1.0
30920.05039558458, 35, 1.0
30942.467357057067, 154, 1.0
30943.158460072133, 44, -1.0
30958.188918188738, 101, -1.0
30964.13710336668, 35, 1.0
30977.117328934415, 154, -1.0
30998.75995388646, 154, 1.0
31010.763340946338, 35, 1.0
31013.521792142314, 44, 1.0
31015.992200975743, 148, 1.0
31024.365554012315, 101, 1.0
31025.475601166087, 35, -1.0
31026.929372611252, 148, -1.0
31032.99083906479, 101, -1.0
31036.19427717666, 154, 1.0
31047.48299501189, 35, 1.0
31048.321090588834, 75, 1.0
31050.99725902312, 152, 1.0
31052.057463721547, 101, 1.0
31063.082551744876, 35, -1.0
31065.525218979306, 75, 1.0
31076.94178369872, 101, -1.0
31080.415125623804, 154, -1.0
31082.064317108754, 152, -1.0
31089.744682489258, 44, -1.0
31095.48082509872, 103, 1.0
31108.933599649314, 44, -1.0
31119.09433178911, 154, 1.0
31126.44336500277, 148, -1.0
31130.870608055524, 35, 1.0
31133.30091692195, 44, 1.0
31135.218126610638, 148, 1.0
31136.511250115673, 152, -1.0
31138.617029226785, 101, 1.0
31138.91379224028, 101, 1.0
31139.011605676867, 101, -1.0
31156.86113093183, 75, 1.0
31156.95894377285, 148, -1.0
31165.434268267007, 103, 1.0
31179.380740296372, 103, -1.0
31181.864644326746, 35, 1.0
31191.606298503582, 103, 1.0
31197.583817540526, 101, 1.0
31201.687437469485, 148, 1.0
31202.06556726618, 35, -1.0
31203.87629451304, 75, 1.0
31212.184093136522, 101, 1.0
31221.880699384626, 103, -1.0
31222.940046548287, 35, 1.0
31223.39124266492, 152, -1.0
31224.368173223986, 148, 1.0
31226.6948740189, 35, -1.0
31230.60277048949, 75, -1.0
31238.725610126505, 35, -1.0
31242.45607385729, 154, 1.0
31252.6236364614, 152, 1.0
31252.78316847944, 148, -1.0
31257.98797663212, 101, 1.0
31264.054055376953, 101, -1.0
31269.757962415133, 35, 1.0
31286.26055661455, 44, -1.0
31289.799510980785, 103, -1.0
31291.083190117784, 75, 1.0
31304.613474236015, 75, -1.0
31308.687545216002, 44, -1.0
31324.97946826626, 101, 1.0
31325.481408267508, 101, 1.0
31339.323433565074, 103, 1.0
31340.404927088366, 35, -1.0
31363.001891327, 101, 1.0
31363.511935205075, 35, -1.0
31363.958887627417, 103, -1.0
31364.33703400963, 154, -1.0
31375.697517808698, 101, 1.0
31389.36292108227, 44, -1.0
31390.554141714365, 152, 1.0
31420.71154847728, 148, -1.0
31423.032889995073, 101, 1.0
31424.505385280456, 35, 1.0
31426.73558600878, 75, 1.0
31428.060215862748, 101, 1.0
31428.212098928947, 148, -1.0
31428.736947309037, 154, -1.0
31442.58836630461, 75, 1.0
31451.92080916271, 148, 1.0
31461.0186875969, 101, 1.0
31482.45940313171, 148, -1.0
31483.019393077626, 101, 1.0
31491.7838893176, 44, -1.0
31495.208371696182, 103, 1.0
31500.87825571104, 152, -1.0
31527.620109957035, 152, -1.0
31534.05805262902, 101, 1.0
31541.77895886261, 103, -1.0
31544.62549608467, 44, -1.0
31545.198742502773, 152, -1.0
31575.149002485872, 101, -1.0
31586.769484833316, 75, 1.0
31597.924671805507, 101, 1.0
31600.766390650064, 44, -1.0
31607.729965529994, 35, 1.0
31611.653350886212, 101, 1.0
31612.101144452994, 148, -1.0
31622.184662252257, 75, 1.0
31626.69694161499, 35, 1.0
31629.932884774367, 35, -1.0
31633.548795986728, 75, 1.0
31634.989945279936, 148, -1.0
31648.236589413358, 75, 1.0
31649.524927090366, 35, 1.0
31650.05159115108, 44, 1.0
31652.742132995867, 148, -1.0
31656.736446352385, 152, -1.0
31664.603673978057, 154, -1.0
31669.29004436498, 154, 1.0
31674.30854448725, 148, -1.0
31674.746131021504, 148, -1.0
31678.61871618764, 75, 1.0
31680.620390046082, 154, 1.0
31685.88091547254, 101, -1.0
31695.498237837244, 35, -1.0
31696.135219747455, 152, -1.0
31698.28486494593, 148, -1.0
31714.964432826848, 103, -1.0
31716.956488555505, 101, -1.0
31717.708671136723, 101, 1.0
31722.975509823118, 35, 1.0
31731.87959363293, 154, 1.0
31739.317240859295, 154, -1.0
31739.753818271492, 35, 1.0
31740.9545478513, 154, 1.0
31757.356794305237, 75, 1.0
31762.615762131158, 35, -1.0
31763.35688903426, 101, -1.0
31764.678380948753, 101, 1.0
31770.8941225039, 152, -1.0
31776.86491087848, 101, -1.0
31777.451872929774, 35, -1.0
31779.673326920987, 75, 1.0
31795.67183015169, 75, -1.0
31799.574515734013, 35, -1.0
31809.832891041362, 75, 1.0
31812.292794650453, 35, 1.0
31814.070713478563, 35, -1.0
31815.20368534012, 101, -1.0
31816.63169607497, 103, -1.0
31831.540309306307, 154, 1.0
31842.12903115563, 44, -1.0
31848.898173575886, 35, 1.0
31873.425832674147, 35, -1.0
31873.925493445517, 35, 1.0
31882.657617677, 75, 1.0
31884.787629738836, 103, -1.0
31893.980887423037, 44, 1.0
31894.54757456788, 101, 1.0
31897.654926422154, 75, 1.0
31904.352872084793, 101, 1.0
31906.244922043003, 101, 1.0
31919.72952924615, 101, 1.0
31921.77000424493, 101, 1.0
31922.9804939305, 101, 1.0
31930.17909106868, 154, 1.0
31936.501721592016, 44, -1.0
31936.902606677206, 103, 1.0
31937.587551810062, 75, 1.0
31938.237984826304, 44, -1.0
31939.384327492404, 103, -1.0
31945.161450314496, 75, 1.0
31946.10960728484, 152, -1.0
31951.86139987745, 75, 1.0
31958.189213548627, 103, 1.0
31960.74727880736, 152, 1.0
31969.104963314294, 148, -1.0
31969.148803947806, 154, 1.0
31971.213465877103, 75, 1.0
31979.65659569313, 101, 1.0
31998.90034326621, 152, -1.0
31999.944627934266, 154, -1.0
32001.07913915883, 154, -1.0
32006.091097205746, 75, 1.0
32016.467649765094, 101, 1.0
32016.50667685692, 75, 1.0
32034.38045005314, 148, -1.0
32034.444943493247, 101, -1.0
32035.626115352803, 101, 1.0
32047.534625193308, 75, -1.0
32047.77561476423, 35, 1.0
32052.64625175273, 152, -1.0
32059.880505031007, 75, 1.0
32067.090515468368, 75, 1.0
32087.842144504822, 148, -1.0
32089.873013566255, 75, 1.0
32098.054504930937, 101, 1.0
32103.531414602592, 152, 1.0
32107.814042696245, 148, -1.0
32113.084856927508, 154, -1.0
32133.67524593692, 75, 1.0
32137.40420583214, 101, 1.0
32140.37409223613, 103, -1.0
32143.32142045149, 152, -1.0
32153.05734103998, 148, -1.0
32171.006287065902, 35, 1.0
32178.969243157393, 103, 1.0
32185.53347431954, 75, 1.0
32187.63479161241, 75, 1.0
32191.409725999325, 152, 1.0
32202.059905186754, 103, -1.0
32202.38265874517, 35, 1.0
32203.360225759585, 154, 1.0
32208.007783990244, 75, -1.0
32214.391891894804, 35, -1.0
32221.3651392106, 154, 1.0
32223.995471100083, 35, 1.0
32224.54812969383, 35, -1.0
32240.859819625824, 101, 1.0
32241.619174307114, 148, -1.0
32241.956368956857, 101, -1.0
32246.129976270895, 101, -1.0
32265.910257691787, 75, 1.0
32279.085046722164, 148, -1.0
32306.129070167797, 101, 1.0
32312.70408900451, 148, -1.0
32324.302898493966, 103, -1.0
32326.2847732109, 148, -1.0
32335.411863567413, 152, -1.0
32341.5569407687, 154, -1.0
32357.136593350326, 101, 1.0
32357.740053885023, 148, -1.0
32369.165571057827, 35, 1.0
32375.040118800956, 152, -1.0
32383.672711911568, 154, -1.0
32399.06556225664, 154, -1.0
32405.35088791732, 152, -1.0
32408.42007824923, 154, -1.0
32409.05260346316, 35, -1.0
32417.3089780146, 75, 1.0
32431.779789986424, 75, -1.0
32434.260974857618, 75, 1.0
32434.548401971195, 154, 1.0
32435.218670510425, 152, -1.0
32445.982255142822, 101, -1.0
32446.666160977045, 35, -1.0
32452.107373810177, 35, -1.0
32452.237786198064, 154, 1.0
32459.99262511218, 152, -1.0
32460.2871669857, 152, -1.0
32467.898520372488, 35, -1.0
32471.35836854869, 154, -1.0
32473.143628274735, 103, 1.0
32485.677951217895, 101, -1.0
32490.821259485216, 101, 1.0
32492.55663399166, 35, -1.0
32499.99367088146, 148, -1.0
32502.1846948901, 75, 1.0
32507.74513212087, 101, -1.0
32509.014421111584, 103, 1.0
32517.676879232095, 75, 1.0
32521.403915916697, 75, -1.0
32532.263001936622, 152, 1.0
32544.319668818967, 35, 1.0
32545.59962263939, 35, -1.0
32546.535916361405, 101, 1.0
32546.807887665913, 152, -1.0
32557.784037004832, 154, -1.0
32559.13973434055, 101, -1.0
32570.3863981791, 75, -1.0
32576.542939601768, 44, -1.0
32577.887522861496, 103, 1.0
32578.708084714148, 103, 1.0
32581.37501573442, 101, -1.0
32590.858209711874, 35, -1.0
32592.75422394698, 148, -1.0
32604.44849511135, 75, 1.0
32614.10634796502, 35, -1.0
32614.935530054267, 75, 1.0
32615.171870311504, 35, -1.0
32616.067125771257, 148, -1.0
32620.91554634363, 35, -1.0
32630.718564590792, 101, 1.0
32636.11201020202, 35, -1.0
32642.844503128967, 154, -1.0
32652.535682273694, 35, -1.0
32655.892579190935, 152, 1.0
32657.868007652793, 75, -1.0
32660.36286378543, 35, -1.0
32660.699127818796, 148, -1.0
32661.022168898166, 152, 1.0
32674.23148219904, 101, -1.0
32674.640359699803, 154, -1.0
32676.969529749727, 152, -1.0
32695.44099117717, 103, -1.0
32696.435985987177, 35, -1.0
32699.16954723619, 154, 1.0
32712.85113274332, 35, -1.0
32713.39524388634, 103, 1.0
32717.382425529275, 152, -1.0
32719.2434516173, 35, -1.0
32719.51418884281, 103, 1.0
32726.050434606706, 152, -1.0
32727.58552612633, 148, -1.0
32731.18937080869, 35, -1.0
32735.38157403988, 103, -1.0
32739.991723621883, 44, 1.0
32746.33355680197, 154, 1.0
32758.283862513366, 35, 1.0
32759.987250763083, 152, -1.0
32762.863392429674, 103, -1.0
32769.024467230134, 75, 1.0
32775.35706282533, 35, -1.0
32781.86908638853, 101, 1.0
32785.29960507529, 35, 1.0
32786.02877144878, 152, -1.0
32788.22244437993, 75, -1.0
32801.631932921715, 75, 1.0
32805.22579778676, 35, 1.0
32805.3010888476, 35, -1.0
32805.840487178255, 35, 1.0
32808.09682760013, 148, -1.0
32808.627131837595, 101, 1.0
32811.60790223682, 101, -1.0
32814.831453603925, 148, -1.0
32818.04930267037, 75, 1.0
32821.12790206379, 148, -1.0
32822.93406948491, 103, 1.0
32836.66613762701, 154, -1.0
32837.120922076705, 75, 1.0
32842.19480209453, 44, -1.0
32844.53230724076, 101, 1.0
32846.97087190986, 75, -1.0
32853.29621995388, 103, -1.0
32854.021223518364, 152, -1.0
32855.18028968181, 35, 1.0
32877.26529738599, 148, -1.0
32897.97873344459, 148, -1.0
32899.63951097646, 148, -1.0
32902.773341267384, 101, 1.0
32904.81814371171, 35, 1.0
32905.12477760932, 152, -1.0
32906.88262790197, 103, -1.0
32907.11491094558, 101, 1.0
32911.02381382883, 101, 1.0
32912.52108617873, 152, 1.0
32919.89258170245, 101, -1.0
32926.557970852315, 148, 1.0
32932.54052785682, 35, -1.0
32932.840108265846, 152, -1.0
32934.272744405964, 101, -1.0
32934.6505897381, 44, -1.0
32937.212459084105, 101, -1.0
32949.504996868476, 44, 1.0
32949.991132551295, 148, -1.0
32952.0848612179, 148, -1.0
32954.84540213984, 101, 1.0
32958.44412950729, 35, 1.0
32975.76859154135, 35, 1.0
32976.679927755235, 75, -1.0
32984.79404378658, 44, -1.0
32988.484530866706, 75, -1.0
32995.62651531974, 101, 1.0
32995.76174123993, 35, 1.0
33005.88837913555, 75, 1.0
33007.40789611076, 44, 1.0
33007.7288420516, 148, -1.0
33011.310374771325, 103, 1.0
33015.83032140752, 35, -1.0
33022.225360611075, 35, -1.0
33023.09905996632, 75, 1.0
33023.93452951428, 75, 1.0
33025.06213748998, 152, -1.0
33025.98527808932, 44, -1.0
33029.688457139535, 44, -1.0
33033.10481339132, 103, 1.0
33035.71617796883, 101, 1.0
33040.33609192939, 152, 1.0
33043.702473257064, 103, 1.0
33051.13073325236, 154, 1.0
33052.26690173137, 154, 1.0
33067.30550099527, 35, -1.0
33083.90508574916, 44, -1.0
33085.142266808405, 35, -1.0
33088.803339266495, 148, -1.0
33090.414786486166, 103, 1.0
33094.31248283209, 103, 1.0
33097.8893924655, 75, 1.0
33098.88836345776, 152, -1.0
33100.04443052212, 44, 1.0
33100.965816052376, 101, 1.0
33117.40221248719, 101, -1.0
33118.000347594054, 154, -1.0
33118.92933367626, 75, 1.0
33121.46729758648, 35, 1.0
33122.427814753275, 101, -1.0
33130.585663224, 103, -1.0
33133.315012044804, 101, 1.0
33133.738847813795, 35, -1.0
33133.864112972544, 103, 1.0
33135.957675033445, 35, -1.0
33142.792664004766, 152, -1.0
33143.67106785967, 44, -1.0
33146.557359910585, 35, -1.0
33174.530652783294, 35, -1.0
33174.860587516654, 44, 1.0
33179.573939432055, 103, 1.0
33184.23238449002, 75, 1.0
33198.78056994284, 35, -1.0
33201.54517974873, 75, 1.0
33209.46175175975, 35, -1.0
33216.08423411982, 75, 1.0
33216.28593461345, 75, 1.0
33216.593966127155, 103, 1.0
33217.51261741191, 75, -1.0
33221.53948009151, 35, -1.0
33225.948132723955, 75, 1.0
33227.83259324, 75, 1.0
33228.85166259855, 75, -1.0
33240.30806061845, 152, -1.0
33242.711230591536, 35, 1.0
33244.51400046464, 101, 1.0
33248.82680008767, 35, 1.0
33250.06982580605, 103, 1.0
33257.911319239975, 101, -1.0
33258.274614780836, 101, -1.0
33258.7155019968, 35, -1.0
33262.69412439469, 148, -1.0
33268.7722713172, 75, -1.0
33269.13250631788, 44, -1.0
33275.18672962641, 75, 1.0
33279.39813950149, 35, -1.0
33288.297316219345, 75, 1.0
33290.15704636889, 152, -1.0
33290.39976453075, 148, -1.0
33291.99328366767, 35, -1.0
33293.41010790532, 101, 1.0
33302.56967481649, 152, -1.0
33309.690870402985, 35, -1.0
33310.093260476875, 35, -1.0
33314.96501193664, 35, -1.0
33330.44716630728, 35, 1.0
33339.91995256215, 101, -1.0
33361.17945860462, 44, -1.0
33361.981535622894, 75, -1.0
33383.56780759794, 35, -1.0
33385.819000433905, 35, -1.0
33389.610234437445, 44, -1.0
33390.58617908211, 75, -1.0
33394.63486090649, 75, 1.0
33394.709698821134, 148, -1.0
33395.9580643341, 35, -1.0
33398.67781360251, 152, -1.0
33399.34004984859, 35, -1.0
33400.07683114246, 35, 1.0
33400.480744480636, 101, -1.0
33407.27195485055, 75, -1.0
33410.72606022548, 35, -1.0
33417.04977426857, 152, -1.0
33421.6264037764, 103, 1.0
33422.63714988213, 101, 1.0
33423.055103611114, 148, -1.0
33424.732563394464, 75, 1.0
33445.38016189291, 152, 1.0
33445.707566974874, 75, 1.0
33450.36851354083, 44, -1.0
33452.22925919939, 35, -1.0
33454.05431467157, 103, 1.0
33455.94277278667, 35, -1.0
33456.05007709412, 35, -1.0
33458.05027380398, 148, -1.0
33459.36109797073, 148, 1.0
33465.7528747835, 35, -1.0
33467.05712549681, 148, -1.0
33467.8094134314, 75, 1.0
33479.80984349309, 44, -1.0
33482.18680246796, 101, 1.0
33487.145254257804, 75, -1.0
33487.8224478282, 103, 1.0
33491.46500333581, 152, 1.0
33501.338124459144, 44, 1.0
33508.332686559326, 75, 1.0
33514.369819603555, 154, -1.0
33516.71355693212, 101, 1.0
33516.83646074752, 75, 1.0
33526.17525372275, 35, 1.0
33536.51933809453, 103, 1.0
33541.446367517645, 44, -1.0
33544.09576002433, 152, -1.0
33547.994502397494, 148, -1.0
33556.336115598846, 35, -1.0
33563.94328426941, 101, 1.0
33565.182359673636, 101, -1.0
33571.61713349938, 148, -1.0
33571.757164090996, 75, 1.0
33572.68081432378, 35, -1.0
33575.564844364424, 101, -1.0
33578.793446629315, 75, 1.0
33582.540382946776, 148, -1.0
33586.91521364001, 101, -1.0
33587.30315909508, 75, -1.0
33598.25303538787, 75, -1.0
33608.1509548868, 148, -1.0
33610.94312367448, 152, -1.0
33616.62151795983, 103, 1.0
33623.569048813384, 152, 1.0
33626.40717191908, 152, 1.0
33626.65731290446, 75, -1.0
33628.27854398001, 101, 1.0
33628.85034236936, 75, 1.0
33629.066637847296, 101, 1.0
33630.22926275178, 75, 1.0
33636.55464520025, 148, -1.0
33639.65465139287, 75, 1.0
33641.20318355945, 154, 1.0
33641.32678346484, 152, -1.0
33651.63508418906, 44, 1.0
33654.21812290195, 35, -1.0
33655.06539611071, 101, 1.0
33658.42408302043, 152, 1.0
33658.5826345072, 75, -1.0
33659.150962141466, 75, 1.0
33659.30984320615, 75, 1.0
33662.19058827831, 35, 1.0
33663.582686825575, 101, -1.0
33667.437567940935, 75, 1.0
33667.90479007987, 148, 1.0
33670.329594201525, 103, 1.0
33676.00792706023, 103, -1.0
33676.212876697726, 103, 1.0
33676.59541824637, 35, -1.0
33676.86984577061, 152, -1.0
33683.44802421625, 101, 1.0
33689.11729703772, 35, 1.0
33689.219693525985, 75, 1.0
33692.583948729785, 75, 1.0
33698.76186142302, 35, -1.0
33702.904185904124, 152, -1.0
33709.81745470791, 152, 1.0
33716.55050009143, 103, -1.0
33719.786514055224, 75, 1.0
33725.714356373515, 152, -1.0
33730.41378703078, 35, -1.0
33738.48993895985, 101, 1.0
33744.81503262163, 35, -1.0
33748.254661282845, 35, -1.0
33772.197774904795, 101, 1.0
33781.22857526691, 148, -1.0
33782.74748511361, 35, -1.0
33797.583456065295, 101, 1.0
33798.82358772129, 101, 1.0
33804.86271516986, 103, 1.0
33810.38954491837, 75, 1.0
33813.30947287521, 35, -1.0
33814.76559361052, 35, -1.0
33814.79508561261, 103, 1.0
33821.081954004214, 103, 1.0
33825.686769860506, 35, -1.0
33829.26465599207, 75, 1.0
33834.65291025424, 152, -1.0
33839.314957915616, 75, 1.0
33840.035310813095, 152, -1.0
33842.267959187506, 101, 1.0
33843.08964863632, 35, -1.0
33859.11713286532, 148, -1.0
33863.94472314112, 101, -1.0
33864.562067280414, 44, -1.0
33864.70863660254, 44, -1.0
33871.10605667919, 35, -1.0
33871.24643044264, 148, -1.0
33872.92206218148, 35, 1.0
33874.26589686519, 152, -1.0
33882.67001175584, 35, -1.0
33892.13867301888, 103, 1.0
33893.28703350832, 101, 1.0
33896.623563308, 154, 1.0
33902.53493342414, 101, 1.0
33911.24522977645, 101, 1.0
33920.20243963862, 101, -1.0
33924.624775060576, 103, 1.0
33936.257812036, 101, -1.0
33942.13674551233, 35, 1.0
33945.99282876022, 35, -1.0
33950.41425522799, 101, -1.0
33957.854939645666, 101, 1.0
33959.023795486915, 44, -1.0
33965.56857386372, 148, -1.0
33971.79134144545, 35, -1.0
33975.72090690906, 101, 1.0
33976.12992097414, 152, 1.0
33976.171445925516, 35, 1.0
33977.29547853314, 148, -1.0
33977.55596346733, 101, -1.0
33980.43655227885, 152, -1.0
33982.64215300526, 154, -1.0
33983.41761872922, 35, -1.0
33984.956447633245, 101, 1.0
33996.00379131831, 101, -1.0
34018.04425048538, 101, 1.0
34022.35686679678, 75, 1.0
34029.06220396563, 148, -1.0
34040.87841053912, 101, -1.0
34042.26968636027, 152, 1.0
34042.90452518711, 103, 1.0
34046.849219202144, 101, -1.0
34047.41254808124, 103, -1.0
34048.37374486607, 103, -1.0
34051.04379839109, 148, -1.0
34051.19629780006, 75, 1.0
34056.23428017796, 75, -1.0
34063.293415796645, 152, 1.0
34070.321043249365, 148, -1.0
34077.75383707431, 35, -1.0
34081.96271740277, 35, 1.0
34082.52402047883, 103, 1.0
34083.40833047658, 75, -1.0
34085.456796903236, 148, -1.0
34098.69889518696, 75, -1.0
34099.87913313741, 35, -1.0
34105.29769503273, 152, -1.0
34111.23167178648, 152, -1.0
34111.945151905304, 75, 1.0
34120.57365927412, 148, -1.0
34122.11321110106, 35, 1.0
34136.2496289585, 101, -1.0
34140.67638982955, 75, 1.0
34146.76435752584, 152, 1.0
34148.15931784669, 148, -1.0
34152.039648859485, 75, -1.0
34165.86328126342, 152, -1.0
34175.093921913176, 35, -1.0
34177.79572091695, 75, -1.0
34191.75988178895, 35, 1.0
34203.240695516906, 75, -1.0
34206.69561440424, 75, -1.0
34207.36234650919, 152, 1.0
34219.129159696524, 148, -1.0
34222.7500281426, 101, 1.0
34232.21484316306, 101, -1.0
34238.874261167104, 35, -1.0
34239.29942160452, 75, -1.0
34250.71014887875, 35, -1.0
34256.29700573127, 152, 1.0
34257.21307959676, 103, 1.0
34259.96616782676, 35, -1.0
34261.900792857516, 101, 1.0
34269.74584344547, 148, -1.0
34271.272806010864, 152, 1.0
34284.72415090584, 152, -1.0
34287.404961941495, 103, 1.0
34287.51489519167, 35, -1.0
34299.71767252937, 152, -1.0
34300.59717083556, 103, 1.0
34303.23027552027, 44, -1.0
34305.811799910014, 101, 1.0
34305.94136483187, 75, 1.0
34309.88561318987, 154, 1.0
34311.85484503318, 44, -1.0
34312.83420486472, 101, -1.0
34314.20413485285, 35, -1.0
34319.086084969866, 101, -1.0
34326.694660041045, 101, -1.0
34330.94498190375, 152, -1.0
34331.274413821244, 154, -1.0
34334.20243947904, 75, -1.0
34339.466966153406, 101, -1.0
34340.73690703184, 103, -1.0
34344.702589482295, 148, -1.0
34345.79225488382, 75, -1.0
34347.77406711691, 154, -1.0
34378.543949220904, 75, 1.0
34379.18534397009, 152, 1.0
34383.00313225975, 103, 1.0
34384.24195638815, 101, 1.0
34388.90141798781, 101, 1.0
34394.800724839224, 35, 1.0
34396.104279120686, 148, -1.0
34397.39221920024, 44, -1.0
34398.3354044425, 101, 1.0
34398.979884119006, 101, -1.0
34402.700860114695, 103, 1.0
34403.08696669269, 75, -1.0
34411.517174320485, 101, -1.0
34412.2362870263, 152, 1.0
34412.47288254147, 35, -1.0
34420.81420661291, 103, 1.0
34421.71584069791, 35, -1.0
34426.01169554802, 148, -1.0
34427.56218219932, 101, -1.0
34429.90144550489, 148, -1.0
34431.9347573157, 154, 1.0
34431.94677610665, 35, -1.0
34436.481303984605, 75, 1.0
34442.88863808289, 101, -1.0
34451.90874406272, 44, -1.0
34452.953952986485, 154, -1.0
34456.54553935476, 35, 1.0
34458.70116501626, 75, -1.0
34461.518762194784, 152, -1.0
34475.7734100536, 148, -1.0
34478.291489799136, 103, 1.0
34480.65692001631, 101, 1.0
34484.6798716058, 152, -1.0
34489.298394606696, 152, -1.0
34490.272397987224, 101, 1.0
34498.67803716771, 35, -1.0
34504.170239187224, 35, -1.0
34505.87708014875, 75, 1.0
34510.078436796444, 75, 1.0
34512.036566236246, 35, 1.0
34514.18356684484, 103, -1.0
34525.70139600956, 101, -1.0
34526.84288477733, 35, -1.0
34529.68079741677, 152, -1.0
34532.638704815385, 35, -1.0
34532.74651081061, 44, -1.0
34534.669525299585, 35, -1.0
34536.09688293385, 35, -1.0
34536.10837102144, 75, -1.0
34536.44189521934, 152, -1.0
34536.63652320567, 35, -1.0
34537.2836893856, 75, 1.0
34539.764727756294, 103, -1.0
34541.56278752677, 75, -1.0
34550.75450539183, 103, 1.0
34560.07827564224, 75, -1.0
34563.31529519388, 75, 1.0
34565.421636941515, 75, 1.0
34565.72835290194, 148, -1.0
34571.75439764936, 103, 1.0
34575.3765259949, 152, 1.0
34586.12558757182, 152, -1.0
34588.67139923832, 75, 1.0
34595.26113481868, 35, -1.0
34599.31442084486, 103, 1.0
34607.86536416041, 152, -1.0
34612.928882797736, 152, -1.0
34616.66479000929, 148, -1.0
34627.68000856924, 148, -1.0
34629.45675479777, 35, 1.0
34630.957514725225, 103, 1.0
34636.47881774219, 35, -1.0
34640.60299226366, 35, 1.0
34642.87972907896, 152, -1.0
34643.50200375679, 75, 1.0
34646.144355143115, 35, -1.0
34651.073110848796, 35, -1.0
34670.02299912634, 152, 1.0
34682.6528253601, 75, 1.0
34689.35718561967, 35, -1.0
34690.31713710328, 103, -1.0
34693.14559645044, 101, 1.0
34693.20061594302, 103, 1.0
34696.594458841035, 35, 1.0
34701.01029432989, 152, -1.0
34703.93046069179, 101, 1.0
34704.074471260166, 75, 1.0
34705.47414572069, 75, 1.0
34709.39532457294, 103, 1.0
34712.734284489256, 35, 1.0
34720.223759993445, 75, -1.0
34721.06831143153, 75, 1.0
34721.81267406448, 103, -1.0
34722.38692731472, 35, -1.0
34737.24139135294, 75, -1.0
34739.39992836548, 148, -1.0
34740.807602755325, 35, -1.0
34743.370633050894, 101, -1.0
34746.81517701714, 152, 1.0
34755.03373351616, 148, -1.0
34758.128802410705, 103, 1.0
34758.173448332855, 154, -1.0
34762.64385894641, 103, 1.0
34773.05655589857, 101, -1.0
34784.66125421887, 154, 1.0
34793.02018329492, 75, 1.0
34795.33173492997, 35, -1.0
34795.384057943615, 101, -1.0
34796.001743739165, 35, -1.0
34798.20698914784, 75, -1.0
34798.986405564436, 101, 1.0
34800.55102642576, 75, 1.0
34805.3755393355, 75, 1.0
34807.36019674879, 103, 1.0
34808.588888605045, 75, 1.0
34808.76099824059, 152, -1.0
34813.08435765892, 152, 1.0
34815.56203422477, 148, -1.0
34815.974630275254, 35, -1.0
34821.86157823859, 101, -1.0
34834.10217407036, 152, -1.0
34839.662114901956, 101, -1.0
34839.82224250512, 35, -1.0
34842.225222847526, 103, 1.0
34842.96312312134, 35, 1.0
34844.657929414825, 152, 1.0
34846.2027159003, 35, -1.0
34848.99040088568, 152, -1.0
34853.019655102755, 75, 1.0
34853.861873367096, 75, 1.0
34855.735217806716, 75, 1.0
34857.194657760476, 44, 1.0
34858.98077827347, 35, -1.0
34859.28935311765, 148, -1.0
34862.411666486936, 101, -1.0
34866.89910930549, 44, -1.0
34870.73266280158, 101, 1.0
34873.942823271274, 103, -1.0
34873.958626936794, 148, -1.0
34881.29585263005, 35, -1.0
34883.89707110026, 103, 1.0
34884.93556473324, 75, 1.0
34888.4860506783, 152, -1.0
34892.52272432826, 101, -1.0
34895.135904244074, 148, -1.0
34899.51481105039, 75, 1.0
34904.029003455595, 35, 1.0
34906.68719395332, 44, -1.0
34908.703818318616, 103, 1.0
34911.244753507526, 154, -1.0
34913.524136432345, 148, -1.0
34916.439647023784, 35, -1.0
34918.871997537775, 101, 1.0
34920.79308751191, 152, 1.0
34929.28322662917, 103, 1.0
34929.92184616093, 35, -1.0
34930.330414415184, 35, -1.0
34945.37052972437, 101, 1.0
34952.81019905737, 103, -1.0
34954.746073575254, 154, 1.0
34956.33539392312, 35, -1.0
34957.16925903811, 152, 1.0
34960.17362799707, 101, -1.0
34962.243401367276, 75, -1.0
34962.64271391076, 152, -1.0
34979.84395509472, 103, 1.0
34986.741432281844, 75, 1.0
34989.70684250055, 148, -1.0
34991.87718158581, 103, 1.0
34996.8599865013, 35, -1.0
34997.056099620284, 75, 1.0
34997.10270967662, 152, 1.0
34999.677461785235, 75, 1.0
35001.90291422576, 101, -1.0
35002.85071676739, 101, 1.0
35003.95262363797, 101, 1.0
35005.9949836128, 75, 1.0
35012.53844367965, 152, 1.0
35018.844481961, 35, -1.0
35020.7329597511, 75, -1.0
35026.10381098662, 75, 1.0
35052.79361586369, 75, 1.0
35053.38061702317, 75, -1.0
35057.131512928834, 35, -1.0
35057.64023511504, 75, 1.0
35073.76847064419, 152, -1.0
35083.19220862007, 35, -1.0
35084.84966186305, 35, -1.0
35091.81780075169, 101, -1.0
35097.743638207336, 152, -1.0
35098.04151775524, 35, -1.0
35108.81767175533, 35, 1.0
35113.617119015194, 101, -1.0
35121.05148539136, 35, 1.0
35125.78710615076, 75, 1.0
35127.51761197005, 75, -1.0
35143.14389907039, 152, -1.0
35149.37273777085, 152, -1.0
35153.57865267644, 154, -1.0
35154.65625163832, 44, -1.0
35169.77008766522, 101, -1.0
35175.32067778802, 101, 1.0
35179.71221589587, 35, 1.0
35189.66212251882, 103, 1.0
35193.96051967719, 75, 1.0
35196.49631019657, 75, 1.0
35197.68318372782, 101, -1.0
35204.31280242776, 152, -1.0
35206.24172955595, 101, 1.0
35207.34767956199, 154, -1.0
35216.209804310354, 35, -1.0
35216.93595052279, 101, -1.0
35220.000817331376, 152, -1.0
35236.843154519906, 35, 1.0
35246.477327626846, 103, 1.0
35249.31978379652, 101, -1.0
35261.97707239518, 75, 1.0
35264.690179377045, 35, -1.0
35268.64539729582, 101, 1.0
35270.93976155822, 35, -1.0
35276.75038269702, 103, 1.0
35277.54027903377, 75, 1.0
35279.1065624855, 75, -1.0
35286.45885596798, 35, -1.0
35288.72191428563, 103, 1.0
35291.41203377329, 154, -1.0
35298.55684727944, 75, 1.0
35302.2610532836, 148, -1.0
35302.65465419921, 75, -1.0
35314.01680349676, 152, -1.0
35324.37176326172, 35, -1.0
35330.55779831035, 35, 1.0
35340.863861246355, 101, -1.0
35341.554453226105, 35, -1.0
35347.45637242558, 103, -1.0
35350.05904020404, 75, -1.0
35351.395429348035, 75, 1.0
35364.29053689309, 152, 1.0
35364.6098756377, 101, -1.0
35365.457407160626, 35, -1.0
35366.05851142925, 44, -1.0
35366.11411879931, 101, -1.0
35368.768719219624, 75, 1.0
35379.0539715128, 35, -1.0
35387.120336752996, 148, -1.0
35401.84271825725, 75, -1.0
35403.38898156109, 35, 1.0
35432.43354141667, 103, 1.0
35432.5523624195, 152, 1.0
35453.01693098014, 154, -1.0
35456.594236674566, 75, 1.0
35470.82217427638, 103, 1.0
35483.69752350194, 75, -1.0
35484.850149555874, 103, 1.0
35489.67400352016, 75, 1.0
35493.44088758273, 75, -1.0
35498.14753140192, 152, -1.0
35498.56624965666, 152, -1.0
35501.239010305086, 101, 1.0
35503.73293458643, 148, 1.0
35508.98462790245, 103, 1.0
35513.06205681599, 101, -1.0
35513.236581376186, 35, 1.0
35521.062448875105, 103, 1.0
35523.28701434338, 35, -1.0
35530.58122761859, 75, -1.0
35538.25440220516, 101, 1.0
35554.852626659005, 35, -1.0
35558.04791073054, 101, -1.0
35562.311415924625, 152, 1.0
35575.44766701548, 152, 1.0
35576.082017037836, 75, -1.0
35597.87681355505, 152, -1.0
35602.74647446102, 152, -1.0
35604.145352847685, 44, -1.0
35605.83807326158, 35, -1.0
35615.64142546665, 35, -1.0
35616.134880641854, 75, 1.0
35620.227355079, 101, 1.0
35627.66628406085, 35, -1.0
35628.41377328419, 75, 1.0
35630.098118436465, 75, -1.0
35632.81293320789, 152, 1.0
35638.24383226778, 35, -1.0
35640.95032814683, 44, -1.0
35649.46310154885, 101, 1.0
35650.00195683838, 103, -1.0
35659.629497633076, 35, 1.0
35661.41298803343, 101, 1.0
35662.16610086527, 75, -1.0
35667.41772596245, 148, -1.0
35669.39228665913, 44, 1.0
35674.817452034105, 75, 1.0
35676.01840543937, 154, -1.0
35676.728165436725, 35, -1.0
35688.697090287664, 101, 1.0
35689.5121873717, 44, -1.0
35695.61976434469, 152, -1.0
35698.877968296496, 101, -1.0
35699.859914886576, 152, -1.0
35701.52280502445, 154, -1.0
35710.71880003105, 35, 1.0
35724.343454338894, 44, 1.0
35725.83631983785, 101, 1.0
35732.43781341754, 35, -1.0
35734.861979867695, 152, -1.0
35740.91539156879, 44, -1.0
35745.78219573183, 35, -1.0
35763.531234951886, 101, -1.0
35763.94226609224, 35, -1.0
35765.31729261355, 35, -1.0
35769.89581468823, 101, 1.0
35771.169989112655, 101, 1.0
35775.58254820005, 101, 1.0
35790.02491718934, 101, 1.0
35795.04270305773, 101, -1.0
35796.850045604544, 101, 1.0
35801.276755871244, 35, -1.0
35804.882603156075, 75, -1.0
35807.10903996038, 75, -1.0
35825.494932417925, 101, -1.0
35830.55668850227, 75, -1.0
35836.134977898866, 75, -1.0
35841.454036168136, 101, -1.0
35843.488781713524, 103, -1.0
35844.22605348269, 101, 1.0
35845.97092897134, 103, -1.0
35846.30635209849, 35, -1.0
35855.79893972784, 148, -1.0
35862.80594969844, 35, -1.0
35863.87778239266, 101, 1.0
35866.946307832215, 75, -1.0
35871.764996612386, 35, 1.0
35875.166164060254, 35, 1.0
35875.92856383522, 101, -1.0
35877.43303284718, 101, -1.0
35898.20805559726, 35, -1.0
35899.64118358783, 101, -1.0
35906.799636895965, 152, 1.0
35913.0554842954, 103, 1.0
35913.36849691323, 103, -1.0
35914.97825388474, 148, -1.0
35918.21821836911, 152, -1.0
35921.58991794077, 101, -1.0
35927.247990368494, 44, 1.0
35932.686228264465, 75, -1.0
35934.942958802334, 101, 1.0
35935.93493937214, 148, -1.0
35936.19438458046, 103, 1.0
35938.0472892122, 152, -1.0
35940.51287681198, 35, -1.0
35940.91133646622, 35, -1.0
35942.38706980159, 148, -1.0
35943.66433984627, 148, -1.0
35947.55118123668, 75, -1.0
35949.90651987133, 148, 1.0
35951.83753685945, 152, -1.0
35960.58268491512, 75, -1.0
35964.63635056722, 152, 1.0
35967.56749031364, 148, -1.0
35968.432829918165, 35, -1.0
35971.27156149199, 152, 1.0
35972.00765114335, 152, -1.0
35973.51989230501, 148, -1.0
35978.81525162426, 101, -1.0
35986.99633762641, 101, -1.0
35991.2494235845, 103, 1.0
35991.554304052464, 44, 1.0
35994.84190295089, 75, 1.0
35995.575335339854, 103, 1.0
36008.78222863437, 152, 1.0
36009.023425663596, 35, 1.0
36009.35733402753, 101, 1.0
36009.92930884355, 101, -1.0
36017.336499870464, 75, 1.0
36017.944582862634, 103, -1.0
36018.66872562332, 152, -1.0
36025.02382442794, 35, 1.0
36028.73455485852, 154, 1.0
36031.34142659202, 154, -1.0
36032.17412215666, 148, -1.0
36034.960483552684, 35, -1.0
36036.4188536083, 152, -1.0
36037.598358949384, 35, 1.0
36037.87749105172, 44, 1.0
36048.42170333969, 75, 1.0
36051.4803254223, 148, -1.0
36052.85975561859, 103, 1.0
36065.083083244346, 103, 1.0
36066.33473454627, 75, -1.0
36069.34916692074, 154, -1.0
36075.0135729431, 75, -1.0
36081.45685294335, 35, -1.0
36082.08025811196, 148, -1.0
36083.84160408926, 35, -1.0
36084.140720774, 101, 1.0
36090.9128949298, 35, 1.0
36092.402084264984, 44, -1.0
36098.83147480688, 103, 1.0
36100.66557411563, 152, 1.0
36101.40756433712, 101, -1.0
36106.62674612213, 35, 1.0
36107.15269339569, 101, 1.0
36109.17467683652, 35, 1.0
36116.80505976089, 75, 1.0
36120.51848392101, 75, -1.0
36126.28841751956, 35, -1.0
36128.39551851628, 152, 1.0
36131.497757389334, 75, -1.0
36133.97161958208, 101, 1.0
36140.51382600091, 75, 1.0
36144.02430944229, 101, 1.0
36146.90360239417, 152, -1.0
36158.009360567616, 35, -1.0
36168.225126939054, 75, 1.0
36175.162324478864, 148, -1.0
36176.18947293318, 103, -1.0
36189.54293480687, 148, -1.0
36197.69695966376, 75, 1.0
36199.44485741601, 152, -1.0
36209.54647045963, 152, -1.0
36211.78648403264, 152, -1.0
36217.91820228348, 75, 1.0
36223.492728853584, 35, 1.0
36228.26943559566, 101, -1.0
36230.791070075145, 148, 1.0
36251.00542935093, 44, -1.0
36258.7891368343, 44, 1.0
36261.809688131216, 35, 1.0
36268.65212591225, 103, -1.0
36271.95856217847, 35, 1.0
36272.57101195867, 35, -1.0
36272.8977012769, 154, 1.0
36274.10136918142, 75, 1.0
36276.99571324912, 35, -1.0
36277.11227937991, 148, -1.0
36277.40738232657, 152, 1.0
36277.875807268814, 75, -1.0
36279.45477683155, 154, -1.0
36286.31182022749, 152, -1.0
36290.23686435789, 75, 1.0
36291.35463692335, 152, -1.0
36292.34382700505, 154, 1.0
36294.633852443934, 148, -1.0
36298.7132754296, 152, 1.0
36301.51769432517, 154, -1.0
36306.66542009374, 154, 1.0
36314.390226220814, 75, -1.0
36321.73314048866, 154, 1.0
36328.627189220504, 75, 1.0
36332.31775073659, 35, -1.0
36332.75429229891, 103, 1.0
36335.771480708885, 152, -1.0
36339.951176292, 75, -1.0
36342.4108193499, 154, 1.0
36347.9748429504, 35, -1.0
36353.729927302054, 75, 1.0
36356.01145904891, 75, 1.0
36359.58224302693, 154, -1.0
36362.34191164133, 75, -1.0
36364.92758761693, 103, 1.0
36368.39248380283, 101, 1.0
36370.079711793434, 101, -1.0
36372.53688765296, 154, -1.0
36373.047886812, 101, 1.0
36374.59555197103, 75, 1.0
36379.33600359876, 152, -1.0
36380.7780205108, 75, -1.0
36383.19753962832, 35, -1.0
36392.94178877108, 101, -1.0
36399.07852496388, 152, -1.0
36402.669200731514, 75, 1.0
36402.758537490685, 44, -1.0
36409.00433491335, 75, -1.0
36414.824026254966, 75, 1.0
36419.93282102985, 35, 1.0
36424.73550071991, 148, -1.0
36427.629485590485, 75, -1.0
36437.57086180979, 148, -1.0
36440.98010097701, 154, -1.0
36447.4754415981, 101, 1.0
36452.237270829675, 103, 1.0
36452.99622319693, 44, -1.0
36453.92843910298, 148, -1.0
36459.4634772876, 35, -1.0
36464.33176003254, 75, 1.0
36468.700276195945, 103, 1.0
36469.39523791139, 148, -1.0
36469.49591502888, 75, 1.0
36472.68236951493, 35, 1.0
36474.62238834547, 148, -1.0
36485.814063228005, 35, 1.0
36486.691125146805, 101, -1.0
36490.14458147332, 101, -1.0
36490.15570055156, 103, 1.0
36492.72308507953, 101, -1.0
36498.034414689515, 152, 1.0
36498.25746002206, 35, 1.0
36498.37180908112, 148, -1.0
36498.787664804244, 152, -1.0
36503.15388885378, 103, -1.0
36504.51744301157, 75, 1.0
36508.01510473368, 152, -1.0
36508.090119677094, 101, 1.0
36516.66684240549, 75, -1.0
36518.67515529415, 75, -1.0
36520.01941275124, 75, 1.0
36522.95054255584, 154, 1.0
36524.93761421488, 103, 1.0
36530.64727390837, 101, 1.0
36531.42198653415, 103, -1.0
36531.82982540695, 148, -1.0
36537.70377068025, 75, -1.0
36540.273829435035, 35, 1.0
36542.93326991913, 35, -1.0
36549.1845863552, 148, -1.0
36549.19225611037, 44, -1.0
36555.12094025176, 152, -1.0
36558.66964298397, 75, -1.0
36576.05389271627, 75, -1.0
36577.91333567239, 154, 1.0
36590.63501433883, 152, -1.0
36592.40567922516, 35, 1.0
36596.59837327626, 35, 1.0
36596.76331458879, 148, -1.0
36597.471184679554, 75, 1.0
36602.434886863564, 35, 1.0
36603.066666800376, 35, 1.0
36604.993362519024, 75, 1.0
36605.72108992308, 35, -1.0
36610.04632420401, 152, -1.0
36621.07480215164, 75, 1.0
36622.045306366555, 152, -1.0
36625.6416909746, 152, 1.0
36626.96453119421, 154, -1.0
36627.06296695793, 154, -1.0
36629.46915381438, 35, -1.0
36640.21302388418, 44, 1.0
36645.75613661984, 75, 1.0
36652.83772893578, 75, 1.0
36653.49288186105, 44, -1.0
36654.628401950984, 103, 1.0
36677.58837241935, 152, 1.0
36678.119859872895, 35, 1.0
36679.065527045204, 154, 1.0
36682.668508429655, 154, 1.0
36686.22274945231, 154, -1.0
36698.517149890424, 44, -1.0
36714.326068005845, 75, -1.0
36721.88145527658, 154, 1.0
36726.10394865213, 75, 1.0
36744.042481852186, 154, 1.0
36746.49292717484, 35, 1.0
36760.29074393235, 75, 1.0
36762.5785721404, 35, -1.0
36765.05280303196, 75, 1.0
36765.920965319696, 103, 1.0
36766.1322084056, 101, 1.0
36768.40303218633, 75, 1.0
36770.25088490511, 152, 1.0
36770.990212494435, 35, -1.0
36772.817430654926, 75, 1.0
36774.4402019608, 35, -1.0
36784.202375645815, 152, 1.0
36788.47082169648, 35, -1.0
36789.33277089402, 101, -1.0
36800.36085629735, 101, 1.0
36802.12642020755, 103, 1.0
36809.868997843754, 152, -1.0
36823.344253743715, 152, -1.0
36825.89018433397, 148, -1.0
36832.915674454845, 152, 1.0
36838.091351909075, 101, -1.0
36843.528737617075, 75, 1.0
36847.16423816639, 35, -1.0
36847.31891188411, 152, -1.0
36847.708651161614, 35, -1.0
36852.76297187229, 152, -1.0
36854.42539589628, 152, -1.0
36861.28017096527, 101, -1.0
36861.85528958377, 44, -1.0
36864.265872401906, 152, -1.0
36864.63367678116, 101, 1.0
36865.84200973748, 152, -1.0
36867.98091684382, 35, 1.0
36870.536004770525, 148, -1.0
36880.021327458664, 44, -1.0
36884.61610698995, 75, -1.0
36885.920742721224, 75, 1.0
36896.30812490995, 152, -1.0
36897.059707811924, 154, 1.0
36901.33818659307, 75, -1.0
36908.98485782646, 152, -1.0
36925.25009275897, 35, 1.0
36930.17363865299, 75, 1.0
36930.408188069516, 154, -1.0
36939.721460058594, 35, 1.0
36952.27269775268, 103, 1.0
36958.95495640241, 101, 1.0
36967.69373242256, 44, 1.0
36972.83676619355, 152, -1.0
36973.60996971149, 35, -1.0
36980.60956144311, 75, -1.0
36982.312133602274, 75, -1.0
36982.7681515969, 148, -1.0
36991.696025276746, 103, -1.0
37000.35663200037, 75, -1.0
37005.28819396862, 35, 1.0
37008.652852588704, 101, 1.0
37011.9451499162, 148, -1.0
37013.3754206859, 35, -1.0
37023.24465134843, 152, 1.0
37024.32525186398, 101, 1.0
37026.10776718519, 75, -1.0
37026.76588263272, 101, 1.0
37027.543537156685, 75, 1.0
37036.95955701425, 148, -1.0
37038.195554951206, 35, -1.0
37041.85366681943, 75, -1.0
37044.12949522856, 101, -1.0
37045.0601254943, 152, 1.0
37046.43692677117, 75, 1.0
37048.32414810783, 154, -1.0
37056.86587061998, 103, 1.0
37062.15430710372, 152, -1.0
37062.625277208856, 154, -1.0
37063.64031464104, 154, 1.0
37064.24614751943, 35, 1.0
37066.76075270602, 75, -1.0
37078.148569970355, 103, -1.0
37079.92520751134, 152, -1.0
37084.83929914968, 75, -1.0
37086.383615386316, 152, -1.0
37094.00653943621, 75, 1.0
37095.069685137, 101, -1.0
37098.69143407567, 75, 1.0
37099.69951528284, 75, -1.0
37104.402924730915, 75, -1.0
37116.497142011576, 75, 1.0
37120.66807836901, 75, 1.0
37128.58751007556, 75, 1.0
37129.44398102729, 75, 1.0
37130.732600640324, 152, -1.0
37138.36232186966, 101, -1.0
37141.29081956294, 103, 1.0
37148.02228200055, 75, 1.0
37150.4950952917, 152, -1.0
37161.3778536642, 44, -1.0
37161.908316816, 154, -1.0
37166.724955062826, 35, -1.0
37166.744833241166, 75, -1.0
37173.57587542504, 44, -1.0
37177.683903949895, 154, -1.0
37179.63827820498, 148, -1.0
37179.777125018, 35, -1.0
37189.26397183489, 35, 1.0
37204.37756612407, 103, 1.0
37204.62048558596, 35, 1.0
37205.22972924384, 75, -1.0
37208.86296083221, 152, 1.0
37215.75366577915, 152, -1.0
37217.30714338704, 75, -1.0
37217.525652939396, 101, 1.0
37219.460065714025, 103, 1.0
37221.820851616314, 154, -1.0
37223.161059077036, 35, 1.0
37227.94020872763, 154, 1.0
37228.49196176169, 35, -1.0
37241.53047780059, 152, 1.0
37245.574151762194, 148, -1.0
37245.65052119543, 75, -1.0
37245.958454920656, 75, -1.0
37252.91713681366, 35, 1.0
37255.298247728424, 75, 1.0
37255.87048890146, 101, 1.0
37256.17795658212, 101, -1.0
37259.49040512729, 101, 1.0
37261.03735576335, 101, 1.0
37267.48203843426, 44, 1.0
37272.06708954117, 75, 1.0
37289.81426236087, 152, -1.0
37293.60987020368, 44, -1.0
37300.138956797, 148, -1.0
37309.36315680518, 154, -1.0
37309.638848763585, 154, -1.0
37312.547013331765, 103, 1.0
37324.17458308318, 75, -1.0
37335.69424412033, 154, 1.0
37337.24375818308, 35, -1.0
37342.27845397594, 75, 1.0
37351.31637844226, 148, -1.0
37356.17736958967, 35, 1.0
37361.30186711503, 35, 1.0
37361.92501658433, 103, 1.0
37362.551248345946, 152, -1.0
37372.58399856561, 152, -1.0
37373.00686981771, 103, -1.0
37373.59234893174, 103, 1.0
37373.610938994905, 75, 1.0
37373.79290608475, 35, 1.0
37382.59891510969, 154, 1.0
37390.61020624415, 75, -1.0
37392.07099376788, 154, 1.0
37392.29909211548, 75, 1.0
37404.93421898992, 154, -1.0
37406.83692125126, 75, 1.0
37407.47996105529, 35, 1.0
37408.84746631295, 75, 1.0
37410.142995485956, 75, -1.0
37412.86305703108, 35, -1.0
37413.42578238264, 75, 1.0
37416.63134047551, 75, 1.0
37422.075832099734, 154, 1.0
37423.96104121054, 152, -1.0
37424.09825536032, 148, 1.0
37426.53093329031, 148, -1.0
37428.493596566404, 101, 1.0
37432.33945470037, 154, 1.0
37432.89861517531, 75, 1.0
37433.91210808671, 35, 1.0
37439.89854680035, 148, -1.0
37441.879894534315, 75, -1.0
37446.00429905973, 44, 1.0
37447.323779944636, 152, 1.0
37449.08624889255, 152, 1.0
37450.88909970068, 152, -1.0
37451.730472343996, 75, -1.0
37457.70527405557, 75, 1.0
37459.325206968526, 35, -1.0
37460.08786264509, 75, 1.0
37463.512106436116, 101, 1.0
37478.529778868346, 101, 1.0
37479.17416564941, 75, 1.0
37479.72374882139, 101, -1.0
37479.73401159408, 154, -1.0
37483.961817318, 148, -1.0
37484.81027973071, 103, 1.0
37491.37484129943, 75, 1.0
37493.81970058557, 152, -1.0
37498.474130188355, 44, 1.0
37512.62449105194, 101, 1.0
37528.9985365484, 148, -1.0
37531.67972839137, 35, 1.0
37534.60389046958, 103, -1.0
37535.80881711763, 101, 1.0
37535.968708219254, 75, 1.0
37538.5665093974, 103, -1.0
37539.22398084383, 35, 1.0
37541.466331532436, 75, -1.0
37542.01748591132, 75, -1.0
37543.19572413732, 35, 1.0
37544.83908082374, 152, -1.0
37545.756835400585, 101, 1.0
37548.74509448255, 75, -1.0
37558.353288765255, 154, 1.0
37558.93447175061, 152, -1.0
37564.807462446544, 103, 1.0
37572.1407929983, 148, -1.0
37573.603653566584, 154, 1.0
37583.22723010605, 101, -1.0
37584.68126996013, 148, -1.0
37589.602797120875, 152, -1.0
37593.00412848295, 152, -1.0
37593.35880624179, 101, -1.0
37597.39040998082, 101, 1.0
37601.935359147436, 44, 1.0
37602.142341413026, 152, -1.0
37613.43057334407, 75, 1.0
37613.5105511453, 152, -1.0
37623.20782455875, 148, 1.0
37623.975104365745, 101, 1.0
37630.13866424776, 152, -1.0
37632.08256257133, 152, 1.0
37636.75867229076, 75, -1.0
37636.75945500254, 152, -1.0
37637.9047177969, 103, -1.0
37647.32625709896, 152, -1.0
37651.44829589892, 75, 1.0
37656.21348124188, 152, -1.0
37665.7903635832, 75, 1.0
37665.84086300586, 154, 1.0
37666.73993848463, 75, -1.0
37667.13278274247, 75, 1.0
37668.00880214007, 154, -1.0
37672.84048182873, 75, 1.0
37679.504558449116, 148, -1.0
37683.52952943241, 152, -1.0
37685.18376470157, 148, 1.0
37686.92374296278, 75, -1.0
37687.633524847675, 44, -1.0
37691.27433669352, 103, 1.0
37693.53297821733, 103, 1.0
37710.578239263596, 101, 1.0
37711.18924571293, 103, 1.0
37713.49420439548, 152, 1.0
37721.8420035912, 103, 1.0
37726.77832518346, 152, -1.0
37729.29327062198, 148, -1.0
37730.051163776494, 101, -1.0
37733.58385803864, 148, -1.0
37736.68693247015, 35, -1.0
37741.26253020456, 101, -1.0
37742.40289630179, 75, -1.0
37742.70844707872, 75, -1.0
37745.5597741808, 154, -1.0
37748.87835347581, 35, -1.0
37749.03921658495, 35, -1.0
37750.24122759397, 152, -1.0
37756.22573750433, 148, -1.0
37779.35123127596, 35, 1.0
37780.704996949855, 75, -1.0
37783.00614970852, 103, -1.0
37784.207468739216, 101, -1.0
37784.837792041915, 103, 1.0
37784.84030831412, 44, -1.0
37790.67495791284, 35, 1.0
37792.01266653421, 101, 1.0
37805.430489661616, 101, 1.0
37809.66546619898, 103, 1.0
37810.38670359384, 103, -1.0
37811.20766932429, 35, 1.0
37817.24339136002, 75, 1.0
37817.500240392226, 75, 1.0
37820.16086940462, 101, -1.0
37828.28679857858, 75, 1.0
37831.45539749546, 35, -1.0
37834.83815066699, 103, -1.0
37837.336105192386, 35, 1.0
37839.95982485163, 154, -1.0
37853.3254509673, 152, 1.0
37853.84309039637, 154, -1.0
37854.44097383237, 75, -1.0
37858.015863546374, 101, 1.0
37859.293108804384, 101, -1.0
37860.50456677622, 75, 1.0
37860.913664875436, 148, -1.0
37865.80642664867, 75, -1.0
37869.30499890856, 148, -1.0
37870.60503418248, 101, 1.0
37879.51294324427, 101, 1.0
37884.21373486971, 101, 1.0
37887.11594321265, 35, 1.0
37895.96558647161, 154, -1.0
37902.36822003711, 44, -1.0
37902.39895710236, 75, 1.0
37906.11026992614, 44, -1.0
37913.11284478172, 148, 1.0
37924.65793652692, 103, 1.0
37925.30787320838, 101, 1.0
37929.76120874286, 101, -1.0
37931.2090750487, 152, -1.0
37937.61811640693, 152, -1.0
37952.98749419116, 103, 1.0
37959.937093415414, 75, -1.0
37961.2840164365, 44, -1.0
37971.060578149096, 154, -1.0
37973.618577292626, 75, 1.0
37975.85545238124, 75, -1.0
37979.053474110544, 148, 1.0
37979.19720236725, 103, 1.0
37982.06293680036, 44, 1.0
37982.29006900534, 101, 1.0
37988.479697093404, 35, 1.0
37989.71713069781, 75, 1.0
37990.38726123338, 101, -1.0
37992.992488134994, 101, 1.0
37997.27295362047, 101, 1.0
38002.31180730062, 35, 1.0
38002.32158504257, 148, -1.0
38003.96461823984, 152, -1.0
38005.76815004661, 44, -1.0
38007.544416810924, 101, -1.0
38009.97662888077, 154, 1.0
38012.11842281968, 101, -1.0
38016.52351134655, 148, -1.0
38017.6392076503, 75, -1.0
38018.10246017741, 35, 1.0
38021.505631125736, 103, -1.0
38025.44311809194, 152, -1.0
38025.92943358859, 75, -1.0
38029.64285571485, 44, -1.0
38031.8166286228, 101, 1.0
38032.42922318082, 35, 1.0
38036.81698012797, 101, -1.0
38039.175616879, 75, -1.0
38059.479237018546, 152, -1.0
38069.87099770657, 148, 1.0
38072.02442264058, 75, -1.0
38079.04514569181, 152, -1.0
38080.156423047854, 35, 1.0
38080.3059051685, 152, -1.0
38082.982902556236, 75, -1.0
38089.790930880255, 35, -1.0
38089.90588866938, 44, -1.0
38092.35643256609, 148, 1.0
38097.20099491131, 154, 1.0
38098.429334665314, 75, 1.0
38098.93067382264, 101, 1.0
38101.057969724, 148, 1.0
38102.57243155766, 35, 1.0
38104.680179317904, 152, 1.0
38116.602937947595, 35, -1.0
38118.338480707476, 75, -1.0
38130.274780502885, 75, 1.0
38132.731813235034, 154, 1.0
38138.12330782047, 35, -1.0
38144.53859521398, 103, 1.0
38145.29791859058, 35, 1.0
38149.23612583098, 152, -1.0
38153.32556948699, 35, 1.0
38153.57275704257, 101, 1.0
38155.999735004305, 101, 1.0
38156.01417136195, 154, -1.0
38161.15131237769, 148, -1.0
38168.635048460295, 148, -1.0
38171.355589292136, 152, -1.0
38174.44708577871, 35, 1.0
38178.64603455196, 75, 1.0
38185.28774706638, 75, 1.0
38203.015921446764, 103, 1.0
38204.664974588115, 152, -1.0
38209.40990824855, 75, 1.0
38221.15561001033, 103, -1.0
38223.293605347266, 148, -1.0
38235.56916861113, 152, -1.0
38237.3656648499, 75, -1.0
38242.27762070925, 75, -1.0
38242.762423222935, 152, -1.0
38247.18405329582, 152, -1.0
38254.38410507156, 35, -1.0
38256.06095149178, 44, -1.0
38256.08677476621, 152, 1.0
38261.21634422515, 35, -1.0
38269.35117352918, 152, -1.0
38271.562038801516, 101, 1.0
38273.87739232141, 75, 1.0
38276.0962491217, 75, 1.0
38286.80738314161, 152, -1.0
38289.35704014434, 154, 1.0
38297.49743081895, 44, -1.0
38304.74901103028, 44, -1.0
38307.64494678955, 148, -1.0
38311.255668304046, 152, -1.0
38318.293935385074, 152, -1.0
38318.778840524836, 103, 1.0
38319.90959569823, 75, -1.0
38325.43111278, 152, -1.0
38326.00561275921, 101, 1.0
38330.51090844086, 101, -1.0
38332.06237774158, 148, -1.0
38340.528582261926, 154, 1.0
38342.930099394085, 75, 1.0
38355.298682288936, 152, -1.0
38355.394109425186, 75, -1.0
38356.581273853844, 35, 1.0
38363.75580186213, 103, 1.0
38366.33183802646, 75, -1.0
38368.09068965157, 44, -1.0
38368.45405453388, 44, -1.0
38372.11998386999, 154, -1.0
38380.65045830207, 75, 1.0
38381.88184802707, 154, -1.0
38382.41970463161, 101, 1.0
38387.917299528934, 75, 1.0
38399.260936864506, 35, -1.0
38402.9661272566, 148, -1.0
38405.52377903166, 35, 1.0
38410.1152327048, 152, -1.0
38415.53140075389, 75, 1.0
38420.026511925986, 101, -1.0
38422.710468595666, 35, 1.0
38424.06084003154, 154, -1.0
38424.20622041146, 154, -1.0
38426.12626317633, 152, -1.0
38427.252439963544, 152, -1.0
38427.59730568401, 154, 1.0
38430.73225368648, 103, 1.0
38430.980270451844, 44, -1.0
38431.25145025057, 75, -1.0
38431.90740581948, 75, -1.0
38432.96091289995, 152, 1.0
38436.44408015613, 103, 1.0
38437.22966507656, 152, -1.0
38462.27012423849, 75, -1.0
38464.05595924464, 148, -1.0
38468.56670543608, 75, 1.0
38471.27689322754, 75, -1.0
38472.53101585729, 152, -1.0
38477.45101552273, 75, 1.0
38483.548412767384, 101, -1.0
38487.45361961657, 152, 1.0
38493.35011754515, 152, -1.0
38499.1709581823, 44, -1.0
38502.19076441847, 148, -1.0
38504.87974544648, 152, -1.0
38518.9421136533, 75, 1.0
38519.0599132191, 152, -1.0
38519.476839916235, 75, 1.0
38519.65206664745, 148, 1.0
38523.1025527624, 101, 1.0
38527.366223756355, 35, 1.0
38532.50764055797, 152, -1.0
38536.69853552958, 148, -1.0
38542.239347206036, 154, 1.0
38545.88430038498, 103, 1.0
38550.404778492964, 103, -1.0
38551.27405303697, 35, 1.0
38552.55877978302, 35, -1.0
38557.30904022127, 148, -1.0
38561.35419856243, 44, 1.0
38563.07916569637, 35, -1.0
38565.94738193105, 148, -1.0
38588.43698525183, 35, 1.0
38591.71156367254, 101, -1.0
38603.52579596921, 35, -1.0
38604.358724705904, 35, 1.0
38607.795093553315, 75, -1.0
38607.797549224495, 148, -1.0
38610.54901306775, 35, -1.0
38614.637984769135, 75, 1.0
38616.69995084119, 101, 1.0
38621.7094540436, 101, 1.0
38622.02104947623, 103, 1.0
38628.72934287097, 154, 1.0
38633.0376729951, 35, -1.0
38635.30080704232, 35, 1.0
38640.10427241413, 101, 1.0
38647.54993625275, 154, -1.0
38653.14491555538, 75, 1.0
38662.00670739144, 75, -1.0
38672.86689988969, 35, 1.0
38673.30106914443, 154, 1.0
38675.064231482356, 35, -1.0
38676.77673875674, 152, -1.0
38678.721953634675, 75, -1.0
38681.77529766104, 152, -1.0
38686.1937146636, 154, -1.0
38687.67051214015, 101, 1.0
38688.84614057652, 35, 1.0
38697.55447670179, 103, 1.0
38703.927257136136, 35, 1.0
38713.591784738106, 35, 1.0
38718.691887757755, 75, -1.0
38721.96623208934, 103, 1.0
38723.18932505782, 35, 1.0
38723.74129684772, 103, 1.0
38723.8780736978, 75, 1.0
38727.0499247099, 103, 1.0
38742.51581301277, 152, -1.0
38745.04896315396, 44, -1.0
38755.87634295351, 103, -1.0
38755.95723908702, 75, 1.0
38762.229249044954, 103, 1.0
38783.4836267184, 44, -1.0
38784.368287048565, 154, 1.0
38784.69967258728, 152, -1.0
38789.27970123295, 152, -1.0
38790.95408280134, 103, -1.0
38791.43292203258, 44, 1.0
38791.87042469492, 103, 1.0
38792.74833608525, 101, -1.0
38792.95526105093, 152, -1.0
38794.029616913605, 75, -1.0
38794.177933345476, 35, -1.0
38794.992120614486, 152, -1.0
38799.63860193602, 103, 1.0
38800.389194449584, 35, -1.0
38803.01840880655, 148, -1.0
38804.42856790548, 152, 1.0
38804.48782200548, 152, -1.0
38805.154404140354, 75, -1.0
38807.397632627355, 44, -1.0
38808.31640675015, 154, 1.0
38818.89334051652, 103, 1.0
38823.49817709892, 103, 1.0
38827.428183697484, 148, -1.0
38828.24389093724, 35, -1.0
38830.47364941529, 154, 1.0
38830.89757948267, 44, 1.0
38835.94917910344, 154, 1.0
38837.67899790642, 152, -1.0
38840.0383379031, 35, 1.0
38841.070226072865, 44, -1.0
38845.40078512106, 152, 1.0
38849.86270389968, 35, -1.0
38850.96646470401, 35, -1.0
38852.216358983926, 75, 1.0
38852.78803665615, 101, 1.0
38857.754803576485, 75, -1.0
38860.769327349146, 35, -1.0
38861.035465367, 154, 1.0
38861.19919736149, 154, -1.0
38870.35937358213, 75, -1.0
38873.12008537111, 148, -1.0
38873.16433274017, 148, -1.0
38880.35508083168, 154, -1.0
38886.400084101755, 148, -1.0
38889.83539238745, 103, 1.0
38893.83508156361, 35, -1.0
38896.26964875239, 103, 1.0
38901.70660678262, 101, -1.0
38914.611386722216, 154, 1.0
38930.135466387495, 35, 1.0
38939.10582911564, 152, 1.0
38947.44934680621, 35, -1.0
38949.07500045919, 75, -1.0
38952.765633631585, 154, -1.0
38957.72711471122, 152, -1.0
38963.400885665455, 35, 1.0
38974.59869596283, 148, -1.0
38981.92222089382, 35, 1.0
38985.90311937817, 152, -1.0
38991.01066586926, 152, 1.0
38991.29710068527, 101, -1.0
38993.03138124889, 152, -1.0
38994.36672381549, 75, -1.0
38997.655769013894, 101, -1.0
38999.14490778068, 101, -1.0
39004.40653301866, 101, -1.0
39005.64523272422, 148, -1.0
39007.02438076595, 35, -1.0
39007.94496704452, 44, -1.0
39008.90745449209, 103, 1.0
39010.67470319695, 75, -1.0
39010.79249464722, 103, 1.0
39014.78946071546, 154, 1.0
39018.15959589396, 152, -1.0
39021.14890144365, 148, -1.0
39025.60579078097, 44, -1.0
39027.357926225166, 148, -1.0
39029.06214140288, 101, 1.0
39031.71427371753, 103, 1.0
39036.34334196042, 35, -1.0
39038.95805013041, 152, -1.0
39049.29002997065, 44, -1.0
39057.624442128705, 152, -1.0
39057.789081624294, 75, 1.0
39058.6318911061, 152, -1.0
39060.60937865253, 35, 1.0
39063.838306280515, 103, 1.0
39071.79272510777, 44, -1.0
39075.14866700766, 148, 1.0
39078.54485609031, 103, -1.0
39083.55431349769, 75, -1.0
39086.495302397074, 101, -1.0
39089.131145729516, 75, -1.0
39089.807374516226, 103, -1.0
39102.08224409127, 75, 1.0
39105.70492603132, 152, -1.0
39120.34232444352, 75, -1.0
39123.864275889384, 148, 1.0
39126.07609489675, 152, -1.0
39137.614528033555, 154, 1.0
39142.46863731682, 103, 1.0
39143.349324847884, 35, -1.0
39145.49087843321, 35, -1.0
39155.202355176996, 101, 1.0
39155.507597993004, 35, -1.0
39155.60615473974, 101, -1.0
39161.8283170085, 103, -1.0
39162.39353193735, 75, 1.0
39165.100905307205, 44, -1.0
39168.08215306387, 75, 1.0
39171.04224211352, 148, -1.0
39184.17654105637, 75, -1.0
39203.07753608171, 148, -1.0
39204.88766996956, 152, -1.0
39206.23053061135, 75, 1.0
39234.77740260567, 103, 1.0
39234.81948725531, 148, 1.0
39237.41738279423, 152, -1.0
39237.47365809928, 154, -1.0
39239.488336024595, 35, -1.0
39243.43304189246, 44, -1.0
39246.94719863154, 148, 1.0
39254.01828677656, 44, -1.0
39257.578986269174, 101, -1.0
39262.795084627585, 75, -1.0
39263.70485256972, 152, 1.0
39273.67636329158, 101, -1.0
39290.599630992714, 35, -1.0
39291.61696346827, 148, 1.0
39293.74581240856, 75, 1.0
39301.240979142596, 103, 1.0
39301.41701995089, 44, -1.0
39302.36970365893, 75, 1.0
39304.40602357997, 103, 1.0
39306.49269418007, 152, 1.0
39310.088181397135, 148, -1.0
39313.85074952782, 154, -1.0
39321.591648750495, 103, 1.0
39322.315524427446, 152, 1.0
39324.53416582411, 103, 1.0
39325.80609450353, 152, -1.0
39337.72296367833, 35, 1.0
39345.55035125953, 75, 1.0
39346.72786946745, 154, 1.0
39347.039924116165, 103, 1.0
39347.91166889711, 35, -1.0
39349.22722399495, 35, -1.0
39351.972566380464, 44, -1.0
39354.427843347745, 152, -1.0
39356.35517827185, 103, 1.0
39357.61945417143, 103, -1.0
39359.01931526933, 75, 1.0
39367.011397188086, 35, 1.0
39373.67530199709, 44, -1.0
39379.67762197762, 152, -1.0
39380.19323109273, 152, -1.0
39382.1935853093, 75, 1.0
39386.61841001992, 101, 1.0
39394.57883505034, 44, -1.0
39396.52724946059, 75, 1.0
39399.57146969327, 35, -1.0
39401.77029750781, 75, 1.0
39407.97971147056, 101, 1.0
39410.38411426646, 154, 1.0
39416.41319364958, 152, -1.0
39423.173158559934, 103, 1.0
39427.06961704441, 75, 1.0
39427.60713542242, 152, -1.0
39430.22735986112, 148, -1.0
39439.064309916794, 103, 1.0
39442.045638580734, 75, 1.0
39445.3669156569, 75, 1.0
39451.70092007334, 148, -1.0
39457.6354872965, 152, -1.0
39460.191190249956, 154, 1.0
39460.36516825633, 148, -1.0
39468.98356228976, 148, -1.0
39471.641418393796, 35, 1.0
39471.99342300746, 103, -1.0
39472.44844047999, 154, 1.0
39481.80981889391, 44, -1.0
39482.20002044728, 148, -1.0
39489.82984770455, 152, -1.0
39489.84507385187, 152, -1.0
39491.92510940033, 75, 1.0
39493.82848569366, 75, 1.0
39494.90810156488, 152, 1.0
39498.96060625046, 154, -1.0
39499.41246186361, 44, -1.0
39502.101696918246, 154, 1.0
39514.38455556008, 103, 1.0
39516.87422067774, 75, 1.0
39522.44244048248, 154, 1.0
39528.69674350797, 152, -1.0
39531.7607410703, 75, -1.0
39533.04807634689, 35, -1.0
39534.46559403799, 75, -1.0
39535.26028125353, 35, 1.0
39540.002338091224, 148, -1.0
39542.04848204539, 152, -1.0
39542.200002764446, 101, 1.0
39543.1700549282, 101, -1.0
39543.50281882398, 75, -1.0
39553.85785978144, 75, 1.0
39561.69854999393, 75, -1.0
39569.65627513728, 103, 1.0
39577.55283672739, 35, 1.0
39578.26533774504, 101, 1.0
39582.04706832157, 75, -1.0
39582.1316706517, 44, 1.0
39583.77702341539, 101, -1.0
39584.06892844106, 152, 1.0
39585.00365825807, 44, -1.0
39594.37193403888, 44, -1.0
