28802.850966578415, 98, -1.0
28803.582949406522, 98, -1.0
28806.574640423016, 155, 1.0
28814.1747790476, 32, -1.0
28817.425247331248, 142, -1.0
28818.821188469108, 165, 1.0
28819.12202252279, 103, 1.0
28819.183403012008, 188, 1.0
28821.61598438177, 99, 1.0
28823.888948001735, 148, 1.0
28824.426711617565, 114, 1.0
28826.947070537775, 84, 1.0
28828.717584730257, 40, 1.0
28829.668115978682, 34, -1.0
28832.22065519951, 234, -1.0
28834.216786096324, 163, -1.0
28836.028550344035, 177, 1.0
28837.123584995436, 159, -1.0
28837.672170610047, 164, -1.0
28839.3688147448, 142, -1.0
28839.986064564622, 235, 1.0
28841.787314241614, 153, 1.0
28843.103328045087, 161, -1.0
28843.861434054863, 71, 1.0
28849.0358822216, 40, 1.0
28849.756998629306, 105, -1.0
28850.249953904793, 51, 1.0
28850.918831541174, 40, 1.0
28852.595558993038, 165, 1.0
28855.382155723742, 35, 1.0
28858.665159933124, 28, -1.0
28860.773824644803, 87, 1.0
28861.165635671387, 68, 1.0
28861.256304484996, 75, -1.0
28864.296411260257, 53, -1.0
28864.829528709604, 101, 1.0
28865.19736569634, 84, 1.0
28866.124391031022, 70, -1.0
28867.255623655452, 152, 1.0
28867.282773125273, 92, -1.0
28869.485885798054, 233, 1.0
28872.64681037654, 149, -1.0
28874.848915676735, 159, -1.0
28878.05446150671, 164, -1.0
28879.306176177317, 84, 1.0
28880.997608700967, 161, -1.0
28881.729473520605, 100, 1.0
28882.293317165564, 151, -1.0
28886.140080298977, 169, -1.0
28891.06152364695, 114, -1.0
28891.583074803657, 34, -1.0
28892.899162104062, 117, -1.0
28893.411834262217, 163, -1.0
28897.066254537578, 58, -1.0
28898.09109972053, 34, -1.0
28898.466781255585, 100, 1.0
28898.764135877384, 103, -1.0
28899.822329240604, 161, 1.0
28900.61945949706, 109, 1.0
28900.622870083767, 43, -1.0
28901.304081681646, 94, 1.0
28903.012251333606, 108, -1.0
28905.000765371933, 67, 1.0
28905.955639987526, 116, -1.0
28906.095820404254, 116, 1.0
28906.997581935488, 193, -1.0
28908.31921674944, 146, 1.0
28908.974325619907, 39, -1.0
28910.461483528015, 71, 1.0
28911.828482518325, 112, -1.0
28913.50435996945, 109, 1.0
28913.784748316946, 180, -1.0
28914.802370523696, 84, -1.0
28917.949154358677, 101, 1.0
28920.13429891692, 113, -1.0
28920.798760800524, 148, -1.0
28923.879697978184, 64, -1.0
28928.174118451152, 94, -1.0
28929.69084049708, 46, -1.0
28931.038595214875, 164, 1.0
28931.136990142582, 52, -1.0
28931.71452020399, 163, -1.0
28932.264707792077, 71, 1.0
28932.645092690298, 51, -1.0
28933.99483420732, 116, 1.0
28934.532495853808, 146, -1.0
28934.89841956341, 163, -1.0
28936.81019303858, 83, -1.0
28941.29001831215, 40, 1.0
28944.717819241625, 55, -1.0
28950.253284222574, 35, -1.0
28950.46514980019, 100, 1.0
28951.63407853806, 48, -1.0
28951.79744313303, 177, -1.0
28953.127271647805, 29, 1.0
28960.183272517745, 154, 1.0
28961.25698236219, 126, 1.0
28961.431276660205, 118, -1.0
28962.527230669824, 70, -1.0
28963.395486831705, 63, -1.0
28963.60152018878, 154, 1.0
28964.150562478248, 92, -1.0
28964.962249618045, 150, -1.0
28966.541187515064, 152, -1.0
28973.70057549486, 146, 1.0
28974.52954091505, 69, 1.0
28986.676053495583, 126, 1.0
28987.50910659477, 86, -1.0
28987.8126866251, 193, -1.0
28990.341576867, 130, 1.0
28995.600184254585, 154, 1.0
29001.262368589774, 100, 1.0
29010.57344201153, 67, 1.0
29013.806431204615, 40, 1.0
29014.43900238842, 101, -1.0
29022.498909132766, 82, -1.0
29022.570343689393, 101, 1.0
29025.453278336332, 71, 1.0
29026.108128058735, 64, -1.0
29031.037361527386, 123, -1.0
29031.093638258473, 148, -1.0
29032.43487287411, 27, -1.0
29032.646968311932, 87, -1.0
29037.496171095714, 152, -1.0
29037.605825425642, 137, 1.0
29038.163053918423, 171, -1.0
29041.967771142678, 161, -1.0
29043.697830181707, 118, -1.0
29045.431707090567, 141, 1.0
29049.788298873755, 28, 1.0
29052.212159949515, 59, 1.0
29052.756172422683, 193, -1.0
29055.476118562776, 40, 1.0
29064.230940882364, 233, 1.0
29067.480688861655, 159, -1.0
29067.71105610973, 154, 1.0
29069.027455854408, 51, -1.0
29071.302808578395, 60, -1.0
29073.007306177722, 40, 1.0
29073.647578777105, 149, -1.0
29075.326135762512, 84, -1.0
29076.591585633272, 71, -1.0
29082.342579586686, 97, -1.0
29083.285434993057, 126, -1.0
29088.74714332054, 116, 1.0
29092.8657582229, 39, -1.0
29093.73008347911, 146, -1.0
29094.45732932744, 50, 1.0
29095.476449459118, 28, 1.0
29096.648070471416, 162, 1.0
29101.236176386337, 198, 1.0
29103.71635947044, 34, -1.0
29107.139291718762, 113, -1.0
29107.29572454459, 164, 1.0
29109.351887703284, 58, -1.0
29110.41429849258, 141, 1.0
29115.792795981608, 50, -1.0
29117.74157158718, 161, 1.0
29118.858102317117, 155, 1.0
29119.131258668378, 58, 1.0
29121.246651980793, 40, 1.0
29123.984987405875, 152, -1.0
29126.15768233535, 58, 1.0
29126.672718994843, 99, 1.0
29129.37735416227, 28, 1.0
29131.70265653269, 149, 1.0
29132.73936196753, 34, -1.0
29133.299562232107, 137, 1.0
29133.330003004932, 50, 1.0
29135.273072382035, 100, -1.0
29138.980546278937, 159, -1.0
29140.676684985803, 33, -1.0
29141.12718372355, 48, 1.0
29152.532675889455, 69, 1.0
29154.59504451542, 35, -1.0
29158.214749456143, 103, 1.0
29158.43567761534, 69, 1.0
29160.669360484266, 51, -1.0
29163.029925545467, 108, -1.0
29169.30358320181, 114, -1.0
29177.748359543435, 193, -1.0
29178.391843307127, 52, 1.0
29178.500633947093, 97, -1.0
29182.23273585143, 101, 1.0
29185.4307072314, 60, -1.0
29188.348599801593, 202, 1.0
29188.357473705637, 233, 1.0
29189.29820861589, 63, -1.0
29191.224023334493, 92, -1.0
29192.345612864618, 97, -1.0
29192.678527768247, 75, -1.0
29193.977484199928, 53, -1.0
29195.923737845173, 105, -1.0
29196.679815249394, 40, 1.0
29202.65196788061, 234, -1.0
29204.89435084833, 114, -1.0
29206.615529439565, 50, -1.0
29209.78054484774, 142, -1.0
29211.450731249006, 74, 1.0
29211.895985178642, 148, -1.0
29212.094080189643, 139, -1.0
29216.562164846637, 114, 1.0
29217.117851106825, 97, 1.0
29218.992456581418, 234, 1.0
29220.651802776076, 68, -1.0
29223.357557191383, 165, 1.0
29228.984956733122, 153, 1.0
29229.286976812273, 41, 1.0
29229.37234941551, 228, -1.0
29229.696857371826, 193, 1.0
29229.995151421997, 228, -1.0
29230.27478942853, 69, 1.0
29234.0129003607, 35, 1.0
29236.999484267904, 99, 1.0
29238.43383509, 87, -1.0
29238.960954057566, 117, -1.0
29239.628427853975, 182, 1.0
29243.92254860463, 35, -1.0
29247.77058448356, 70, 1.0
29251.253078332633, 46, -1.0
29253.34886635139, 64, -1.0
29254.298369323104, 104, 1.0
29254.543224616657, 130, -1.0
29256.50391365527, 155, 1.0
29257.028507888244, 45, -1.0
29260.7386464576, 193, -1.0
29265.083480841746, 89, -1.0
29265.458645751853, 59, -1.0
29265.48646040632, 101, 1.0
29265.868093262245, 152, 1.0
29266.06685416478, 101, 1.0
29269.98463879115, 76, -1.0
29270.403015482578, 169, 1.0
29270.903072014207, 100, 1.0
29275.083725615477, 48, 1.0
29277.950943597323, 71, -1.0
29290.691818677315, 83, 1.0
29293.901774033227, 65, 1.0
29295.744355799427, 35, -1.0
29297.369505686584, 165, 1.0
29300.180034833706, 198, -1.0
29304.404348882104, 75, -1.0
29305.08653738102, 100, -1.0
29306.612965417953, 198, -1.0
29308.386857701134, 58, 1.0
29308.87112770371, 67, 1.0
29309.671500689998, 141, 1.0
29310.271751579752, 161, -1.0
29310.290640791518, 137, 1.0
29311.74065111846, 58, -1.0
29314.799389214302, 75, -1.0
29317.54339517823, 119, -1.0
29317.903436033022, 222, -1.0
29318.758549282342, 64, -1.0
29320.56916134412, 171, -1.0
29322.871892287825, 45, 1.0
29326.951510866733, 99, -1.0
29328.54734642398, 123, -1.0
29332.251376896565, 87, -1.0
29332.72108933367, 104, -1.0
29333.48461621745, 63, 1.0
29334.094644570596, 107, -1.0
29334.542587476626, 100, 1.0
29336.267491130297, 40, -1.0
29338.17317534387, 162, -1.0
29338.92203172467, 69, -1.0
29339.981987125448, 67, 1.0
29340.792301291916, 75, -1.0
29341.34794428978, 71, 1.0
29341.87428715909, 82, -1.0
29342.075286235493, 169, -1.0
29348.43335433668, 101, -1.0
29351.92775885086, 101, 1.0
29352.56631680481, 58, -1.0
29356.07285929836, 152, -1.0
29358.25217892661, 181, -1.0
29359.956094288158, 87, -1.0
29360.80837794582, 162, -1.0
29362.597615114602, 94, 1.0
29364.67957630089, 35, -1.0
29370.28543811829, 151, -1.0
29371.39683739261, 37, -1.0
29372.720671769817, 165, -1.0
29373.08602291191, 53, -1.0
29375.60400716763, 82, -1.0
29377.348985384084, 34, -1.0
29378.029410791332, 53, 1.0
29379.901566614324, 50, -1.0
29382.441181708084, 100, 1.0
29383.665782003503, 50, -1.0
29384.541184709917, 141, -1.0
29385.749569516738, 109, 1.0
29386.10250758353, 35, -1.0
29387.473272617983, 163, -1.0
29388.896639461043, 169, -1.0
29389.359899284875, 34, -1.0
29390.464618806465, 109, 1.0
29393.075755481656, 114, -1.0
29394.5146756531, 148, -1.0
29394.96225870302, 41, 1.0
29398.4306567156, 163, 1.0
29398.7030196032, 120, 1.0
29399.35333982866, 64, -1.0
29400.41533468084, 80, -1.0
29401.07016434444, 88, 1.0
29401.930840772053, 110, -1.0
29402.53323976419, 188, -1.0
29404.67204254946, 165, -1.0
29405.031221690773, 99, -1.0
29406.223918608193, 58, -1.0
29415.119418923474, 51, -1.0
29417.452916980237, 64, -1.0
29417.535208501045, 126, 1.0
29418.72163458814, 163, -1.0
29419.756682028714, 60, -1.0
29426.287120280595, 103, 1.0
29429.203699841728, 76, -1.0
29438.635096467136, 101, -1.0
29440.901895593666, 101, 1.0
29441.745184291536, 40, -1.0
29441.75783401149, 110, -1.0
29443.399375240337, 163, 1.0
29447.68760781679, 188, -1.0
29452.114392047893, 58, -1.0
29454.482256684987, 35, -1.0
29457.438047901003, 114, -1.0
29457.754132959755, 87, 1.0
29458.066077520154, 31, -1.0
29461.889693491874, 100, -1.0
29462.59854885642, 188, -1.0
29463.206740440644, 241, 1.0
29465.06680503489, 123, -1.0
29467.50086067981, 59, 1.0
29467.546782342968, 169, -1.0
29469.518901751933, 67, 1.0
29470.273632064447, 45, 1.0
29477.912774375545, 161, 1.0
29478.14047951673, 35, -1.0
29479.277974030178, 123, -1.0
29479.4018713569, 188, -1.0
29482.198547621567, 120, -1.0
29483.251995517137, 41, 1.0
29486.726851392163, 58, -1.0
29486.989573394683, 97, -1.0
29489.402643969537, 76, -1.0
29490.016772502015, 68, 1.0
29490.194869537987, 71, 1.0
29490.750461700067, 39, -1.0
29491.43559585383, 114, 1.0
29493.21378505734, 41, 1.0
29494.58248833431, 81, -1.0
29496.235439395135, 101, 1.0
29498.51761808207, 82, -1.0
29498.61178538916, 103, -1.0
29500.69018523248, 50, 1.0
29502.142857458133, 71, 1.0
29506.24569220807, 146, 1.0
29506.8969662241, 234, -1.0
29509.645017508392, 126, -1.0
29509.917258735157, 128, -1.0
29513.04376668723, 80, -1.0
29514.97279006717, 65, 1.0
29517.019971344336, 109, -1.0
29517.80035112627, 52, 1.0
29518.25916927786, 198, -1.0
29519.66873487594, 101, -1.0
29520.452539105056, 165, -1.0
29521.468698021552, 84, -1.0
29521.629395109572, 96, -1.0
29521.9266642384, 92, -1.0
29523.03090150201, 126, -1.0
29526.20060904931, 182, -1.0
29528.205293283103, 230, 1.0
29529.645255996777, 39, -1.0
29535.082336864285, 67, 1.0
29536.342890766027, 101, -1.0
29537.1956352884, 59, 1.0
29540.907326860808, 36, 1.0
29541.47774155688, 118, -1.0
29541.48405362378, 163, -1.0
29541.746573410463, 97, -1.0
29543.386439653696, 116, 1.0
29543.948942337294, 59, -1.0
29545.6844922057, 72, 1.0
29548.198360262093, 35, -1.0
29553.373919835132, 74, 1.0
29553.783900656967, 52, 1.0
29556.902122351046, 95, 1.0
29561.3842604351, 48, 1.0
29562.562398505746, 153, 1.0
29568.88231119989, 141, 1.0
29569.170885355372, 97, 1.0
29570.135453054, 73, -1.0
29572.931196145255, 149, -1.0
29573.67793286909, 126, 1.0
29577.127224844102, 109, 1.0
29577.128688138662, 71, -1.0
29578.221760773416, 97, -1.0
29580.850483775386, 169, -1.0
29580.884992499527, 70, 1.0
29582.187824493027, 28, 1.0
29585.68841444124, 67, -1.0
29589.261984696797, 159, -1.0
29589.9741836211, 170, -1.0
29590.42138227114, 234, 1.0
29596.76451426907, 82, -1.0
29597.644456910883, 149, 1.0
29600.98756872231, 67, 1.0
29602.98526595814, 86, -1.0
29603.703600957928, 152, -1.0
29604.010422191102, 58, -1.0
29604.615804509438, 54, -1.0
29605.96268357346, 114, -1.0
29610.16263849238, 67, -1.0
29610.488290914796, 45, -1.0
29613.244461679573, 67, -1.0
29614.768330756542, 28, -1.0
29617.186638143034, 36, -1.0
29617.46569074146, 118, -1.0
29621.99597665474, 100, 1.0
29623.591916025314, 48, -1.0
29624.168992573523, 59, -1.0
29627.336542719837, 114, -1.0
29627.55585237656, 142, -1.0
29628.55146966212, 103, -1.0
29632.034019674364, 104, 1.0
29633.256114505737, 68, 1.0
29633.379669654394, 72, 1.0
29634.184941635576, 152, -1.0
29640.22724864175, 58, 1.0
29641.895164963556, 35, -1.0
29645.34234421476, 52, -1.0
29649.128918380207, 87, -1.0
29649.289271706744, 43, -1.0
29649.50900909031, 235, 1.0
29650.44343677492, 234, 1.0
29651.613700418122, 35, -1.0
29652.80657516994, 137, 1.0
29654.141372594968, 141, -1.0
29654.879072810654, 146, -1.0
29655.11159154559, 165, -1.0
29657.33964936371, 60, -1.0
29657.41260665842, 98, -1.0
29664.428176358346, 35, -1.0
29666.024456875413, 95, -1.0
29666.538283466965, 116, 1.0
29668.935457319883, 116, -1.0
29670.943801082598, 148, -1.0
29671.871199939924, 71, 1.0
29675.33989662057, 87, -1.0
29675.440641121826, 123, -1.0
29675.853517234682, 69, -1.0
29680.71449039727, 110, -1.0
29684.41314407988, 71, -1.0
29691.112871593214, 73, 1.0
29697.990036561794, 91, -1.0
29700.228829641437, 234, 1.0
29700.53118832799, 99, 1.0
29700.588750239902, 87, -1.0
29706.856317733527, 105, -1.0
29707.369213713406, 83, -1.0
29708.649154594175, 130, 1.0
29709.556646493213, 34, 1.0
29711.05404284547, 83, 1.0
29712.44073519733, 154, 1.0
29712.57908689119, 43, -1.0
29713.69842349263, 76, -1.0
29719.061540161452, 119, -1.0
29719.38174569527, 148, -1.0
29723.206919153537, 182, 1.0
29724.74065450126, 50, 1.0
29727.76537754731, 28, 1.0
29728.07453124042, 109, -1.0
29730.201809863916, 169, 1.0
29733.054196098765, 69, -1.0
29733.82959332781, 165, -1.0
29734.03778899244, 149, -1.0
29735.86747438512, 182, 1.0
29738.69407448243, 40, 1.0
29739.19444424813, 103, 1.0
29739.489216119062, 155, -1.0
29745.062419634436, 28, -1.0
29748.35375881761, 59, 1.0
29749.112658467955, 58, 1.0
29751.204636209775, 100, -1.0
29752.454158747674, 68, 1.0
29752.660218173165, 110, -1.0
29752.801145224395, 54, -1.0
29753.8268396343, 40, 1.0
29753.968246188862, 70, 1.0
29754.888295010274, 51, -1.0
29759.333966311915, 155, -1.0
29760.52828166278, 142, -1.0
29762.35004128271, 87, 1.0
29770.036021840428, 126, 1.0
29771.49902533011, 70, -1.0
29775.128557800675, 27, 1.0
29781.32583829559, 64, -1.0
29789.30718601274, 153, 1.0
29789.373208893045, 109, -1.0
29789.846546970184, 154, 1.0
29793.075675882083, 71, 1.0
29793.315807881394, 92, -1.0
29796.07096572784, 142, -1.0
29798.38437783164, 235, -1.0
29801.22034657023, 74, -1.0
29813.512493926555, 71, 1.0
29815.849773360256, 68, 1.0
29818.931023392703, 60, -1.0
29821.632581010424, 109, 1.0
29821.769889774285, 92, -1.0
29823.757587330234, 103, 1.0
29824.3203367288, 67, 1.0
29825.44102427639, 87, -1.0
29825.74688381898, 66, 1.0
29828.297134393717, 133, -1.0
29829.289138104694, 99, 1.0
29829.29569482081, 234, -1.0
29830.87041444812, 116, 1.0
29831.584610944912, 81, 1.0
29831.874549290922, 116, 1.0
29836.11279363548, 222, 1.0
29836.36517830527, 146, -1.0
29837.321138818254, 83, -1.0
29837.436781695917, 142, 1.0
29838.000098086195, 142, -1.0
29840.16175483192, 68, 1.0
29846.505369038172, 234, 1.0
29847.197878353985, 76, -1.0
29847.4018013117, 40, -1.0
29848.912194224573, 105, -1.0
29849.763221086985, 169, 1.0
29852.845889048032, 72, 1.0
29852.965562732705, 67, 1.0
29855.695763480566, 69, -1.0
29857.282156204106, 69, 1.0
29861.333561234445, 70, 1.0
29861.8451991639, 114, 1.0
29862.04231273686, 168, 1.0
29863.97922082414, 90, -1.0
29864.145350581835, 58, -1.0
29865.43603506611, 40, 1.0
29865.672872311538, 67, -1.0
29870.471002115763, 99, -1.0
29878.370066221592, 39, -1.0
29878.55665904527, 28, 1.0
29878.78803956134, 137, 1.0
29879.680331326294, 107, -1.0
29881.054659760248, 81, -1.0
29883.9600296144, 87, -1.0
29884.45921124218, 76, 1.0
29885.154508442924, 58, -1.0
29885.87107626234, 101, -1.0
29888.474892998536, 198, -1.0
29890.132101901127, 71, -1.0
29892.5430752123, 170, -1.0
29895.56061273936, 122, -1.0
29899.042969626687, 74, -1.0
29899.979653815226, 126, -1.0
29902.826545820804, 173, 1.0
29905.08054398759, 59, 1.0
29909.63066486005, 39, -1.0
29910.763863065404, 155, -1.0
29913.38550217383, 161, -1.0
29913.492942305467, 97, -1.0
29913.691259962146, 74, -1.0
29918.860880490607, 152, -1.0
29921.372804109516, 68, 1.0
29924.128789106464, 169, -1.0
29924.66176835295, 99, 1.0
29926.87282710094, 119, -1.0
29929.633197979376, 40, -1.0
29930.566345344512, 41, 1.0
29931.608662994884, 40, 1.0
29933.02073737352, 54, 1.0
29934.752391217276, 171, -1.0
29938.3007938471, 71, -1.0
29938.78038577664, 122, -1.0
29940.700308463583, 92, -1.0
29940.878056367575, 101, 1.0
29944.45334372777, 169, 1.0
29945.871913678642, 54, -1.0
29956.601256780115, 67, 1.0
29960.895585340957, 26, -1.0
29961.069022624506, 34, -1.0
29962.05021362853, 99, -1.0
29967.59720648882, 101, -1.0
29968.62615724054, 58, -1.0
29970.861360923795, 153, -1.0
29972.161697455696, 67, 1.0
29976.466497599395, 40, 1.0
29977.152881950744, 28, -1.0
29977.506054522084, 28, -1.0
29978.169957714596, 100, 1.0
29978.90307955021, 109, 1.0
29980.324839824076, 133, 1.0
29980.61068814262, 198, 1.0
29982.88371832774, 73, -1.0
29985.986469111565, 164, 1.0
29987.73253482353, 50, 1.0
29987.97976226943, 40, -1.0
29993.73694036473, 198, 1.0
29994.314930664554, 76, 1.0
29994.997536301347, 86, 1.0
29997.057576463412, 59, -1.0
30001.358858354593, 98, -1.0
30006.111265945605, 142, 1.0
30006.46146013036, 230, -1.0
30006.933990040474, 35, 1.0
30009.489935777267, 169, 1.0
30011.511870696588, 92, -1.0
30015.337960220415, 137, 1.0
30015.981495864988, 37, -1.0
30018.33805364839, 40, 1.0
30025.951757919207, 36, -1.0
30026.437952416847, 80, -1.0
30027.801221580965, 114, -1.0
30028.359503015996, 28, 1.0
30032.45554318569, 84, -1.0
30033.81410267622, 53, -1.0
30035.605858002404, 35, -1.0
30035.904329352346, 59, -1.0
30038.37986114618, 42, 1.0
30040.62266511193, 166, -1.0
30042.66296570468, 142, -1.0
30042.960803070822, 109, 1.0
30045.471430389814, 40, 1.0
30046.486200111976, 222, 1.0
30049.700539154146, 35, 1.0
30050.1858663489, 159, 1.0
30050.46666737462, 70, 1.0
30051.610382388288, 46, -1.0
30056.908116165785, 75, 1.0
30065.313073871308, 100, -1.0
30065.54778846072, 114, -1.0
30066.396891791457, 233, -1.0
30068.472515769256, 58, -1.0
30069.852678658714, 142, 1.0
30072.360542099406, 40, -1.0
30072.779366322262, 230, -1.0
30077.453747615204, 71, 1.0
30078.368702220123, 159, -1.0
30089.25249739382, 75, -1.0
30091.040976161185, 128, 1.0
30091.919755067414, 101, 1.0
30093.19129686738, 163, -1.0
30093.743763891805, 100, 1.0
30093.81855326579, 161, -1.0
30095.152430291968, 105, 1.0
30097.595944862176, 71, 1.0
30114.367251616382, 99, -1.0
30118.75226312254, 60, -1.0
30119.18267067274, 116, -1.0
30120.706484348197, 58, -1.0
30124.52827179614, 146, -1.0
30126.293458024124, 103, 1.0
30126.530962412555, 52, -1.0
30127.048317330624, 153, -1.0
30127.69422772653, 68, 1.0
30130.36619301318, 69, 1.0
30131.486690445417, 40, 1.0
30134.984046551883, 114, -1.0
30137.63455038847, 69, 1.0
30141.20917725695, 107, -1.0
30142.688539131566, 52, -1.0
30143.75563106219, 99, -1.0
30144.617480904984, 114, 1.0
30144.948358290945, 114, -1.0
30148.692450245635, 94, 1.0
30153.10546216967, 40, -1.0
30155.08339387973, 101, -1.0
30156.144353166314, 126, 1.0
30157.035042565072, 35, -1.0
30165.4815627109, 76, -1.0
30170.087089216027, 153, 1.0
30172.071709021046, 119, -1.0
30173.98325295622, 67, 1.0
30175.40931761127, 87, -1.0
30177.29223338223, 34, -1.0
30179.469548389796, 64, -1.0
30180.679530532354, 141, 1.0
30181.103777097313, 97, -1.0
30181.328118466383, 41, -1.0
30185.062864067273, 58, -1.0
30190.29928131596, 81, 1.0
30191.02340450945, 130, -1.0
30193.424135142523, 149, -1.0
30193.438712938798, 103, -1.0
30194.127218474518, 114, -1.0
30195.64874514102, 114, -1.0
30197.262704614794, 95, 1.0
30198.123223896957, 155, 1.0
30200.99468224587, 80, -1.0
30202.322447873736, 177, 1.0
30203.02499340971, 97, 1.0
30204.624187887628, 40, 1.0
30206.14013753294, 198, -1.0
30210.602469245478, 164, 1.0
30211.036444140052, 59, -1.0
30211.204272890544, 99, -1.0
30211.20952328231, 234, 1.0
30211.35212396328, 64, -1.0
30211.552413115067, 71, 1.0
30212.097559868314, 45, 1.0
30212.971713166306, 58, -1.0
30214.313623610593, 148, -1.0
30216.58158893093, 99, 1.0
30221.10846532599, 162, -1.0
30222.43421941044, 67, 1.0
30224.37926068773, 181, 1.0
30225.404265674475, 97, -1.0
30226.02001035356, 119, -1.0
30226.85968869376, 39, -1.0
30227.918529250728, 55, -1.0
30231.443877548838, 40, 1.0
30233.505122999522, 92, -1.0
30234.3315248861, 149, 1.0
30240.08953445543, 147, -1.0
30242.64191852948, 40, 1.0
30248.595498369396, 117, -1.0
30249.70845122338, 71, 1.0
30252.37265365946, 98, -1.0
30253.136973504526, 146, 1.0
30253.713200969654, 40, -1.0
30253.722861997554, 69, 1.0
30255.358939670237, 63, 1.0
30258.214958221102, 67, 1.0
30267.11694006466, 162, 1.0
30275.206477009113, 58, -1.0
30275.52810708967, 76, -1.0
30277.34632991642, 116, 1.0
30277.650841894938, 126, 1.0
30278.212667055595, 180, 1.0
30279.203625459533, 103, -1.0
30280.714764709646, 98, -1.0
30281.537101738653, 31, -1.0
30287.54218561751, 81, 1.0
30294.006068011964, 155, 1.0
30295.179703797316, 119, -1.0
30297.88156349297, 102, 1.0
30302.372178912672, 83, 1.0
30304.14499899486, 119, -1.0
30306.549555475776, 71, -1.0
30307.62326128481, 101, -1.0
30311.772026641964, 59, 1.0
30313.624498209203, 230, 1.0
30319.282164598404, 27, -1.0
30325.552118808017, 68, 1.0
30326.070100514316, 100, -1.0
30332.699855946365, 126, -1.0
30333.022920844935, 101, 1.0
30335.527908921402, 155, -1.0
30336.96038096119, 99, -1.0
30337.695177072947, 114, -1.0
30337.768483544827, 146, -1.0
30339.046763916118, 68, 1.0
30339.29344597212, 159, -1.0
30339.31983193666, 123, -1.0
30340.786234344745, 71, 1.0
30344.936255494104, 170, -1.0
30345.223945249156, 40, 1.0
30350.818077509946, 50, -1.0
30355.943074626433, 109, 1.0
30358.651374299377, 51, 1.0
30361.927894510285, 97, -1.0
30362.6690134584, 58, -1.0
30363.2728476184, 130, -1.0
30367.229989357642, 92, -1.0
30374.879685636548, 148, -1.0
30378.355242468733, 155, 1.0
30378.880668334772, 35, -1.0
30380.38118467969, 165, -1.0
30380.76569757283, 101, 1.0
30380.859921344134, 58, -1.0
30381.67610708028, 114, -1.0
30383.026569232723, 117, -1.0
30385.47202118051, 53, -1.0
30392.130188815907, 152, -1.0
30395.157460726357, 177, -1.0
30396.464506252534, 88, 1.0
30396.999913623236, 35, -1.0
30399.4597206004, 148, 1.0
30402.44575486811, 76, -1.0
30402.718473853183, 152, -1.0
30402.964267673466, 87, -1.0
30404.28328052054, 51, -1.0
30405.663718731485, 116, -1.0
30407.474635846407, 161, -1.0
30410.257611055436, 107, -1.0
30410.561535108973, 120, 1.0
30410.733362060175, 76, -1.0
30412.156241585606, 40, 1.0
30412.37084346711, 101, -1.0
30416.902408322592, 69, 1.0
30419.477998934533, 51, 1.0
30421.383818535203, 34, -1.0
30423.97790219972, 64, -1.0
30425.339871266926, 92, -1.0
30426.155488090364, 58, -1.0
30428.839654829408, 40, 1.0
30431.31299402574, 230, -1.0
30433.6144461322, 67, -1.0
30437.66288650641, 104, 1.0
30440.94387593241, 37, -1.0
30442.825854871033, 58, -1.0
30444.530700209958, 70, 1.0
30445.437936912047, 117, -1.0
30445.85850920066, 112, -1.0
30450.922006151577, 95, -1.0
30450.996740699335, 71, 1.0
30456.34673568842, 188, -1.0
30459.97262449818, 39, -1.0
30461.079783754987, 75, -1.0
30461.746007729784, 162, 1.0
30462.399564527444, 162, -1.0
30466.056288243468, 116, -1.0
30466.08449455023, 154, 1.0
30467.79916361102, 76, -1.0
30469.530395773498, 164, 1.0
30471.788876291062, 106, 1.0
30472.39011472302, 87, 1.0
30476.67993223499, 58, -1.0
30478.280293830943, 60, -1.0
30479.35097157336, 101, -1.0
30481.106687654566, 64, -1.0
30484.868966099355, 41, 1.0
30485.01162087507, 126, -1.0
30486.34560247571, 40, 1.0
30487.72912440302, 114, -1.0
30487.817485118816, 58, -1.0
30490.19197655107, 182, 1.0
30490.361922017175, 168, 1.0
30492.430016051552, 70, 1.0
30492.692279345385, 235, 1.0
30494.861600252152, 165, -1.0
30496.75368051663, 165, -1.0
30502.57145491825, 58, -1.0
30502.89917637369, 152, -1.0
30505.753016559695, 104, -1.0
30507.769187755133, 133, -1.0
30507.92591473804, 119, 1.0
30511.282933331826, 98, -1.0
30516.783845894442, 152, -1.0
30516.82012791985, 157, -1.0
30518.145819308163, 164, 1.0
30518.439342326703, 101, 1.0
30520.076227720558, 45, 1.0
30525.903770724937, 50, -1.0
30526.84425469262, 74, 1.0
30529.69415848358, 163, 1.0
30530.88954238254, 27, -1.0
30532.3219952542, 188, 1.0
30533.94811230933, 222, 1.0
30537.022604119567, 182, 1.0
30538.25413576523, 27, -1.0
30540.156902803872, 119, -1.0
30540.37217755145, 164, 1.0
30541.835685888847, 97, 1.0
30541.93301283274, 35, -1.0
30548.393941816423, 40, 1.0
30548.841982687365, 75, -1.0
30549.197837559273, 35, 1.0
30549.54085335839, 165, -1.0
30550.153965503032, 46, -1.0
30551.185078072274, 43, 1.0
30556.969587469695, 41, -1.0
30559.655288724523, 234, -1.0
30561.239851070248, 193, -1.0
30563.125614923574, 51, 1.0
30563.132105956396, 82, 1.0
30566.02863132787, 152, -1.0
30567.02588385947, 109, 1.0
30567.27890807715, 141, 1.0
30567.636353902024, 154, -1.0
30567.883788288196, 34, 1.0
30571.069215358988, 43, -1.0
30571.79985832551, 99, 1.0
30572.213201330866, 193, 1.0
30575.511317456865, 126, 1.0
30576.491529996158, 163, -1.0
30576.53684372937, 67, 1.0
30577.694748709928, 75, 1.0
30578.299548471445, 67, -1.0
30583.750485028453, 155, -1.0
30584.12038907974, 235, 1.0
30588.969152395923, 45, 1.0
30591.6769877467, 58, -1.0
30592.838871854285, 114, 1.0
30593.464003175468, 40, -1.0
30595.400365378322, 51, 1.0
30596.238640937358, 68, 1.0
30596.964293229834, 82, -1.0
30598.293233186225, 101, 1.0
30598.367650539098, 67, 1.0
30600.21551824552, 35, -1.0
30600.36487071705, 163, -1.0
30601.08098327603, 114, -1.0
30601.97868759828, 68, -1.0
30608.01560913591, 198, -1.0
30608.097346720966, 83, -1.0
30608.232230439397, 33, 1.0
30608.454477791176, 40, -1.0
30608.884232071294, 60, -1.0
30609.967293466318, 234, -1.0
30611.740298092893, 35, -1.0
30613.92055139556, 59, 1.0
30614.085701879387, 40, 1.0
30619.131191494416, 84, -1.0
30619.4019803275, 45, -1.0
30619.663874926817, 188, -1.0
30620.11998225344, 58, -1.0
30623.332368647818, 116, 1.0
30624.40615439836, 50, -1.0
30626.785817161806, 166, -1.0
30629.66033578721, 233, 1.0
30631.219575378946, 99, -1.0
30631.488380340503, 72, 1.0
30631.73249612011, 181, -1.0
30634.174491179994, 153, -1.0
30635.170247462524, 182, -1.0
30636.13500008262, 110, -1.0
30636.90727056439, 59, -1.0
30639.756637005943, 69, 1.0
30643.18590608669, 72, 1.0
30643.19868489661, 40, 1.0
30643.47477858349, 146, -1.0
30647.758051233173, 128, 1.0
30648.40196470226, 188, -1.0
30648.605785285243, 142, 1.0
30653.186044131166, 153, -1.0
30655.196532013222, 40, 1.0
30656.281442127143, 103, 1.0
30656.343408158362, 61, 1.0
30662.26815556011, 110, -1.0
30665.422606665023, 35, -1.0
30669.998119610016, 83, 1.0
30670.1598977637, 162, -1.0
30670.742916051197, 74, -1.0
30672.898070753698, 147, -1.0
30673.301694782618, 69, -1.0
30673.838303361023, 56, -1.0
30674.060359479125, 101, 1.0
30676.17870327213, 133, 1.0
30676.605112304864, 28, 1.0
30678.434767657338, 119, -1.0
30684.128918917526, 40, 1.0
30686.52679782584, 65, -1.0
30687.08436636921, 105, -1.0
30687.96406498409, 50, 1.0
30691.624422092278, 71, -1.0
30696.878546712946, 58, -1.0
30698.069050788283, 228, -1.0
30700.627569346343, 72, 1.0
30701.959257555834, 165, 1.0
30703.003257930643, 45, -1.0
30703.28789744497, 76, -1.0
30704.029379284188, 165, -1.0
30704.418789987747, 146, -1.0
30706.784967616524, 35, -1.0
30710.282277179787, 118, 1.0
30719.34214127687, 40, 1.0
30721.592458903706, 69, 1.0
30723.233541412563, 89, -1.0
30724.004300681958, 67, 1.0
30725.350741193088, 107, -1.0
30726.4851686061, 58, -1.0
30727.904080186632, 98, -1.0
30727.923951146553, 99, -1.0
30730.85344090818, 41, -1.0
30731.102450440958, 40, 1.0
30731.14592972109, 40, 1.0
30733.493298545334, 126, -1.0
30734.69674850186, 63, 1.0
30736.04380136323, 114, -1.0
30737.096370779833, 138, -1.0
30737.797481046713, 114, -1.0
30737.88196885681, 188, -1.0
30739.10782541066, 50, -1.0
30739.450637705944, 50, -1.0
30744.657252988603, 59, -1.0
30745.28558349145, 106, 1.0
30752.39385256254, 152, -1.0
30753.054532159273, 182, 1.0
30755.88991356268, 40, 1.0
30761.252478766113, 65, -1.0
30761.273433183, 60, -1.0
30768.52309178274, 169, -1.0
30769.961740783412, 230, -1.0
30770.43179266867, 105, -1.0
30773.14075144938, 67, 1.0
30773.642170054056, 162, -1.0
30774.4464246886, 33, -1.0
30783.982981873654, 133, 1.0
30785.188926949588, 52, -1.0
30786.466180402047, 158, 1.0
30787.561096974747, 116, -1.0
30787.65858625309, 152, 1.0
30787.993288793437, 114, -1.0
30790.232971033394, 94, -1.0
30791.184027118004, 163, 1.0
30793.877932155057, 34, 1.0
30801.5803076705, 98, -1.0
30807.62405316358, 87, -1.0
30809.489817202782, 84, 1.0
30810.28131442275, 222, -1.0
30811.75525616286, 67, 1.0
30813.267444391015, 34, -1.0
30817.48977680677, 99, -1.0
30820.3427219962, 103, -1.0
30820.56784106075, 126, -1.0
30821.127861515804, 163, -1.0
30821.575508465186, 155, -1.0
30823.78630578807, 58, -1.0
30824.90084021361, 155, 1.0
30831.58963472059, 114, -1.0
30842.483128817592, 69, 1.0
30856.566968853946, 67, -1.0
30862.123700807155, 133, 1.0
30863.1942245895, 164, 1.0
30865.069149526214, 56, -1.0
30865.999141467444, 99, -1.0
30866.139039244947, 152, -1.0
30866.37855699002, 34, -1.0
30867.241926148814, 85, -1.0
30867.42609984727, 163, -1.0
30874.552638450663, 40, -1.0
30877.49546338629, 101, 1.0
30879.443144588444, 83, -1.0
30881.349679633564, 161, 1.0
30887.977492776394, 62, 1.0
30889.10794691581, 99, 1.0
30889.864463082864, 165, 1.0
30891.36063246809, 26, -1.0
30891.636418096517, 73, 1.0
30898.379556838925, 48, 1.0
30899.028258328726, 81, 1.0
30899.52115230792, 72, -1.0
30900.795560117997, 182, 1.0
30901.300339213245, 182, 1.0
30901.51538449299, 114, -1.0
30906.963602084026, 182, 1.0
30909.07374058407, 67, 1.0
30913.74618157211, 60, -1.0
30914.67490159002, 165, -1.0
30918.682857330696, 62, -1.0
30919.03505576565, 149, -1.0
30919.671956250822, 59, 1.0
30922.34761680053, 83, -1.0
30923.06923146428, 96, -1.0
30924.20973019842, 164, 1.0
30924.434808004335, 133, -1.0
30925.614512519867, 56, -1.0
30927.526025637628, 64, -1.0
30928.231388105847, 235, 1.0
30928.718094221615, 162, 1.0
30929.49404370523, 92, 1.0
30929.538799682137, 53, -1.0
30929.586992474873, 81, -1.0
30929.6365321229, 230, -1.0
30929.947524169613, 133, -1.0
30931.6459508615, 142, 1.0
30940.838126779166, 40, -1.0
30941.830853240932, 40, 1.0
30943.841157536623, 235, 1.0
30950.649741369532, 164, 1.0
30951.433139712655, 89, 1.0
30951.68013273943, 169, 1.0
30952.135108689377, 59, -1.0
30962.369128508737, 169, 1.0
30964.55471071935, 51, 1.0
30966.47758614539, 99, -1.0
30974.57769081356, 36, 1.0
30975.96848185806, 40, 1.0
30977.147762305638, 58, 1.0
30979.100564098, 180, -1.0
30979.411294218557, 141, 1.0
30983.57260801821, 35, -1.0
30983.849845614848, 142, 1.0
30984.599452340823, 52, -1.0
30988.92476360187, 106, -1.0
30994.010568123307, 40, -1.0
30995.537542688267, 83, -1.0
30997.876109275774, 101, -1.0
31001.497239566495, 137, 1.0
31002.96908562151, 154, 1.0
31003.694362110888, 154, 1.0
31005.488535778444, 137, 1.0
31006.030455957447, 87, -1.0
31011.845386381894, 164, 1.0
31012.278029393376, 98, -1.0
31012.388667961295, 94, -1.0
31015.202947972375, 165, -1.0
31017.106043860622, 123, -1.0
31017.94665346236, 91, 1.0
31021.782743140917, 99, 1.0
31022.00732049799, 71, 1.0
31022.33523641477, 169, -1.0
31023.64628371734, 75, -1.0
31024.5788798433, 52, -1.0
31025.100960230367, 28, -1.0
31026.664455299855, 55, -1.0
31028.614999578316, 58, 1.0
31031.36960345224, 133, -1.0
31032.08545409624, 157, -1.0
31032.890105779235, 65, -1.0
31037.388935284605, 71, -1.0
31038.0892265948, 141, 1.0
31038.120411745, 222, -1.0
31038.74470452512, 163, -1.0
31041.988522471223, 35, 1.0
31044.301001475764, 234, 1.0
31047.308755290884, 74, -1.0
31047.40669813525, 87, 1.0
31049.21067150432, 128, -1.0
31052.812832121705, 59, -1.0
31056.885547920643, 164, -1.0
31058.29327862377, 222, -1.0
31059.439882177714, 103, 1.0
31059.865694199612, 198, 1.0
31064.10357936498, 150, -1.0
31065.589423102647, 39, -1.0
31067.847223988552, 164, 1.0
31068.092390849102, 141, 1.0
31068.81140107324, 58, -1.0
31069.090923314834, 99, 1.0
31069.90776986408, 40, 1.0
31070.421287387606, 102, 1.0
31071.840985197297, 159, -1.0
31075.569563667403, 166, -1.0
31080.70799020891, 76, -1.0
31083.99337810212, 101, 1.0
31084.970726080264, 169, -1.0
31087.212196257595, 40, -1.0
31091.226413733817, 83, 1.0
31093.19791373794, 130, 1.0
31096.736795978537, 45, -1.0
31098.91099393463, 98, -1.0
31102.070995699498, 152, -1.0
31102.32849498547, 59, -1.0
31106.96906943615, 55, 1.0
31107.3149764299, 69, -1.0
31110.705425229808, 137, 1.0
31111.19111512364, 83, -1.0
31112.693407406274, 133, 1.0
31116.022612487526, 68, -1.0
31123.73019390134, 149, -1.0
31132.797355645584, 29, 1.0
31133.222991533497, 89, -1.0
31133.562718640067, 122, -1.0
31136.92421102836, 149, -1.0
31138.593137785956, 188, -1.0
31140.509104977747, 76, -1.0
31141.87893136304, 50, -1.0
31142.073697220818, 153, -1.0
31143.047758974684, 233, 1.0
31145.600897155826, 81, -1.0
31149.40177952582, 130, -1.0
31151.640992934503, 98, -1.0
31151.78294643604, 102, 1.0
31154.26470533238, 52, -1.0
31154.388295885878, 73, 1.0
31154.554708798867, 40, 1.0
31161.09501366129, 58, 1.0
31162.68926100012, 100, -1.0
31163.526576774562, 58, -1.0
31164.82404045657, 164, 1.0
31165.819676294646, 59, 1.0
31166.5362043074, 120, -1.0
31172.042607062584, 58, -1.0
31176.07045657943, 162, 1.0
31177.40456364369, 152, -1.0
31180.73746280133, 169, 1.0
31181.2178605603, 123, -1.0
31184.83247183552, 152, 1.0
31186.752620799845, 71, 1.0
31192.393777426114, 163, -1.0
31195.31807125126, 181, 1.0
31197.47716793773, 234, -1.0
31200.53038993795, 98, -1.0
31202.868894453437, 41, 1.0
31206.645402696708, 41, 1.0
31213.418512825112, 53, -1.0
31213.596884474307, 112, -1.0
31213.74778404724, 58, -1.0
31214.44289222914, 71, 1.0
31214.733641922063, 34, 1.0
31215.449216509318, 123, -1.0
31216.252667537712, 41, 1.0
31224.96626444569, 163, -1.0
31225.99649481543, 163, 1.0
31226.23536729494, 82, -1.0
31227.468868467175, 112, -1.0
31227.58191137046, 168, 1.0
31230.195227119697, 188, -1.0
31230.947152191817, 76, -1.0
31237.134603853487, 34, 1.0
31237.46306570893, 40, 1.0
31239.632352870634, 109, -1.0
31240.084144899447, 44, 1.0
31240.963292771434, 146, -1.0
31243.679478165686, 116, 1.0
31244.587298770188, 87, -1.0
31245.435035656443, 83, -1.0
31245.92565476761, 53, -1.0
31247.23334314823, 117, 1.0
31247.571611344676, 155, -1.0
31249.92533927322, 141, -1.0
31251.09862571813, 99, 1.0
31251.470614718513, 34, -1.0
31251.537719349457, 86, 1.0
31251.628262667426, 235, -1.0
31257.143278514057, 50, -1.0
31257.187547302092, 162, -1.0
31258.240157689146, 34, -1.0
31258.416254956268, 58, -1.0
31259.832655764498, 65, -1.0
31260.297675677644, 70, 1.0
31264.219430208726, 64, -1.0
31265.534555381353, 40, 1.0
31266.169209634187, 111, -1.0
31267.99955442311, 71, 1.0
31269.349842108513, 147, -1.0
31271.993820489897, 152, -1.0
31273.69650886617, 114, -1.0
31274.69898733884, 235, 1.0
31276.614842697785, 76, -1.0
31278.203932595483, 235, 1.0
31279.58509817469, 58, -1.0
31284.963133871144, 45, 1.0
31288.309748176194, 104, 1.0
31289.72368976684, 169, -1.0
31290.544597235006, 97, -1.0
31290.856218238834, 182, 1.0
31291.66162621324, 110, -1.0
31291.694383939608, 142, 1.0
31291.961707723418, 235, 1.0
31296.80380478738, 171, -1.0
31302.74689789264, 69, 1.0
31303.490176391817, 40, 1.0
31304.435195483464, 97, -1.0
31304.977876104873, 60, 1.0
31305.19620000567, 98, -1.0
31310.614835470184, 65, -1.0
31312.576851486363, 180, -1.0
31318.022172086297, 152, 1.0
31321.349589324836, 117, -1.0
31322.31000280094, 163, 1.0
31323.392832825404, 87, -1.0
31325.14791845682, 81, 1.0
31325.617699013794, 69, 1.0
31325.913202784264, 181, 1.0
31326.30011941013, 70, -1.0
31328.43156338811, 181, -1.0
31329.708578140842, 193, -1.0
31333.535469250535, 34, 1.0
31337.80720481111, 116, 1.0
31338.143867486615, 137, -1.0
31341.619581946, 60, -1.0
31341.74809023786, 130, 1.0
31343.023593087695, 193, -1.0
31343.686254851356, 95, -1.0
31345.708718805123, 58, -1.0
31348.276870972408, 59, 1.0
31353.37716175642, 33, -1.0
31354.05166853685, 137, 1.0
31355.009428719066, 50, 1.0
31362.136737473305, 31, -1.0
31365.980308862985, 146, 1.0
31366.155701210806, 114, -1.0
31368.825892883662, 101, 1.0
31370.804861313998, 202, 1.0
31376.406111042517, 95, -1.0
31379.833273237866, 69, 1.0
31380.609447348117, 48, 1.0
31382.20521321312, 123, -1.0
31384.484436999257, 165, 1.0
31386.371187107903, 102, 1.0
31389.091111614965, 167, 1.0
31389.7949218268, 76, -1.0
31390.340017446648, 116, 1.0
31395.76086465411, 58, 1.0
31401.10150393197, 87, -1.0
31402.58720716274, 50, -1.0
31406.23516175566, 154, 1.0
31406.613177594158, 76, -1.0
31408.1196870084, 141, -1.0
31408.668252308922, 39, -1.0
31409.75242952501, 114, 1.0
31410.187302143993, 98, -1.0
31410.36429205475, 126, 1.0
31415.536331530137, 71, 1.0
31415.81937334005, 58, -1.0
31422.78141220097, 83, -1.0
31423.920990989976, 120, 1.0
31424.821089061406, 27, -1.0
31425.235088890215, 101, 1.0
31426.206166807933, 35, -1.0
31428.378103934014, 76, 1.0
31428.548204854415, 234, -1.0
31428.79914929127, 109, -1.0
31431.606604864824, 114, -1.0
31431.85989736712, 81, -1.0
31432.470863935436, 43, -1.0
31432.597461682533, 40, -1.0
31432.621595149023, 198, -1.0
31434.88057508976, 34, 1.0
31438.012905162705, 163, -1.0
31439.45577881592, 67, 1.0
31440.70795975196, 105, -1.0
31441.67258412665, 110, -1.0
31442.282549427113, 72, 1.0
31449.6842080567, 114, 1.0
31452.239391407442, 83, -1.0
31456.75652273206, 76, -1.0
31458.031212708745, 128, -1.0
31458.217502546944, 112, -1.0
31459.22113051252, 165, 1.0
31459.927155955746, 51, 1.0
31466.524862313858, 147, -1.0
31468.790554163865, 162, -1.0
31472.73980934642, 48, -1.0
31477.666497950304, 29, 1.0
31479.37615635378, 45, -1.0
31479.90632372301, 116, -1.0
31480.035342601775, 45, 1.0
31481.491712096027, 141, 1.0
31485.20676078319, 141, -1.0
31491.028740351372, 58, -1.0
31494.050088039206, 39, -1.0
31494.26256994108, 73, 1.0
31494.93915634302, 114, -1.0
31495.274642768134, 103, 1.0
31496.70523198371, 163, -1.0
31501.395018054616, 90, 1.0
31501.660683150134, 73, -1.0
31502.199114943483, 193, 1.0
31503.39320186891, 34, -1.0
31503.549720946834, 163, 1.0
31504.02668585539, 146, 1.0
31507.1820588825, 116, -1.0
31507.436234249642, 58, -1.0
31508.501954401065, 45, -1.0
31508.975164741663, 166, -1.0
31510.047588132624, 48, -1.0
31513.348713955216, 35, -1.0
31515.0218275135, 133, 1.0
31520.277159103993, 54, -1.0
31521.466007059338, 28, -1.0
31523.243310569997, 50, -1.0
31524.432311692704, 162, -1.0
31524.97099306636, 31, 1.0
31526.154467989236, 68, 1.0
31526.35255107795, 43, 1.0
31527.14431803814, 110, -1.0
31528.533077779288, 54, -1.0
31530.073751173182, 87, -1.0
31530.646212596897, 116, -1.0
31531.681303486796, 163, -1.0
31531.974485604376, 60, -1.0
31532.189786448605, 162, -1.0
31533.08669796707, 167, -1.0
31533.8683545192, 58, 1.0
31538.17028637715, 45, -1.0
31542.611925986435, 149, -1.0
31544.04222256066, 75, -1.0
31545.50899411985, 74, -1.0
31548.60495854478, 45, 1.0
31551.874299911593, 169, 1.0
31554.08339960416, 35, -1.0
31557.91505216692, 50, -1.0
31561.567079320062, 133, -1.0
31562.286351392144, 142, 1.0
31567.583635591705, 63, 1.0
31570.618143339423, 148, -1.0
31575.77063217384, 150, -1.0
31577.778740556067, 114, -1.0
31578.449740486394, 116, 1.0
31578.472733226372, 39, 1.0
31578.802995980193, 59, -1.0
31586.381860488258, 157, -1.0
31586.596137496992, 99, -1.0
31589.00044891564, 113, 1.0
31589.499732312408, 182, 1.0
31592.626332420426, 147, -1.0
31595.509029386223, 163, -1.0
31595.837929415924, 87, -1.0
31602.33790579927, 98, 1.0
31602.90150041541, 40, 1.0
31603.481549233544, 76, 1.0
31607.637234179187, 141, 1.0
31610.02880968146, 74, -1.0
31613.84986772338, 51, 1.0
31617.130666399844, 123, -1.0
31619.349483031256, 119, -1.0
31621.202580236673, 83, -1.0
31621.63853692083, 82, -1.0
31626.012988918686, 98, -1.0
31630.967424997583, 59, 1.0
31631.726914680177, 51, -1.0
31634.691527757983, 146, 1.0
31634.958688428786, 105, -1.0
31636.34061289897, 161, 1.0
31641.422697829476, 119, 1.0
31645.270170943757, 60, -1.0
31647.27275165696, 27, -1.0
31648.337760958162, 116, -1.0
31649.391077728054, 119, 1.0
31651.283020487266, 235, -1.0
31651.772798020505, 148, 1.0
31662.101075405382, 86, -1.0
31662.74818134216, 123, -1.0
31664.296503864232, 101, 1.0
31669.559166091385, 89, 1.0
31681.35198215765, 40, 1.0
31681.47237429824, 116, -1.0
31683.387461209695, 62, 1.0
31684.96338136395, 40, -1.0
31685.305036406902, 58, -1.0
31685.667821510393, 101, 1.0
31687.17538022661, 152, -1.0
31687.974178110522, 114, -1.0
31688.08889219241, 234, -1.0
31688.89666460487, 85, -1.0
31690.41434867465, 58, 1.0
31701.142956134914, 165, 1.0
31703.830177446383, 99, -1.0
31703.879397900695, 35, -1.0
31704.230676972893, 81, -1.0
31704.909767211957, 120, -1.0
31705.90852306244, 50, -1.0
31711.483144512804, 36, 1.0
31713.286793082654, 116, -1.0
31714.756917431496, 34, -1.0
31716.48053812373, 149, -1.0
31716.551892671407, 182, -1.0
31716.81726742002, 116, -1.0
31718.823015225113, 182, -1.0
31719.392852813406, 39, -1.0
31722.023039916643, 149, 1.0
31730.144551881483, 165, 1.0
31732.48812104624, 81, -1.0
31734.937992343468, 114, 1.0
31737.049817399162, 198, -1.0
31737.233067870082, 182, -1.0
31737.46853047237, 116, 1.0
31737.557642594897, 35, 1.0
31739.65554785245, 146, 1.0
31740.735108209086, 235, 1.0
31743.024800664225, 157, -1.0
31746.6876045192, 106, -1.0
31747.813031251357, 103, 1.0
31751.730558531257, 95, -1.0
31755.956832859803, 64, -1.0
31761.237016889587, 100, -1.0
31764.060014202445, 142, -1.0
31764.64873724803, 164, -1.0
31765.37804734356, 233, 1.0
31766.340883043045, 104, 1.0
31766.85514519603, 45, 1.0
31768.26473920559, 153, -1.0
31771.07947476911, 165, -1.0
31792.635363722737, 234, -1.0
31793.233710795448, 119, -1.0
31795.30371871645, 167, 1.0
31796.500496831093, 59, 1.0
31796.81715100752, 71, -1.0
31797.463385054463, 166, -1.0
31798.83369472601, 165, -1.0
31799.720267942765, 52, -1.0
31800.44211971856, 75, -1.0
31802.378035052454, 137, -1.0
31808.59032283472, 71, 1.0
31810.662518275807, 70, 1.0
31813.4603324534, 163, -1.0
31819.167818993777, 119, -1.0
31823.47448838417, 162, 1.0
31824.27040558728, 28, -1.0
31825.11036263471, 148, -1.0
31825.63054098234, 198, -1.0
31826.836640460682, 153, -1.0
31827.275582322658, 36, -1.0
31827.65819808242, 142, 1.0
31829.664377024208, 40, 1.0
31832.968984418854, 98, -1.0
31836.899396539597, 71, 1.0
31839.50503686275, 99, 1.0
31845.748739599272, 149, -1.0
31848.353746296383, 28, -1.0
31848.59110390943, 40, 1.0
31848.809531037932, 98, -1.0
31849.02128263774, 155, 1.0
31853.596789170253, 56, 1.0
31853.69658337681, 73, 1.0
31854.659013492703, 70, 1.0
31856.19267725038, 169, -1.0
31858.913010149656, 40, 1.0
31862.451540954025, 84, -1.0
31863.75044380177, 40, 1.0
31864.19401361666, 161, -1.0
31871.816621277718, 117, -1.0
31872.57837761442, 28, 1.0
31873.265935269563, 26, -1.0
31873.934296015825, 35, -1.0
31876.45744405891, 67, 1.0
31878.031986214395, 28, 1.0
31878.05426786126, 137, 1.0
31878.369950786393, 72, -1.0
31879.334073334176, 89, -1.0
31882.74642793632, 154, -1.0
31883.543276005053, 28, 1.0
31883.742527376588, 74, 1.0
31885.572698538308, 103, 1.0
31887.181732275378, 117, -1.0
31887.253355100314, 120, 1.0
31888.43219676272, 70, 1.0
31890.960871618296, 120, 1.0
31891.051016039106, 97, 1.0
31892.08775634032, 180, 1.0
31893.59927921436, 164, 1.0
31895.330791357123, 40, -1.0
31895.746351906404, 113, -1.0
31901.387462718296, 45, -1.0
31901.679432210753, 146, -1.0
31902.709879130492, 28, -1.0
31903.71747478474, 198, -1.0
31906.183521284405, 71, 1.0
31906.391624409338, 148, -1.0
31910.77961268928, 87, 1.0
31914.41056676849, 34, -1.0
31916.016497756937, 59, -1.0
31917.00215740368, 68, 1.0
31920.224180696343, 164, 1.0
31920.74287145522, 161, -1.0
31921.15438502223, 67, -1.0
31923.38040903764, 73, 1.0
31926.018589190964, 100, 1.0
31927.025861826656, 89, -1.0
31928.777097184215, 71, -1.0
31928.914232381645, 109, -1.0
31929.30087102644, 157, -1.0
31931.979953079142, 35, 1.0
31932.47229970062, 101, 1.0
31934.244766724885, 100, 1.0
31935.887626364532, 58, 1.0
31936.276689708066, 36, 1.0
31938.57798090604, 100, -1.0
31947.41679141907, 163, 1.0
31948.400557751796, 99, -1.0
31950.294079029256, 234, 1.0
31950.772661864838, 165, -1.0
31950.819642013947, 165, 1.0
31953.512678771473, 59, 1.0
31954.69643600667, 117, -1.0
31954.827397781908, 169, 1.0
31955.251291457676, 97, -1.0
31958.127124935472, 99, -1.0
31960.799605431406, 177, -1.0
31963.26411634899, 64, -1.0
31964.38345196915, 35, -1.0
31965.0211539181, 110, -1.0
31969.530504794853, 233, 1.0
31972.887029779773, 81, -1.0
31973.63731652156, 58, 1.0
31976.700573557566, 80, -1.0
31976.84357513742, 169, 1.0
31979.23735947651, 59, -1.0
31980.6949926847, 95, -1.0
31981.87723399578, 100, -1.0
31983.0531876326, 34, -1.0
31983.54896305626, 152, -1.0
31984.094392150346, 106, -1.0
31984.26819743788, 142, 1.0
31986.67011402396, 64, -1.0
31988.393015271275, 34, -1.0
31990.42470257672, 43, -1.0
31991.032967161133, 98, -1.0
31993.56305161414, 146, 1.0
31994.89372545547, 142, 1.0
31997.73901810089, 146, -1.0
31998.43192492666, 69, 1.0
32000.220776828606, 45, -1.0
32002.95069984909, 177, 1.0
32006.289023937075, 101, 1.0
32009.97990600754, 116, 1.0
32011.331477192514, 97, -1.0
32012.61071953437, 159, -1.0
32013.46967701771, 71, 1.0
32015.552733670487, 154, -1.0
32017.962681881494, 152, -1.0
32018.37462484714, 228, -1.0
32021.089920690534, 198, -1.0
32021.41609870638, 142, 1.0
32023.522278217155, 154, 1.0
32023.993931231533, 34, -1.0
32024.059430266516, 69, 1.0
32025.819470189002, 105, -1.0
32026.74294353363, 159, -1.0
32028.032330723254, 66, 1.0
32029.360616477185, 52, 1.0
32031.329044064845, 87, -1.0
32036.675924883362, 149, -1.0
32041.416320699424, 60, -1.0
32050.701767031725, 99, 1.0
32053.670847818415, 161, -1.0
32054.17060126021, 146, -1.0
32055.838931853774, 146, 1.0
32058.797434018798, 35, -1.0
32059.16072858639, 137, -1.0
32059.341494673496, 162, -1.0
32065.9594764971, 69, 1.0
32065.978806866417, 84, -1.0
32077.824702718368, 59, 1.0
32081.36868026167, 162, 1.0
32084.983364895787, 162, -1.0
32085.869379984393, 137, -1.0
32086.86797108173, 67, -1.0
32087.39675567463, 68, -1.0
32088.30341712843, 67, 1.0
32088.962439687497, 45, -1.0
32089.496889617672, 133, -1.0
32090.829336188406, 146, -1.0
32091.788953751515, 233, -1.0
32095.229645682175, 32, -1.0
32096.285375306168, 52, 1.0
32101.1083572114, 165, 1.0
32109.16831253189, 97, 1.0
32109.626668654382, 142, -1.0
32110.40478458854, 45, 1.0
32114.101188899192, 35, -1.0
32114.1391406984, 119, -1.0
32117.999411100678, 58, -1.0
32118.327668340793, 142, -1.0
32119.008763639984, 59, -1.0
32122.769223103183, 157, -1.0
32123.068296127884, 193, -1.0
32125.322779064576, 59, 1.0
32129.914641069372, 80, -1.0
32134.73163284772, 29, 1.0
32135.84677866019, 74, -1.0
32137.23308248097, 168, 1.0
32137.564020553058, 169, -1.0
32143.618470944926, 147, -1.0
32143.770137875767, 69, -1.0
32151.19206602539, 234, -1.0
32152.485975798816, 141, -1.0
32152.918260171624, 59, -1.0
32153.034265780774, 81, 1.0
32158.595964658925, 146, 1.0
32158.666584608367, 71, 1.0
32159.157263366873, 94, -1.0
32160.0025797599, 67, 1.0
32162.555251374746, 110, -1.0
32166.29017354228, 230, 1.0
32166.689239806277, 73, 1.0
32168.79088111506, 46, -1.0
32170.985519106245, 84, -1.0
32171.017242428305, 161, -1.0
32171.26842333556, 188, 1.0
32172.51932509863, 116, -1.0
32173.164209995608, 81, -1.0
32176.610528067253, 40, -1.0
32176.876076621724, 177, 1.0
32177.213727626007, 110, -1.0
32177.908620429123, 41, 1.0
32179.377966290645, 126, 1.0
32180.18416310653, 165, 1.0
32180.527390716477, 155, 1.0
32184.04573125282, 53, -1.0
32186.721938086666, 161, 1.0
32187.17806852218, 67, -1.0
32192.210059020766, 50, -1.0
32192.4038401848, 142, -1.0
32192.67668021901, 70, 1.0
32193.76200239856, 103, 1.0
32193.91517336161, 40, 1.0
32194.773699840232, 235, 1.0
32194.998478765578, 119, -1.0
32195.024841628434, 100, -1.0
32197.991620129986, 71, 1.0
32199.127809320074, 81, -1.0
32203.342234881442, 165, -1.0
32204.611856663723, 108, 1.0
32208.276041007754, 54, -1.0
32211.818465615706, 59, 1.0
32213.448106523887, 148, -1.0
32214.531956840565, 71, 1.0
32215.06746807232, 35, -1.0
32215.96784108897, 177, 1.0
32217.32302136143, 160, 1.0
32220.522366554316, 152, -1.0
32221.210265498823, 71, 1.0
32222.956950551667, 96, -1.0
32228.303071289018, 71, 1.0
32230.110478391543, 58, -1.0
32230.269543062273, 76, -1.0
32230.917586544132, 126, -1.0
32231.31997719535, 75, -1.0
32234.142792362247, 48, -1.0
32235.345141195303, 89, 1.0
32235.39321189656, 120, -1.0
32240.419825518176, 110, -1.0
32240.54083465353, 59, 1.0
32242.63059059496, 101, 1.0
32243.30759873046, 43, 1.0
32245.044181789002, 157, -1.0
32250.536223723786, 83, -1.0
32253.293184645907, 59, 1.0
32259.17706603731, 40, -1.0
32262.999750733565, 83, -1.0
32263.87299101157, 40, 1.0
32264.752260510395, 43, -1.0
32265.172206948948, 35, 1.0
32265.724375082562, 142, 1.0
32267.674907373865, 168, 1.0
32271.988889392454, 101, -1.0
32274.429613055167, 68, 1.0
32274.555781227416, 142, -1.0
32276.182715398096, 68, 1.0
32276.315458661753, 146, 1.0
32276.32852140102, 180, 1.0
32280.183190851454, 165, -1.0
32283.869563390603, 114, 1.0
32286.434098905927, 114, 1.0
32288.140102548194, 44, 1.0
32289.783423214543, 87, 1.0
32292.477349224486, 59, 1.0
32294.084825433045, 84, -1.0
32294.25229600681, 68, 1.0
32296.866586911176, 82, -1.0
32297.413596839804, 148, -1.0
32303.63623264274, 26, -1.0
32303.871765920125, 56, -1.0
32304.27069515336, 108, 1.0
32304.966951602706, 74, -1.0
32305.75382595568, 105, 1.0
32308.002439087373, 76, -1.0
32311.576277974993, 27, -1.0
32314.07275143989, 71, -1.0
32314.49203263731, 58, -1.0
32316.27839636893, 84, -1.0
32317.70689543175, 73, 1.0
32318.274538831534, 60, -1.0
32319.933987303288, 116, 1.0
32323.552107444953, 60, -1.0
32327.622125832044, 98, -1.0
32328.00808586274, 169, 1.0
32329.81639189604, 70, 1.0
32334.378969859532, 62, 1.0
32334.929394096514, 74, -1.0
32336.963184620912, 137, 1.0
32337.384547107096, 234, -1.0
32342.21063830301, 105, -1.0
32342.376206324185, 67, 1.0
32347.19423145048, 41, -1.0
32347.383510012085, 102, 1.0
32349.792612034304, 141, -1.0
32352.54675416758, 146, 1.0
32353.842723899776, 169, 1.0
32357.442050411297, 97, -1.0
32358.05073653258, 43, -1.0
32358.434594371287, 116, -1.0
32359.43580205854, 159, -1.0
32362.093853822134, 165, 1.0
32362.23366825085, 116, -1.0
32372.526063803856, 92, -1.0
32372.71386782198, 58, -1.0
32373.41113602278, 114, -1.0
32373.508955706144, 230, -1.0
32375.86487778109, 71, 1.0
32376.321731643595, 48, 1.0
32377.6738079652, 222, -1.0
32380.062313258935, 48, -1.0
32380.243297753324, 165, -1.0
32381.00779364136, 114, 1.0
32386.764183818883, 102, 1.0
32387.065849024388, 68, 1.0
32389.485283965387, 165, -1.0
32391.281388500054, 101, 1.0
32394.426652410733, 67, 1.0
32397.691569312217, 100, -1.0
32398.603389899978, 100, -1.0
32398.615514009965, 70, -1.0
32399.501725790353, 114, -1.0
32399.836223199723, 99, -1.0
32399.971769562577, 148, -1.0
