39600.30027697366, 41, 1.0
39601.67030332994, 90, -1.0
39602.651384150915, 114, 1.0
39602.71866455325, 101, 1.0
39602.789660737566, 84, -1.0
39603.08559205279, 228, -1.0
39604.1306167295, 101, 1.0
39606.238831121125, 164, -1.0
39608.742260702216, 56, -1.0
39614.70284345653, 62, 1.0
39615.163681136626, 58, 1.0
39615.768042898555, 27, 1.0
39616.27617103181, 150, -1.0
39617.49527964101, 39, 1.0
39618.958915424075, 83, 1.0
39619.55799452859, 84, 1.0
39619.8434656709, 58, 1.0
39621.160979790075, 95, -1.0
39622.21202706372, 84, -1.0
39624.40411382851, 159, -1.0
39624.57170475523, 83, 1.0
39626.03544302529, 154, 1.0
39626.98347208582, 58, -1.0
39629.53572812919, 167, -1.0
39629.80534859862, 126, 1.0
39630.20547937994, 117, 1.0
39630.9087059083, 124, -1.0
39631.673356948806, 87, 1.0
39633.00156736165, 74, 1.0
39634.42080021183, 44, -1.0
39635.302575232636, 66, -1.0
39636.973442354094, 151, 1.0
39641.07332980984, 152, -1.0
39641.33034149367, 75, -1.0
39641.68252918138, 91, 1.0
39641.82066157748, 169, -1.0
39642.104013136595, 50, -1.0
39642.195444124605, 92, 1.0
39643.51016315897, 162, -1.0
39644.97663944948, 60, -1.0
39645.54721635995, 114, -1.0
39645.64570546598, 68, 1.0
39645.89814886188, 182, -1.0
39648.39846016617, 104, -1.0
39648.45365988831, 42, -1.0
39648.79276854722, 64, -1.0
39649.120851192885, 39, -1.0
39650.00278402667, 164, 1.0
39651.89759568045, 72, 1.0
39651.95143147319, 67, 1.0
39653.59410575533, 126, 1.0
39656.59277947657, 52, -1.0
39658.41189975283, 40, -1.0
39661.99272253409, 41, 1.0
39663.141724869536, 26, -1.0
39663.651613954644, 35, -1.0
39664.442089767195, 114, -1.0
39665.770930539235, 165, -1.0
39665.90101959539, 153, -1.0
39667.19650564914, 124, -1.0
39667.70026107067, 64, 1.0
39667.94068976195, 69, 1.0
39668.11592470978, 168, -1.0
39668.473545504705, 84, 1.0
39668.73821145873, 114, 1.0
39671.13675330311, 68, 1.0
39671.41118933661, 43, -1.0
39671.42006666548, 228, 1.0
39672.588176913596, 43, -1.0
39672.658757173725, 69, -1.0
39675.24470359915, 52, 1.0
39677.40670564808, 198, -1.0
39678.05876758351, 146, -1.0
39678.64255721793, 87, 1.0
39678.88743821009, 114, -1.0
39680.05548162097, 58, 1.0
39681.64460918209, 59, 1.0
39681.93559681038, 146, 1.0
39682.15598591432, 165, -1.0
39682.83113684593, 29, 1.0
39683.83108213299, 81, -1.0
39685.864557683286, 241, 1.0
39686.09626663943, 165, -1.0
39687.19556752648, 71, -1.0
39687.8883315156, 80, 1.0
39690.43047928028, 36, 1.0
39692.306010199216, 83, -1.0
39694.90618989073, 152, 1.0
39695.29804937136, 180, -1.0
39698.311463440055, 149, -1.0
39698.46995291471, 168, -1.0
39699.00517601246, 46, -1.0
39699.75477500225, 80, -1.0
39700.21477636532, 75, 1.0
39700.92257309708, 162, -1.0
39702.21924077313, 61, -1.0
39703.171220190234, 104, 1.0
39703.38366641944, 67, -1.0
39704.35143565293, 34, -1.0
39705.302998347855, 51, 1.0
39705.839782051815, 141, 1.0
39706.88909450838, 173, -1.0
39709.08888258895, 152, -1.0
39709.091390831374, 164, 1.0
39710.69678196111, 34, -1.0
39710.933221451, 126, -1.0
39712.920400728835, 71, 1.0
39715.36872646444, 103, -1.0
39717.30260857358, 100, 1.0
39718.24427775353, 120, -1.0
39719.73516287059, 124, -1.0
39719.8363005781, 95, 1.0
39720.753612390465, 28, 1.0
39720.83587177656, 68, 1.0
39721.15631298826, 88, -1.0
39722.175524910504, 51, -1.0
39725.35956517389, 40, 1.0
39725.392009244635, 108, -1.0
39725.84240414317, 116, -1.0
39725.952083969234, 64, 1.0
39726.71966052865, 137, -1.0
39728.10248522625, 102, -1.0
39728.54704865223, 73, -1.0
39729.53597699264, 45, -1.0
39729.63584291292, 177, -1.0
39734.24249637684, 89, 1.0
39734.93114783385, 152, 1.0
39736.93164001965, 75, -1.0
39739.848713071675, 154, -1.0
39740.022516631, 81, -1.0
39740.60613498867, 53, -1.0
39741.01018329663, 64, -1.0
39741.54823390868, 96, 1.0
39741.943053759656, 169, -1.0
39744.08263258483, 60, -1.0
39745.46023367927, 148, 1.0
39745.86517363501, 155, 1.0
39746.24803327525, 105, -1.0
39746.34683374452, 114, 1.0
39746.60500398349, 64, -1.0
39747.00276360238, 103, -1.0
39747.09445030474, 44, -1.0
39747.190520660915, 167, -1.0
39748.85343801609, 99, -1.0
39749.41917931522, 107, 1.0
39749.77863171745, 118, -1.0
39750.040600192275, 72, -1.0
39757.60277910867, 71, 1.0
39759.099032118014, 228, 1.0
39759.54797180784, 72, 1.0
39759.819954913684, 167, -1.0
39761.37845702705, 158, 1.0
39762.188012514365, 119, -1.0
39764.21660806403, 234, -1.0
39768.261326164924, 31, 1.0
39768.59797196413, 68, -1.0
39769.347859798385, 148, -1.0
39769.98848199814, 28, -1.0
39770.76641760722, 95, -1.0
39774.764084095004, 40, 1.0
39774.84452132462, 86, 1.0
39774.92165659501, 42, 1.0
39775.17205950212, 235, -1.0
39775.40986995405, 159, 1.0
39777.91700723244, 84, -1.0
39779.60391087709, 85, -1.0
39780.10295072721, 164, 1.0
39781.83727451514, 35, 1.0
39782.02347196929, 164, -1.0
39782.773486020276, 104, -1.0
39783.935255677854, 35, 1.0
39785.8610217278, 109, -1.0
39786.468298461994, 90, -1.0
39787.83956797759, 109, 1.0
39788.79456813283, 58, 1.0
39790.49756569418, 28, 1.0
39790.581752884835, 67, 1.0
39791.067370971236, 99, -1.0
39793.650782263, 53, -1.0
39794.27658294785, 69, -1.0
39794.75300672833, 97, 1.0
39795.87482236625, 124, 1.0
39798.05360249348, 123, -1.0
39798.86053724807, 164, 1.0
39799.529185324034, 162, -1.0
39800.68511001312, 106, -1.0
39801.812456563275, 40, 1.0
39804.3311822643, 149, -1.0
39805.19127859645, 67, 1.0
39805.55168493071, 180, -1.0
39807.77212836807, 157, 1.0
39809.999504705025, 133, -1.0
39810.22450070583, 40, 1.0
39810.298900620466, 86, 1.0
39810.87141412885, 103, 1.0
39811.82531574007, 182, -1.0
39813.40700848688, 182, -1.0
39813.92582636082, 76, -1.0
39814.1014770292, 151, -1.0
39814.271401139005, 150, -1.0
39815.20502350193, 149, -1.0
39815.62298180608, 173, -1.0
39819.52318664857, 165, -1.0
39821.29406795364, 133, -1.0
39821.540570500074, 89, 1.0
39822.31197987893, 234, 1.0
39822.82530413774, 40, -1.0
39823.517674570096, 152, -1.0
39823.7593407184, 48, 1.0
39824.67421615119, 130, 1.0
39826.46647162366, 59, 1.0
39826.47616979388, 126, 1.0
39826.54056032852, 116, -1.0
39827.42859127994, 142, -1.0
39832.254845424315, 114, 1.0
39833.54689989019, 69, -1.0
39834.97848025838, 46, -1.0
39835.93960997726, 97, 1.0
39836.007824480395, 169, -1.0
39836.430060651575, 65, -1.0
39836.90415418873, 153, -1.0
39836.94969171437, 58, -1.0
39836.95459756332, 67, 1.0
39837.84216113241, 109, -1.0
39838.764094142134, 101, 1.0
39842.11147784546, 26, -1.0
39842.50694168014, 142, -1.0
39842.6580522268, 123, -1.0
39843.017824548195, 103, -1.0
39843.52447409793, 48, 1.0
39843.845925497895, 163, -1.0
39844.63080058012, 52, -1.0
39848.50427919503, 59, 1.0
39849.29171253429, 73, -1.0
39850.17118222723, 146, 1.0
39854.88573198564, 71, -1.0
39855.05871074401, 106, 1.0
39855.45781972308, 35, 1.0
39855.955921766865, 75, -1.0
39858.12085424774, 85, -1.0
39859.139693316174, 35, 1.0
39860.19829398091, 69, 1.0
39860.46778716967, 100, 1.0
39862.26085471298, 242, -1.0
39862.39054510789, 169, -1.0
39862.81803415575, 111, -1.0
39863.646339628605, 235, -1.0
39863.908073601524, 75, -1.0
39867.57782438393, 58, -1.0
39867.76005187639, 73, 1.0
39868.345604187634, 46, -1.0
39869.3473250063, 177, 1.0
39869.42839738786, 84, -1.0
39869.72814760343, 69, 1.0
39872.40044342355, 75, 1.0
39873.919851700055, 98, 1.0
39874.1044662419, 45, -1.0
39877.6951722817, 43, 1.0
39878.8497851487, 105, -1.0
39879.369412271626, 126, -1.0
39880.10818858038, 110, 1.0
39881.71138794216, 119, 1.0
39885.4730130726, 141, -1.0
39887.349602515365, 210, -1.0
39887.798805160935, 152, 1.0
39888.37612237594, 162, -1.0
39891.051986793005, 100, 1.0
39892.06467702529, 100, 1.0
39892.965744527304, 28, 1.0
39894.023618717125, 95, 1.0
39895.13939498791, 84, -1.0
39898.73765824433, 64, -1.0
39898.933582602745, 32, 1.0
39899.594126567856, 75, -1.0
39900.030048698616, 188, -1.0
39902.97267696772, 165, -1.0
39903.242616547686, 64, -1.0
39904.04637457859, 99, -1.0
39904.729332048184, 58, 1.0
39906.44121920537, 61, 1.0
39907.30213000933, 75, 1.0
39911.99393058835, 126, -1.0
39912.77315759218, 75, -1.0
39915.22451137558, 81, 1.0
39915.83064392522, 153, 1.0
39916.73339136998, 165, 1.0
39920.75656116679, 71, 1.0
39921.40378157767, 160, -1.0
39922.97481251455, 120, -1.0
39923.069606002806, 69, -1.0
39923.08803555666, 233, 1.0
39927.31800978121, 96, 1.0
39929.69445107195, 167, -1.0
39930.479662804675, 53, -1.0
39931.33826672846, 198, 1.0
39932.98324931923, 193, -1.0
39933.58053324283, 233, -1.0
39936.25430108797, 126, 1.0
39936.532889804585, 234, -1.0
39936.79147659992, 159, 1.0
39937.75580718088, 101, 1.0
39939.62831561614, 61, -1.0
39941.61153281797, 133, -1.0
39941.92610757133, 105, -1.0
39941.97042194698, 92, 1.0
39942.43644664251, 63, -1.0
39944.31843019048, 109, 1.0
39945.702249566195, 142, -1.0
39953.07979291305, 165, -1.0
39954.132358274415, 69, -1.0
39956.67296627702, 70, 1.0
39956.67627945066, 147, -1.0
39956.924322488594, 42, -1.0
39958.32025525692, 146, 1.0
39958.51613861116, 29, 1.0
39964.26688583063, 114, -1.0
39966.166420101035, 37, -1.0
39967.07643561229, 97, -1.0
39968.25519912883, 58, -1.0
39968.34389203452, 33, -1.0
39968.681208407594, 101, 1.0
39969.70307019468, 42, -1.0
39969.79745615815, 56, -1.0
39971.5107657587, 75, -1.0
39972.070358163786, 116, 1.0
39975.12437753974, 75, 1.0
39975.825948366575, 105, -1.0
39975.8768908059, 161, -1.0
39976.89576320987, 234, 1.0
39977.72277438649, 88, 1.0
39978.10261771805, 35, 1.0
39980.4858751441, 241, 1.0
39981.043171911086, 50, 1.0
39982.37065838537, 112, 1.0
39982.92648465358, 99, 1.0
39983.17518538709, 28, 1.0
39983.731166597834, 81, 1.0
39986.346053536625, 152, 1.0
39987.53389359982, 80, 1.0
39987.545287124, 76, -1.0
39987.691868017755, 36, -1.0
39989.63817248843, 122, -1.0
39989.80784788977, 68, 1.0
39991.916151149766, 198, -1.0
39993.04559636738, 82, -1.0
39995.132847821034, 69, -1.0
39995.47337725727, 101, -1.0
39995.81937854906, 159, 1.0
39996.800292177, 142, -1.0
39997.049868948445, 94, -1.0
39997.51058232752, 148, -1.0
39998.109380381546, 73, -1.0
39998.60569604731, 76, 1.0
40000.47574770011, 28, -1.0
40000.71634073212, 130, 1.0
40001.137418194616, 84, 1.0
40001.67340116704, 165, -1.0
40001.68492883991, 64, 1.0
40001.68817304754, 58, -1.0
40002.282586409405, 162, -1.0
40002.32495389352, 56, -1.0
40003.514826063314, 116, 1.0
40004.15380251225, 126, 1.0
40005.22092959697, 126, 1.0
40007.66200479317, 170, -1.0
40007.8185289196, 112, -1.0
40008.87818671148, 40, -1.0
40010.33439484732, 99, -1.0
40011.68464289627, 235, 1.0
40012.830626088835, 58, 1.0
40013.44722268717, 40, 1.0
40013.59970730771, 116, -1.0
40014.16268617875, 45, -1.0
40016.56527455715, 102, -1.0
40017.64726185849, 88, -1.0
40018.31599610723, 48, 1.0
40020.548600455244, 96, -1.0
40021.34236679964, 103, 1.0
40024.74856878725, 34, 1.0
40024.99713639803, 155, -1.0
40025.54378388341, 137, -1.0
40025.84418116305, 65, -1.0
40026.71954386431, 68, -1.0
40029.947403726255, 152, 1.0
40030.30904982959, 76, -1.0
40030.31991048257, 233, -1.0
40031.04617726788, 159, 1.0
40031.13638488024, 149, -1.0
40031.36745936591, 153, 1.0
40034.87724973793, 173, -1.0
40037.164639952, 114, -1.0
40037.40405154226, 33, -1.0
40040.28488054477, 233, 1.0
40041.39625783519, 97, -1.0
40043.22155043101, 182, 1.0
40043.24998844305, 114, -1.0
40043.29379857868, 60, 1.0
40043.29875067728, 103, -1.0
40043.30394248496, 105, -1.0
40043.68193231766, 164, -1.0
40045.340308074075, 109, 1.0
40045.87599544251, 117, 1.0
40045.91599146932, 59, 1.0
40045.98673198035, 67, -1.0
40046.31834223363, 116, 1.0
40050.67889367533, 193, 1.0
40050.73358363686, 146, 1.0
40050.79234550308, 147, 1.0
40052.47515334764, 114, -1.0
40052.71034074478, 177, -1.0
40058.343033829035, 52, -1.0
40058.58303058766, 155, 1.0
40058.971170894474, 165, -1.0
40058.97254886361, 82, 1.0
40059.26362574361, 141, 1.0
40061.11034959412, 36, 1.0
40061.97882070142, 101, 1.0
40063.68411389104, 177, -1.0
40064.971218760955, 66, 1.0
40066.835265811096, 114, 1.0
40067.12051833208, 234, 1.0
40070.22725238435, 123, -1.0
40072.350549723924, 114, 1.0
40073.786316415986, 146, -1.0
40075.937196621526, 28, -1.0
40076.10190544442, 50, 1.0
40076.519444824466, 126, -1.0
40076.76475555453, 114, -1.0
40077.41953099919, 67, 1.0
40078.23324707376, 167, -1.0
40080.005582389844, 222, 1.0
40080.702169585675, 75, -1.0
40080.886845183006, 152, 1.0
40085.72460058905, 82, 1.0
40088.6957112164, 59, 1.0
40089.10350888794, 234, 1.0
40090.194434999685, 72, 1.0
40091.96154880019, 75, -1.0
40092.27416039667, 118, -1.0
40092.38799507917, 101, -1.0
40093.63092831448, 55, -1.0
40095.71619969977, 102, -1.0
40096.93708991507, 40, 1.0
40098.34349034245, 100, -1.0
40099.4707073888, 165, -1.0
40099.93017273123, 64, -1.0
40101.60883192139, 103, 1.0
40102.425580828094, 114, 1.0
40102.4900064831, 73, 1.0
40104.473026020285, 59, -1.0
40105.37561839062, 70, 1.0
40106.104366428655, 167, 1.0
40107.10931814268, 40, 1.0
40110.00190699226, 148, 1.0
40112.55856928521, 87, 1.0
40114.833632322385, 28, -1.0
40115.58369944708, 64, -1.0
40116.33177442138, 50, -1.0
40117.33778867408, 48, 1.0
40118.19853177141, 59, 1.0
40120.607745751266, 72, 1.0
40122.53544614305, 83, -1.0
40123.28400750765, 108, -1.0
40124.34344555139, 165, 1.0
40124.59438620958, 108, -1.0
40127.472355016296, 65, 1.0
40128.15524370435, 152, -1.0
40129.37217785803, 65, -1.0
40130.28534873097, 55, -1.0
40131.691297864214, 228, 1.0
40134.501124699214, 101, -1.0
40134.76724118648, 65, -1.0
40135.22524607951, 165, -1.0
40136.43372230461, 169, -1.0
40136.660893770655, 114, -1.0
40136.869669404645, 71, 1.0
40137.237881665686, 81, -1.0
40137.9079378142, 40, 1.0
40137.93395506572, 52, 1.0
40138.62699572745, 137, -1.0
40140.28224496138, 149, -1.0
40140.73975132308, 114, 1.0
40141.150473937356, 110, 1.0
40142.01709072136, 151, 1.0
40143.138473786996, 89, 1.0
40143.47072254075, 230, -1.0
40143.90577150707, 137, 1.0
40146.606182771146, 114, -1.0
40146.706060495766, 68, 1.0
40148.16183386254, 119, -1.0
40149.328342766006, 164, 1.0
40151.116865621785, 35, 1.0
40151.59398260842, 146, 1.0
40151.8220367096, 162, -1.0
40151.8908518251, 110, -1.0
40153.88867209428, 35, 1.0
40153.92335996173, 34, 1.0
40156.399801246946, 116, -1.0
40157.79208196533, 40, -1.0
40157.98364831397, 157, 1.0
40158.33933338683, 32, -1.0
40161.477149049955, 169, -1.0
40161.51993236394, 146, -1.0
40161.77324033499, 141, -1.0
40163.96551102759, 162, -1.0
40163.96897912629, 44, -1.0
40164.04377297242, 94, -1.0
40166.420586757624, 107, 1.0
40166.547425411874, 91, -1.0
40167.90698702184, 41, -1.0
40168.6509369218, 80, -1.0
40170.35600426651, 99, 1.0
40172.980533088856, 138, -1.0
40173.679513484676, 34, 1.0
40174.96193479058, 103, -1.0
40176.02168687586, 116, 1.0
40176.28200185464, 66, -1.0
40177.29367062652, 76, -1.0
40177.70475063519, 48, -1.0
40177.803712401364, 103, 1.0
40178.04113298248, 59, 1.0
40178.59918681286, 69, -1.0
40178.93312694822, 148, -1.0
40180.42108097011, 52, -1.0
40183.109763765395, 69, -1.0
40185.2128817413, 71, 1.0
40186.43015815454, 40, -1.0
40187.96025601846, 65, -1.0
40188.31874624561, 235, -1.0
40189.09977990036, 108, -1.0
40190.58434670534, 73, -1.0
40190.780639690565, 96, -1.0
40191.818294356184, 126, 1.0
40192.0380275022, 44, -1.0
40192.58904750378, 133, -1.0
40193.11413187384, 123, -1.0
40195.41306197022, 97, -1.0
40196.19379538398, 103, 1.0
40196.32386514649, 68, 1.0
40196.744501323, 154, 1.0
40197.21303703597, 75, -1.0
40197.94437410254, 29, 1.0
40199.03124006258, 150, -1.0
40199.390299408915, 101, 1.0
40209.14671987156, 65, 1.0
40213.45047406155, 111, -1.0
40215.1288427191, 90, -1.0
40217.23350099381, 63, 1.0
40217.41022621455, 141, -1.0
40217.78042850147, 116, -1.0
40218.29981463202, 146, -1.0
40218.45828910911, 141, 1.0
40219.17837219814, 83, -1.0
40219.22138386861, 81, -1.0
40219.784413137444, 80, 1.0
40219.78660422958, 114, 1.0
40220.074439946686, 80, -1.0
40220.30488640822, 62, -1.0
40220.817690671516, 71, 1.0
40220.901637472016, 29, 1.0
40221.45929359684, 40, -1.0
40227.0909937065, 35, 1.0
40227.547694116605, 162, -1.0
40227.58021898886, 233, 1.0
40228.4550344183, 46, 1.0
40231.19716800089, 40, -1.0
40231.48866688408, 106, 1.0
40233.80393274537, 101, -1.0
40236.861564227314, 141, 1.0
40238.03531697697, 101, 1.0
40239.56265621118, 99, -1.0
40239.845749540684, 76, -1.0
40240.108143925325, 65, 1.0
40243.66887367886, 116, 1.0
40244.12080718676, 114, -1.0
40247.81420829993, 128, 1.0
40248.77632098291, 40, -1.0
40249.63385857522, 111, -1.0
40252.18349908388, 103, 1.0
40252.63883639707, 76, -1.0
40254.87613933851, 153, -1.0
40256.816750364735, 162, -1.0
40257.0321342499, 154, -1.0
40262.12565398101, 40, 1.0
40264.49653640265, 45, -1.0
40264.68104386247, 67, -1.0
40264.76257719681, 71, 1.0
40264.87855308695, 80, -1.0
40266.18061903091, 50, -1.0
40266.415750587366, 59, 1.0
40266.823144932634, 71, -1.0
40267.55692519297, 114, 1.0
40268.55337457285, 34, -1.0
40269.060155756066, 193, -1.0
40269.106308425544, 87, 1.0
40269.36833702706, 150, -1.0
40269.456799791566, 162, -1.0
40270.38584229781, 43, -1.0
40271.88105252257, 164, 1.0
40271.99098425467, 88, -1.0
40272.420681590454, 59, -1.0
40273.32166488644, 58, 1.0
40273.624465709894, 241, -1.0
40276.79525517804, 165, 1.0
40277.24792422703, 165, -1.0
40279.347813384484, 198, 1.0
40279.58060527131, 67, -1.0
40279.73976295236, 235, -1.0
40280.641001650394, 100, -1.0
40281.18512355576, 74, 1.0
40282.39381414627, 95, 1.0
40282.54059797183, 188, -1.0
40283.70657215743, 152, 1.0
40284.47022060186, 126, 1.0
40286.5041020412, 119, -1.0
40288.32464654812, 151, -1.0
40288.48075051136, 153, -1.0
40289.225154564985, 120, -1.0
40290.19017122749, 138, 1.0
40291.294567114404, 114, 1.0
40291.647885319595, 123, -1.0
40291.669982324514, 64, 1.0
40292.494728185105, 101, 1.0
40293.67581602116, 54, -1.0
40294.65296492315, 103, 1.0
40295.16409040104, 39, -1.0
40295.83144695528, 67, -1.0
40296.71046802392, 41, 1.0
40297.32479311386, 72, 1.0
40297.904464220446, 99, -1.0
40299.27548860551, 82, -1.0
40300.57163563966, 75, -1.0
40301.23528060166, 73, -1.0
40302.03304029113, 61, 1.0
40302.23711126386, 71, 1.0
40302.41087929922, 148, 1.0
40302.639586163845, 64, -1.0
40306.42180806036, 207, -1.0
40307.05305532363, 235, 1.0
40307.32767188909, 99, -1.0
40308.44184431831, 99, 1.0
40308.69396268835, 45, 1.0
40309.07578564143, 154, -1.0
40309.19086847888, 52, -1.0
40314.19101890143, 133, -1.0
40314.25139575206, 48, 1.0
40315.42770750364, 155, -1.0
40315.76558447234, 35, -1.0
40316.983889768286, 64, -1.0
40318.130399581925, 114, -1.0
40319.49793724152, 104, 1.0
40320.05261947917, 73, -1.0
40321.8224956011, 116, 1.0
40321.888022243525, 116, 1.0
40322.51200387134, 230, -1.0
40323.11028388858, 169, 1.0
40323.14361170895, 122, -1.0
40323.75713103895, 84, -1.0
40324.14426849873, 58, 1.0
40324.33896784239, 43, -1.0
40326.446321903946, 56, -1.0
40326.607839190096, 67, 1.0
40327.59980532649, 113, -1.0
40327.83081506567, 81, 1.0
40328.140012451484, 71, 1.0
40329.34761747792, 169, 1.0
40331.11863520412, 66, 1.0
40332.986470657255, 83, -1.0
40333.6893456632, 81, 1.0
40334.83241804813, 35, 1.0
40335.72236351003, 61, -1.0
40335.770709025615, 45, 1.0
40336.41176054147, 71, 1.0
40337.353515134775, 152, 1.0
40337.89409745995, 64, -1.0
40338.08640054169, 116, 1.0
40338.42415896988, 71, 1.0
40338.7755094763, 29, -1.0
40338.81261004956, 107, 1.0
40339.63858370718, 102, 1.0
40339.7433739749, 52, -1.0
40340.079987618024, 113, 1.0
40341.2192462738, 42, -1.0
40341.44920690321, 60, -1.0
40342.09614618586, 26, -1.0
40342.327861781574, 59, 1.0
40342.858443966485, 167, 1.0
40344.75054655851, 67, -1.0
40348.407662657395, 181, 1.0
40348.5824099838, 114, 1.0
40349.38602872509, 142, -1.0
40350.55651581328, 42, -1.0
40353.7056501744, 133, -1.0
40354.29723283782, 81, -1.0
40354.55504091171, 96, -1.0
40355.311786480815, 166, 1.0
40356.07637930376, 149, 1.0
40358.31727998978, 169, 1.0
40359.1389789362, 160, -1.0
40359.54037793141, 154, -1.0
40360.15894827116, 142, -1.0
40360.29404847129, 114, -1.0
40361.50157377313, 120, -1.0
40362.90758933474, 53, 1.0
40366.485805898556, 93, -1.0
40366.73888645986, 67, 1.0
40367.00693212788, 177, -1.0
40368.286706946325, 142, 1.0
40369.49362271442, 207, -1.0
40369.666186480994, 102, 1.0
40370.09094288144, 58, 1.0
40371.33316813673, 106, -1.0
40372.81110696726, 139, -1.0
40374.020012946035, 139, -1.0
40374.39870306122, 71, 1.0
40376.39800991558, 97, 1.0
40378.80547220122, 56, 1.0
40381.14818277112, 234, 1.0
40384.37189398077, 123, 1.0
40384.70291059867, 198, 1.0
40385.921094284095, 53, -1.0
40385.93751321077, 83, 1.0
40387.542581865164, 54, -1.0
40387.87049836411, 126, 1.0
40388.816453257976, 180, -1.0
40389.98944543437, 73, -1.0
40391.47049931311, 72, -1.0
40392.34425509406, 65, 1.0
40392.39853577843, 105, 1.0
40396.925339421694, 50, 1.0
40398.23401280512, 138, 1.0
40398.57415090172, 180, -1.0
40399.120940896406, 126, -1.0
40400.290421706566, 114, -1.0
40400.813262250886, 228, -1.0
40402.15765787677, 100, 1.0
40403.772075267276, 104, 1.0
40404.64280120347, 75, -1.0
40405.2204990684, 46, -1.0
40406.32411493085, 50, -1.0
40410.23612826584, 165, -1.0
40410.509614054885, 69, 1.0
40410.66222653604, 153, 1.0
40410.72861050017, 103, 1.0
40411.0136121241, 146, 1.0
40413.09704485406, 171, -1.0
40414.172693232045, 164, -1.0
40415.3533416856, 146, 1.0
40416.33521574072, 43, -1.0
40418.5711981108, 109, -1.0
40419.06276697893, 177, -1.0
40419.2989908477, 58, 1.0
40419.493606948396, 148, 1.0
40419.796423021624, 29, -1.0
40420.26043485048, 28, 1.0
40421.32795005367, 67, 1.0
40421.803265145776, 149, -1.0
40422.86593898349, 68, -1.0
40423.71417367512, 137, -1.0
40424.443600772465, 169, 1.0
40424.50803247274, 84, 1.0
40424.63800920101, 28, -1.0
40425.142641928105, 107, -1.0
40425.262896858025, 72, 1.0
40427.21706407845, 35, 1.0
40428.691816146995, 75, -1.0
40431.100378511175, 114, -1.0
40431.28741989768, 153, -1.0
40431.95693816812, 198, -1.0
40432.027296799155, 241, 1.0
40433.54957128091, 169, 1.0
40435.16370249138, 69, -1.0
40436.005842808285, 87, -1.0
40439.02386220971, 75, 1.0
40441.49466728617, 104, -1.0
40442.92979813112, 137, -1.0
40444.517358203746, 103, -1.0
40445.28361976199, 112, -1.0
40445.92938374498, 82, 1.0
40447.80453183992, 160, 1.0
40447.853831007844, 173, -1.0
40448.97267964721, 133, -1.0
40449.87161947565, 32, -1.0
40450.02057835928, 109, 1.0
40454.3872323917, 163, -1.0
40456.04071163085, 67, -1.0
40456.79643625206, 114, 1.0
40457.160141107706, 40, -1.0
40458.08643070747, 50, 1.0
40458.82470691371, 46, 1.0
40461.4526546006, 97, -1.0
40462.60610374462, 148, 1.0
40463.07410683278, 58, -1.0
40466.86458169164, 146, 1.0
40468.23891469844, 116, 1.0
40468.9872042193, 41, 1.0
40469.8631805212, 90, -1.0
40470.098081938835, 165, 1.0
40471.27983818647, 41, 1.0
40471.29454334625, 102, -1.0
40473.58226417033, 28, -1.0
40473.952387002515, 105, -1.0
40474.0770355423, 137, -1.0
40474.315221078585, 75, -1.0
40475.2268876898, 34, -1.0
40476.27346103322, 96, 1.0
40476.78138656998, 148, -1.0
40478.51892057622, 149, -1.0
40479.561372002296, 94, -1.0
40479.623358447105, 36, 1.0
40479.905001105224, 165, 1.0
40480.44335448883, 35, 1.0
40481.94809705332, 149, 1.0
40481.99086222837, 59, -1.0
40482.163127203385, 114, 1.0
40485.38086757033, 153, 1.0
40485.96054976626, 101, 1.0
40486.3012432032, 162, -1.0
40488.603664337315, 56, -1.0
40491.98890053736, 152, 1.0
40493.09019756469, 167, -1.0
40494.03715474249, 153, 1.0
40494.4261637267, 114, -1.0
40494.75539064289, 73, 1.0
40494.84726485392, 63, 1.0
40495.365701090035, 84, 1.0
40497.15934687993, 81, 1.0
40498.564156994034, 126, -1.0
40499.74636896305, 58, -1.0
40499.83080117122, 63, 1.0
40500.00645344152, 97, -1.0
40502.66388262741, 91, -1.0
40503.15884996684, 40, -1.0
40504.404502162215, 59, -1.0
40504.54176565038, 44, -1.0
40505.043653705325, 154, -1.0
40505.229934330215, 165, -1.0
40506.53642131729, 171, -1.0
40506.64311046035, 114, 1.0
40506.899321167424, 29, 1.0
40507.36142526271, 98, 1.0
40510.4035217787, 105, -1.0
40510.57018328231, 242, -1.0
40510.61075255606, 103, 1.0
40510.67643278878, 114, 1.0
40513.199554108294, 46, -1.0
40513.893887635575, 242, -1.0
40514.52946588207, 137, -1.0
40514.69219374899, 40, -1.0
40514.9519820915, 59, 1.0
40515.854298152786, 114, -1.0
40516.93514047546, 58, 1.0
40517.88998010927, 67, -1.0
40518.37017662526, 66, -1.0
40519.02489017925, 35, 1.0
40519.59393027981, 87, 1.0
40522.10260173768, 58, 1.0
40523.7288486797, 73, -1.0
40525.35969779699, 182, 1.0
40526.99113887787, 73, -1.0
40527.51442068338, 68, -1.0
40527.539214723445, 37, -1.0
40527.72677158547, 34, -1.0
40528.19463270128, 68, 1.0
40529.73417742645, 105, -1.0
40531.59625839586, 39, -1.0
40531.683531992574, 73, -1.0
40531.94132220989, 39, 1.0
40533.06465369552, 148, 1.0
40535.70815116109, 62, -1.0
40536.12540944378, 101, -1.0
40536.58982469567, 158, -1.0
40537.96071490914, 69, -1.0
40538.11583959047, 137, -1.0
40540.32325431895, 28, 1.0
40540.38923123578, 233, -1.0
40541.113666857185, 167, 1.0
40541.20173110122, 58, -1.0
40543.17982548481, 101, -1.0
40543.19597186694, 76, 1.0
40546.01036726342, 67, 1.0
40546.33059573453, 58, 1.0
40547.413051290256, 40, -1.0
40548.18254916871, 233, 1.0
40549.22516495521, 193, -1.0
40549.52071006911, 71, -1.0
40551.243025211894, 235, 1.0
40554.52009407452, 112, -1.0
40557.086554430854, 45, 1.0
40557.272060017276, 58, 1.0
40557.30950362128, 114, -1.0
40557.56059217089, 103, 1.0
40561.44198240547, 116, -1.0
40566.62943995364, 36, 1.0
40567.39820999637, 162, 1.0
40568.59897097529, 82, 1.0
40570.24704274846, 164, -1.0
40571.16856110839, 115, -1.0
40571.30906676191, 155, 1.0
40572.151733474064, 60, -1.0
40573.543073064786, 90, -1.0
40575.301553486, 114, 1.0
40575.514998894265, 40, -1.0
40576.34976429738, 72, 1.0
40579.16001713634, 123, -1.0
40579.25576799002, 60, -1.0
40579.80284462224, 67, 1.0
40580.3452552268, 80, -1.0
40580.853664213195, 81, -1.0
40581.215655934386, 75, 1.0
40582.00218739652, 83, 1.0
40583.59953500447, 233, -1.0
40585.55459433319, 152, 1.0
40586.40388992119, 43, -1.0
40586.69772144227, 75, -1.0
40587.14305453826, 64, 1.0
40588.62633457749, 100, -1.0
40588.82569177225, 40, 1.0
40589.47698769548, 155, -1.0
40589.72798512354, 133, -1.0
40590.04317620767, 69, 1.0
40590.30434054162, 62, -1.0
40591.78439868197, 133, -1.0
40594.91499772541, 44, -1.0
40597.562296688346, 64, -1.0
40597.58218756208, 45, -1.0
40597.84667881492, 37, 1.0
40599.973130051745, 67, -1.0
40601.60187229712, 157, -1.0
40601.652338595275, 70, 1.0
40602.776334155395, 230, -1.0
40603.27361337308, 34, -1.0
40603.49601211242, 234, 1.0
40603.74478622442, 177, -1.0
40605.221318441225, 235, 1.0
40606.1294928367, 58, 1.0
40606.72725914895, 148, 1.0
40608.90971737062, 165, -1.0
40609.44878806758, 154, 1.0
40609.89854951266, 37, -1.0
40610.7784903543, 162, -1.0
40610.90395309522, 72, 1.0
40611.67399457194, 39, -1.0
40612.70909269425, 69, -1.0
40612.84339418002, 133, 1.0
40616.143106219744, 152, 1.0
40617.65962934279, 120, -1.0
40624.868472700255, 73, 1.0
40625.422615694464, 87, -1.0
40625.444556564726, 182, -1.0
40627.003546764456, 233, 1.0
40629.04527164112, 68, 1.0
40629.81682801542, 141, -1.0
40630.930897844606, 169, 1.0
40631.189995979395, 70, -1.0
40632.1220905052, 31, -1.0
40634.32274307997, 139, -1.0
40635.78554634634, 164, -1.0
40636.20224596847, 40, -1.0
40638.08558746718, 67, -1.0
40638.195071645714, 64, 1.0
40638.2422291599, 142, 1.0
40639.28147914905, 153, 1.0
40639.8805645396, 33, -1.0
40641.27470973963, 103, -1.0
40643.49209530572, 126, 1.0
40643.82320928525, 48, 1.0
40646.48335925243, 154, 1.0
40646.83360393984, 64, 1.0
40646.849813525696, 36, 1.0
40646.87308099692, 157, 1.0
40648.39001944878, 165, -1.0
40648.748278967214, 76, -1.0
40649.68146540398, 40, 1.0
40650.064966975806, 114, -1.0
40652.60804527669, 64, -1.0
40653.184962920495, 137, -1.0
40653.67036937536, 139, 1.0
40654.20512474064, 126, 1.0
40654.62607662746, 137, -1.0
40657.21717265476, 137, -1.0
40659.17084848312, 230, -1.0
40659.416652304986, 149, -1.0
40661.824305990995, 126, 1.0
40664.56683330456, 83, 1.0
40666.190883601266, 68, 1.0
40666.90912084017, 90, -1.0
40667.25438207753, 228, -1.0
40667.79833764297, 177, -1.0
40669.15445331567, 50, 1.0
40670.446512894254, 72, 1.0
40671.1976509573, 116, 1.0
40674.24697237095, 198, -1.0
40676.417372252225, 103, -1.0
40676.72762594587, 116, 1.0
40679.251329509076, 152, -1.0
40679.50033986806, 139, 1.0
40680.60315266521, 56, -1.0
40680.66339122883, 58, -1.0
40681.54190617229, 126, 1.0
40683.89917233598, 148, 1.0
40684.122276674054, 58, -1.0
40685.69844756345, 161, -1.0
40686.37193449121, 161, -1.0
40687.632352203895, 83, -1.0
40689.94127370509, 119, -1.0
40691.111816947436, 116, -1.0
40692.392325828914, 101, -1.0
40693.70586732092, 123, -1.0
40694.37519490494, 34, -1.0
40694.734114107116, 141, 1.0
40696.028222565474, 233, -1.0
40696.08477311375, 153, 1.0
40696.61867593592, 87, -1.0
40698.651934903544, 116, 1.0
40698.79808963215, 28, 1.0
40698.90241963961, 99, 1.0
40700.6792556198, 165, -1.0
40702.0311640339, 59, 1.0
40702.14432887283, 108, -1.0
40705.61526753192, 40, 1.0
40708.497538044765, 193, -1.0
40708.84597629198, 235, -1.0
40709.36735445266, 146, -1.0
40711.24595895281, 126, 1.0
40714.877333374054, 114, -1.0
40715.17422795978, 105, -1.0
40715.51497860766, 34, -1.0
40716.16552030643, 60, -1.0
40718.7479948082, 116, -1.0
40720.398874575956, 198, -1.0
40720.57386552704, 56, -1.0
40721.18109662205, 41, 1.0
40722.02496116807, 39, -1.0
40723.639065505056, 126, -1.0
40723.8426125056, 113, -1.0
40723.99621653528, 109, -1.0
40726.71207388926, 207, -1.0
40727.34539645657, 81, 1.0
40727.521241718234, 114, -1.0
40727.69741738526, 72, 1.0
40729.5045226676, 101, 1.0
40729.6348571301, 116, 1.0
40731.98272536968, 71, 1.0
40733.46967421276, 153, -1.0
40733.53495981065, 198, -1.0
40733.84150056054, 33, -1.0
40734.51475766051, 65, 1.0
40735.09685546492, 67, 1.0
40735.58134576628, 113, -1.0
40736.575394268424, 41, 1.0
40736.9105223544, 123, -1.0
40737.806215065444, 103, 1.0
40738.728414793826, 48, 1.0
40739.120109512085, 83, 1.0
40743.33965067688, 122, -1.0
40743.726357829444, 169, 1.0
40746.84001526801, 165, 1.0
40750.381608847056, 112, -1.0
40751.614049790645, 159, 1.0
40752.7105969937, 39, -1.0
40754.274409182864, 110, -1.0
40754.67826919811, 45, 1.0
40754.965243319544, 64, -1.0
40756.11063005285, 114, -1.0
40757.74950755334, 87, -1.0
40757.857967739124, 110, 1.0
40758.4311007386, 99, -1.0
40758.52519099638, 40, -1.0
40759.86847126331, 113, -1.0
40760.0234276033, 81, -1.0
40762.196201239094, 75, -1.0
40762.508898212734, 69, -1.0
40763.01484036926, 98, 1.0
40763.57956267882, 44, -1.0
40766.6370041474, 99, -1.0
40767.470103360516, 72, -1.0
40771.037158350875, 198, -1.0
40772.20525615022, 103, -1.0
40773.312606756954, 61, 1.0
40773.56369463737, 44, 1.0
40775.03855540442, 123, -1.0
40776.05004063658, 75, -1.0
40776.9630183542, 59, -1.0
40779.065617250315, 193, -1.0
40779.19480314123, 193, -1.0
40780.4311444384, 164, 1.0
40781.02059151222, 76, 1.0
40781.044493946814, 207, -1.0
40781.77756624962, 169, -1.0
40781.816123412995, 146, 1.0
40782.20353935518, 64, -1.0
40782.68362467874, 149, -1.0
40783.8795085035, 123, -1.0
40784.08097895306, 74, 1.0
40784.422344948456, 141, -1.0
40785.78528468571, 87, -1.0
40787.21028512758, 173, -1.0
40787.4683528464, 113, -1.0
40787.51738720138, 118, -1.0
40787.87002586925, 114, -1.0
40788.83269791355, 83, 1.0
40789.74042827812, 137, 1.0
40791.754256738095, 97, -1.0
40791.83951378629, 114, 1.0
40792.03768515387, 72, 1.0
40795.80426117584, 109, -1.0
40796.262067189826, 101, 1.0
40796.554549479355, 72, 1.0
40797.003237048295, 99, -1.0
40797.26404566328, 97, -1.0
40799.30816867343, 164, -1.0
40799.8503413246, 68, 1.0
40799.863768528696, 154, 1.0
40800.30361915985, 106, -1.0
40803.21768373907, 119, -1.0
40803.84675376375, 65, -1.0
40804.85836204717, 100, -1.0
40805.26861487028, 41, 1.0
40805.33067727346, 120, -1.0
40805.715316036134, 114, 1.0
40805.99476213815, 193, -1.0
40806.012796195944, 188, -1.0
40806.71516231369, 151, -1.0
40812.13498862126, 177, 1.0
40814.198865242455, 64, 1.0
40818.06974975975, 146, 1.0
40820.63488128131, 75, -1.0
40820.97295799025, 60, -1.0
40820.98054016395, 126, 1.0
40821.672117023336, 92, -1.0
40822.04648692434, 234, 1.0
40823.05894987707, 67, 1.0
40823.94223560775, 29, -1.0
40824.47505489444, 39, 1.0
40824.880765333095, 64, -1.0
40825.36791741292, 105, -1.0
40825.484100825764, 167, 1.0
40826.00688104114, 228, 1.0
40826.35007184434, 60, 1.0
40826.54430063961, 75, 1.0
40826.895641038536, 126, 1.0
40828.571856607836, 76, -1.0
40829.97867985222, 153, -1.0
40830.34581672114, 76, -1.0
40830.405126545935, 61, -1.0
40831.300351632526, 34, -1.0
40832.96244258054, 81, -1.0
40835.44077720095, 228, -1.0
40838.67152886332, 154, -1.0
40839.66556839146, 164, -1.0
40840.86573660334, 46, 1.0
40840.94399493834, 169, 1.0
40843.619173185274, 138, 1.0
40846.13834971291, 165, -1.0
40846.54655729604, 66, 1.0
40847.80442432525, 110, -1.0
40848.536228976714, 70, 1.0
40848.63170150515, 235, 1.0
40848.82627778493, 123, -1.0
40848.89166308951, 76, -1.0
40850.5305229946, 123, -1.0
40850.741907348536, 97, -1.0
40851.41245784238, 173, -1.0
40853.38249475087, 73, 1.0
40853.39993385231, 69, -1.0
40853.889176091565, 39, 1.0
40857.397848097164, 64, -1.0
40857.51540494651, 155, 1.0
40859.82189937524, 100, 1.0
40860.14142110435, 114, 1.0
40860.954626005936, 198, -1.0
40862.1721329156, 233, -1.0
40862.314511167395, 70, 1.0
40862.4007434171, 198, -1.0
40862.54561387155, 152, -1.0
40865.092304686565, 114, -1.0
40865.23083617511, 92, -1.0
40866.72574010952, 50, 1.0
40868.91396556984, 70, -1.0
40870.11019381136, 169, 1.0
40872.8834327907, 59, -1.0
40874.86985280496, 82, -1.0
40876.06495845412, 48, -1.0
40876.170565432905, 50, 1.0
40876.90369239459, 106, 1.0
40878.145745157235, 137, -1.0
40879.023503277094, 149, -1.0
40879.19404865959, 153, -1.0
40881.61357199436, 73, -1.0
40882.52920813482, 137, -1.0
40883.674150078245, 87, -1.0
40884.283154396355, 160, -1.0
40884.36990328912, 167, -1.0
40884.89420223347, 147, 1.0
40885.51182615279, 210, -1.0
40885.55220062411, 161, -1.0
40885.73673094527, 155, -1.0
40890.161562573245, 105, -1.0
40890.44218664275, 58, -1.0
40890.4839259085, 98, 1.0
40890.96569288942, 222, -1.0
40892.60596628799, 101, 1.0
40892.80800894802, 152, -1.0
40893.79895224554, 146, 1.0
40894.65548914936, 146, 1.0
40894.92299595347, 65, 1.0
40894.95731808628, 53, -1.0
40895.156443298496, 92, -1.0
40895.62913754403, 59, -1.0
40896.100870088616, 75, 1.0
40897.12272948921, 149, -1.0
40898.555549205055, 165, -1.0
40899.01055800817, 123, -1.0
40902.837622709216, 154, -1.0
40902.87325287381, 198, 1.0
40902.974302424314, 104, 1.0
40903.763510539, 52, 1.0
40903.89911845601, 67, 1.0
40905.02964089456, 109, 1.0
40905.093781655785, 34, -1.0
40908.280839457526, 43, -1.0
40908.6526062358, 230, -1.0
40908.92563257049, 50, -1.0
40911.26630624985, 168, 1.0
40911.523728242566, 72, 1.0
40912.42427224225, 167, -1.0
40913.10719657426, 75, 1.0
40913.597269393176, 119, 1.0
40913.883566837365, 149, 1.0
40914.53690215896, 101, -1.0
40915.04179243284, 152, -1.0
40916.516336627676, 40, -1.0
40917.49703883004, 28, -1.0
40919.66148253238, 75, -1.0
40920.78814773155, 67, 1.0
40921.00579333002, 177, -1.0
40921.09800147126, 101, 1.0
40923.491364524925, 52, 1.0
40924.19179425159, 126, -1.0
40924.90643707949, 109, 1.0
40926.8222081894, 165, 1.0
40928.79277591588, 111, -1.0
40930.64017312879, 69, 1.0
40931.41580208822, 128, 1.0
40932.01830707325, 75, -1.0
40932.61970156704, 52, 1.0
40932.95846193314, 70, 1.0
40933.19760262466, 40, -1.0
40934.53154732339, 59, -1.0
40935.06315858928, 64, -1.0
40935.324647672256, 139, 1.0
40935.441907753324, 101, 1.0
40936.87984859279, 141, -1.0
40937.67085954169, 60, -1.0
40938.1588858102, 82, -1.0
40938.96466261646, 45, 1.0
40939.76319580847, 96, 1.0
40940.531613462204, 41, -1.0
40941.72285793656, 61, 1.0
40942.16320591597, 35, 1.0
40942.671474535186, 84, 1.0
40943.89579268779, 53, 1.0
40944.87429149621, 70, 1.0
40945.732782530235, 150, -1.0
40946.01882519921, 165, -1.0
40946.207699512874, 50, 1.0
40948.705880129804, 97, 1.0
40950.53660206082, 235, 1.0
40951.404141068575, 116, 1.0
40952.13882692343, 62, -1.0
40952.35231912487, 149, 1.0
40952.55396097696, 165, -1.0
40954.09915664764, 58, 1.0
40954.542921696295, 222, 1.0
40954.60731848166, 139, -1.0
40955.99599757743, 101, -1.0
40956.004005522525, 169, -1.0
40956.11755689496, 177, 1.0
40956.751677493645, 169, -1.0
40958.61541235404, 87, -1.0
40958.89417489065, 173, -1.0
40959.0612832, 97, -1.0
40959.96863449348, 87, 1.0
40960.85026936465, 169, 1.0
40962.42866628021, 28, -1.0
40962.63105452311, 58, 1.0
40963.73082266141, 198, -1.0
40965.95948247318, 137, -1.0
40966.488066209335, 44, -1.0
40966.60073735426, 233, 1.0
40966.73550761257, 137, -1.0
40969.90531444826, 51, 1.0
40972.5271172869, 114, -1.0
40972.902843692325, 222, 1.0
40973.27391369763, 228, 1.0
40973.71402437727, 116, -1.0
40974.21986458258, 42, 1.0
40974.39349773982, 45, -1.0
40976.00346963406, 117, 1.0
40976.94433102171, 148, -1.0
40978.448714923376, 63, -1.0
40978.71062700928, 235, 1.0
40980.44463757126, 146, -1.0
40981.950588578984, 167, -1.0
40982.47369792211, 36, 1.0
40983.30724338806, 126, 1.0
40985.369673883564, 153, -1.0
40987.67050066123, 108, 1.0
40987.92913867643, 116, 1.0
40988.11939010044, 235, -1.0
40988.94736397661, 119, 1.0
40991.20452812644, 35, 1.0
40992.18638946605, 27, 1.0
40992.90812949772, 177, -1.0
40993.613868381646, 46, -1.0
40998.71534971478, 142, -1.0
40999.242635488314, 114, 1.0
40999.95592040956, 81, -1.0
41000.08393113063, 103, -1.0
41001.79542213957, 67, -1.0
41002.01403665308, 152, -1.0
41002.064282194464, 230, -1.0
41002.0809789604, 158, 1.0
41003.44878068356, 106, 1.0
41003.86783023001, 30, -1.0
41003.9356981944, 73, 1.0
41004.707217831325, 168, 1.0
41004.8539036959, 82, -1.0
41007.88798476776, 108, -1.0
41008.41507194235, 81, -1.0
41008.46657553614, 35, 1.0
41009.08705045114, 88, -1.0
41009.64386515663, 137, -1.0
41009.71017240933, 198, 1.0
41011.1896453248, 142, 1.0
41012.09800142157, 50, -1.0
41012.328350213174, 26, 1.0
41012.40423936425, 76, -1.0
41012.49981636431, 146, -1.0
41012.90579623956, 99, 1.0
41012.91916697465, 148, -1.0
41012.994624962805, 71, 1.0
41013.15712172163, 84, -1.0
41013.1998023694, 74, 1.0
41014.76540659998, 66, -1.0
41015.004730308036, 109, -1.0
41016.48421080954, 83, -1.0
41018.22645722341, 114, -1.0
41020.28711468593, 68, 1.0
41020.447625934816, 142, -1.0
41022.307635037854, 95, 1.0
41023.15326401065, 234, 1.0
41024.58559107496, 180, -1.0
41024.88587611062, 141, -1.0
41025.748981403194, 101, 1.0
41028.4295788432, 68, 1.0
41030.48374175251, 44, 1.0
41031.50841317326, 51, -1.0
41032.991794891735, 141, -1.0
41034.31812013198, 81, 1.0
41035.77740631826, 42, -1.0
41035.84991952231, 86, 1.0
41036.14250591929, 45, -1.0
41039.41696453048, 177, -1.0
41040.64234165476, 69, -1.0
41042.291061694945, 149, -1.0
41043.24329132797, 114, -1.0
41043.81162082599, 50, -1.0
41045.68153173273, 75, -1.0
41046.10762159805, 44, 1.0
41046.42795996386, 158, -1.0
41046.585537910556, 126, 1.0
41047.217326996644, 99, 1.0
41050.45035243707, 118, -1.0
41053.4541292957, 87, 1.0
41053.483912425545, 40, -1.0
41054.55120420633, 63, -1.0
41054.63179966675, 182, -1.0
41056.492866763445, 69, 1.0
41057.518027081125, 193, -1.0
41057.806189940224, 58, -1.0
41061.89404199929, 45, -1.0
41063.919361327426, 162, -1.0
41065.36543422579, 157, -1.0
41066.6668959528, 53, -1.0
41067.19647766944, 165, -1.0
41067.49543883932, 142, -1.0
41071.04845658943, 40, -1.0
41071.18460360142, 147, -1.0
41071.35776546378, 63, -1.0
41071.79881932929, 36, 1.0
41073.38212347614, 91, 1.0
41073.44066533318, 114, -1.0
41073.753815217664, 109, -1.0
41073.92121775123, 133, -1.0
41073.97760624611, 64, -1.0
41074.644014506935, 101, 1.0
41075.137742743864, 90, -1.0
41075.672844538465, 113, 1.0
41075.68579929059, 46, 1.0
41075.83597994535, 59, 1.0
41076.86818442676, 146, 1.0
41077.66210138877, 155, 1.0
41079.86434485492, 155, -1.0
41080.04807142345, 169, 1.0
41081.80504464483, 59, 1.0
41081.80657133694, 114, 1.0
41082.10725835151, 157, 1.0
41084.42233746441, 48, 1.0
41084.82452825215, 80, -1.0
41086.14967063859, 58, 1.0
41086.71540084707, 146, -1.0
41086.76487331782, 82, -1.0
41088.47565048322, 42, -1.0
41088.63648545591, 90, 1.0
41090.61774211509, 151, 1.0
41090.7987327815, 114, 1.0
41092.036583529, 28, -1.0
41092.80431032506, 116, 1.0
41093.56800510317, 87, 1.0
41093.92302763098, 35, 1.0
41094.20601519892, 88, -1.0
41096.00542892033, 67, 1.0
41098.168336070485, 139, -1.0
41100.08603225159, 234, 1.0
41100.127030215896, 168, 1.0
41101.4911413141, 103, 1.0
41103.36326526334, 105, -1.0
41105.37506279518, 75, 1.0
41107.13806408368, 87, -1.0
41109.19027251338, 106, -1.0
41113.91212188764, 98, 1.0
41115.47681593858, 137, -1.0
41118.522533253636, 152, -1.0
41120.70526576356, 93, -1.0
41121.67099191053, 45, 1.0
41123.44992091473, 168, -1.0
41127.025032458405, 67, -1.0
41129.93324309009, 101, 1.0
41132.826112972776, 40, -1.0
41132.87989909698, 182, 1.0
41134.09497716049, 73, 1.0
41134.38751952705, 177, -1.0
41135.58556047722, 152, -1.0
41135.93328309995, 72, 1.0
41138.41921669705, 87, -1.0
41139.56197568606, 106, -1.0
41139.9385232258, 193, -1.0
41142.14835554687, 90, -1.0
41143.32445855782, 235, -1.0
41145.85302712394, 164, 1.0
41147.04857081418, 150, -1.0
41147.375907171474, 66, -1.0
41150.207886648146, 161, -1.0
41150.24834467438, 193, -1.0
41152.269561355526, 59, -1.0
41152.732912364445, 64, 1.0
41155.73736023092, 41, 1.0
41156.04605447468, 37, -1.0
41156.15154077405, 75, 1.0
41157.223728223136, 40, -1.0
41159.30485583809, 117, -1.0
41159.33847059335, 67, 1.0
41161.61059420006, 122, -1.0
41162.43805212875, 36, 1.0
41164.50005241192, 54, -1.0
41165.12162350796, 141, -1.0
41165.14163367495, 165, -1.0
41167.8764105747, 146, 1.0
41168.047757735134, 58, -1.0
41171.05869752736, 163, -1.0
41171.43588021986, 124, 1.0
41172.58293230262, 71, 1.0
41175.371621625934, 52, 1.0
41175.541599470394, 126, 1.0
41177.437447171804, 193, -1.0
41177.851698139806, 71, 1.0
41178.62067716851, 104, -1.0
41178.90486492481, 67, 1.0
41180.67839892648, 71, 1.0
41180.78946337979, 114, -1.0
41180.801520038694, 61, 1.0
41181.60116721022, 40, 1.0
41181.66920213574, 41, 1.0
41181.91699256459, 35, 1.0
41182.075019732656, 83, -1.0
41184.841785990946, 153, -1.0
41186.109530718844, 149, 1.0
41186.4252336332, 233, -1.0
41187.25815735817, 142, -1.0
41187.38452010223, 87, 1.0
41188.47786413053, 119, -1.0
41189.18772354881, 187, -1.0
41189.485456343915, 149, -1.0
41193.20396496264, 123, -1.0
41193.645216683835, 37, -1.0
41194.05457874955, 40, 1.0
41194.12714461434, 103, 1.0
41194.372143275265, 63, 1.0
41195.02329767478, 165, -1.0
41195.937143070536, 164, 1.0
41196.20316060688, 44, 1.0
41196.49714627973, 34, -1.0
41196.49846578001, 81, -1.0
41201.52826699523, 235, -1.0
41204.434316293155, 43, -1.0
41204.5411442049, 81, -1.0
41207.744791830024, 154, 1.0
41207.748755263616, 68, 1.0
41208.214960970676, 233, 1.0
41208.963509117086, 126, 1.0
41210.259774503065, 62, -1.0
41211.19437268376, 167, -1.0
41212.85039966623, 68, 1.0
41214.26861801463, 97, 1.0
41215.1485428621, 198, -1.0
41215.99669632789, 40, -1.0
41216.801730071966, 90, 1.0
41217.25915250116, 45, -1.0
41217.56442142863, 235, 1.0
41218.319417333274, 138, 1.0
41218.40588893492, 148, -1.0
41219.46673063295, 228, -1.0
41220.98502263217, 52, 1.0
41222.17834751751, 126, -1.0
41223.34814726956, 137, -1.0
41225.35833492707, 46, -1.0
41228.353194419804, 173, -1.0
41229.842472732686, 33, 1.0
41230.06663216476, 108, -1.0
41231.07134433743, 37, -1.0
41231.6349626331, 113, -1.0
41232.8260287202, 141, -1.0
41233.045209969765, 165, -1.0
41234.068161920746, 75, -1.0
41235.08032918857, 138, -1.0
41236.72066365705, 147, -1.0
41237.100029716414, 123, -1.0
41238.005790896575, 110, 1.0
41238.16166823637, 101, -1.0
41238.67951408105, 152, 1.0
41239.28035824923, 71, -1.0
41239.79110346172, 97, 1.0
41240.0211538124, 182, 1.0
41240.267598866776, 44, -1.0
41240.27596857531, 29, -1.0
41243.8920525893, 67, 1.0
41245.399197852945, 198, 1.0
41245.51611576488, 116, -1.0
41245.547377790324, 222, 1.0
41246.08129911876, 141, -1.0
41246.21331995453, 103, -1.0
41247.16039744332, 101, 1.0
41247.40809042579, 165, 1.0
41247.80958274897, 193, -1.0
41249.08684642863, 67, -1.0
41249.48489100454, 41, 1.0
41250.217461015935, 90, 1.0
41250.39174003109, 74, 1.0
41250.653202835776, 235, -1.0
41254.574095239645, 152, -1.0
41254.593500175564, 97, 1.0
41256.73291316684, 94, -1.0
41257.19806153553, 126, 1.0
41257.26067555213, 64, -1.0
41258.74717913759, 40, 1.0
41259.20727884847, 166, 1.0
41259.485028195886, 133, 1.0
41259.49497852391, 133, -1.0
41259.81708339242, 146, 1.0
41261.110677254976, 46, -1.0
41262.26831785477, 71, 1.0
41264.616287969475, 68, 1.0
41264.779615646396, 152, -1.0
41268.940486789776, 114, -1.0
41271.20345893928, 116, 1.0
41272.245596096094, 82, -1.0
41273.4444626342, 207, 1.0
41274.52689120977, 75, -1.0
41275.35550000032, 146, -1.0
41275.837053461444, 46, -1.0
41275.895301388504, 114, -1.0
41276.26874461208, 162, -1.0
41276.799261763226, 44, -1.0
41276.85683954669, 97, 1.0
41279.703603534275, 40, -1.0
41281.15595764791, 141, -1.0
41281.22373248299, 155, -1.0
41282.03500893932, 58, -1.0
41283.38236093594, 52, -1.0
41283.49796620198, 42, -1.0
41286.806363083895, 152, -1.0
41288.06669826167, 133, -1.0
41292.00153701974, 158, -1.0
41292.33202589083, 63, 1.0
41292.402901745205, 160, -1.0
41296.05687182612, 163, -1.0
41296.897872787704, 118, -1.0
41296.947655221746, 56, 1.0
41299.753549008616, 88, -1.0
41300.63058213756, 73, -1.0
41301.38069369858, 76, -1.0
41304.26112085685, 92, -1.0
41305.303757399866, 164, -1.0
41305.85624138911, 59, -1.0
41306.003112715116, 57, 1.0
41312.687350242646, 154, -1.0
41313.17061009758, 159, 1.0
41313.49077060926, 177, -1.0
41315.34967046568, 75, -1.0
41318.87918018817, 28, 1.0
41319.367138129244, 58, 1.0
41319.663365847475, 169, 1.0
41320.04396466527, 148, -1.0
41323.78586634223, 40, -1.0
41324.14800454454, 44, 1.0
41324.281871360494, 160, -1.0
41326.261627146836, 162, 1.0
41326.29883932981, 147, -1.0
41326.453489873915, 30, -1.0
41328.620735981494, 73, 1.0
41328.625692640664, 161, -1.0
41329.229905164524, 119, 1.0
41332.93202226672, 153, -1.0
41332.97044915177, 109, 1.0
41333.66438881696, 84, 1.0
41335.410376142696, 67, -1.0
41338.11942695086, 169, 1.0
41339.45926011976, 242, -1.0
41341.219213068835, 31, 1.0
41341.31848016947, 100, 1.0
41342.82459080476, 162, 1.0
41343.96235404821, 58, 1.0
41347.21686145223, 111, -1.0
41348.004386577224, 141, -1.0
41348.68354552778, 39, -1.0
41349.40927703053, 234, 1.0
41349.86518554707, 105, -1.0
41351.56827106317, 162, 1.0
41353.934033900594, 126, 1.0
41355.096817318314, 68, 1.0
41357.47625823256, 120, -1.0
41357.94777317698, 155, -1.0
41358.32624295878, 109, -1.0
41362.323074638094, 95, 1.0
41363.23786994511, 83, 1.0
41365.174720029085, 116, -1.0
41366.16471776073, 119, -1.0
41366.706975840905, 34, 1.0
41368.39069665356, 56, -1.0
41369.01338038486, 59, -1.0
41369.66801567139, 123, -1.0
41371.41265800988, 66, 1.0
41372.6343587782, 83, -1.0
41372.93193823729, 146, 1.0
41373.52536320482, 193, -1.0
41374.92572601239, 64, -1.0
41375.14624578701, 34, -1.0
41376.841145833925, 102, -1.0
41377.14606259892, 163, -1.0
41378.59115491096, 90, -1.0
41381.41825495947, 59, -1.0
41382.40658767124, 111, -1.0
41382.46945990415, 41, 1.0
41383.41393446158, 188, -1.0
41383.59425307535, 141, 1.0
41384.16466455393, 97, -1.0
41386.76321913913, 222, -1.0
41387.69416824161, 64, -1.0
41388.1206192434, 162, 1.0
41388.26801224824, 141, -1.0
41389.15294499637, 233, 1.0
41389.17941847244, 65, -1.0
41389.706136267545, 141, 1.0
41390.51816129357, 88, -1.0
41390.87697626293, 96, 1.0
41391.548134718854, 40, 1.0
41391.859012163564, 198, -1.0
41392.27044880613, 72, 1.0
41393.928684255865, 101, -1.0
41394.1423377876, 99, 1.0
41397.547813818775, 234, 1.0
41397.726682024695, 230, -1.0
41399.63401705366, 37, -1.0
41399.86164555923, 97, 1.0
41400.5137040562, 101, -1.0
41402.43335116046, 116, -1.0
41403.013480891976, 100, -1.0
41404.32413111813, 110, 1.0
41405.78957019958, 28, -1.0
41410.14118665677, 105, -1.0
41410.9349706629, 64, -1.0
41411.19115544383, 235, 1.0
41412.43815529102, 234, 1.0
41412.57885982564, 81, -1.0
41413.11744656952, 44, 1.0
41416.39102872414, 116, -1.0
41417.392108692744, 233, -1.0
41417.70857825759, 141, -1.0
41419.77220029023, 173, -1.0
41421.58862820524, 114, -1.0
41423.79221577926, 71, 1.0
41423.901863816456, 115, -1.0
41424.74164951433, 142, -1.0
41425.66434986061, 75, -1.0
41425.76842019091, 130, -1.0
41427.54668429646, 103, 1.0
41427.863934684356, 151, 1.0
41427.90439184028, 109, -1.0
41429.80291888911, 90, -1.0
41430.853137418155, 35, 1.0
41431.0911561861, 155, 1.0
41432.536136916584, 106, 1.0
41433.43341409425, 51, 1.0
41436.16974263152, 114, -1.0
41436.18026170564, 177, -1.0
41436.644303545625, 109, 1.0
41438.61150174726, 159, 1.0
41439.26039818086, 42, -1.0
41439.29417847781, 104, -1.0
41439.3215902829, 64, -1.0
41441.70089910373, 90, 1.0
41441.989840524206, 40, 1.0
41443.95607494023, 146, 1.0
41445.20153866606, 82, -1.0
41445.53956116156, 95, 1.0
41446.27065317098, 153, -1.0
41447.72696051738, 58, -1.0
41448.0526666777, 29, -1.0
41448.23225357699, 90, -1.0
41449.238416875094, 158, -1.0
41450.887076644, 29, 1.0
41451.84090013435, 82, -1.0
41453.28365087224, 71, -1.0
41455.57675886261, 50, -1.0
41456.72568519378, 114, -1.0
41456.99390247925, 141, -1.0
41457.380682242234, 210, -1.0
41458.48784687977, 75, -1.0
41459.546141319486, 70, -1.0
41461.06568301673, 94, -1.0
41461.561522056334, 61, 1.0
41462.147054498506, 90, 1.0
41463.113379956296, 142, 1.0
41465.83653536404, 54, -1.0
41466.64896764406, 152, 1.0
41468.44135577129, 114, -1.0
41469.115737866705, 160, -1.0
41472.94177752664, 58, 1.0
41473.575471239805, 222, 1.0
41473.6027307667, 99, 1.0
41474.338696786144, 71, 1.0
41474.390649837784, 67, 1.0
41474.71018879153, 28, -1.0
41476.36428909571, 177, 1.0
41478.25175071726, 72, 1.0
41479.44470018567, 126, -1.0
41479.63716549812, 146, 1.0
41480.85704733262, 39, 1.0
41482.405594394484, 146, -1.0
41482.82111400564, 119, -1.0
41483.22239683764, 71, 1.0
41484.291830672504, 234, 1.0
41485.18909435837, 162, -1.0
41485.731620882696, 65, -1.0
41485.73772724519, 84, -1.0
41486.08620206262, 53, 1.0
41486.989045093076, 105, -1.0
41488.08863623282, 101, -1.0
41489.1135048993, 146, 1.0
41489.166928737875, 207, 1.0
41491.56046989932, 84, -1.0
41493.00236677663, 163, -1.0
41493.73617936899, 81, -1.0
41500.102956871204, 87, 1.0
41500.18879601682, 123, -1.0
41500.42270578319, 222, 1.0
41501.04933551123, 169, -1.0
41503.24645165758, 154, 1.0
41503.910543316284, 71, -1.0
41505.59507082458, 152, 1.0
41507.028174409395, 34, -1.0
41507.90299544711, 137, 1.0
41508.236149522454, 73, -1.0
41508.26995641051, 75, -1.0
41508.40988258334, 142, -1.0
41511.76134780277, 164, -1.0
41513.12640954946, 84, -1.0
41513.39381942882, 222, -1.0
41514.73719193133, 40, -1.0
41515.27730779789, 58, 1.0
41518.3390437572, 64, -1.0
41519.151340950244, 120, -1.0
41522.834856865644, 102, -1.0
41523.556154816164, 68, -1.0
41523.93382167548, 142, 1.0
41524.35365465451, 88, 1.0
41524.781834659254, 141, 1.0
41524.80717450925, 71, 1.0
41525.86947292587, 99, 1.0
41526.68192106525, 71, 1.0
41527.500864656584, 182, -1.0
41527.8855840251, 68, 1.0
41528.7765847576, 114, 1.0
41531.260638063024, 76, -1.0
41532.480424788875, 39, -1.0
41533.30252036493, 90, -1.0
41534.45037859576, 90, -1.0
41538.01092215484, 147, -1.0
41538.31383782164, 106, -1.0
41538.570447029495, 95, -1.0
41540.73682331412, 97, -1.0
41542.56893212297, 59, 1.0
41542.62160443617, 141, -1.0
41543.447827174, 26, 1.0
41543.482626053534, 53, -1.0
41544.15380114474, 114, -1.0
41546.61297249109, 155, 1.0
41546.69385126907, 159, -1.0
41548.024556052405, 53, 1.0
41548.34359406463, 233, -1.0
41548.90374479245, 180, -1.0
41549.10881194244, 165, -1.0
41549.82711613732, 96, -1.0
41551.62732928753, 126, 1.0
41552.459459100755, 87, 1.0
41554.0497190682, 141, -1.0
41555.194911915285, 128, -1.0
41556.095042267225, 70, -1.0
41559.5586913715, 103, 1.0
41562.751177331025, 165, -1.0
41563.482542753045, 32, 1.0
41563.53375731736, 157, 1.0
41563.82412424702, 155, -1.0
41564.102613501374, 67, 1.0
41566.04552714803, 173, -1.0
41566.56314877444, 114, -1.0
41567.85820594399, 126, -1.0
41568.03511499722, 64, 1.0
41568.92563569851, 158, 1.0
41570.76347809505, 141, 1.0
41571.319027959056, 34, -1.0
41571.99550023801, 157, 1.0
41572.01444644394, 101, 1.0
41572.47829732925, 193, -1.0
41572.60839918553, 141, 1.0
41573.01758661831, 142, 1.0
41577.493056900894, 40, -1.0
41578.46128931464, 166, 1.0
41579.083890853864, 58, 1.0
41579.9657548719, 67, -1.0
41580.77447927076, 69, -1.0
41581.049504503375, 56, -1.0
41581.96781807554, 90, -1.0
41583.20323493744, 233, -1.0
41584.14237361604, 165, -1.0
41584.69858268584, 84, -1.0
41585.394474623405, 84, 1.0
41587.12752379965, 64, -1.0
41592.00449928719, 148, 1.0
41592.13775974739, 152, 1.0
41592.99982641625, 58, 1.0
41593.630884898805, 103, -1.0
41594.352733218024, 159, 1.0
41596.131633977464, 53, -1.0
41597.37809455241, 75, 1.0
41598.98759246816, 99, -1.0
41600.91900122918, 126, 1.0
41601.69826868212, 39, 1.0
41601.948382371775, 152, -1.0
41603.424616887874, 71, -1.0
41604.88240824622, 116, 1.0
41605.01025413777, 141, -1.0
41605.0980505658, 168, -1.0
41605.70456215066, 198, -1.0
41606.10600939866, 97, -1.0
41606.44936033826, 58, 1.0
41606.512544405035, 99, -1.0
41606.77545426938, 96, -1.0
41610.003557079646, 70, 1.0
41611.50063073151, 235, -1.0
41612.165444266735, 146, -1.0
41615.14834991686, 116, 1.0
41617.450634735425, 126, 1.0
41619.72233303946, 233, -1.0
41621.036793462925, 69, -1.0
41621.25640556777, 28, -1.0
41622.45375027599, 101, -1.0
41623.05654799119, 75, -1.0
41625.88053579906, 128, -1.0
41627.534730039726, 111, -1.0
41627.725025707296, 235, 1.0
41627.80934916015, 87, -1.0
41631.60803554543, 75, 1.0
41632.73343117176, 45, -1.0
41633.23112785516, 40, -1.0
41635.0179352805, 103, -1.0
41635.80707442596, 126, -1.0
41636.56506830376, 148, 1.0
41636.987300649555, 39, 1.0
41637.3415401266, 110, 1.0
41637.714852112615, 71, -1.0
41638.46669697622, 94, -1.0
41639.1122914977, 59, 1.0
41640.73882457242, 56, -1.0
41641.29945941681, 97, -1.0
41643.04300580969, 142, 1.0
41647.6614120357, 141, -1.0
41651.86602302834, 75, -1.0
41653.072915536715, 124, -1.0
41653.820943097904, 81, -1.0
41656.07060929548, 58, 1.0
41656.33599221875, 35, 1.0
41657.04674233067, 101, -1.0
41661.79589202487, 142, -1.0
41663.17486584572, 71, 1.0
41663.5367715023, 103, 1.0
41665.29689584975, 58, -1.0
41666.02611082864, 45, -1.0
41666.130147412565, 105, -1.0
41666.24954743033, 142, 1.0
41666.694944702525, 87, -1.0
41667.82469408798, 126, 1.0
41668.14467272439, 109, -1.0
41670.38446475727, 137, -1.0
41671.15540739722, 233, -1.0
41672.29559143963, 114, -1.0
41674.74889204875, 103, 1.0
41675.35826187747, 81, -1.0
41678.820191381725, 167, -1.0
41680.22606943972, 126, 1.0
41680.9375771542, 28, -1.0
41682.74482464876, 102, 1.0
41682.94601003249, 180, -1.0
41686.63150530733, 97, 1.0
41687.6707734646, 60, -1.0
41690.71859573562, 123, 1.0
41691.930667293454, 126, -1.0
41696.05044333423, 54, -1.0
41696.24043466983, 120, -1.0
41696.62713525321, 149, 1.0
41699.04671154453, 26, -1.0
41700.69946203579, 58, -1.0
41701.19931244577, 113, -1.0
41702.08023939949, 87, -1.0
41705.05206046649, 81, 1.0
41706.65162353273, 59, 1.0
41707.9151947999, 40, 1.0
41708.169096814876, 68, -1.0
41709.93477042534, 99, -1.0
41711.772488438044, 133, 1.0
41712.220396638324, 83, -1.0
41713.53859414992, 141, -1.0
41715.16879062888, 82, -1.0
41716.61149963964, 112, -1.0
41717.50340603528, 26, 1.0
41717.78547232949, 193, -1.0
41720.71176950136, 137, -1.0
41721.3018029619, 157, -1.0
41722.10400150122, 42, -1.0
41723.186597115884, 87, 1.0
41723.519325005254, 100, 1.0
41723.604706747545, 168, 1.0
41725.09027878046, 234, 1.0
41726.301245092436, 182, 1.0
41728.298801437755, 159, 1.0
41730.987835584, 133, -1.0
41732.581653482004, 99, 1.0
41733.32729434943, 114, 1.0
41734.633956223166, 75, -1.0
41736.57465291516, 157, 1.0
41737.17526091956, 44, 1.0
41738.33877369876, 65, 1.0
41739.16917801403, 152, -1.0
41739.96301803997, 66, -1.0
41743.63137282261, 39, 1.0
41743.872540768614, 193, -1.0
41746.803194044995, 241, 1.0
41746.913149374275, 150, -1.0
41747.242822051005, 182, -1.0
41748.890029337475, 164, -1.0
41750.308314211405, 106, -1.0
41752.65322150863, 242, -1.0
41753.24942139431, 193, 1.0
41754.048424325876, 159, -1.0
41754.10261591138, 126, -1.0
41754.147889607644, 173, -1.0
41755.80027264787, 102, -1.0
41756.12649796389, 164, -1.0
41756.19311528285, 99, 1.0
41756.52334753804, 193, -1.0
41756.677848946434, 97, -1.0
41760.15295274669, 64, -1.0
41760.48145774704, 52, -1.0
41765.59915213426, 67, 1.0
41769.125799958616, 133, -1.0
41771.44499446346, 98, 1.0
41771.6888142676, 69, -1.0
41771.862905227536, 153, -1.0
41773.29920788601, 54, -1.0
41774.2476129709, 63, 1.0
41775.29017996218, 55, -1.0
41777.122275000234, 182, -1.0
41777.780763743576, 123, -1.0
41778.34225716071, 235, -1.0
41778.36143708055, 85, 1.0
41779.15106318155, 52, -1.0
41781.362984589156, 51, 1.0
41781.8308610974, 71, -1.0
41782.90171120638, 105, -1.0
41783.408176154095, 152, -1.0
41783.531856060086, 71, 1.0
41783.62204101551, 50, 1.0
41784.17515623389, 141, -1.0
41785.47682073348, 48, -1.0
41785.492910561516, 228, 1.0
41786.6984488337, 198, -1.0
41786.75647267271, 142, -1.0
41787.597589729594, 57, 1.0
41787.673915288266, 120, -1.0
41791.53343742332, 233, -1.0
41791.61261874394, 106, -1.0
41792.28814311996, 112, -1.0
41792.35212967153, 169, -1.0
41792.899272033654, 165, -1.0
41794.310817908205, 126, -1.0
41796.12378710202, 126, 1.0
41796.9523177698, 116, 1.0
41797.92325975103, 141, -1.0
41798.117918160206, 87, -1.0
41801.511658727635, 43, 1.0
41802.2962915797, 123, -1.0
41803.64824593211, 80, 1.0
41804.52537074202, 114, -1.0
41806.27997109869, 28, -1.0
41806.283268625506, 169, -1.0
41807.021599627464, 106, 1.0
41807.38184133733, 108, 1.0
41808.652015428, 104, -1.0
41810.08405388245, 149, -1.0
41810.179394782346, 34, 1.0
41810.27687672903, 75, -1.0
41811.46690641421, 40, 1.0
41812.934646675, 69, 1.0
41814.69124440185, 30, -1.0
41816.55143749276, 99, -1.0
41817.97459422442, 182, 1.0
41818.99264004702, 114, -1.0
41819.3332052549, 44, -1.0
41819.34415835716, 164, -1.0
41820.184231170744, 72, -1.0
41820.396918108236, 154, -1.0
41822.89927279098, 123, -1.0
41826.13531124849, 137, -1.0
41827.018610701874, 28, 1.0
41827.41469671861, 187, 1.0
41827.466587808936, 146, 1.0
41827.59370954141, 41, -1.0
41827.99522916232, 173, 1.0
41828.14140915437, 122, 1.0
41828.910076339685, 28, -1.0
41829.83507412814, 99, 1.0
41830.186353373574, 152, 1.0
41838.88192180496, 108, -1.0
41841.13002902439, 148, -1.0
41841.766144847075, 149, -1.0
41842.000136437906, 43, -1.0
41844.22117069804, 137, 1.0
41846.072913202835, 142, 1.0
41847.38347441789, 101, 1.0
41848.53330468738, 67, 1.0
41849.21144991146, 100, 1.0
41849.861972647355, 177, 1.0
41851.088557014744, 28, -1.0
41851.577858792654, 193, -1.0
41852.250389493296, 100, -1.0
41853.558312139234, 126, -1.0
41854.111206250614, 168, -1.0
41854.21650817874, 169, 1.0
41854.62379716209, 29, -1.0
41856.31262272787, 230, -1.0
41859.285314021814, 102, -1.0
41861.647135648636, 169, 1.0
41865.610832746934, 129, 1.0
41866.72724350401, 75, -1.0
41867.02928977614, 157, -1.0
41868.550030439066, 106, -1.0
41868.858974438815, 234, -1.0
41869.97349844127, 56, -1.0
41870.16597938843, 153, 1.0
41871.83621295044, 39, 1.0
41872.02686452955, 152, -1.0
41872.05156673133, 105, -1.0
41872.262830959604, 142, -1.0
41872.28087913922, 101, -1.0
41872.77872064803, 92, -1.0
41873.76458733548, 81, 1.0
41874.43840062371, 72, 1.0
41874.64221710048, 64, 1.0
41875.63486154197, 68, 1.0
41876.119558424456, 193, -1.0
41876.240027839885, 61, 1.0
41877.64294379595, 81, -1.0
41879.73381428335, 109, 1.0
41879.86756584943, 101, 1.0
41880.57688316508, 182, 1.0
41880.961612804844, 165, -1.0
41882.131893069534, 97, -1.0
41884.12552954407, 167, 1.0
41884.864402186955, 164, -1.0
41884.953764848564, 126, 1.0
41885.15205732512, 126, 1.0
41885.43979367825, 82, 1.0
41885.69894400038, 59, 1.0
41885.91227428027, 67, 1.0
41888.23788940597, 126, -1.0
41888.48157391689, 114, -1.0
41889.5647397135, 155, -1.0
41891.613379867995, 230, -1.0
41892.90097332108, 37, -1.0
41893.02561385885, 82, 1.0
41893.45372085527, 234, -1.0
41893.66169401807, 166, 1.0
41894.93973759565, 102, 1.0
41895.15200451232, 40, -1.0
41897.880905491154, 165, 1.0
41899.30438988499, 71, 1.0
41899.381837550594, 71, 1.0
41902.82019911005, 163, -1.0
41903.963309479164, 58, 1.0
41904.04338915373, 235, 1.0
41905.523258905036, 26, -1.0
41908.61278481725, 182, -1.0
41911.64251369295, 34, 1.0
41912.91433149882, 81, -1.0
41914.17171218006, 40, -1.0
41914.587052094685, 71, 1.0
41916.42501659634, 126, 1.0
41918.94462003876, 40, -1.0
41919.61324114674, 116, 1.0
41919.85481130649, 103, -1.0
41920.89028488578, 158, 1.0
41921.78862270057, 65, -1.0
41923.995559623356, 113, -1.0
41924.512502352496, 59, 1.0
41926.35177105883, 36, 1.0
41928.043889976114, 155, 1.0
41928.3821776432, 164, 1.0
41929.24082509118, 103, 1.0
41929.905936185336, 116, 1.0
41932.48861918012, 155, -1.0
41932.76676030984, 123, -1.0
41935.461306508936, 26, 1.0
41936.22515596932, 93, -1.0
41937.12363771936, 40, -1.0
41937.48437197449, 123, -1.0
41937.713058462556, 114, -1.0
41938.628474580386, 58, -1.0
41938.96609986527, 76, -1.0
41940.57299755935, 42, -1.0
41941.60368443954, 235, -1.0
41942.004321693166, 103, 1.0
41942.096632736306, 74, 1.0
41942.666771415374, 163, -1.0
41943.13362863975, 142, -1.0
41943.25168406019, 126, -1.0
41943.45751710118, 101, -1.0
41943.80293388959, 65, 1.0
41943.97753163292, 141, -1.0
41944.36739845057, 154, -1.0
41945.46960392805, 103, 1.0
41945.67073218507, 59, 1.0
41946.12686168544, 173, -1.0
41947.38367523213, 55, -1.0
41948.337411608234, 114, 1.0
41949.08032795352, 59, -1.0
41949.33360479409, 43, 1.0
41950.372549726286, 111, -1.0
41953.161755144894, 34, 1.0
41953.41263445839, 159, -1.0
41956.80261032058, 75, -1.0
41956.81316817904, 235, 1.0
41957.01813786676, 72, -1.0
41959.653307839166, 173, 1.0
41961.23905549449, 233, 1.0
41961.552702297624, 137, -1.0
41963.989067522634, 138, 1.0
41964.22840934135, 124, 1.0
41964.54494077458, 83, 1.0
41971.14430472169, 39, -1.0
41972.35181631104, 87, -1.0
41973.15639658791, 169, -1.0
41977.30456140884, 119, -1.0
41977.79930957419, 163, -1.0
41978.690162175975, 43, 1.0
41979.037892905646, 114, 1.0
41980.09423563329, 141, 1.0
41981.54692211801, 120, -1.0
41982.27769938326, 100, -1.0
41984.40784091907, 159, 1.0
41984.61296392991, 151, 1.0
41984.8576507778, 141, -1.0
41987.40972177765, 155, 1.0
41988.036017985076, 32, 1.0
41988.352227206466, 228, 1.0
41989.04733883215, 155, -1.0
41989.122613796484, 177, 1.0
41989.94895928674, 119, -1.0
41990.04804835212, 165, -1.0
41990.152868071986, 116, -1.0
41994.22272836042, 114, 1.0
41994.706664119105, 67, -1.0
41995.25913188814, 64, -1.0
41998.23732387571, 102, 1.0
41998.80395698523, 34, 1.0
42001.76182253977, 101, -1.0
42001.91327172679, 126, -1.0
42002.47058329585, 101, 1.0
42004.814773774015, 97, -1.0
42005.551256854946, 119, -1.0
42006.46878807883, 142, -1.0
42008.40694449896, 76, -1.0
42008.87398008767, 116, -1.0
42011.067018752685, 98, 1.0
42013.41466120347, 168, -1.0
42014.18583211022, 122, 1.0
42015.29838266897, 169, -1.0
42015.704950679, 72, 1.0
42015.90408008084, 159, 1.0
42016.08450960646, 103, -1.0
42016.41200381653, 124, -1.0
42017.24180985549, 141, 1.0
42017.3392315237, 101, -1.0
42017.806490124385, 138, 1.0
42019.008067076975, 72, 1.0
42019.94878089146, 182, -1.0
42020.01579929516, 117, -1.0
42020.58263634149, 163, -1.0
42020.845115446595, 164, -1.0
42021.16038626447, 34, -1.0
42022.12834790605, 137, 1.0
42023.38235768392, 120, -1.0
42024.91753671537, 113, -1.0
42024.921504085, 147, -1.0
42026.32426103693, 75, 1.0
42026.41731550929, 100, -1.0
42026.552130084696, 120, -1.0
42027.410229651825, 113, -1.0
42030.445503448165, 48, -1.0
42030.83344045496, 54, 1.0
42036.19214339983, 37, -1.0
42036.44423690072, 94, -1.0
42036.561070921096, 64, -1.0
42036.87455729546, 106, 1.0
42039.05548577198, 40, -1.0
42039.090039997966, 43, -1.0
42039.76144202428, 141, -1.0
42040.6315251283, 71, -1.0
42042.17506532238, 66, 1.0
42044.99022621943, 146, -1.0
42046.39973163628, 65, 1.0
42046.46998017035, 72, 1.0
42047.75579481772, 130, 1.0
42047.80251962466, 75, 1.0
42049.856674321294, 118, -1.0
42050.24542779361, 103, -1.0
42051.576721687365, 41, 1.0
42053.05820519479, 32, -1.0
42053.22139427523, 68, 1.0
42054.265576307436, 58, 1.0
42054.87781331112, 122, -1.0
42056.10185349746, 67, 1.0
42057.378783903056, 155, -1.0
42058.323988303186, 71, 1.0
42058.327595177805, 44, 1.0
42058.42038725462, 177, -1.0
42058.528239276005, 55, -1.0
42060.766143898836, 161, -1.0
42061.169210957676, 58, -1.0
42061.45935662122, 53, 1.0
42063.77986962665, 68, 1.0
42066.12402273645, 102, -1.0
42066.38171615936, 101, -1.0
42066.65645945967, 113, -1.0
42067.58142057244, 71, -1.0
42068.42478500936, 106, -1.0
42068.44919498932, 40, -1.0
42068.612407060085, 123, -1.0
42071.12457986366, 109, 1.0
42072.4166342181, 123, -1.0
42072.80266095046, 146, 1.0
42077.41343797369, 40, 1.0
42081.739396975994, 69, -1.0
42085.44276263215, 29, 1.0
42085.679309099956, 161, -1.0
42086.09653306938, 126, -1.0
42090.06739827582, 101, -1.0
42090.40128709584, 67, 1.0
42090.75072033872, 88, -1.0
42091.47113552885, 169, 1.0
42093.15714931974, 63, -1.0
42095.066073085705, 40, 1.0
42096.58192607715, 109, 1.0
42096.96143085541, 40, -1.0
42098.26766892362, 108, -1.0
42098.29153687385, 82, 1.0
42098.48349028028, 188, 1.0
42100.457833878965, 28, -1.0
42100.59124190296, 60, -1.0
42101.362618962856, 34, -1.0
42103.393818171935, 123, -1.0
42104.586427820905, 59, 1.0
42106.01903820405, 40, -1.0
42106.31638349907, 164, 1.0
42106.3312058349, 101, -1.0
42106.650410342205, 70, 1.0
42107.69253961304, 114, -1.0
42109.46631974183, 133, -1.0
42112.876721393346, 119, -1.0
42113.4644374188, 58, 1.0
42113.64487707312, 34, 1.0
42116.061567071345, 119, -1.0
42116.75906873972, 54, -1.0
42117.63305506838, 58, 1.0
42117.975797184816, 126, 1.0
42120.23075498236, 114, 1.0
42120.56535078814, 112, -1.0
42120.96662987927, 55, -1.0
42121.32439371563, 116, 1.0
42121.49620523512, 58, -1.0
42122.08899231911, 40, 1.0
42126.98188748197, 44, -1.0
42127.95507914337, 118, -1.0
42128.15482353863, 26, -1.0
42128.47814476278, 90, -1.0
42131.94071008015, 71, 1.0
42132.06506144215, 76, 1.0
42132.57157782042, 71, 1.0
42132.60196955855, 34, -1.0
42134.731661402526, 34, -1.0
42135.0680298797, 69, -1.0
42136.14078040996, 173, 1.0
42136.40226768376, 141, -1.0
42136.720623970505, 90, -1.0
42139.259381346004, 139, -1.0
42140.638312317365, 228, 1.0
42143.03107088414, 222, 1.0
42143.9641344802, 126, -1.0
42145.057573869904, 92, 1.0
42145.16431895913, 73, 1.0
42146.342328978484, 71, 1.0
42146.838150584845, 27, -1.0
42148.12577429362, 160, 1.0
42150.56884535998, 142, -1.0
42151.007780379085, 75, -1.0
42152.26060534811, 103, -1.0
42152.62140201361, 68, 1.0
42152.92293305877, 146, 1.0
42153.160850740445, 40, -1.0
42153.28916259152, 142, 1.0
42155.361647450525, 73, -1.0
42157.6898738483, 102, -1.0
42158.629904648726, 99, -1.0
42159.481873083656, 34, 1.0
42159.5404712908, 53, -1.0
42161.1480712598, 235, 1.0
42161.414761862434, 55, -1.0
42161.614238923554, 58, -1.0
42162.773281855305, 146, -1.0
42163.549889476584, 155, 1.0
42164.76572818453, 109, 1.0
42164.835845578236, 162, -1.0
42167.523541807575, 148, -1.0
42167.90275948158, 126, 1.0
42170.494257100305, 142, -1.0
42170.96883902884, 86, 1.0
42171.5185501443, 161, -1.0
42171.53168624559, 50, 1.0
42172.970088756825, 72, -1.0
42173.35245964632, 164, -1.0
42173.42355274091, 146, -1.0
42173.72251730476, 50, -1.0
42177.42938117718, 155, -1.0
42179.74078950651, 87, -1.0
42181.497452282456, 87, -1.0
42181.8376688081, 159, -1.0
42183.13999672943, 149, -1.0
42184.61172439782, 67, 1.0
42185.43482821739, 123, -1.0
42185.47075587709, 84, -1.0
42185.49398012119, 126, 1.0
42186.025985991146, 130, 1.0
42186.21471649626, 150, -1.0
42189.279868227306, 114, 1.0
42192.4375060564, 120, -1.0
42194.5970102636, 75, -1.0
42194.609961752794, 50, -1.0
42195.57876569689, 94, -1.0
42195.7788373106, 120, -1.0
42198.63806787193, 81, 1.0
42198.84686820749, 230, -1.0
42203.39195400563, 234, 1.0
42205.61068122949, 96, -1.0
42206.172762292044, 142, 1.0
42206.387881955954, 151, -1.0
42207.103150324634, 70, -1.0
42207.811474041475, 100, -1.0
42208.75653060538, 81, -1.0
42209.06753035886, 67, 1.0
42210.04597945088, 137, 1.0
42210.57499003733, 99, 1.0
42210.78427628154, 163, -1.0
42212.98213445615, 87, 1.0
42213.36983244012, 68, 1.0
42216.65766060577, 28, 1.0
42217.7555394278, 58, 1.0
42220.75629951459, 75, -1.0
42223.680883174144, 101, 1.0
42224.272301567384, 151, 1.0
42225.4883637352, 112, -1.0
42225.64713157223, 109, 1.0
42226.55058957631, 75, 1.0
42226.95171905051, 87, -1.0
42230.25852804352, 58, 1.0
42231.31271212951, 193, -1.0
42231.465037312606, 182, -1.0
42232.90558357227, 39, -1.0
42233.02894906186, 40, 1.0
42235.32288052614, 169, -1.0
42235.48378210723, 76, -1.0
42236.10711970723, 126, 1.0
42237.92715790851, 109, -1.0
42237.92758409313, 40, 1.0
42238.670782969166, 168, 1.0
42240.46026382408, 59, 1.0
42240.92547830113, 165, 1.0
42241.00251840388, 70, 1.0
42244.19130621592, 107, 1.0
42244.94689984278, 91, -1.0
42247.53921234366, 104, 1.0
42247.871668715445, 155, 1.0
42248.23930171557, 148, -1.0
42249.54847814121, 137, -1.0
42249.57148701964, 133, -1.0
42250.51401025632, 40, -1.0
42253.03582480928, 83, -1.0
42253.67003809972, 177, 1.0
42254.093608708754, 137, -1.0
42254.314568273956, 64, 1.0
42254.73211411035, 182, -1.0
42255.244601639, 40, 1.0
42257.27585439354, 165, 1.0
42257.468998312004, 120, -1.0
42258.26121659228, 51, 1.0
42259.38857751004, 119, -1.0
42260.34792008962, 159, 1.0
42260.84612563603, 235, 1.0
42261.88890908001, 41, -1.0
42262.158543904356, 146, 1.0
42265.06152079115, 28, 1.0
42265.71810137179, 169, -1.0
42267.140480543516, 59, -1.0
42268.2908200818, 152, 1.0
42268.89898773245, 96, -1.0
42269.63083970511, 100, -1.0
42270.217613381, 149, -1.0
42272.71474719479, 119, -1.0
42272.797651693865, 154, 1.0
42273.16357865223, 58, -1.0
42277.72510208149, 165, 1.0
42280.69878272298, 65, 1.0
42282.18836219141, 165, -1.0
42283.069179920785, 70, 1.0
42284.48591103994, 56, -1.0
42286.1453082229, 40, 1.0
42288.729966413885, 167, -1.0
42289.38740129855, 60, -1.0
42291.324549149715, 37, -1.0
42291.726804086116, 87, 1.0
42292.61379444559, 152, -1.0
42293.021307009294, 193, -1.0
42293.97795604278, 72, 1.0
42295.06559472234, 146, -1.0
42295.18415875571, 113, -1.0
42295.39438834793, 40, -1.0
42296.922070702814, 91, -1.0
42297.311989962414, 71, -1.0
42297.70434752241, 71, 1.0
42298.13553550359, 138, -1.0
42299.73145548701, 74, 1.0
42300.414863855294, 128, 1.0
42300.44836033574, 100, -1.0
42300.85725186919, 69, 1.0
42301.586674164784, 100, 1.0
42301.777471468115, 167, -1.0
42302.123182420626, 112, 1.0
42302.57402465857, 233, -1.0
42303.79968630466, 90, -1.0
42305.53736969007, 39, 1.0
42306.324109849986, 153, 1.0
42306.722839670925, 169, -1.0
42307.19581708008, 149, 1.0
42309.863425168536, 152, -1.0
42310.370710718, 123, -1.0
42312.08631213117, 230, -1.0
42312.27361988004, 164, -1.0
42312.96102361462, 159, -1.0
42314.159269903845, 165, -1.0
42316.33878565667, 65, -1.0
42316.69382452736, 66, -1.0
42317.15547418647, 109, -1.0
42318.00755531131, 34, 1.0
42318.78707456216, 52, 1.0
42319.32795576891, 34, -1.0
42319.37456776312, 60, -1.0
42321.62318691298, 235, -1.0
42322.435939818424, 162, -1.0
42324.07054868305, 71, -1.0
42326.088666948024, 163, -1.0
42326.74419939768, 128, 1.0
42329.347711715396, 82, -1.0
42329.92460955642, 167, 1.0
42329.96232232833, 152, -1.0
42332.96949544134, 72, 1.0
42337.098730612284, 98, 1.0
42337.71197594265, 230, -1.0
42340.85296489289, 103, -1.0
42341.6285998097, 83, -1.0
42341.926276830905, 91, -1.0
42342.10337543285, 84, 1.0
42344.39451914525, 76, -1.0
42346.062190541925, 67, 1.0
42350.12359836358, 169, -1.0
42350.33916020414, 149, -1.0
42353.17131382197, 95, 1.0
42353.39421108225, 64, -1.0
42353.55854013857, 40, -1.0
42354.79200889513, 141, -1.0
42359.10291861965, 67, 1.0
42364.38566387469, 40, 1.0
42365.26449739586, 153, -1.0
42366.55212221848, 64, -1.0
42366.69595692367, 76, -1.0
42367.61662374662, 111, -1.0
42368.7014355694, 73, -1.0
42368.988641202945, 177, -1.0
42372.31694710685, 85, -1.0
42372.5954210436, 71, 1.0
42372.96941765293, 133, -1.0
42373.18699229151, 30, -1.0
42373.819927365694, 164, 1.0
42373.91315953592, 35, 1.0
42376.04595515058, 151, 1.0
42376.47923415726, 71, -1.0
42379.328129791465, 153, -1.0
42379.88394154371, 45, -1.0
42381.782627325025, 154, 1.0
42382.52097963461, 59, -1.0
42383.24902857033, 163, -1.0
42384.02203136705, 40, 1.0
42385.845752875015, 162, 1.0
42388.91794328795, 112, -1.0
42390.06552945932, 233, 1.0
42390.396590617165, 31, -1.0
42392.13940466164, 58, -1.0
42392.459819160555, 44, 1.0
42394.11856977115, 193, 1.0
42394.42424752339, 154, -1.0
42395.53747742477, 82, -1.0
42397.029198907854, 59, 1.0
42399.66987749723, 105, -1.0
42401.54623850087, 157, -1.0
42402.57129070187, 111, -1.0
42402.636075366376, 152, 1.0
42402.64205159232, 41, 1.0
42405.18300433824, 75, 1.0
42409.308692997416, 72, 1.0
42410.32341122127, 138, -1.0
42412.448090902835, 45, 1.0
42412.82443981989, 165, -1.0
42416.30651475485, 35, 1.0
42416.96601371457, 33, -1.0
42417.760145437576, 101, -1.0
42418.462636298595, 101, -1.0
42418.70672409829, 37, -1.0
42419.30554192027, 142, 1.0
42420.51088326932, 126, 1.0
42421.01939634642, 171, -1.0
42422.47201665786, 71, 1.0
42422.586618312416, 40, -1.0
42423.53574194488, 114, -1.0
42423.620364316565, 146, -1.0
42424.24050015496, 72, -1.0
42425.16327292321, 84, -1.0
42428.33192174673, 177, -1.0
42428.57123399992, 171, -1.0
42428.64147577426, 155, 1.0
42433.16310754416, 58, 1.0
42435.42109859272, 58, 1.0
42438.36931052931, 44, -1.0
42440.48316428638, 35, 1.0
42442.351150171555, 123, -1.0
42443.8169703795, 72, 1.0
42446.019596890765, 71, -1.0
42446.204374233435, 51, 1.0
42447.37667756823, 100, -1.0
42450.84409195426, 159, -1.0
42451.292181285746, 87, 1.0
42451.79421988582, 108, -1.0
42455.268651894556, 169, -1.0
42455.281234674636, 149, -1.0
42456.806329655126, 114, -1.0
42459.36249509099, 108, 1.0
42459.933172948484, 116, -1.0
42460.3172495255, 114, 1.0
42461.76802698438, 141, -1.0
42462.487926821435, 82, 1.0
42465.18618189519, 137, -1.0
42466.17767806746, 42, 1.0
42467.497769916095, 41, 1.0
42469.07804372297, 147, -1.0
42470.85732211718, 71, -1.0
42472.588148841314, 40, -1.0
42472.655807978714, 148, 1.0
42475.860268946926, 71, 1.0
42476.5115155568, 193, -1.0
42477.348935254086, 67, 1.0
42477.892965766856, 169, -1.0
42479.873920224665, 151, -1.0
42481.0304358073, 154, 1.0
42482.441115621594, 166, 1.0
42482.61047237864, 233, -1.0
42483.39497818367, 158, 1.0
42483.633781067016, 67, -1.0
42486.16900885985, 52, 1.0
42486.4725411925, 64, -1.0
42486.58513660604, 202, 1.0
42487.238002545775, 113, -1.0
42487.36662526845, 157, -1.0
42487.79956922457, 152, 1.0
42488.9245750743, 27, -1.0
42493.09188940192, 100, 1.0
42493.606877801736, 87, 1.0
42494.44310731631, 198, 1.0
42494.640652575996, 90, -1.0
42494.95408354386, 42, -1.0
42495.33688759253, 109, -1.0
42499.08406325799, 64, -1.0
42500.23791700394, 51, -1.0
42501.36414639297, 164, 1.0
42502.99132063542, 163, -1.0
42503.51747066367, 122, -1.0
42504.0219441944, 71, 1.0
42504.0615595727, 163, -1.0
42504.348724207695, 83, -1.0
42505.637990498195, 71, -1.0
42507.509985166165, 241, 1.0
42508.698237298384, 71, -1.0
42509.40331035786, 69, -1.0
42510.24992038522, 137, 1.0
42510.43442173831, 53, 1.0
42510.603433305325, 34, -1.0
42512.04739758055, 43, -1.0
42512.05223809357, 233, -1.0
42512.43915810694, 75, 1.0
42513.18824596561, 114, -1.0
42515.97049965828, 67, -1.0
42517.486920391515, 110, -1.0
42520.14931920875, 90, 1.0
42520.85736383837, 59, -1.0
42523.05828361803, 75, 1.0
42523.28221935945, 126, 1.0
42524.62801878457, 71, -1.0
42524.75743327664, 27, -1.0
42526.751086238044, 75, -1.0
42527.17407656185, 27, -1.0
42528.397094720756, 233, -1.0
42528.98846170683, 177, -1.0
42529.13967350199, 87, -1.0
42529.2069582108, 45, -1.0
42529.83862434217, 157, 1.0
42529.8912727948, 159, 1.0
42531.6696583899, 235, 1.0
42532.97054405651, 130, 1.0
42533.06037678832, 147, -1.0
42534.266369537516, 155, 1.0
42534.37285291219, 48, 1.0
42534.683115112806, 80, -1.0
42535.11815324892, 71, -1.0
42537.29207206018, 32, -1.0
42537.66334774267, 59, 1.0
42538.01834710127, 68, 1.0
42541.30013113784, 168, -1.0
42541.60059054688, 88, -1.0
42544.28900707835, 35, -1.0
42545.33719631486, 114, 1.0
42545.55277567134, 120, -1.0
42546.23922288486, 120, -1.0
42546.49261846391, 35, -1.0
42546.785000069685, 29, -1.0
42547.33947925502, 96, 1.0
42547.67655273749, 114, -1.0
42549.97353457271, 171, -1.0
42552.943354957264, 122, -1.0
42553.61113945196, 94, -1.0
42554.361068907245, 45, 1.0
42555.54319968931, 50, -1.0
42555.61083886043, 150, -1.0
42559.66208457173, 116, 1.0
42560.25070222186, 34, -1.0
42560.902333104954, 53, -1.0
42562.84833354181, 40, -1.0
42567.70856905583, 162, 1.0
42571.12373438153, 42, -1.0
42571.933681483046, 73, 1.0
42573.86030570255, 141, 1.0
42574.24286912176, 133, 1.0
42574.2919602788, 98, 1.0
42574.800178672, 103, -1.0
42574.960912982075, 82, -1.0
42575.12647160539, 241, -1.0
42575.570680451565, 167, -1.0
42577.4173920168, 173, -1.0
42577.48470674919, 34, -1.0
42577.55980851672, 142, -1.0
42577.87345119816, 112, -1.0
42578.144934303986, 65, 1.0
42579.509087681785, 54, -1.0
42582.14126519544, 87, 1.0
42582.770745629015, 165, -1.0
42583.001728099494, 74, 1.0
42583.70567972499, 35, -1.0
42585.038604332534, 133, -1.0
42585.34344651211, 111, -1.0
42585.34435202752, 114, 1.0
42586.291387558646, 71, 1.0
42588.4432532568, 83, 1.0
42589.0749035162, 55, -1.0
42590.099724418134, 100, 1.0
42593.717040250354, 180, 1.0
42594.565655955084, 193, -1.0
42595.468620856496, 152, -1.0
42595.908563038836, 42, -1.0
42596.228277984526, 26, -1.0
42598.32434564665, 27, 1.0
42598.83964013374, 40, 1.0
42600.15630219216, 146, 1.0
42601.22742907055, 165, -1.0
42601.33175913907, 148, 1.0
42603.74276294898, 180, -1.0
42604.48859688435, 83, 1.0
42606.768430227516, 73, 1.0
42608.499544038365, 69, 1.0
42608.80383960501, 82, -1.0
42609.08122326644, 153, -1.0
42609.36900399735, 66, 1.0
42609.430604168956, 137, -1.0
42611.14271382985, 169, -1.0
42612.31478390701, 146, -1.0
42612.71857889627, 40, 1.0
42612.9962589027, 67, 1.0
42614.242275907905, 177, -1.0
42616.08322874961, 146, 1.0
42616.65395763064, 114, -1.0
42626.061317441694, 71, -1.0
42628.2431576581, 169, 1.0
42628.28340086086, 198, 1.0
42629.519112691, 159, -1.0
42630.28468524338, 58, 1.0
42631.998703224934, 82, -1.0
42634.5177636439, 167, -1.0
42634.601518704316, 35, 1.0
42634.76928881667, 228, -1.0
42636.25954057682, 101, 1.0
42638.034105936786, 235, 1.0
42638.94624765735, 40, 1.0
42639.29144094049, 40, -1.0
42640.06772026279, 72, 1.0
42640.33889571032, 59, 1.0
42640.731939003716, 67, 1.0
42641.32926952909, 64, -1.0
42641.50714090561, 152, 1.0
42643.21507309485, 117, -1.0
42643.53713967687, 40, 1.0
42643.863205726244, 71, 1.0
42644.190987446884, 35, -1.0
42645.345030351855, 147, 1.0
42645.52212926382, 43, 1.0
42645.58015227944, 193, -1.0
42645.76635745301, 44, -1.0
42649.6549218958, 235, 1.0
42650.69856382279, 165, -1.0
42652.611309974345, 114, 1.0
42654.219471646116, 59, -1.0
42654.26334258526, 122, -1.0
42654.29477309472, 105, -1.0
42654.410937924215, 99, -1.0
42655.033884695375, 58, 1.0
42656.51511892941, 242, -1.0
42656.62983473336, 150, -1.0
42656.72661109152, 120, -1.0
42656.775017182925, 114, 1.0
42657.478599033726, 92, -1.0
42658.87231407153, 32, 1.0
42659.03870751369, 82, 1.0
42659.208376702576, 116, -1.0
42659.73388275713, 67, -1.0
42659.853051978775, 105, 1.0
42659.901651091874, 114, -1.0
42660.8081319552, 133, 1.0
42661.200046963044, 68, -1.0
42661.32744856105, 167, 1.0
42661.92981215716, 146, 1.0
42663.3838570976, 70, 1.0
42663.88995247758, 182, 1.0
42665.105952099824, 58, -1.0
42665.19073318403, 133, -1.0
42665.94828362993, 123, -1.0
42666.91231601072, 55, -1.0
42668.037057904854, 70, 1.0
42668.591971026675, 71, 1.0
42671.79980246312, 150, -1.0
42674.643722421875, 141, -1.0
42678.45238420883, 103, 1.0
42678.746644623425, 119, -1.0
42679.53196942699, 84, -1.0
42680.102203504655, 69, 1.0
42682.10808095311, 114, -1.0
42682.81831272132, 148, -1.0
42683.1671971029, 42, -1.0
42684.3064922462, 198, -1.0
42684.70554004939, 118, -1.0
42684.76931512588, 149, -1.0
42685.62346659965, 102, -1.0
42685.86694609886, 241, 1.0
42687.76605140188, 67, -1.0
42688.45081826156, 165, -1.0
42689.18854884118, 177, -1.0
42689.90022236764, 137, 1.0
42690.09497127105, 103, -1.0
42690.930194862594, 235, 1.0
42691.24986430562, 46, -1.0
42691.865248610215, 56, 1.0
42692.27024622461, 105, -1.0
42694.712726782556, 92, -1.0
42695.110114215735, 169, 1.0
42695.53208128733, 41, 1.0
42695.691834591766, 138, -1.0
42696.67201081726, 149, -1.0
42697.77378676131, 68, 1.0
42700.757527404865, 114, -1.0
42702.38632503962, 48, 1.0
42702.88571137335, 68, 1.0
42703.86558476503, 130, -1.0
42706.18593641724, 40, -1.0
42706.22998294503, 71, 1.0
42708.398369631446, 155, 1.0
42709.23921159394, 45, 1.0
42710.99294584837, 95, 1.0
42711.05750729752, 71, 1.0
42713.965063142336, 62, 1.0
42713.99424076692, 83, -1.0
42715.26587965149, 84, 1.0
42715.38347482868, 67, 1.0
42715.793432587634, 126, 1.0
42721.63109967644, 88, -1.0
42721.717834921095, 71, 1.0
42722.86166712156, 71, 1.0
42722.947726825485, 155, 1.0
42723.109071121195, 228, 1.0
42723.19381706129, 105, -1.0
42724.05828965107, 70, 1.0
42725.09872931165, 53, -1.0
42726.271030363976, 146, 1.0
42726.7663801233, 126, -1.0
42727.558116221204, 164, 1.0
42727.725126899335, 80, -1.0
42728.047155052984, 87, -1.0
42728.24976221785, 109, -1.0
42729.01451677462, 50, -1.0
42729.06923386052, 169, -1.0
42729.07972975444, 40, -1.0
42730.47796492216, 86, 1.0
42731.08453310941, 41, 1.0
42732.99254179573, 82, -1.0
42733.36996314452, 165, -1.0
42733.95299843994, 50, -1.0
42734.22429260673, 198, 1.0
42734.323887693856, 32, -1.0
42735.66467438263, 242, -1.0
42736.5497630738, 105, 1.0
42736.84309095391, 137, -1.0
42737.809878707965, 146, 1.0
42738.22428098321, 34, 1.0
42739.05353861436, 58, -1.0
42745.749035550594, 100, -1.0
42745.97147826325, 114, -1.0
42746.04043257433, 67, 1.0
42747.76753858738, 43, -1.0
42748.548519245756, 81, 1.0
42749.1953158994, 32, -1.0
42749.95059322801, 165, 1.0
42750.34373307183, 133, -1.0
42751.37126087866, 29, 1.0
42752.28278759208, 126, 1.0
42752.544298724235, 40, 1.0
42752.55227260633, 235, 1.0
42753.19697330926, 114, 1.0
42753.9107372613, 163, -1.0
42754.41069228664, 75, -1.0
42756.57221403123, 109, -1.0
42756.92865456006, 64, -1.0
42757.43206952476, 106, -1.0
42757.439583303814, 109, -1.0
42757.46180008973, 101, -1.0
42758.03546103618, 112, 1.0
42759.04881511035, 111, -1.0
42759.52800467447, 164, -1.0
42761.200520618455, 158, -1.0
42761.289833838724, 159, -1.0
42762.24659051209, 241, -1.0
42763.93666153949, 58, -1.0
42764.614169122215, 73, 1.0
42764.86638374771, 27, -1.0
42764.944127117036, 97, 1.0
42765.27039564806, 87, -1.0
42768.117364463986, 52, 1.0
42768.801361531114, 169, 1.0
42768.88833019879, 104, -1.0
42769.809199179894, 99, -1.0
42772.90722271555, 114, -1.0
42774.69707010197, 58, -1.0
42776.5898924017, 51, 1.0
42778.17770961686, 59, -1.0
42778.45397407061, 222, 1.0
42781.22171928685, 161, -1.0
42781.44202347076, 34, -1.0
42782.62479014047, 162, -1.0
42784.38130271618, 142, -1.0
42785.2277064885, 141, 1.0
42785.741077055136, 100, -1.0
42786.01489440167, 158, 1.0
42786.30147809759, 142, 1.0
42786.675541258286, 177, -1.0
42786.94631974068, 27, -1.0
42788.98047367964, 109, -1.0
42790.92784552797, 40, 1.0
42791.460546166956, 82, -1.0
42794.35635084079, 88, -1.0
42794.411124705184, 83, 1.0
42795.8546359179, 88, -1.0
42797.70163006667, 173, -1.0
42799.68541418248, 39, -1.0
42801.910654999956, 87, -1.0
42802.32174553055, 141, 1.0
42804.834219623706, 50, -1.0
42804.9774313237, 123, 1.0
42805.09628619743, 119, -1.0
42806.633627881034, 158, -1.0
42806.95993861949, 235, 1.0
42807.4175231577, 34, -1.0
42807.441726400786, 73, 1.0
42809.600588568, 50, -1.0
42809.60671620125, 104, 1.0
42809.69116369473, 59, -1.0
42810.44312562758, 162, -1.0
42812.41433136193, 101, -1.0
42812.72214780818, 41, 1.0
42814.86589441041, 119, -1.0
42814.9973770328, 92, 1.0
42815.004106177206, 234, -1.0
42815.97263126943, 67, 1.0
42816.46406508039, 75, -1.0
42816.92255536213, 235, 1.0
42816.93230960113, 141, 1.0
42817.71383094058, 149, -1.0
42818.17138462133, 164, -1.0
42819.34093798235, 53, -1.0
42819.572413895934, 101, -1.0
42819.99309714869, 167, -1.0
42820.84720211155, 76, -1.0
42821.063144778615, 103, -1.0
42822.07082780729, 120, -1.0
42822.80664573426, 169, 1.0
42822.95134556754, 103, -1.0
42823.57264141339, 114, -1.0
42824.174619467834, 75, -1.0
42825.14404204492, 182, 1.0
42826.73385439678, 59, 1.0
42828.64688659561, 73, -1.0
42828.854711859414, 59, 1.0
42829.62426940143, 52, -1.0
42833.429135334125, 29, -1.0
42835.247496017786, 92, -1.0
42838.00476999841, 101, 1.0
42839.71498659359, 160, 1.0
42840.027481609686, 157, -1.0
42841.08798435893, 235, 1.0
42841.51660060608, 116, 1.0
42841.853830798544, 141, 1.0
42841.914344575176, 126, -1.0
42843.449792167376, 46, 1.0
42844.886737176625, 48, -1.0
42845.1010762707, 40, -1.0
42845.347394596116, 67, -1.0
42846.65301130709, 234, 1.0
42847.70612265378, 95, 1.0
42849.362601654735, 68, 1.0
42850.596956610374, 41, -1.0
42850.87581158471, 66, 1.0
42852.75077466498, 87, -1.0
42853.52966742256, 31, -1.0
42853.80003547741, 164, 1.0
42854.046706615925, 126, 1.0
42855.12773777463, 34, 1.0
42856.727116011076, 146, -1.0
42857.99561445555, 68, 1.0
42860.06790283623, 100, -1.0
42862.58577936204, 177, 1.0
42863.01991474637, 99, -1.0
42865.96483392205, 32, 1.0
42867.35718115604, 164, -1.0
42867.48973488732, 61, 1.0
42870.13412234351, 102, -1.0
42870.318443249256, 34, -1.0
42871.95469534196, 110, 1.0
42872.90494093538, 123, -1.0
42874.52264253974, 101, 1.0
42875.27927431012, 65, 1.0
42875.871308164584, 97, 1.0
42876.251087762445, 123, -1.0
42880.20605607773, 45, 1.0
42880.72304370982, 165, 1.0
42880.92916437278, 129, 1.0
42884.10201985409, 207, -1.0
42884.75904787619, 109, -1.0
42885.29544756237, 72, -1.0
42885.852053849005, 173, 1.0
42886.67502448887, 164, -1.0
42889.01919684144, 164, 1.0
42889.303800181406, 95, -1.0
42889.3662271148, 28, -1.0
42890.60966214913, 101, -1.0
42891.42367610197, 93, -1.0
42892.53065836726, 81, -1.0
42893.002409041306, 69, 1.0
42894.21789904286, 114, -1.0
42894.64060342617, 157, -1.0
42895.33787458103, 104, -1.0
42896.408932217855, 97, -1.0
42896.55038416602, 169, 1.0
42897.36542016237, 74, 1.0
42898.50303427478, 67, -1.0
42900.37265739223, 65, -1.0
42904.76096617666, 154, -1.0
42905.073608333536, 142, -1.0
42905.64984337682, 234, 1.0
42905.868620171575, 76, -1.0
42906.14883599134, 40, 1.0
42906.33377214698, 162, 1.0
42906.48957958211, 116, -1.0
42907.601187459244, 76, 1.0
42907.774936193586, 32, -1.0
42908.74151306605, 106, -1.0
42909.45895977043, 84, -1.0
42909.67997751655, 40, -1.0
42911.274284435254, 126, 1.0
42912.19563933512, 110, 1.0
42912.45358186692, 48, -1.0
42913.320685284554, 108, 1.0
42913.532125853824, 133, -1.0
42914.41210799908, 99, -1.0
42914.79471748608, 137, 1.0
42915.04536295617, 69, 1.0
42915.40181878551, 28, 1.0
42915.48394893647, 164, 1.0
42915.59137847863, 120, -1.0
42920.44692966585, 164, 1.0
42920.75044760749, 75, -1.0
42923.26593958427, 58, -1.0
42923.30048322909, 124, 1.0
42924.03396358179, 159, 1.0
42924.15822004065, 67, 1.0
42924.29672241843, 36, 1.0
42927.125563905116, 43, -1.0
42928.28935747237, 126, 1.0
42930.59676913006, 40, -1.0
42936.067042180155, 161, -1.0
42938.170889974965, 148, -1.0
42938.476458593956, 83, -1.0
42940.90323473142, 72, 1.0
42941.030250624004, 89, 1.0
42942.72130667176, 152, 1.0
42943.77368290142, 159, 1.0
42944.56294427393, 65, -1.0
42945.1785252319, 67, -1.0
42947.41987859744, 40, 1.0
42947.59315129775, 159, 1.0
42947.609877087154, 74, 1.0
42947.8540338786, 71, 1.0
42948.23344144806, 65, -1.0
42948.857106587915, 69, 1.0
42950.27738644798, 58, 1.0
42951.20304827956, 41, 1.0
42951.25302738079, 154, -1.0
42954.18723883002, 167, -1.0
42955.79582496669, 124, -1.0
42957.937231467695, 102, 1.0
42959.8947918138, 123, -1.0
42960.2360774872, 54, -1.0
42960.51149153349, 83, -1.0
42962.0254200631, 116, 1.0
42963.17835119567, 75, -1.0
42963.833616860815, 36, 1.0
42966.30627197199, 93, -1.0
42966.74724632399, 58, 1.0
42972.32639155376, 152, -1.0
42973.51654838721, 59, 1.0
42974.60154060051, 56, -1.0
42974.99879883683, 37, -1.0
42976.47907150731, 124, 1.0
42977.33986700786, 193, -1.0
42978.84030643711, 50, -1.0
42981.81791476722, 51, -1.0
42981.82644526897, 84, -1.0
42982.54399522647, 114, -1.0
42982.8496023216, 141, 1.0
42983.951481486634, 108, -1.0
42984.011211094105, 75, -1.0
42984.25749311238, 128, 1.0
42985.365284356216, 83, -1.0
42985.962282704044, 123, -1.0
42986.74921878749, 40, 1.0
42989.255234895885, 153, -1.0
42989.837781878065, 118, -1.0
42991.529163256615, 126, 1.0
42991.657799783155, 83, -1.0
42992.181840250494, 124, -1.0
42995.68612068011, 177, 1.0
42996.28579734263, 169, 1.0
42996.83672682062, 154, -1.0
42997.294680777355, 228, -1.0
42998.2816937396, 123, -1.0
42999.25949510209, 45, -1.0
43000.81009029517, 116, 1.0
43000.880795455865, 40, -1.0
43001.58088516144, 59, 1.0
43002.54664240417, 138, -1.0
43003.33440909869, 99, 1.0
43003.35352641731, 126, 1.0
43004.4520818438, 92, 1.0
43005.977111761546, 62, -1.0
43006.8228747446, 138, -1.0
43007.5038197669, 122, 1.0
43009.36036826906, 64, 1.0
43009.778963030905, 126, 1.0
43013.24822582384, 67, 1.0
43013.54740603726, 33, -1.0
43013.848369128355, 39, 1.0
43015.79508518522, 139, -1.0
43017.66711466613, 42, 1.0
43019.421814863934, 50, -1.0
43020.374501294544, 51, 1.0
43022.821838189106, 164, -1.0
43025.16595055403, 64, 1.0
43029.07416178811, 32, 1.0
43029.40754470667, 100, 1.0
43029.63725832827, 53, -1.0
43029.88079933132, 234, -1.0
43030.86135087639, 68, 1.0
43032.228431845135, 165, -1.0
43032.32494253223, 44, -1.0
43033.42188273828, 167, 1.0
43034.234153806334, 46, -1.0
43036.093949515314, 112, -1.0
43036.113493039295, 40, -1.0
43037.070225067575, 180, -1.0
43037.45752911377, 40, 1.0
43038.25833411474, 43, -1.0
43039.38305408055, 50, -1.0
43044.14534539406, 147, -1.0
43045.360946215136, 56, -1.0
43046.14933493494, 43, 1.0
43046.20137146832, 164, -1.0
43046.81363430671, 149, 1.0
43046.831848030655, 103, 1.0
43048.9757701269, 75, -1.0
43051.258474281516, 141, -1.0
43052.08514387829, 118, -1.0
43052.433446921284, 100, 1.0
43052.56820126681, 88, -1.0
43055.8465981834, 123, -1.0
43057.052036703884, 59, -1.0
43057.38332178439, 142, 1.0
43058.5365496457, 114, -1.0
43058.560615830225, 36, 1.0
43059.78346396499, 242, -1.0
43062.34734152785, 155, 1.0
43062.72441222863, 50, -1.0
43063.49192840172, 54, -1.0
43065.25038985743, 163, -1.0
43065.78552329907, 109, -1.0
43069.835621568825, 75, -1.0
43069.92362895114, 60, 1.0
43070.726402930755, 162, -1.0
43071.414029389794, 158, 1.0
43072.46060502927, 27, 1.0
43078.36173618607, 123, -1.0
43078.512772075475, 130, 1.0
43078.83468476225, 110, 1.0
43079.729998916715, 28, -1.0
43080.28770054325, 80, -1.0
43081.18577592469, 33, -1.0
43081.69931331619, 80, -1.0
43082.949941269544, 76, -1.0
43083.189568146496, 150, -1.0
43083.421035906154, 101, 1.0
43085.61645446825, 150, 1.0
43086.544709937036, 133, 1.0
43086.7496469779, 99, -1.0
43087.212891634794, 34, -1.0
43087.623326113215, 108, 1.0
43089.58285480005, 64, -1.0
43089.7687847583, 152, -1.0
43090.07062634605, 101, 1.0
43090.867884177474, 45, -1.0
43092.42333236121, 154, 1.0
43092.46136660305, 124, -1.0
43097.31828841721, 164, 1.0
43097.56026815154, 123, -1.0
43099.439893662864, 54, 1.0
43100.38120620998, 171, -1.0
43102.24896151516, 56, -1.0
43102.59344414767, 63, 1.0
43105.252399737255, 103, 1.0
43105.664464381705, 39, 1.0
43106.48947862413, 34, -1.0
43107.00835208305, 198, -1.0
43107.68276619688, 164, -1.0
43109.55080855203, 160, 1.0
43110.33963123465, 87, 1.0
43112.67291541913, 233, -1.0
43114.59244558403, 67, 1.0
43115.02711053419, 68, 1.0
43115.41249666819, 53, 1.0
43115.50332029219, 235, 1.0
43115.6447058144, 76, -1.0
43117.65985620979, 69, -1.0
43118.069996319166, 155, -1.0
43118.13405219742, 233, -1.0
43118.79744895983, 101, 1.0
43119.56729179071, 44, -1.0
43119.57313571331, 28, 1.0
43121.55731621005, 141, 1.0
43122.525426475586, 36, 1.0
43124.87125787639, 84, -1.0
43126.759784365044, 126, -1.0
43127.352639394645, 54, -1.0
43127.710802482165, 75, -1.0
43128.60096766187, 105, -1.0
43128.639881257026, 92, 1.0
43131.64411197125, 141, 1.0
43131.93940343797, 152, -1.0
43131.99672009408, 141, 1.0
43133.16810613272, 193, -1.0
43134.58070068423, 100, 1.0
43136.50769883387, 71, -1.0
43137.00669536786, 152, -1.0
43138.801141579, 235, 1.0
43141.93136266541, 188, -1.0
43142.31657015454, 42, -1.0
43144.40697932606, 59, 1.0
43145.02485827771, 234, -1.0
43145.560705103395, 152, 1.0
43146.77592106451, 28, -1.0
43147.060628950036, 58, -1.0
43147.119713611224, 158, -1.0
43148.23657435203, 111, -1.0
43149.43188047107, 142, -1.0
43150.01407731487, 169, 1.0
43150.6266340246, 92, 1.0
43154.98399753444, 83, -1.0
43155.56897625, 106, 1.0
43157.961769546695, 69, 1.0
43159.10007362926, 64, -1.0
43159.243250824155, 168, -1.0
43159.90603465815, 182, -1.0
43160.95781699981, 99, -1.0
43161.25122584994, 161, -1.0
43161.47105683796, 114, 1.0
43164.748945737076, 100, 1.0
43164.901581264516, 104, -1.0
43165.54070563717, 153, -1.0
43165.900654417484, 68, -1.0
43166.42976272685, 75, -1.0
43168.3610880131, 137, 1.0
43169.55676301842, 147, -1.0
43170.826500169715, 165, -1.0
43171.052698478095, 42, -1.0
43172.77384440713, 71, 1.0
43174.16442008246, 75, -1.0
43174.4091968018, 165, -1.0
43176.09139623756, 101, 1.0
43176.52670269175, 101, -1.0
43178.290891885925, 113, -1.0
43178.34604646766, 66, 1.0
43178.53302653716, 142, -1.0
43178.852490601945, 40, 1.0
43180.19059164807, 149, 1.0
43181.51080699251, 59, -1.0
43181.789229364695, 71, -1.0
43182.30893352162, 141, 1.0
43183.35802479296, 234, 1.0
43184.55809404349, 67, -1.0
43186.29746269296, 228, 1.0
43187.53111342667, 105, -1.0
43187.93059045637, 58, 1.0
43188.72226754504, 110, 1.0
43188.9656632002, 177, -1.0
43191.70444201308, 177, 1.0
43193.090785514294, 40, 1.0
43193.9094135398, 31, 1.0
43195.87707423448, 146, 1.0
43196.02515823122, 70, -1.0
43196.21864977779, 71, 1.0
43197.67728337108, 141, 1.0
43197.899118721776, 52, 1.0
43198.27808762958, 153, -1.0
