28805.073911485575, 52, 1.0
28805.75013651047, 167, -1.0
28806.241068499523, 68, -1.0
28808.35178611074, 50, -1.0
28808.56017969297, 104, 1.0
28810.452158053085, 97, -1.0
28811.562044500635, 148, 1.0
28813.277177993485, 233, 1.0
28818.19517941652, 198, 1.0
28820.7907676517, 95, -1.0
28821.154876182587, 155, -1.0
28827.512452871484, 60, -1.0
28827.665336516544, 230, 1.0
28828.50995874382, 222, -1.0
28829.808795726913, 28, 1.0
28832.332461581944, 88, -1.0
28834.421547130903, 193, 1.0
28838.09755870317, 153, -1.0
28838.24197497912, 152, -1.0
28840.17072240317, 27, -1.0
28841.055220948478, 94, -1.0
28842.652798037067, 58, -1.0
28846.669023346018, 28, -1.0
28847.878671353843, 58, -1.0
28849.30579670977, 169, 1.0
28851.6666295913, 109, 1.0
28853.64463990813, 120, 1.0
28857.464915787154, 75, 1.0
28864.46712134867, 130, -1.0
28871.883516534745, 92, -1.0
28872.80123612557, 165, -1.0
28876.71645425693, 164, -1.0
28878.1707950536, 29, -1.0
28878.241424503605, 193, -1.0
28879.523968748854, 59, -1.0
28880.085565202757, 141, -1.0
28880.585419756037, 67, 1.0
28881.88685932955, 68, -1.0
28882.524824329535, 233, -1.0
28882.593567166157, 65, 1.0
28885.74003846429, 37, -1.0
28886.7012984648, 80, 1.0
28889.57016635778, 96, 1.0
28896.6216902707, 28, -1.0
28896.767696410847, 75, 1.0
28897.399876288477, 228, 1.0
28900.160742449345, 114, 1.0
28900.927955202584, 122, -1.0
28909.46215854726, 84, -1.0
28909.8532358445, 198, 1.0
28911.31327614291, 116, 1.0
28912.39926487512, 228, 1.0
28913.717547805732, 119, -1.0
28915.687200632136, 43, 1.0
28917.326870462795, 71, 1.0
28917.765521425885, 155, 1.0
28920.66534966856, 162, -1.0
28920.85689296086, 104, 1.0
28922.723501253884, 92, -1.0
28925.14225962333, 51, -1.0
28926.782045787975, 165, -1.0
28928.369078567095, 83, 1.0
28929.014126957783, 126, 1.0
28929.074194185596, 222, -1.0
28929.408904016476, 91, -1.0
28929.571064659296, 86, -1.0
28930.433051634845, 164, 1.0
28935.08843304682, 39, -1.0
28936.91995561081, 167, -1.0
28937.312756643405, 119, -1.0
28939.11966382576, 148, -1.0
28940.7001749334, 92, -1.0
28941.400766546452, 146, 1.0
28942.09843142544, 34, -1.0
28942.71391119747, 81, -1.0
28942.742725840046, 81, 1.0
28945.596746189865, 159, -1.0
28948.537976486397, 163, -1.0
28948.686206577153, 39, -1.0
28949.306312392135, 90, -1.0
28951.77350537459, 141, 1.0
28953.664364707736, 142, -1.0
28955.800103047583, 39, -1.0
28958.53562251627, 142, 1.0
28959.73228340247, 59, -1.0
28961.694451642823, 59, 1.0
28967.247381235462, 101, 1.0
28968.91618285858, 114, 1.0
28973.800793791994, 105, 1.0
28973.864491593275, 69, 1.0
28979.09610261977, 75, 1.0
28982.424727319536, 96, 1.0
28984.44318312455, 75, 1.0
28985.233262300586, 234, -1.0
28987.564484081126, 84, 1.0
28987.70477039922, 152, 1.0
28989.369837254046, 162, -1.0
28991.15025828369, 87, -1.0
28993.926781831848, 67, 1.0
28999.565155279237, 67, -1.0
29001.731639112324, 71, 1.0
29002.666467743744, 164, 1.0
29003.214616963298, 163, -1.0
29004.547044040926, 157, -1.0
29006.66372875085, 109, 1.0
29008.342876826482, 142, -1.0
29009.75395619841, 87, -1.0
29010.09834214091, 40, 1.0
29010.570369632504, 71, -1.0
29012.32636247789, 158, -1.0
29012.970555237436, 34, -1.0
29013.254802348034, 119, 1.0
29013.731075874435, 101, -1.0
29015.165568159984, 75, 1.0
29015.564947682862, 35, -1.0
29016.998000590862, 67, 1.0
29022.43025951477, 177, -1.0
29023.135393018485, 148, -1.0
29026.555646137305, 154, -1.0
29026.7150563816, 149, -1.0
29030.37222615627, 97, 1.0
29032.707362006302, 29, -1.0
29032.891049632515, 91, -1.0
29033.792738741216, 152, -1.0
29041.19469388418, 113, -1.0
29048.01271814101, 35, 1.0
29053.057483917673, 75, 1.0
29055.494995112007, 173, -1.0
29059.1868118564, 169, -1.0
29061.0809361791, 142, -1.0
29064.098698651513, 152, -1.0
29065.062776957282, 54, -1.0
29070.262581558105, 75, 1.0
29071.736975638152, 80, 1.0
29072.89240150021, 75, -1.0
29074.72913707567, 100, -1.0
29075.108377687822, 81, -1.0
29076.82718024001, 233, 1.0
29077.140109243952, 116, -1.0
29077.698736742183, 59, 1.0
29078.510350936343, 149, 1.0
29080.27810216397, 160, -1.0
29082.207286797395, 69, -1.0
29084.814971474058, 112, -1.0
29086.57376689081, 159, -1.0
29088.7625692448, 60, -1.0
29090.90462165814, 101, 1.0
29092.097613690996, 83, -1.0
29095.37491018079, 41, 1.0
29105.657774372306, 62, -1.0
29106.493024400632, 230, 1.0
29107.083980249354, 149, -1.0
29112.44935929443, 106, -1.0
29112.489457115666, 177, -1.0
29113.470110929054, 40, 1.0
29113.90063390878, 97, -1.0
29115.192248336203, 43, 1.0
29119.763955045863, 82, -1.0
29121.989004260147, 230, -1.0
29122.860131736747, 168, 1.0
29124.253319803112, 52, -1.0
29125.994160851, 83, -1.0
29127.99654514813, 56, 1.0
29128.125745978545, 118, -1.0
29128.723330861063, 58, -1.0
29132.960680025306, 58, -1.0
29133.29520586896, 74, 1.0
29133.753650827068, 117, -1.0
29133.949997449778, 58, 1.0
29141.72023815973, 101, -1.0
29143.01470830386, 233, 1.0
29143.631683279353, 152, 1.0
29145.9716839416, 210, 1.0
29146.10393637974, 42, -1.0
29147.21105878215, 105, -1.0
29148.203448516055, 44, -1.0
29149.655239125626, 222, 1.0
29156.19701436429, 99, -1.0
29164.29149228226, 235, 1.0
29170.300853588244, 98, -1.0
29171.414617390747, 42, 1.0
29172.732365275348, 164, -1.0
29173.08797827346, 102, 1.0
29176.59878572792, 76, -1.0
29177.92230055621, 76, 1.0
29178.2765094796, 83, -1.0
29179.689132898515, 116, -1.0
29179.98709954596, 123, -1.0
29183.19725001561, 235, 1.0
29185.413402825354, 28, -1.0
29187.004671997463, 149, -1.0
29187.416196158938, 56, 1.0
29189.51250524124, 48, 1.0
29190.774646285772, 142, -1.0
29191.80267381059, 59, -1.0
29192.266548324948, 91, -1.0
29193.060734397855, 228, 1.0
29193.282687602736, 58, 1.0
29196.924514375307, 230, 1.0
29197.63680483352, 39, -1.0
29198.551702080455, 71, 1.0
29200.469323916575, 198, 1.0
29200.84272048265, 48, 1.0
29201.146132606376, 164, -1.0
29206.839924704207, 67, -1.0
29207.776256487796, 157, -1.0
29212.257223656685, 162, -1.0
29212.76609877804, 29, -1.0
29213.4836720794, 50, 1.0
29214.531835436585, 154, -1.0
29217.572553805323, 163, -1.0
29223.11560856387, 37, -1.0
29224.675173128868, 101, -1.0
29225.03783847151, 71, 1.0
29226.341986458432, 142, -1.0
29235.554358001624, 157, -1.0
29240.236320641357, 119, -1.0
29241.094572922244, 149, 1.0
29243.18821998398, 92, 1.0
29244.252036338756, 84, -1.0
29245.539710836787, 116, -1.0
29245.6995306327, 114, -1.0
29246.362681728577, 45, -1.0
29247.704567315624, 54, -1.0
29250.45017389773, 193, -1.0
29250.782323026328, 222, -1.0
29251.54344011376, 100, -1.0
29254.16265609568, 81, 1.0
29254.202211615473, 43, -1.0
29255.940619830344, 109, 1.0
29257.76086318335, 126, 1.0
29257.903827880786, 45, 1.0
29258.43418880418, 98, -1.0
29260.632858029036, 116, 1.0
29263.73963632882, 177, 1.0
29264.075537504497, 74, -1.0
29266.958102226206, 160, 1.0
29271.958297188918, 162, -1.0
29273.706340609326, 40, 1.0
29274.240688231825, 142, 1.0
29277.962285567042, 86, -1.0
29281.33324104626, 74, 1.0
29283.800659139873, 101, 1.0
29288.05550461951, 40, 1.0
29288.355225010702, 233, 1.0
29289.87813452901, 113, -1.0
29291.212674868777, 40, -1.0
29293.05367607295, 138, -1.0
29295.35158415982, 159, -1.0
29295.4047015361, 116, -1.0
29296.289974936288, 202, 1.0
29296.598622365975, 101, 1.0
29297.115887754575, 160, -1.0
29303.612241074177, 75, 1.0
29306.431250906917, 159, -1.0
29310.500939087724, 126, -1.0
29311.966173202665, 167, -1.0
29320.13835197707, 43, -1.0
29321.702225647015, 69, 1.0
29321.801119663967, 70, 1.0
29322.550972838148, 42, -1.0
29322.870393569076, 152, 1.0
29324.43018439203, 113, -1.0
29329.999632583003, 64, -1.0
29331.514082266418, 87, -1.0
29332.168512193133, 29, -1.0
29332.596908220567, 89, 1.0
29332.739787265764, 100, 1.0
29336.285785983557, 35, -1.0
29339.62350372679, 56, -1.0
29340.23891424859, 64, -1.0
29343.277191929046, 71, -1.0
29343.624264724294, 148, -1.0
29343.7796921854, 109, 1.0
29345.578002533963, 53, 1.0
29346.01687682941, 106, -1.0
29346.1575759962, 148, -1.0
29348.857210718863, 141, 1.0
29350.143042578075, 55, 1.0
29350.699746334445, 83, -1.0
29353.215657192548, 33, 1.0
29353.994970407242, 155, 1.0
29363.38297337753, 71, -1.0
29364.620163687214, 66, 1.0
29365.071139795342, 59, -1.0
29375.328905052997, 146, 1.0
29377.806303947516, 173, -1.0
29379.18116915593, 169, 1.0
29379.3986424276, 198, -1.0
29382.051406470153, 63, 1.0
29382.87430619781, 105, 1.0
29383.166130128888, 123, -1.0
29391.999955582523, 41, -1.0
29392.628460399545, 84, 1.0
29395.91542167767, 177, -1.0
29399.762510632216, 45, -1.0
29399.965888303403, 87, -1.0
29400.83194839739, 100, 1.0
29403.970075286335, 75, 1.0
29406.501234229538, 228, 1.0
29407.157111737895, 173, -1.0
29410.181099038007, 104, -1.0
29412.005598725285, 234, -1.0
29412.46539503735, 83, 1.0
29413.828413583164, 41, 1.0
29414.72846439602, 114, 1.0
29418.31426160599, 50, 1.0
29420.29154534112, 58, -1.0
29423.321910265782, 230, 1.0
29424.9854204067, 141, -1.0
29430.096480365617, 109, 1.0
29430.302730765452, 101, -1.0
29434.457378994462, 97, -1.0
29434.687483684378, 160, -1.0
29436.352771635375, 139, -1.0
29453.363889550994, 51, -1.0
29453.9953416308, 35, -1.0
29455.308936728816, 101, 1.0
29455.713881519496, 112, 1.0
29456.99787034653, 182, -1.0
29459.035240496298, 177, -1.0
29461.805435586328, 67, -1.0
29462.565937430558, 123, -1.0
29471.555110803736, 158, -1.0
29478.044441601927, 116, -1.0
29478.17439562347, 162, -1.0
29478.430295858947, 65, 1.0
29478.639803545902, 167, -1.0
29478.841322146833, 162, -1.0
29478.989359450454, 162, -1.0
29479.911667006374, 94, -1.0
29483.828005535936, 126, -1.0
29484.606338541576, 44, -1.0
29487.834319055903, 123, -1.0
29488.80907454711, 235, -1.0
29488.946403239053, 105, 1.0
29489.653747363445, 235, 1.0
29490.476730095776, 126, 1.0
29491.800210281388, 87, 1.0
29493.537189443115, 148, -1.0
29497.813664000303, 75, 1.0
29501.15390468179, 43, -1.0
29501.71379453071, 116, 1.0
29503.80213230918, 97, -1.0
29507.09398836216, 169, 1.0
29508.09942101325, 76, -1.0
29508.74906685834, 87, 1.0
29509.617284525, 128, -1.0
29510.199772505817, 104, -1.0
29510.443030010592, 39, -1.0
29511.247308491053, 128, -1.0
29512.4957036886, 116, -1.0
29515.276900570563, 67, 1.0
29515.90354180286, 177, -1.0
29516.07761854985, 116, 1.0
29520.61775546946, 80, -1.0
29521.821964055718, 233, 1.0
29522.447468032315, 141, 1.0
29522.734834423427, 92, -1.0
29526.934638217346, 106, -1.0
29527.294350958968, 141, 1.0
29527.524241714902, 162, -1.0
29527.841750437598, 34, -1.0
29528.288936099405, 162, -1.0
29534.994813193807, 41, -1.0
29535.448019925865, 100, 1.0
29542.952848943965, 90, 1.0
29543.68256174494, 58, -1.0
29544.478998954077, 68, -1.0
29545.520072922907, 160, 1.0
29547.690774732684, 164, -1.0
29550.65040108257, 100, 1.0
29550.892561692017, 43, -1.0
29552.586495468444, 71, -1.0
29554.08996036138, 81, -1.0
29558.280701370164, 84, -1.0
29559.103724173117, 105, 1.0
29565.597711118124, 84, -1.0
29566.543935189682, 126, 1.0
29567.582316199376, 34, -1.0
29568.935234982488, 169, 1.0
29569.69206376973, 102, 1.0
29571.22338192782, 41, 1.0
29573.338019825824, 101, -1.0
29575.77866888011, 142, 1.0
29576.30741306459, 93, -1.0
29578.74989271364, 44, -1.0
29579.4586514936, 169, 1.0
29579.559448127908, 101, 1.0
29582.958406387996, 114, -1.0
29587.367194279705, 40, 1.0
29589.78831918295, 58, -1.0
29590.83587858972, 149, 1.0
29592.74801411779, 71, -1.0
29592.847345378006, 113, 1.0
29595.775397930123, 167, -1.0
29596.890473794545, 54, -1.0
29597.17223181794, 54, -1.0
29598.777109716702, 74, -1.0
29600.505528702404, 155, 1.0
29600.510350821223, 95, 1.0
29602.465909725484, 71, -1.0
29602.796921551675, 193, -1.0
29605.079113361116, 101, 1.0
29605.29799648184, 163, -1.0
29605.585064595944, 33, -1.0
29609.494770404264, 67, 1.0
29612.21900810423, 169, 1.0
29614.673787220298, 173, -1.0
29615.136995553723, 70, 1.0
29616.348032084028, 41, 1.0
29616.62558728014, 235, 1.0
29618.676135615133, 71, 1.0
29621.396067698086, 173, -1.0
29624.187226074566, 105, 1.0
29627.614603015743, 48, -1.0
29632.128231047518, 88, 1.0
29632.40917516932, 114, 1.0
29635.949912713186, 75, 1.0
29637.1109409591, 182, -1.0
29643.51993710339, 40, 1.0
29645.500665493877, 58, -1.0
29645.844385757322, 148, -1.0
29649.84048163779, 53, 1.0
29651.93930444347, 230, -1.0
29655.57939404613, 52, 1.0
29659.069704985006, 188, -1.0
29662.119163972708, 83, -1.0
29662.988658841776, 58, -1.0
29664.104908870973, 28, -1.0
29665.365099723458, 66, 1.0
29667.895389419296, 80, -1.0
29668.82697958804, 87, -1.0
29672.850361005014, 69, 1.0
29672.925888627433, 70, 1.0
29673.26153365853, 188, 1.0
29673.631103885844, 59, -1.0
29674.92854442436, 56, 1.0
29680.375711164328, 59, -1.0
29681.03523407205, 48, 1.0
29682.088881872398, 59, 1.0
29691.35574785897, 110, -1.0
29696.454821573894, 142, -1.0
29699.848871548696, 177, -1.0
29700.826126558153, 99, 1.0
29703.112582448597, 169, 1.0
29703.647835522705, 153, -1.0
29704.165810846796, 34, -1.0
29705.895679778103, 28, -1.0
29706.947613868102, 87, 1.0
29707.65731764817, 109, 1.0
29707.85010983388, 54, -1.0
29708.900458397344, 65, 1.0
29710.742464810446, 159, 1.0
29713.310800951567, 91, -1.0
29713.471391610383, 35, -1.0
29713.76597007614, 105, 1.0
29715.904247585724, 97, 1.0
29716.72061034383, 75, 1.0
29719.613322026453, 76, -1.0
29720.033160822175, 33, -1.0
29720.644254780585, 123, -1.0
29720.83981225395, 92, 1.0
29722.354751758387, 44, 1.0
29723.334224008788, 137, 1.0
29724.18960976147, 73, -1.0
29724.338726931768, 154, 1.0
29727.768415976247, 59, 1.0
29730.659743445856, 164, -1.0
29731.297473244926, 105, 1.0
29734.251526753902, 32, -1.0
29736.303229495057, 40, 1.0
29740.521235395005, 141, 1.0
29740.683127508575, 31, -1.0
29741.89514731542, 142, 1.0
29742.63240194887, 90, -1.0
29744.450628645176, 41, -1.0
29745.530885778764, 101, 1.0
29747.73655077458, 123, -1.0
29747.91790755531, 35, -1.0
29748.438624937437, 35, 1.0
29749.55159592904, 90, -1.0
29750.741083055724, 69, -1.0
29750.942521986424, 36, -1.0
29752.76361540636, 99, 1.0
29757.453344993388, 105, 1.0
29757.85323770245, 69, -1.0
29759.671212818623, 46, -1.0
29760.313341319576, 92, 1.0
29760.93045043317, 234, -1.0
29761.07302631636, 40, -1.0
29761.60968462652, 123, -1.0
29762.28822967493, 164, 1.0
29764.428499685226, 59, -1.0
29766.813195168448, 87, 1.0
29767.61645817241, 40, -1.0
29769.353010580777, 69, 1.0
29771.34128686958, 167, -1.0
29780.484061015904, 158, -1.0
29782.594639467363, 40, -1.0
29784.386859948332, 104, -1.0
29788.6449095463, 126, 1.0
29794.14883458543, 75, 1.0
29796.704274461266, 76, -1.0
29796.867212693352, 103, -1.0
29796.908418207742, 120, -1.0
29798.59426321489, 35, 1.0
29799.78910437213, 120, -1.0
29803.556972778937, 230, -1.0
29806.2415386953, 114, 1.0
29809.678371530346, 81, -1.0
29809.741476003714, 89, -1.0
29812.645176392143, 114, 1.0
29814.000139009844, 152, -1.0
29814.762674744466, 114, 1.0
29817.272315567843, 36, 1.0
29820.172027848403, 152, -1.0
29821.569941450623, 114, -1.0
29824.003918668448, 162, 1.0
29830.061045695937, 40, 1.0
29830.10679477637, 105, 1.0
29830.885701885538, 68, -1.0
29833.225980176147, 109, 1.0
29836.331333382208, 29, -1.0
29837.328987486348, 180, -1.0
29838.10168325928, 153, -1.0
29839.53055131349, 105, 1.0
29842.834380682056, 58, -1.0
29843.382234467033, 82, 1.0
29845.845430326524, 64, -1.0
29848.04677431637, 157, -1.0
29849.76783585618, 165, 1.0
29851.38986380098, 67, 1.0
29854.271422920046, 167, -1.0
29855.43796471956, 126, -1.0
29855.89373782234, 101, -1.0
29858.419182890204, 130, 1.0
29858.72703809567, 90, -1.0
29859.984737367144, 114, -1.0
29868.730706810282, 75, 1.0
29869.253208899783, 234, -1.0
29875.42013432057, 31, -1.0
29876.78823934457, 41, 1.0
29878.806720950655, 165, -1.0
29879.134383344368, 142, -1.0
29882.196540973036, 146, -1.0
29886.30598587937, 149, -1.0
29887.38628776576, 75, -1.0
29888.355246758554, 42, -1.0
29888.421036075877, 146, -1.0
29889.544162126727, 29, -1.0
29889.619816217197, 42, -1.0
29889.87703188248, 119, -1.0
29891.504368581504, 67, 1.0
29893.968870679913, 72, 1.0
29895.03197136849, 142, -1.0
29896.85418924702, 53, -1.0
29898.928581802433, 173, -1.0
29902.272563396276, 69, 1.0
29905.84205444549, 92, -1.0
29906.961024487337, 152, -1.0
29909.465299808933, 129, 1.0
29912.799904336774, 152, 1.0
29913.043840766393, 114, 1.0
29914.34663859977, 141, 1.0
29914.398140330566, 118, -1.0
29918.04041481267, 33, -1.0
29925.643541613288, 63, -1.0
29926.318843547633, 83, 1.0
29927.55411924655, 87, -1.0
29927.678049321483, 116, -1.0
29928.861325355265, 60, 1.0
29929.93185231491, 71, 1.0
29930.020982869068, 34, -1.0
29930.233617166647, 102, 1.0
29930.25708874556, 75, 1.0
29932.28813115898, 37, -1.0
29933.242524157657, 169, 1.0
29933.288817420027, 114, 1.0
29933.91747683539, 100, 1.0
29936.710423152566, 63, -1.0
29936.768560076693, 76, -1.0
29939.095825261626, 84, -1.0
29939.81963441666, 42, -1.0
29940.16505215948, 41, 1.0
29940.53058693684, 50, 1.0
29943.91627995447, 207, -1.0
29949.003333825716, 32, 1.0
29950.438153405637, 109, 1.0
29957.306323426445, 58, -1.0
29957.394311802804, 123, 1.0
29960.400649801588, 50, 1.0
29962.81138593612, 148, -1.0
29963.691547054008, 99, 1.0
29964.818403097473, 123, -1.0
29968.557304693048, 114, -1.0
29969.749412047087, 73, 1.0
29970.645776237227, 122, -1.0
29972.089531613557, 64, 1.0
29972.995513188507, 92, -1.0
29973.13587261, 117, -1.0
29976.834728902562, 101, 1.0
29978.167642598662, 69, -1.0
29985.151186945834, 89, -1.0
29986.50852196466, 235, 1.0
29990.91163201074, 177, -1.0
29991.137977031725, 235, 1.0
29995.105825382274, 82, 1.0
29995.370139005485, 177, -1.0
29998.002989434255, 63, 1.0
29998.56291453964, 90, -1.0
29999.340724310765, 169, -1.0
29999.7487376793, 159, -1.0
30001.298538026167, 114, -1.0
30005.991177029482, 52, -1.0
30007.927162766056, 152, 1.0
30011.004367981855, 67, 1.0
30011.26356981953, 50, -1.0
30015.094712524235, 109, 1.0
30015.61828764213, 233, -1.0
30016.75713329849, 71, 1.0
30016.836761513234, 27, -1.0
30017.4691514065, 167, -1.0
30017.866679861483, 99, -1.0
30019.474221193723, 126, 1.0
30021.542363412686, 53, 1.0
30021.727465577398, 141, 1.0
30021.913763927554, 152, -1.0
30024.535122776248, 113, -1.0
30026.320097414446, 58, -1.0
30027.223416589015, 154, -1.0
30028.25176875566, 106, 1.0
30031.260273268854, 87, 1.0
30034.064107672937, 97, 1.0
30036.218792682426, 146, 1.0
30036.895769078594, 36, -1.0
30040.471035223713, 41, -1.0
30041.47954364157, 102, 1.0
30042.13897286019, 165, -1.0
30045.7379876458, 109, -1.0
30046.587953598362, 58, 1.0
30046.713148386614, 95, 1.0
30046.78547060899, 123, 1.0
30046.859210104558, 177, -1.0
30047.09208657384, 60, -1.0
30047.28969357415, 36, -1.0
30048.83912427919, 104, 1.0
30049.75332165423, 99, 1.0
30051.248914716638, 101, -1.0
30053.447815789514, 84, 1.0
30054.16979450747, 124, -1.0
30061.2514038766, 146, 1.0
30062.180794535336, 152, -1.0
30063.27713433786, 76, -1.0
30067.260862615385, 230, -1.0
30068.60165794828, 33, -1.0
30068.780298074435, 169, 1.0
30071.140988549236, 58, 1.0
30072.567207867338, 44, -1.0
30076.3737565736, 164, 1.0
30078.00349230778, 105, 1.0
30078.91913392299, 164, 1.0
30079.445398594235, 103, 1.0
30080.01425302647, 70, 1.0
30080.779823587378, 40, -1.0
30080.838156005568, 71, 1.0
30081.095215560996, 103, 1.0
30082.24198417408, 142, -1.0
30087.130455478775, 59, 1.0
30087.967065242898, 177, -1.0
30089.044575869913, 222, -1.0
30089.51981640672, 52, 1.0
30090.14567234365, 128, -1.0
30092.958715006036, 57, -1.0
30093.798550914795, 35, -1.0
30099.017048643276, 50, 1.0
30100.83015040451, 123, -1.0
30101.64620099756, 82, -1.0
30104.33220982276, 137, -1.0
30107.196720516098, 109, -1.0
30107.633043635768, 59, 1.0
30107.858089920766, 177, -1.0
30109.227446284727, 155, -1.0
30112.36803636173, 32, -1.0
30112.73957847363, 83, -1.0
30113.5627265721, 119, -1.0
30118.45580719067, 179, -1.0
30118.612474383135, 177, -1.0
30119.149533257452, 63, -1.0
30120.362436503907, 41, 1.0
30120.445198757785, 50, -1.0
30124.07155922281, 58, -1.0
30125.327874900264, 64, -1.0
30125.935507696602, 142, 1.0
30127.160387200744, 60, -1.0
30128.11834579687, 51, -1.0
30130.269777302812, 118, -1.0
30130.810585290874, 235, 1.0
30130.853728719976, 67, 1.0
30132.671013095078, 58, -1.0
30132.91389091781, 105, 1.0
30132.97802329737, 126, -1.0
30133.82406341404, 177, -1.0
30136.502646698067, 58, -1.0
30137.696710525637, 67, 1.0
30138.277017706147, 165, -1.0
30140.641298378963, 97, 1.0
30141.48040099538, 87, -1.0
30142.551272828237, 141, 1.0
30142.636489444132, 41, 1.0
30143.13567350687, 168, 1.0
30143.5782879044, 40, 1.0
30145.790901954257, 76, -1.0
30150.01561841687, 91, -1.0
30150.072622976484, 130, 1.0
30153.774336403483, 97, 1.0
30154.64062600319, 105, 1.0
30155.397475739144, 68, 1.0
30158.45275800311, 101, -1.0
30162.08404915621, 148, -1.0
30163.61038602009, 228, -1.0
30167.792031480007, 83, 1.0
30168.23121375947, 109, 1.0
30168.926913592615, 43, -1.0
30174.0297714399, 182, -1.0
30174.55093813191, 177, -1.0
30174.661467757724, 234, -1.0
30174.746624417683, 69, -1.0
30174.98086472967, 130, 1.0
30177.96459307196, 148, -1.0
30178.0072221737, 95, -1.0
30184.59048581153, 119, -1.0
30184.931459061892, 64, -1.0
30188.16853474592, 157, -1.0
30191.35345347345, 157, -1.0
30191.53088055798, 58, -1.0
30191.854048554178, 177, -1.0
30192.084526854764, 152, -1.0
30192.104278204297, 60, -1.0
30193.346256692264, 58, -1.0
30194.07201523422, 193, -1.0
30195.790725071056, 101, -1.0
30198.907600306167, 180, -1.0
30202.568334939926, 40, -1.0
30203.188976615842, 96, -1.0
30203.726925465235, 101, -1.0
30206.23883289126, 37, -1.0
30206.49324799543, 148, 1.0
30208.498572625645, 123, -1.0
30211.871994156358, 161, -1.0
30212.017930898102, 160, -1.0
30212.459672042733, 99, -1.0
30216.782434256755, 97, -1.0
30219.443190222628, 71, -1.0
30219.5593996216, 123, -1.0
30220.348873263276, 64, -1.0
30220.711234968312, 122, -1.0
30223.08854262666, 97, -1.0
30223.32245164344, 90, -1.0
30226.83998564074, 142, -1.0
30228.306651917243, 68, -1.0
30228.805519538433, 163, -1.0
30228.897511136554, 160, -1.0
30228.940676806626, 141, 1.0
30229.382232849694, 103, 1.0
30230.296459608664, 51, -1.0
30230.727056330677, 154, -1.0
30238.07218086033, 101, -1.0
30238.747901051473, 165, -1.0
30240.091975538566, 101, 1.0
30242.919693127275, 114, 1.0
30244.841036826412, 76, -1.0
30245.131734397808, 84, 1.0
30245.615947820505, 26, -1.0
30248.797022383445, 91, -1.0
30251.677919214115, 163, -1.0
30255.509624652765, 146, -1.0
30256.747315835233, 160, -1.0
30259.04657072061, 88, -1.0
30260.141447550395, 54, -1.0
30263.83135433588, 117, -1.0
30265.797673727393, 233, 1.0
30266.107596720187, 67, -1.0
30268.37787136395, 43, -1.0
30268.389603038202, 90, -1.0
30269.85993648525, 103, -1.0
30270.34073900629, 149, -1.0
30271.54405877821, 97, 1.0
30273.613340750577, 35, -1.0
30274.717175298323, 114, -1.0
30276.874897628335, 41, 1.0
30278.784067516743, 235, 1.0
30278.811157493754, 120, -1.0
30280.01176967241, 126, 1.0
30283.654537644135, 198, -1.0
30286.70830588355, 74, 1.0
30287.31280354636, 34, 1.0
30291.503750758024, 198, -1.0
30293.78987096081, 74, -1.0
30295.861680194175, 222, -1.0
30298.483725654645, 148, -1.0
30300.665423192797, 45, 1.0
30301.378344273857, 105, -1.0
30304.46137729361, 76, -1.0
30304.727225909894, 101, 1.0
30306.336504021612, 163, -1.0
30310.353422691092, 59, -1.0
30318.50239770761, 65, -1.0
30318.729847916293, 162, -1.0
30320.715106348533, 34, 1.0
30320.913128647506, 40, -1.0
30322.233445156555, 123, -1.0
30322.365345019938, 88, -1.0
30323.107925221997, 116, 1.0
30324.975839728442, 117, 1.0
30330.596423444746, 35, -1.0
30330.82922384137, 71, 1.0
30332.305708872183, 93, -1.0
30337.273201637112, 146, -1.0
30337.32846084757, 72, -1.0
30343.517914167503, 67, 1.0
30344.069032038664, 75, -1.0
30348.148745390477, 126, 1.0
30349.209140866395, 101, -1.0
30350.330998692265, 123, 1.0
30352.292423190975, 152, -1.0
30354.878890189688, 228, -1.0
30357.272499205228, 116, -1.0
30359.16754413775, 110, -1.0
30360.0104792287, 59, 1.0
30360.12094637792, 107, -1.0
30362.610906915765, 163, -1.0
30362.68809324972, 142, -1.0
30369.502930552313, 142, -1.0
30370.83238059351, 95, -1.0
30372.755426217558, 75, -1.0
30373.71007241329, 130, -1.0
30374.52618126692, 51, -1.0
30375.99443482356, 60, -1.0
30377.15778587058, 142, 1.0
30380.109741362343, 114, -1.0
30382.529244457746, 52, -1.0
30383.722198617095, 31, -1.0
30385.394836822958, 45, -1.0
30385.907898481306, 165, -1.0
30386.65525471581, 99, -1.0
30390.998208164543, 101, 1.0
30392.687811445412, 124, -1.0
30394.114990717313, 241, -1.0
30395.095102142375, 59, -1.0
30398.031776774613, 33, -1.0
30400.259908580658, 159, -1.0
30400.931187820795, 76, -1.0
30401.74283065229, 71, 1.0
30403.425595201134, 58, 1.0
30409.00518506712, 114, 1.0
30409.32760683364, 167, -1.0
30410.32148584268, 42, -1.0
30412.20540369204, 193, -1.0
30416.552924415548, 41, 1.0
30418.718504333126, 65, 1.0
30421.526055080714, 146, -1.0
30422.527554477536, 84, -1.0
30424.240497455343, 133, 1.0
30424.81845106359, 76, -1.0
30426.67699087744, 92, -1.0
30427.77841992449, 126, -1.0
30429.355750275558, 114, -1.0
30436.9416201088, 50, 1.0
30437.387912553502, 39, -1.0
30437.737379260197, 103, -1.0
30438.22298917373, 59, -1.0
30441.382113977765, 37, -1.0
30441.65583167912, 100, 1.0
30442.225494853676, 142, -1.0
30442.524947197726, 146, 1.0
30442.865035269835, 41, 1.0
30443.106373583865, 48, 1.0
30449.1040457414, 75, 1.0
30454.32915121501, 50, -1.0
30454.49081041555, 168, -1.0
30456.379374895554, 116, -1.0
30458.601487084376, 73, 1.0
30458.65610918232, 94, -1.0
30463.416905544822, 100, 1.0
30465.27942039998, 70, 1.0
30466.40586290385, 114, -1.0
30469.442775206087, 55, -1.0
30473.620103888778, 29, -1.0
30475.104955331473, 222, -1.0
30475.414657335234, 100, -1.0
30475.68900923954, 70, -1.0
30476.18303071924, 44, -1.0
30477.12855181343, 146, 1.0
30479.893788741952, 152, 1.0
30480.64794004547, 58, -1.0
30481.99128773812, 58, -1.0
30485.503785533467, 177, 1.0
30485.874963403567, 126, 1.0
30486.657491907255, 157, -1.0
30487.51846251572, 235, 1.0
30488.494083864894, 39, -1.0
30488.639449581948, 126, 1.0
30488.788668521014, 165, -1.0
30488.81506871489, 108, -1.0
30493.925394602742, 114, 1.0
30494.53617698208, 71, 1.0
30495.235819065572, 75, 1.0
30496.843826540357, 33, -1.0
30502.892852667326, 95, -1.0
30505.842450020933, 86, -1.0
30506.398020840257, 146, 1.0
30508.30237284247, 114, -1.0
30508.94719828014, 109, 1.0
30509.092685257605, 75, 1.0
30512.23711818719, 46, -1.0
30512.71817394937, 70, 1.0
30512.77578236356, 87, -1.0
30512.869249158943, 126, 1.0
30514.923776572312, 155, -1.0
30515.271315522485, 155, -1.0
30515.6548707118, 83, -1.0
30515.736786159825, 43, -1.0
30515.77943365356, 162, -1.0
30516.25813761789, 97, 1.0
30517.397328832783, 169, -1.0
30517.995830886728, 100, -1.0
30518.38277093123, 114, 1.0
30521.88945237507, 141, 1.0
30522.88848569582, 153, -1.0
30527.00140958118, 34, 1.0
30528.163414736428, 64, -1.0
30531.58600847806, 104, 1.0
30536.911228815865, 177, -1.0
30541.527776265997, 64, 1.0
30545.181763846496, 40, 1.0
30555.344019653578, 146, -1.0
30555.831348238862, 141, 1.0
30556.794863266765, 53, 1.0
30557.907083443133, 139, -1.0
30558.697933181815, 35, 1.0
30559.496774693012, 241, 1.0
30561.21105535226, 101, -1.0
30561.87026506066, 69, 1.0
30567.695187238845, 64, 1.0
30571.82632131617, 101, 1.0
30572.576212530228, 87, -1.0
30575.617052580397, 122, -1.0
30576.59652633846, 111, 1.0
30578.839269627184, 177, -1.0
30582.178294900223, 126, -1.0
30584.04055661551, 133, -1.0
30588.43308030419, 169, 1.0
30590.281899111145, 155, 1.0
30592.26821090655, 112, -1.0
30594.900743350678, 76, -1.0
30595.08071638146, 169, 1.0
30595.245019718033, 35, -1.0
30598.08747611172, 88, -1.0
30599.203991651455, 117, -1.0
30600.954492565612, 58, -1.0
30601.15143114793, 74, -1.0
30603.437055304, 233, -1.0
30603.600336653948, 118, -1.0
30603.831338925622, 102, -1.0
30609.629820135284, 117, -1.0
30609.681290758355, 193, -1.0
30614.417122212668, 58, -1.0
30618.977248812804, 105, 1.0
30619.563828998103, 71, 1.0
30621.341193108216, 39, -1.0
30623.9121462767, 152, -1.0
30625.40955162448, 149, -1.0
30626.50125104241, 122, -1.0
30631.868898508186, 89, -1.0
30634.671043924624, 59, 1.0
30637.8810029655, 117, -1.0
30638.461663001905, 75, 1.0
30639.34837512734, 114, -1.0
30643.501060852923, 35, 1.0
30643.698316358597, 45, -1.0
30644.491566676188, 83, -1.0
30647.96858354401, 31, 1.0
30650.73195890381, 48, 1.0
30652.12624569683, 108, -1.0
30659.67133731668, 188, -1.0
30660.76245486821, 114, -1.0
30661.653060141307, 100, 1.0
30665.855980281893, 157, -1.0
30666.652870788042, 34, 1.0
30672.14689452447, 233, 1.0
30672.944140986863, 66, 1.0
30679.676180941027, 82, -1.0
30682.566690908487, 36, 1.0
30684.296924724207, 83, -1.0
30685.449106857315, 126, -1.0
30687.021948865815, 137, -1.0
30692.61405276861, 234, -1.0
30698.57476700105, 58, 1.0
30705.636854461685, 105, 1.0
30705.807067834554, 106, -1.0
30706.392203544085, 90, -1.0
30708.364648569575, 126, 1.0
30708.48628034291, 154, 1.0
30711.51778837538, 164, 1.0
30712.94587211594, 40, -1.0
30713.725591191105, 230, -1.0
30713.82735794939, 163, -1.0
30721.06209205587, 95, -1.0
30725.996780039743, 44, -1.0
30726.799183306808, 31, -1.0
30727.120051441616, 92, -1.0
30727.9402130268, 41, 1.0
30731.44464818732, 71, 1.0
30732.506633622514, 40, 1.0
30736.09122569666, 51, -1.0
30736.164604968042, 34, -1.0
30738.095238523143, 159, -1.0
30743.89795183651, 161, 1.0
30745.606814181105, 86, -1.0
30749.341530679114, 228, 1.0
30750.37287451838, 58, -1.0
30751.460272747892, 39, -1.0
30751.765273741872, 148, -1.0
30753.87735941062, 75, -1.0
30761.285767251124, 75, -1.0
30762.844696017633, 69, -1.0
30763.571075913882, 110, 1.0
30765.555079918293, 188, -1.0
30766.298848810366, 123, -1.0
30769.410583326586, 75, 1.0
30769.64339476486, 44, -1.0
30771.411933814306, 99, 1.0
30772.830091002892, 163, -1.0
30773.966834682178, 177, -1.0
30777.546703644224, 90, -1.0
30778.09439379319, 58, -1.0
30781.97277340382, 235, -1.0
30782.53195249144, 58, -1.0
30782.836334880772, 165, 1.0
30782.896401516853, 114, 1.0
30785.172208954726, 141, 1.0
30786.25531299748, 126, 1.0
30787.162073797896, 146, -1.0
30788.65721882686, 83, -1.0
30789.47789645896, 114, 1.0
30790.390723037384, 158, -1.0
30791.343982197344, 60, -1.0
30792.358109704965, 167, -1.0
30793.40402876817, 99, -1.0
30793.465028604554, 148, 1.0
30793.648391717274, 46, 1.0
30794.89155686784, 98, -1.0
30799.236351913365, 42, -1.0
30799.265015090292, 29, 1.0
30800.20867330735, 228, 1.0
30800.96384857308, 40, 1.0
30801.221761042194, 149, -1.0
30808.0083288424, 66, -1.0
30810.985484789788, 241, 1.0
30811.97319830521, 71, 1.0
30812.32380945311, 97, 1.0
30815.49547622825, 43, 1.0
30815.582354178812, 162, -1.0
30815.867470665504, 40, 1.0
30816.552336779925, 59, 1.0
30821.355784258056, 114, -1.0
30822.628064873556, 133, -1.0
30822.79111709856, 60, -1.0
30823.72985232089, 104, -1.0
30824.798361467514, 164, 1.0
30831.741969633633, 149, -1.0
30834.82464393982, 119, 1.0
30841.355450070303, 33, -1.0
30844.087260479744, 141, 1.0
30844.842670854527, 75, 1.0
30845.94612797451, 45, -1.0
30846.00608802259, 114, 1.0
30846.40890428516, 146, -1.0
30847.135694012402, 222, 1.0
30849.404851152063, 111, -1.0
30850.03981532339, 109, 1.0
30852.36765137012, 52, 1.0
30857.331512370758, 40, -1.0
30858.083400601554, 100, -1.0
30860.7619766825, 97, -1.0
30861.968318386993, 169, 1.0
30864.363079584346, 94, -1.0
30866.870536073235, 35, -1.0
30868.44508797953, 81, -1.0
30869.01811297935, 228, 1.0
30870.499652117895, 152, -1.0
30871.650666311318, 119, -1.0
30872.045317682452, 126, 1.0
30872.114536134537, 27, -1.0
30874.52829350325, 67, -1.0
30875.148717915516, 34, -1.0
30875.600573387062, 126, -1.0
30877.393113405094, 233, 1.0
30877.506990547205, 109, 1.0
30878.691253418605, 70, 1.0
30878.918590344834, 40, 1.0
30878.988582707694, 141, -1.0
30880.42721250211, 73, 1.0
30881.334753999345, 198, -1.0
30882.471946845286, 97, -1.0
30884.183459966134, 90, -1.0
30889.344270781552, 86, -1.0
30889.987782772383, 40, 1.0
30899.048952425805, 104, 1.0
30899.272603006135, 76, -1.0
30901.427698097534, 102, 1.0
30903.463789916503, 70, 1.0
30904.193787507367, 182, -1.0
30907.771783896245, 84, -1.0
30908.03605781294, 48, 1.0
30909.06583991729, 81, -1.0
30911.511568399845, 43, -1.0
30916.403048543645, 112, -1.0
30916.62986968914, 148, -1.0
30917.50070718673, 230, 1.0
30919.32346416182, 40, -1.0
30924.965767802063, 75, -1.0
30925.47817851763, 181, 1.0
30926.98087260826, 41, -1.0
30930.395711293622, 241, 1.0
30931.524375446137, 157, -1.0
30932.877778365924, 86, -1.0
30933.748679831493, 109, -1.0
30934.714209793587, 76, -1.0
30939.85830445305, 43, 1.0
30939.946312376203, 81, -1.0
30939.984179037267, 95, -1.0
30941.051036746914, 130, -1.0
30946.18230669976, 33, -1.0
30948.017041373747, 123, -1.0
30948.07330825437, 141, 1.0
30952.11044230815, 146, -1.0
30955.038622014246, 126, -1.0
30955.409770947666, 137, -1.0
30955.599630241526, 152, 1.0
30956.445536161224, 114, 1.0
30957.217411303023, 117, -1.0
30957.80665777425, 53, -1.0
30958.37141573539, 98, -1.0
30960.941980209223, 45, -1.0
30961.318012662876, 114, 1.0
30964.795932745532, 101, -1.0
30965.448524561838, 76, -1.0
30966.31673319374, 88, -1.0
30966.558586428408, 141, 1.0
30967.488779348154, 58, -1.0
30971.276409317612, 104, -1.0
30971.46284157686, 67, -1.0
30974.743498642027, 92, 1.0
30975.068715205955, 45, -1.0
30977.74122455528, 36, -1.0
30986.17848976466, 48, -1.0
30988.455799183517, 162, -1.0
30988.587977331506, 58, -1.0
30990.70508684116, 26, -1.0
30993.050565592497, 148, -1.0
30996.576012199665, 167, -1.0
30997.112624655245, 72, 1.0
31000.91968159708, 146, -1.0
31003.753634241606, 126, 1.0
31007.06780085455, 75, -1.0
31011.867784414393, 83, -1.0
31012.70050632036, 234, 1.0
31013.890895292978, 133, -1.0
31015.153578694302, 69, 1.0
31015.39223218849, 114, -1.0
31018.75468763972, 142, -1.0
31021.220976681816, 117, -1.0
31023.235136157942, 101, -1.0
31026.922569952683, 119, -1.0
31027.707519632244, 41, 1.0
31030.92031667578, 130, 1.0
31031.34146371879, 101, 1.0
31032.512559954554, 35, -1.0
31033.12640842338, 114, -1.0
31035.54760732259, 193, -1.0
31036.10117414048, 50, 1.0
31041.240945631474, 35, 1.0
31042.318451651776, 59, 1.0
31044.27498022963, 68, -1.0
31044.277985702633, 180, -1.0
31044.619833131263, 56, 1.0
31045.04783261729, 31, 1.0
31048.447718377716, 44, -1.0
31050.749795184714, 97, -1.0
31051.410974049413, 109, 1.0
31056.395104700878, 160, -1.0
31060.63088763614, 99, 1.0
31060.813581615534, 152, -1.0
31061.44016612459, 116, 1.0
31061.581725228833, 52, 1.0
31062.589456610065, 94, -1.0
31065.287576260296, 82, -1.0
31065.303278916028, 167, -1.0
31066.10141286441, 52, -1.0
31066.575917842107, 116, 1.0
31068.648702951657, 102, 1.0
31073.50372247104, 234, -1.0
31074.46751856703, 67, 1.0
31075.953898370964, 50, -1.0
31076.511999120044, 122, -1.0
31078.878090335915, 93, -1.0
31080.623389817716, 169, 1.0
31081.585838447594, 105, -1.0
31087.413417483778, 181, 1.0
31088.944047776502, 87, -1.0
31092.180956852248, 101, 1.0
31093.924791187146, 87, -1.0
31099.232627298254, 146, -1.0
31100.365167637185, 44, -1.0
31104.21107356014, 75, -1.0
31108.913550014895, 61, 1.0
31111.66389430643, 149, -1.0
31111.896155788476, 80, -1.0
31112.612947539004, 109, 1.0
31113.65675223263, 81, 1.0
31115.31848438197, 83, -1.0
31118.74432933938, 56, -1.0
31119.308407449633, 84, -1.0
31122.730134641566, 83, -1.0
31124.363939833518, 146, 1.0
31124.48399485948, 99, -1.0
31127.009486699248, 58, -1.0
31129.382384097404, 32, -1.0
31130.587414213547, 63, 1.0
31132.01761649054, 95, -1.0
31135.723831385872, 152, -1.0
31136.4345265687, 62, 1.0
31139.076027320127, 68, -1.0
31139.561820507915, 42, -1.0
31139.987629500032, 95, -1.0
31141.94298816941, 95, 1.0
31144.420372667162, 44, -1.0
31144.52641104481, 116, 1.0
31145.176000304575, 109, -1.0
31145.8558304272, 71, 1.0
31147.252618253795, 94, -1.0
31151.075533922463, 35, 1.0
31151.08035105179, 76, 1.0
31152.82773370439, 67, 1.0
31154.83368821391, 148, 1.0
31155.66291988616, 64, -1.0
31159.346000396486, 105, 1.0
31160.50466867914, 114, -1.0
31160.773467490904, 87, -1.0
31161.92671818915, 34, 1.0
31164.488233909793, 164, -1.0
31169.891893988126, 27, 1.0
31173.820876498325, 65, -1.0
31174.267040019335, 146, 1.0
31178.81274498817, 103, -1.0
31180.79817360813, 55, 1.0
31184.40743279752, 137, 1.0
31186.537887887684, 83, -1.0
31188.06688991295, 32, -1.0
31189.599436579174, 34, -1.0
31193.092677982255, 188, 1.0
31194.604014818167, 153, -1.0
31194.65460558931, 28, 1.0
31194.71119293102, 65, 1.0
31197.13865031184, 99, 1.0
31199.329407874306, 169, -1.0
31200.41719723899, 126, 1.0
31205.67048489168, 34, -1.0
31207.044066037615, 40, 1.0
31208.308220923565, 60, -1.0
31209.333465783788, 233, -1.0
31210.52040781532, 60, -1.0
31210.652286182773, 65, 1.0
31215.260887002594, 105, -1.0
31216.784589352224, 75, -1.0
31217.528221807253, 80, 1.0
31218.116390772262, 66, 1.0
31219.6362439915, 39, -1.0
31220.00312815279, 66, -1.0
31227.64426719126, 95, -1.0
31228.974948146315, 177, -1.0
31232.412750454165, 233, 1.0
31235.3195645671, 126, -1.0
31238.459680901564, 198, -1.0
31240.67790420262, 76, -1.0
31242.046543322504, 75, 1.0
31243.64941642016, 153, -1.0
31248.328666763402, 89, 1.0
31248.775950523843, 154, 1.0
31250.641758856273, 137, -1.0
31253.321505600772, 163, -1.0
31257.10394080156, 83, -1.0
31257.763267191178, 35, -1.0
31258.352566529644, 82, 1.0
31262.716744031582, 67, 1.0
31264.066226701976, 193, 1.0
31267.457278578928, 114, -1.0
31268.186993148556, 163, -1.0
31268.877818930046, 58, -1.0
31269.915764306228, 40, 1.0
31272.85966943199, 93, -1.0
31274.16681728017, 87, -1.0
31274.641679423934, 116, -1.0
31276.852710683976, 177, -1.0
31280.782239778833, 180, 1.0
31282.63065892946, 64, -1.0
31283.420792946024, 101, 1.0
31286.68187705688, 165, 1.0
31288.627114619834, 169, 1.0
31290.433786094127, 142, -1.0
31291.439552238247, 228, 1.0
31291.805531001362, 89, -1.0
31291.883836624107, 28, -1.0
31292.070542277128, 48, -1.0
31292.890081759302, 113, -1.0
31293.17172198727, 110, -1.0
31293.378161373563, 58, 1.0
31297.088287201113, 75, 1.0
31298.929812751216, 101, 1.0
31304.197793750776, 153, 1.0
31313.89394529823, 40, 1.0
31314.493713738935, 95, -1.0
31317.540373856056, 35, 1.0
31317.8329061054, 65, -1.0
31326.024068708517, 75, 1.0
31327.331624322098, 146, 1.0
31328.56680269741, 72, -1.0
31331.418179946028, 116, 1.0
31332.63547108764, 40, -1.0
31332.670314493866, 55, -1.0
31332.701079486316, 228, -1.0
31333.444912089755, 198, -1.0
31333.475317531134, 101, 1.0
31336.47190633165, 222, 1.0
31340.006438490083, 177, -1.0
31343.081989777376, 159, -1.0
31345.065838582806, 45, 1.0
31345.233626380235, 74, -1.0
31345.527266068042, 234, 1.0
31346.644615475012, 149, 1.0
31353.242622177808, 146, -1.0
31354.88827903387, 162, 1.0
31356.832751924532, 101, 1.0
31361.29668618032, 167, 1.0
31364.1187955747, 92, -1.0
31366.186082434757, 152, -1.0
31367.00459857167, 27, -1.0
31368.080945572252, 128, -1.0
31368.754652283926, 111, -1.0
31369.045309899033, 109, 1.0
31370.86456728981, 48, -1.0
31371.151310121015, 157, -1.0
31374.12729735674, 169, -1.0
31378.960232501457, 46, -1.0
31379.413536963497, 33, 1.0
31379.866500526936, 100, -1.0
31380.236903126264, 27, -1.0
31383.431341524232, 100, -1.0
31384.00881520525, 60, 1.0
31386.206997527854, 106, -1.0
31395.552910618906, 48, 1.0
31395.906578707276, 153, 1.0
31395.940915585503, 58, -1.0
31397.296631272002, 75, -1.0
31405.563685033372, 35, -1.0
31406.639450912306, 60, -1.0
31407.242206750485, 40, -1.0
31411.097121311603, 114, -1.0
31413.52883270837, 109, -1.0
31418.01629549946, 58, -1.0
31418.313991801035, 130, -1.0
31420.88512362326, 40, -1.0
31426.243234705442, 157, -1.0
31426.710202922546, 80, -1.0
31427.08055992796, 39, 1.0
31427.107536913027, 146, -1.0
31427.122420711607, 152, -1.0
31430.39344931051, 58, -1.0
31438.07903728711, 152, 1.0
31440.358201676732, 103, -1.0
31440.997398456944, 126, 1.0
31441.45582797078, 155, 1.0
31442.295141497518, 34, -1.0
31442.367465206225, 142, -1.0
31445.672029487694, 45, -1.0
31445.937957736343, 71, 1.0
31446.143680989677, 75, 1.0
31447.251497385914, 59, -1.0
31448.807986182095, 48, 1.0
31449.602911822527, 165, 1.0
31455.35852705144, 46, 1.0
31456.064985683417, 103, -1.0
31459.70165198468, 40, 1.0
31460.93442342384, 162, 1.0
31461.71729074048, 40, -1.0
31462.10715649214, 98, -1.0
31462.25412261137, 98, 1.0
31463.394313911886, 33, -1.0
31464.51810968118, 28, -1.0
31465.345020583274, 75, 1.0
31471.611536334818, 126, -1.0
31472.60755426772, 101, 1.0
31474.3346782041, 34, -1.0
31474.506882201593, 41, 1.0
31474.53568607755, 106, -1.0
31477.622251868263, 133, -1.0
31478.49596126632, 58, -1.0
31479.221415110303, 169, -1.0
31479.780199915745, 69, -1.0
31482.126792507654, 75, 1.0
31487.766430130705, 137, 1.0
31489.153479407243, 142, -1.0
31490.01658089886, 154, -1.0
31490.102222249632, 87, 1.0
31490.6103391933, 58, -1.0
31490.703403000192, 98, -1.0
31491.313270081628, 72, -1.0
31496.172194966934, 112, -1.0
31496.303398324493, 160, -1.0
31496.731199705406, 76, -1.0
31498.16956753322, 123, -1.0
31499.782054597887, 42, -1.0
31501.363217436687, 37, -1.0
31503.55282961723, 59, -1.0
31505.671281381274, 71, 1.0
31507.665403588584, 105, 1.0
31508.478188827266, 146, 1.0
31509.61865362369, 27, -1.0
31511.21913032926, 161, -1.0
31512.09743472836, 58, -1.0
31512.7807947878, 198, 1.0
31512.819606989986, 110, -1.0
31515.054247377397, 177, -1.0
31516.784364618128, 45, -1.0
31518.264992101293, 122, -1.0
31522.43792433178, 169, 1.0
31522.656403053763, 114, 1.0
31530.061240149756, 75, -1.0
31531.305892260712, 230, -1.0
31535.329077098628, 155, 1.0
31539.674795889267, 182, -1.0
31541.441866579902, 36, 1.0
31543.088540666315, 128, 1.0
31544.105887833764, 84, -1.0
31545.536870638498, 142, 1.0
31548.079643722143, 45, 1.0
31549.329173308375, 155, -1.0
31550.624703488545, 34, -1.0
31551.459256499485, 146, -1.0
31554.68900860921, 162, -1.0
31555.151688822803, 87, 1.0
31555.407747667257, 169, -1.0
31560.74857883383, 101, 1.0
31561.526532051917, 70, -1.0
31563.157859435887, 34, -1.0
31563.37838916108, 154, 1.0
31563.54008912085, 119, -1.0
31564.195149418545, 35, -1.0
31564.437278293488, 64, 1.0
31569.674868359347, 84, -1.0
31570.68875743488, 105, -1.0
31574.333347868018, 119, -1.0
31575.357748959363, 75, 1.0
31575.672827656686, 81, -1.0
31578.974955041966, 146, -1.0
31581.662123313603, 109, 1.0
31582.82765369969, 89, -1.0
31585.272299265438, 46, 1.0
31588.686501411357, 44, -1.0
31589.376076893444, 35, -1.0
31589.931683427436, 67, 1.0
31590.62315648676, 177, -1.0
31591.94903998392, 32, -1.0
31592.68778719487, 71, -1.0
31593.588073770617, 46, 1.0
31599.263824733465, 114, -1.0
31601.358680445068, 173, -1.0
31603.3119657862, 92, -1.0
31603.880917485847, 106, 1.0
31608.215181658325, 123, -1.0
31609.513177998844, 101, 1.0
31612.032401474236, 75, 1.0
31614.42341085597, 65, 1.0
31618.348554094766, 44, 1.0
31623.63549500241, 164, -1.0
31627.10995174981, 66, 1.0
31628.702347316703, 80, -1.0
31629.266894723165, 33, -1.0
31631.19239098041, 76, 1.0
31634.177991445773, 74, 1.0
31637.20752874406, 31, -1.0
31643.564406683694, 52, 1.0
31646.28903794997, 222, -1.0
31646.49025961259, 58, -1.0
31646.673508525648, 126, 1.0
31649.057285805655, 75, -1.0
31649.16007350575, 123, -1.0
31650.128789131522, 92, -1.0
31650.160018875762, 180, 1.0
31651.05438146492, 59, -1.0
31653.56222753769, 45, 1.0
31654.90401182652, 58, -1.0
31658.87519711949, 40, 1.0
31662.863532736854, 59, 1.0
31663.755225533412, 99, -1.0
31667.317177496774, 114, -1.0
31667.791673200438, 164, -1.0
31669.109539046007, 106, -1.0
31669.335056202213, 91, -1.0
31669.577719935412, 34, -1.0
31669.704705358923, 123, 1.0
31676.288917257156, 68, 1.0
31676.887454914242, 89, -1.0
31677.50788274095, 149, -1.0
31678.394637041485, 87, -1.0
31679.768947111326, 148, -1.0
31679.942625809777, 113, -1.0
31680.243183494294, 123, -1.0
31680.267881134147, 70, -1.0
31688.139775769978, 119, -1.0
31688.65017611145, 120, -1.0
31688.843217916685, 153, 1.0
31688.979983554396, 137, -1.0
31693.80348356335, 94, -1.0
31696.971645211728, 60, -1.0
31698.58210255668, 104, 1.0
31700.91653758588, 90, -1.0
31703.35556424487, 148, -1.0
31712.054136129882, 59, 1.0
31713.903789331907, 98, -1.0
31714.67548311686, 73, 1.0
31714.94806389935, 230, 1.0
31714.95953165127, 228, 1.0
31717.77982763688, 66, 1.0
31723.06348248255, 141, -1.0
31723.07871293232, 130, -1.0
31723.474369898882, 35, -1.0
31725.838009173265, 123, -1.0
31727.1536528615, 52, -1.0
31729.766358417688, 75, 1.0
31731.109165429873, 44, -1.0
31731.228416831553, 75, 1.0
31732.738109993094, 75, 1.0
31732.757593025337, 230, -1.0
31733.509337384185, 35, -1.0
31734.649466498326, 68, -1.0
31735.29401938289, 116, -1.0
31735.332863999796, 83, -1.0
31740.878177943316, 146, -1.0
31743.153189681365, 122, -1.0
31743.906061711354, 50, -1.0
31752.14329917506, 114, -1.0
31753.753010204447, 82, -1.0
31755.924254218608, 152, 1.0
31755.98043634113, 98, 1.0
31757.937373120738, 114, 1.0
31758.981243916427, 123, -1.0
31765.5934613298, 168, 1.0
31776.290156239793, 116, -1.0
31780.362051715132, 109, 1.0
31780.70920001397, 43, -1.0
31781.778281048653, 146, -1.0
31782.99876152018, 53, -1.0
31783.19472518185, 149, -1.0
31783.82765578637, 82, -1.0
31785.017143554047, 98, -1.0
31786.596276095293, 54, -1.0
31789.545841235544, 99, -1.0
31789.99228219217, 89, -1.0
31793.284199254726, 105, -1.0
31795.689836479807, 160, -1.0
31795.69028582358, 59, 1.0
31802.567238063402, 40, -1.0
31804.204614851664, 116, 1.0
31804.811557750974, 59, -1.0
31805.185052607845, 68, -1.0
31806.162546633772, 98, -1.0
31807.93214147892, 80, 1.0
31808.826902527606, 133, 1.0
31809.36864701853, 54, -1.0
31810.249208848327, 59, -1.0
31812.26689762996, 141, 1.0
31812.68218531508, 48, 1.0
31812.973877372435, 109, -1.0
31813.22891149999, 152, -1.0
31815.680706458847, 142, -1.0
31817.697645918557, 45, 1.0
31821.13637020452, 76, -1.0
31823.159090994195, 70, 1.0
31823.43634281541, 59, -1.0
31825.52417201573, 102, 1.0
31825.940101494838, 92, -1.0
31826.631283925904, 101, 1.0
31830.291356426307, 67, 1.0
31834.88827827877, 122, -1.0
31836.6322590645, 137, 1.0
31836.750946620858, 152, -1.0
31837.635357249223, 124, -1.0
31837.729024696924, 35, -1.0
31838.85829983027, 105, 1.0
31843.442984956193, 129, -1.0
31845.85336418937, 28, -1.0
31846.33167479352, 109, 1.0
31847.927502563856, 80, 1.0
31848.345200584114, 89, -1.0
31848.535538347653, 84, -1.0
31849.78266209531, 37, -1.0
31850.372881242685, 45, -1.0
31852.310048730338, 126, 1.0
31857.91164882477, 116, -1.0
31858.63100126759, 69, 1.0
31866.622851788037, 198, -1.0
31870.383353141948, 148, -1.0
31871.325149779645, 43, 1.0
31872.902216299906, 70, 1.0
31873.347017676955, 34, -1.0
31874.780167865545, 241, -1.0
31875.194190113078, 105, -1.0
31879.20416785898, 28, 1.0
31880.190634983235, 42, -1.0
31881.425651246987, 81, 1.0
31884.33714583914, 146, 1.0
31884.931264163755, 96, -1.0
31885.67792428938, 91, -1.0
31885.70985186082, 97, -1.0
31886.12370361462, 93, 1.0
31887.068109531072, 114, -1.0
31889.246762889532, 42, -1.0
31891.35457549555, 117, -1.0
31891.38537130881, 98, -1.0
31892.244394444126, 120, -1.0
31893.676630966835, 35, -1.0
31893.945778482965, 95, 1.0
31898.759803060824, 75, 1.0
31900.032920485155, 126, -1.0
31900.09240470998, 149, -1.0
31904.370038299727, 104, 1.0
31905.441399239815, 141, 1.0
31906.182737072333, 233, 1.0
31906.789756047434, 126, -1.0
31910.7090118801, 103, -1.0
31911.23775515375, 29, -1.0
31913.004829427002, 100, -1.0
31913.971790123298, 40, 1.0
31919.085988966428, 159, 1.0
31919.294321146088, 110, -1.0
31921.818208703346, 72, -1.0
31922.125262287285, 39, -1.0
31922.79108037572, 141, 1.0
31925.59699059654, 76, -1.0
31926.073972166472, 124, 1.0
31928.0816042523, 40, 1.0
31928.9843651625, 164, -1.0
31929.467983808205, 27, -1.0
31934.072304887162, 34, -1.0
31936.590798645007, 75, 1.0
31937.5972018627, 44, -1.0
31937.852446036955, 52, 1.0
31940.052587555634, 163, -1.0
31940.253703028866, 169, 1.0
31941.13415575843, 53, -1.0
31945.431759365216, 45, 1.0
31945.719921883105, 76, -1.0
31948.884539454568, 86, -1.0
31953.162374422667, 123, 1.0
31960.366724593157, 76, -1.0
31961.51566259635, 100, -1.0
31962.03717538944, 124, 1.0
31963.894045857418, 101, -1.0
31964.19461945592, 141, 1.0
31968.554721279375, 97, 1.0
31977.168748967866, 120, -1.0
31983.947338381033, 110, 1.0
31986.399066759637, 59, -1.0
31986.628222192197, 102, -1.0
31987.8245049572, 119, -1.0
31991.56849087504, 149, -1.0
32004.195467071127, 58, -1.0
32005.37960277251, 230, -1.0
32009.66461675399, 72, 1.0
32009.73934229961, 53, -1.0
32009.830466895397, 159, -1.0
32010.018626971483, 167, -1.0
32010.20684480925, 160, -1.0
32011.857171571606, 133, -1.0
32014.70413012745, 99, -1.0
32016.75069908998, 105, 1.0
32017.285513161227, 91, -1.0
32018.197123403326, 42, -1.0
32018.68211870413, 164, -1.0
32018.902848498907, 126, -1.0
32024.21842090266, 169, -1.0
32024.620874689375, 44, -1.0
32028.557251703547, 75, -1.0
32028.851081902932, 75, 1.0
32030.73676627358, 102, 1.0
32031.09018408953, 164, 1.0
32031.144679133846, 32, -1.0
32032.624207123, 126, 1.0
32034.311847452787, 34, -1.0
32039.0283436853, 64, -1.0
32042.727302554984, 39, -1.0
32046.33793308861, 148, -1.0
32048.124358038403, 45, -1.0
32048.767482977757, 67, 1.0
32049.313344421615, 126, 1.0
32052.511650728782, 71, 1.0
32053.01066692866, 106, -1.0
32054.151321803194, 235, 1.0
32054.724030500503, 67, -1.0
32057.531555953432, 233, -1.0
32057.57728149525, 92, -1.0
32059.389292783708, 102, 1.0
32059.419346436516, 146, -1.0
32059.829430509133, 149, 1.0
32060.911728452276, 34, -1.0
32061.199520097867, 114, 1.0
32061.6574183001, 233, 1.0
32067.698369080048, 169, 1.0
32067.70276973484, 154, 1.0
32067.895642301748, 177, -1.0
32070.15104817719, 130, 1.0
32074.069007647497, 165, -1.0
32074.69688962308, 50, 1.0
32076.227130679254, 34, -1.0
32076.860682400005, 70, 1.0
32077.276006275082, 80, -1.0
32078.686039336426, 167, -1.0
32081.35722815414, 58, -1.0
32082.692827449486, 36, -1.0
32084.574942066207, 235, 1.0
32085.30859140807, 133, 1.0
32089.946179930615, 29, -1.0
32090.38901575979, 113, -1.0
32091.95977524767, 101, 1.0
32097.587899976104, 162, -1.0
32098.77786700851, 29, -1.0
32102.203388281792, 101, 1.0
32103.410949661196, 75, -1.0
32103.420710654762, 169, -1.0
32106.5965112318, 114, 1.0
32107.356287625076, 222, -1.0
32112.443387237443, 50, 1.0
32114.028345860468, 162, -1.0
32114.582117952126, 116, -1.0
32115.990612654397, 87, -1.0
32117.27593825796, 123, 1.0
32117.545396369103, 100, -1.0
32118.49067843087, 82, -1.0
32120.08140217772, 123, -1.0
32121.430017705094, 133, -1.0
32125.527361794357, 91, -1.0
32126.51207796622, 72, -1.0
32127.277834440123, 67, 1.0
32127.338750566927, 90, -1.0
32130.15373153177, 40, 1.0
32136.852770479833, 64, 1.0
32137.064821755943, 35, 1.0
32137.947086570064, 59, 1.0
32144.417292053895, 230, -1.0
32147.159482466228, 52, -1.0
32149.53227352175, 82, -1.0
32151.073896780257, 108, 1.0
32153.348070455584, 64, -1.0
32153.454250038554, 126, -1.0
32155.337701537082, 235, 1.0
32155.653813066278, 153, -1.0
32156.847368083767, 157, -1.0
32157.111333964232, 101, -1.0
32157.377108996745, 29, 1.0
32158.207440523347, 59, -1.0
32167.380774249577, 119, 1.0
32169.816388822263, 32, -1.0
32171.947506554992, 26, 1.0
32175.203459194898, 35, 1.0
32175.592257733515, 105, -1.0
32177.021183425753, 155, 1.0
32177.03341383437, 68, -1.0
32178.62017120012, 97, -1.0
32179.319993542504, 75, -1.0
32180.047801234206, 35, -1.0
32182.742404434688, 123, -1.0
32182.841414040588, 29, -1.0
32182.92257032641, 55, -1.0
32183.412512290153, 114, 1.0
32183.840368922, 180, 1.0
32184.422269796436, 164, -1.0
32185.156541520882, 83, -1.0
32187.221019575365, 69, 1.0
32187.28039055837, 235, -1.0
32187.87056798708, 52, 1.0
32189.457842645734, 97, -1.0
32189.768038260074, 162, 1.0
32191.488062112086, 116, -1.0
32192.170153621642, 59, 1.0
32193.339100455276, 165, 1.0
32194.30627575883, 45, -1.0
32197.362719472392, 71, 1.0
32197.97273396833, 29, -1.0
32200.295664303634, 75, -1.0
32202.34350733452, 104, 1.0
32204.940773265393, 93, -1.0
32206.109152598445, 109, 1.0
32213.16134199695, 182, 1.0
32215.232662936705, 91, -1.0
32217.3080701753, 164, -1.0
32218.42345413038, 164, -1.0
32219.350573097967, 155, 1.0
32224.192879152357, 83, -1.0
32224.223160803784, 162, 1.0
32229.48288078029, 50, -1.0
32230.47318130185, 50, -1.0
32230.4932395441, 97, 1.0
32231.80377722683, 74, -1.0
32232.170472284102, 158, -1.0
32234.70885249623, 40, 1.0
32235.762423737517, 168, 1.0
32240.343078483293, 86, -1.0
32240.660304944293, 51, -1.0
32245.58719518403, 155, 1.0
32245.620391198605, 126, -1.0
32245.655476444525, 234, -1.0
32251.26952099141, 80, -1.0
32252.008964227265, 28, -1.0
32252.81708862631, 82, -1.0
32254.366874495772, 52, 1.0
32258.63296856213, 75, -1.0
32260.26429547961, 117, 1.0
32261.67852766864, 167, -1.0
32262.89732941885, 146, -1.0
32263.78413872246, 34, 1.0
32266.353670926335, 32, -1.0
32266.739863188628, 90, -1.0
32267.348628410222, 169, -1.0
32267.6307258564, 36, 1.0
32269.63877209068, 58, -1.0
32270.369304842694, 58, -1.0
32270.870036839457, 177, -1.0
32280.96890111735, 52, -1.0
32282.71824519581, 95, -1.0
32284.5342582599, 46, -1.0
32285.202041006363, 130, -1.0
32286.22953982139, 101, 1.0
32290.255742009118, 116, -1.0
32290.35478000998, 40, 1.0
32293.62339354235, 33, -1.0
32294.901443938285, 28, -1.0
32295.07932886414, 87, -1.0
32295.2911814418, 114, 1.0
32296.605556044153, 43, 1.0
32300.006072603406, 167, 1.0
32302.76285359617, 101, -1.0
32306.459070220655, 45, -1.0
32306.80382587783, 109, 1.0
32306.98348779578, 181, -1.0
32307.98656142425, 68, 1.0
32310.109615296347, 149, -1.0
32310.909877033162, 98, -1.0
32312.485783457814, 235, 1.0
32314.19250134359, 100, -1.0
32315.549947147752, 53, 1.0
32315.630138291766, 101, 1.0
32316.853602391333, 241, -1.0
32318.53268747818, 40, 1.0
32319.89246393402, 35, -1.0
32322.641553732577, 108, -1.0
32324.946062553023, 122, -1.0
32326.971181609468, 114, 1.0
32336.10601635379, 27, -1.0
32336.760162548562, 159, -1.0
32338.716204637913, 60, -1.0
32342.557049532592, 92, -1.0
32342.856371472484, 83, -1.0
32344.555059931132, 142, -1.0
32345.10114874709, 101, -1.0
32346.615757442247, 71, 1.0
32347.592762995817, 228, -1.0
32349.36115441306, 133, 1.0
32350.67274391233, 84, -1.0
32352.993455615153, 70, -1.0
32353.20540231113, 60, -1.0
32358.024825951794, 103, 1.0
32358.105765994816, 167, -1.0
32358.844519679704, 133, -1.0
32361.19281611598, 83, -1.0
32361.96821556388, 146, -1.0
32362.54785174627, 148, -1.0
32363.401995644235, 67, 1.0
32363.715114681, 148, -1.0
32365.69507424293, 123, 1.0
32365.87875432532, 76, -1.0
32366.08556928428, 35, -1.0
32373.992599124533, 50, -1.0
32374.63399644763, 106, -1.0
32379.63161910183, 137, -1.0
32382.149642271812, 159, 1.0
32382.469132893268, 164, 1.0
32382.707233790083, 32, -1.0
32383.03598208609, 54, -1.0
32386.78609531541, 88, -1.0
32390.579446915028, 126, -1.0
32395.254625165056, 98, -1.0
32395.90326055001, 142, -1.0
32397.04963840489, 59, -1.0
32398.5963691862, 118, -1.0
