39600.71063535004, 42, -1.0
39600.86490774087, 173, -1.0
39601.74031073441, 88, -1.0
39602.169342705754, 35, -1.0
39602.62096841766, 222, 1.0
39603.39195679072, 96, -1.0
39604.271987962915, 73, -1.0
39607.10267587823, 69, 1.0
39607.964432944806, 32, -1.0
39609.044889691286, 163, 1.0
39609.822430484914, 44, -1.0
39611.930131760775, 234, -1.0
39612.52455641158, 40, -1.0
39612.96722757915, 169, -1.0
39613.5088684012, 36, 1.0
39615.92527217825, 32, -1.0
39616.67664631084, 41, 1.0
39617.597049805016, 101, 1.0
39617.812665488935, 75, 1.0
39619.360525515964, 177, -1.0
39619.8485198157, 116, 1.0
39620.51864303531, 39, -1.0
39620.789863392165, 61, -1.0
39622.430988546126, 128, -1.0
39624.700709418015, 187, -1.0
39625.405714214576, 160, -1.0
39627.252111133195, 160, 1.0
39627.81516430957, 90, -1.0
39627.999918789945, 168, -1.0
39629.06435527794, 75, 1.0
39631.65652898915, 101, 1.0
39632.344000467034, 142, -1.0
39634.40910338933, 141, 1.0
39635.01870683254, 74, 1.0
39636.79661244374, 104, -1.0
39642.574094878015, 193, -1.0
39644.59852987155, 169, -1.0
39646.69070554864, 169, -1.0
39646.86372457905, 61, 1.0
39646.87179357806, 182, 1.0
39648.415421023616, 50, 1.0
39650.94779404804, 67, -1.0
39651.9415523141, 146, 1.0
39652.36013403812, 230, -1.0
39653.21180893978, 124, -1.0
39653.87372056371, 154, -1.0
39654.43629458694, 110, -1.0
39654.889891671206, 103, 1.0
39657.85284888706, 109, -1.0
39659.34825037547, 108, -1.0
39659.42307033099, 83, 1.0
39660.54081827438, 27, -1.0
39661.60763332386, 154, 1.0
39661.965999992426, 152, -1.0
39662.73852468941, 43, -1.0
39664.26648105647, 148, 1.0
39665.680627255606, 35, -1.0
39665.85085723563, 91, -1.0
39666.545598291406, 165, 1.0
39667.0162310536, 96, -1.0
39669.22752087131, 177, 1.0
39669.542892407255, 83, -1.0
39670.594388515485, 59, 1.0
39672.00630763803, 40, -1.0
39672.571686658106, 114, 1.0
39673.79977513597, 32, 1.0
39675.350321276324, 50, -1.0
39677.02028194324, 137, -1.0
39677.7161224472, 164, 1.0
39678.356325113135, 100, -1.0
39679.204632917295, 119, 1.0
39679.831445732685, 222, -1.0
39681.326722165126, 105, -1.0
39682.27279989683, 177, -1.0
39682.6413141006, 120, -1.0
39683.16657554302, 228, 1.0
39683.780395467154, 141, 1.0
39683.91260725746, 155, -1.0
39685.35185869658, 32, 1.0
39687.17614348785, 98, -1.0
39687.45353609115, 166, -1.0
39689.44889599773, 28, 1.0
39691.54803819924, 59, -1.0
39692.521021856264, 112, -1.0
39693.67704963328, 76, 1.0
39696.82340860592, 75, -1.0
39697.22540587233, 44, 1.0
39697.770290775115, 90, -1.0
39700.32330119074, 163, -1.0
39701.8081917739, 39, -1.0
39702.513895946, 88, -1.0
39702.67838167799, 26, -1.0
39702.89921497637, 36, 1.0
39704.147386393364, 120, -1.0
39704.76819752582, 58, -1.0
39706.16490737705, 68, -1.0
39707.40677492572, 152, -1.0
39707.63598343377, 40, -1.0
39710.020807899615, 103, 1.0
39712.99424767231, 76, -1.0
39713.532538947926, 81, -1.0
39713.79923818124, 86, -1.0
39714.149532499185, 105, -1.0
39716.16749779768, 152, 1.0
39716.2465140387, 164, 1.0
39716.30534187992, 234, -1.0
39716.534291117605, 52, -1.0
39719.81600011346, 72, 1.0
39719.97744974069, 69, 1.0
39720.0231361743, 60, 1.0
39720.4024149525, 67, -1.0
39724.88320936899, 53, -1.0
39725.18633431262, 75, 1.0
39727.56088284355, 133, -1.0
39728.04136855568, 39, -1.0
39729.06898510838, 75, 1.0
39729.2344921481, 120, -1.0
39729.35086475205, 123, 1.0
39729.80462545196, 101, 1.0
39729.81040334793, 177, -1.0
39730.43579306261, 80, 1.0
39731.66368420028, 138, 1.0
39733.36948421273, 58, 1.0
39733.7232900858, 165, -1.0
39735.55946772178, 40, 1.0
39736.037813527124, 110, -1.0
39736.98155230266, 154, 1.0
39737.665296939595, 163, -1.0
39739.746367486274, 89, 1.0
39741.009805008944, 122, -1.0
39743.587708600346, 168, -1.0
39743.6629137453, 69, -1.0
39743.6956153972, 91, -1.0
39743.963727008566, 163, -1.0
39744.19009752663, 44, 1.0
39744.9122061294, 187, -1.0
39747.09456824863, 154, -1.0
39748.71484262657, 98, 1.0
39748.96533812141, 92, 1.0
39749.212830916025, 87, 1.0
39750.60941695622, 56, -1.0
39750.89136198593, 75, -1.0
39751.51133539894, 233, -1.0
39751.58875031032, 152, 1.0
39752.769091028174, 53, 1.0
39753.02959532345, 73, 1.0
39753.87801317046, 75, -1.0
39758.98580450236, 152, -1.0
39760.41705882603, 64, -1.0
39760.47642329935, 188, 1.0
39760.50139897856, 114, 1.0
39762.322076963246, 165, -1.0
39762.62219898491, 164, 1.0
39764.33940650449, 108, 1.0
39764.86748203041, 123, -1.0
39765.655111889995, 207, -1.0
39769.211035784174, 34, 1.0
39769.84213746549, 163, 1.0
39770.381099318794, 242, -1.0
39771.06081816137, 98, -1.0
39773.92011545456, 109, 1.0
39774.56433523234, 116, 1.0
39775.25399280201, 139, 1.0
39775.62768017709, 142, -1.0
39779.17036005108, 50, 1.0
39779.84936687896, 55, -1.0
39779.90609508343, 177, -1.0
39780.61972537605, 73, 1.0
39780.667176922834, 124, 1.0
39782.0928427427, 61, -1.0
39782.45708507793, 26, -1.0
39783.00575366031, 29, -1.0
39783.20649703811, 67, 1.0
39783.734102669114, 104, -1.0
39783.82629227097, 60, -1.0
39784.015268232484, 193, -1.0
39784.033578180686, 67, -1.0
39784.529773492584, 102, 1.0
39785.25207202229, 177, -1.0
39786.927277661765, 99, -1.0
39790.25325619693, 44, -1.0
39792.73300845624, 188, -1.0
39794.063665884074, 165, 1.0
39794.43245617487, 40, 1.0
39795.84624925662, 68, -1.0
39796.01529777299, 54, -1.0
39798.54714147775, 103, -1.0
39798.849909368255, 41, 1.0
39799.420527182396, 51, 1.0
39800.86500692343, 126, 1.0
39801.50364814987, 41, -1.0
39801.51019307789, 54, 1.0
39802.004137194905, 141, 1.0
39803.72340916211, 242, -1.0
39803.8879457331, 137, 1.0
39804.05099142812, 177, 1.0
39805.34775658297, 137, -1.0
39806.04897004257, 116, 1.0
39806.07647011156, 118, 1.0
39807.92432546073, 233, -1.0
39810.70448098058, 133, -1.0
39811.735512364605, 76, -1.0
39813.73487485134, 83, -1.0
39813.963702392306, 36, 1.0
39815.0615840849, 75, 1.0
39820.02267346824, 118, -1.0
39821.444254245784, 75, 1.0
39823.59887246174, 41, -1.0
39824.26484161841, 88, -1.0
39825.43704620036, 163, 1.0
39825.78775186766, 35, -1.0
39825.91964690988, 99, -1.0
39831.87796300628, 177, -1.0
39835.520698662214, 153, -1.0
39835.81798987151, 116, -1.0
39837.04802266212, 55, -1.0
39838.44919734365, 58, 1.0
39838.95107948158, 108, -1.0
39841.71472646436, 105, -1.0
39842.065777915916, 64, 1.0
39842.56711793473, 52, 1.0
39844.37764622788, 116, 1.0
39844.46921660949, 85, -1.0
39845.196226666456, 155, 1.0
39845.61838176013, 163, 1.0
39846.48796342981, 59, 1.0
39846.992468347264, 63, -1.0
39848.24759594426, 173, 1.0
39848.31197381433, 169, -1.0
39849.21912129304, 82, -1.0
39850.75528650637, 71, -1.0
39854.667759736745, 29, -1.0
39855.342337855735, 41, 1.0
39856.50262276359, 43, -1.0
39856.50989842683, 188, -1.0
39856.8054742117, 119, -1.0
39858.521302813366, 114, 1.0
39859.62777009366, 39, -1.0
39860.17915286088, 133, -1.0
39860.27930029702, 152, 1.0
39860.9116478462, 92, -1.0
39862.336611347484, 114, 1.0
39864.31709649167, 68, 1.0
39864.60530405229, 100, 1.0
39870.16290167521, 28, -1.0
39870.93920844309, 56, -1.0
39871.33444347614, 60, -1.0
39872.07834899178, 61, -1.0
39872.12557146872, 105, -1.0
39872.13553592647, 35, -1.0
39872.21389145538, 97, -1.0
39872.596419322785, 100, 1.0
39872.78376967251, 36, 1.0
39872.964560715445, 82, -1.0
39873.27192464265, 147, -1.0
39873.9422417491, 84, -1.0
39874.170099301344, 67, 1.0
39874.90930863608, 40, -1.0
39876.99134804492, 75, 1.0
39877.15141547956, 117, -1.0
39878.154756982294, 161, 1.0
39879.62892556878, 58, 1.0
39879.82041183592, 188, -1.0
39880.434081411746, 99, -1.0
39885.19346186692, 40, 1.0
39886.657322249266, 76, -1.0
39886.799544501984, 130, -1.0
39888.21681938947, 41, 1.0
39888.8761287748, 133, 1.0
39888.90805691649, 152, 1.0
39888.98035600627, 44, 1.0
39889.29881553266, 151, -1.0
39889.475750514874, 59, -1.0
39893.65476506888, 64, -1.0
39893.99349262685, 159, -1.0
39894.21813115449, 235, -1.0
39894.37402846362, 207, -1.0
39894.3762132176, 30, -1.0
39894.69922856517, 165, -1.0
39899.97536682984, 103, -1.0
39900.36576502709, 35, 1.0
39900.3814667352, 130, -1.0
39900.89616029153, 164, 1.0
39901.09376497146, 102, 1.0
39904.43255376538, 152, -1.0
39906.01659586058, 48, -1.0
39906.34036301979, 75, 1.0
39906.49251467846, 44, -1.0
39906.805505613105, 34, -1.0
39907.62680572605, 75, 1.0
39908.074391493945, 89, 1.0
39908.08288777734, 233, 1.0
39909.03029142965, 59, 1.0
39910.57660114895, 105, -1.0
39910.81033999253, 163, 1.0
39910.91346347946, 67, -1.0
39911.99718244768, 87, -1.0
39914.072742850934, 58, 1.0
39914.32109899102, 59, -1.0
39914.42498286702, 133, -1.0
39915.935801841675, 120, 1.0
39917.11272626019, 58, 1.0
39917.49591181527, 69, -1.0
39920.09022946248, 37, 1.0
39920.97463008058, 41, 1.0
39921.12119961432, 164, 1.0
39923.46184578459, 106, 1.0
39926.57483061814, 101, -1.0
39926.696172279946, 66, -1.0
39926.97956708526, 124, -1.0
39927.217627730155, 116, -1.0
39929.466453114816, 113, -1.0
39929.89730639338, 89, 1.0
39932.06560113284, 69, 1.0
39932.175874701206, 69, -1.0
39932.824090681606, 85, -1.0
39935.07718348973, 67, -1.0
39935.21394661968, 114, -1.0
39943.146139234974, 122, -1.0
39943.85720812235, 116, 1.0
39944.35050611287, 98, 1.0
39947.86868908431, 182, -1.0
39948.28940112321, 177, -1.0
39955.04193057606, 162, 1.0
39956.11674280325, 187, -1.0
39956.13559230829, 58, 1.0
39957.63488412084, 159, -1.0
39958.44983975823, 164, -1.0
39960.62764058905, 67, 1.0
39963.21643218522, 114, 1.0
39963.67046725013, 40, 1.0
39963.8554754005, 39, 1.0
39965.31705240176, 163, 1.0
39965.484753953846, 59, 1.0
39966.39133652283, 89, -1.0
39966.75774877308, 84, 1.0
39969.29717942925, 90, -1.0
39969.436894809114, 59, 1.0
39969.9819096108, 165, -1.0
39970.02949070247, 83, 1.0
39971.04450635541, 64, -1.0
39971.60373507996, 154, -1.0
39971.88815907606, 142, 1.0
39972.70777872796, 35, -1.0
39972.99842506848, 108, -1.0
39976.51189118272, 158, -1.0
39976.78479638657, 102, -1.0
39976.87702224294, 169, 1.0
39977.92731192502, 75, -1.0
39978.97091138344, 90, -1.0
39980.697523367715, 116, 1.0
39982.02755513286, 34, -1.0
39982.44372955669, 116, 1.0
39983.91927586744, 48, -1.0
39984.24015238906, 128, 1.0
39985.53048874963, 45, -1.0
39988.95826681765, 40, -1.0
39989.11686696699, 45, 1.0
39991.486220015344, 164, 1.0
39991.88835126206, 60, -1.0
39995.592503261316, 163, -1.0
39995.86076129055, 137, -1.0
39996.279135830315, 27, 1.0
39998.05604040743, 75, -1.0
39999.55272445752, 158, 1.0
40000.801487589626, 193, 1.0
40002.182879564694, 155, -1.0
40002.24272784426, 155, -1.0
40003.65911491977, 92, -1.0
40004.45060574579, 34, -1.0
40005.18867469, 114, 1.0
40005.972592555016, 63, 1.0
40008.368981591266, 81, -1.0
40010.09144668445, 126, 1.0
40011.41575701095, 228, 1.0
40011.78113683222, 66, 1.0
40012.58075750401, 103, -1.0
40013.645516011056, 198, 1.0
40015.689227165145, 101, 1.0
40017.1680259431, 75, 1.0
40017.479868826784, 182, 1.0
40017.68776045636, 45, 1.0
40018.17406672306, 100, 1.0
40020.709927941854, 45, -1.0
40020.94178488419, 102, 1.0
40021.52801913392, 158, -1.0
40023.39136466181, 80, 1.0
40024.05942434603, 146, 1.0
40024.27241317067, 230, -1.0
40025.40705160035, 40, -1.0
40025.58584231654, 44, -1.0
40025.890632245566, 117, -1.0
40026.90594601229, 151, 1.0
40030.28599724251, 163, -1.0
40033.6754358979, 99, -1.0
40034.55405387847, 106, -1.0
40036.746684225036, 83, 1.0
40038.3164065795, 161, -1.0
40041.29872093288, 142, -1.0
40041.40112283717, 36, -1.0
40042.286404358114, 76, 1.0
40042.60888929821, 68, -1.0
40042.68140292079, 142, -1.0
40043.89819688631, 168, 1.0
40044.92727496203, 34, 1.0
40045.30460337344, 68, -1.0
40048.55492789682, 87, -1.0
40049.449643058455, 173, -1.0
40049.54102196462, 230, 1.0
40050.41162253424, 241, 1.0
40052.20191632657, 228, -1.0
40052.23992993417, 68, -1.0
40052.2827179428, 116, -1.0
40053.92933869161, 50, -1.0
40054.30817480154, 165, -1.0
40054.334958431704, 149, 1.0
40055.51730989761, 154, -1.0
40055.57319338864, 228, -1.0
40057.760246138816, 52, 1.0
40057.89534530503, 99, 1.0
40058.01991388804, 64, -1.0
40058.14580557725, 120, -1.0
40058.806253272276, 126, -1.0
40059.62101545777, 146, -1.0
40065.600284348795, 33, -1.0
40066.441835339, 154, -1.0
40067.25082971744, 161, -1.0
40067.7891831943, 83, -1.0
40068.4907793821, 64, -1.0
40068.609954518186, 71, -1.0
40069.50646862401, 68, 1.0
40070.37447354486, 151, 1.0
40070.82297731987, 114, 1.0
40073.36474741819, 75, 1.0
40073.36847403119, 53, -1.0
40073.37016620958, 149, -1.0
40073.874772818, 116, 1.0
40074.13283146291, 41, 1.0
40076.63450817991, 40, 1.0
40077.10635325665, 84, -1.0
40077.33146434995, 105, -1.0
40077.51549965849, 147, 1.0
40079.222136652344, 101, 1.0
40079.67986085397, 41, -1.0
40080.39799878693, 45, 1.0
40080.95326830269, 69, -1.0
40081.66793677223, 76, -1.0
40082.98986553503, 116, 1.0
40085.46893314354, 146, 1.0
40086.66814817958, 141, -1.0
40087.658663229864, 40, 1.0
40088.848381353, 63, 1.0
40089.39796725521, 103, 1.0
40090.42805480743, 149, -1.0
40092.55483144822, 81, 1.0
40093.706356260634, 75, 1.0
40095.36744126816, 40, 1.0
40096.16644853877, 91, -1.0
40098.5976531436, 177, -1.0
40098.92145022317, 164, 1.0
40099.934372682306, 142, 1.0
40100.993926159805, 117, 1.0
40101.34568483261, 103, 1.0
40101.55538024092, 48, 1.0
40103.10032946037, 146, 1.0
40103.882080777585, 164, -1.0
40106.23987233928, 102, 1.0
40107.23098087133, 100, -1.0
40110.001772313204, 72, 1.0
40110.34945322027, 58, -1.0
40110.469742802874, 222, 1.0
40110.8948792509, 157, -1.0
40113.41890626913, 27, -1.0
40113.46739309468, 58, -1.0
40114.97718170924, 114, 1.0
40115.18288848596, 45, 1.0
40115.465739696425, 193, -1.0
40118.52526995257, 75, 1.0
40118.9680383796, 58, 1.0
40120.39706361311, 169, -1.0
40122.10226680941, 34, -1.0
40122.198148688534, 202, -1.0
40124.16509247241, 98, -1.0
40124.3050681012, 99, -1.0
40124.508239756746, 152, -1.0
40124.605151155054, 95, -1.0
40124.792681003026, 98, 1.0
40124.80051743114, 152, 1.0
40125.32848021363, 101, -1.0
40126.979779046014, 130, 1.0
40127.14478648539, 60, 1.0
40127.239099037324, 164, -1.0
40129.41102490497, 53, -1.0
40129.82624782453, 99, -1.0
40130.90350059988, 99, -1.0
40133.60460902736, 42, -1.0
40134.08139664354, 165, 1.0
40136.47515082911, 160, -1.0
40137.103235896124, 74, 1.0
40137.37878656123, 158, -1.0
40141.48679703057, 116, 1.0
40142.28820579557, 118, -1.0
40142.46103432441, 177, -1.0
40142.73526275919, 111, -1.0
40144.43078972418, 36, 1.0
40144.64757801429, 163, -1.0
40145.10130603651, 142, -1.0
40146.66112123402, 95, -1.0
40148.54454369155, 33, -1.0
40149.007422287665, 155, 1.0
40150.54306640699, 109, -1.0
40151.20548580321, 68, -1.0
40152.89083575914, 100, 1.0
40153.40410052704, 56, -1.0
40153.51279298055, 74, 1.0
40153.60699642449, 142, 1.0
40154.57076511037, 68, -1.0
40155.42568975019, 82, -1.0
40155.43534223415, 126, 1.0
40155.85116257661, 233, -1.0
40156.58108133482, 91, -1.0
40158.14512268217, 166, -1.0
40160.478720672545, 139, 1.0
40161.130683135125, 148, -1.0
40163.117772960875, 202, -1.0
40165.26140899136, 45, -1.0
40165.91160271638, 233, -1.0
40166.364434448275, 123, -1.0
40166.582767390166, 61, -1.0
40167.92684318058, 29, -1.0
40171.38763826166, 165, -1.0
40171.43391523516, 100, 1.0
40172.98092744105, 96, -1.0
40173.020235672375, 104, -1.0
40174.80603596203, 119, -1.0
40174.88517432054, 58, 1.0
40175.24700852986, 228, 1.0
40179.06854542582, 65, 1.0
40179.151451281796, 58, 1.0
40179.94717071377, 75, 1.0
40182.217121433365, 74, 1.0
40182.407091859604, 81, -1.0
40184.70654801627, 95, 1.0
40186.289441703986, 58, 1.0
40186.309804932906, 68, 1.0
40187.086529644635, 207, -1.0
40188.62188013742, 63, -1.0
40190.15610886913, 64, -1.0
40190.71588997184, 27, -1.0
40191.333385786405, 116, -1.0
40191.64315147167, 34, -1.0
40192.78389306813, 118, -1.0
40195.4005121959, 142, 1.0
40196.42180729483, 130, 1.0
40197.13534677065, 81, -1.0
40199.58327628677, 141, 1.0
40199.9573327644, 34, 1.0
40199.975503959155, 84, 1.0
40200.94560687984, 169, 1.0
40200.95998071593, 169, 1.0
40201.554553552654, 222, -1.0
40201.77487037999, 228, -1.0
40202.50601045128, 126, -1.0
40203.319778927296, 58, -1.0
40205.53674881759, 75, -1.0
40208.019567708994, 35, -1.0
40210.71033310127, 58, 1.0
40212.361555678675, 116, 1.0
40213.229799564404, 92, 1.0
40215.43974730475, 40, -1.0
40215.50526578009, 164, -1.0
40218.217159024214, 83, 1.0
40219.13968020181, 198, -1.0
40219.83574152055, 58, -1.0
40223.80350987583, 50, -1.0
40224.165329876414, 102, -1.0
40225.71617454719, 71, 1.0
40225.90272520625, 44, -1.0
40226.67933189501, 101, -1.0
40226.779189005305, 68, 1.0
40227.06689567487, 71, 1.0
40227.21009060922, 29, -1.0
40227.39353121958, 45, -1.0
40229.24186773519, 228, 1.0
40229.4356141361, 75, 1.0
40233.142756018206, 162, -1.0
40235.4710797751, 83, 1.0
40236.41984876151, 235, -1.0
40237.96505301008, 53, -1.0
40238.2752138311, 112, 1.0
40238.32796722449, 48, -1.0
40238.42555417472, 162, -1.0
40240.04754149344, 39, -1.0
40241.41887105882, 163, -1.0
40241.51583135491, 119, -1.0
40241.57585447539, 36, -1.0
40243.49223278937, 48, -1.0
40244.77768710728, 75, -1.0
40246.154128777955, 182, 1.0
40246.88918371367, 59, -1.0
40251.11256492797, 106, 1.0
40251.23337314632, 114, -1.0
40252.32585228747, 90, -1.0
40253.24738350847, 126, -1.0
40254.55586563078, 46, 1.0
40256.62297956431, 114, 1.0
40258.38864811975, 42, -1.0
40258.59632563065, 60, -1.0
40259.65344831816, 152, 1.0
40260.330922689114, 126, -1.0
40264.11858937926, 116, 1.0
40267.0461517, 181, 1.0
40267.60704462121, 75, -1.0
40267.6534740468, 40, 1.0
40268.15773182216, 100, -1.0
40270.1843808365, 102, 1.0
40271.40949315121, 163, 1.0
40272.48141617178, 75, 1.0
40275.66532820448, 83, 1.0
40278.857396621934, 98, -1.0
40281.479712466986, 165, 1.0
40281.53355382376, 146, 1.0
40282.57794791545, 99, 1.0
40283.809189506705, 99, -1.0
40288.32986270622, 64, -1.0
40288.82388818175, 161, 1.0
40289.25070210283, 39, 1.0
40290.34371682641, 27, -1.0
40293.08557835344, 29, 1.0
40293.167225191035, 52, -1.0
40294.29402920229, 117, 1.0
40294.76553291894, 234, 1.0
40295.83938072712, 31, -1.0
40295.84382561532, 154, -1.0
40296.2784758702, 152, -1.0
40297.2340165315, 81, -1.0
40298.59983378899, 142, 1.0
40299.31504804823, 92, -1.0
40299.3929237692, 41, 1.0
40300.50926106057, 75, 1.0
40301.89914263939, 83, -1.0
40302.4751752577, 99, 1.0
40302.99859970277, 33, 1.0
40303.355139949126, 59, 1.0
40304.16201851505, 39, 1.0
40304.72416712753, 39, -1.0
40306.729886511144, 40, -1.0
40307.300087150245, 141, 1.0
40307.524722691865, 58, 1.0
40308.30061398793, 154, 1.0
40308.97836713231, 31, -1.0
40310.04400851007, 158, -1.0
40310.16841509555, 193, -1.0
40310.95185080786, 89, -1.0
40314.58636620831, 59, -1.0
40315.27724728847, 86, -1.0
40316.50481474899, 39, 1.0
40318.06313160467, 162, -1.0
40318.378201134496, 67, 1.0
40318.394543592345, 92, -1.0
40319.839669975394, 56, 1.0
40321.638043434075, 81, 1.0
40323.65247882678, 165, -1.0
40324.49556344238, 87, -1.0
40324.69371739078, 233, -1.0
40328.05095834068, 151, 1.0
40328.63312789487, 54, -1.0
40329.63997305439, 69, -1.0
40331.94512710814, 35, 1.0
40333.61636593944, 130, -1.0
40333.66817553666, 109, -1.0
40333.73839124579, 162, -1.0
40336.42138487389, 103, 1.0
40338.60575503928, 71, 1.0
40339.037069628204, 92, -1.0
40339.44445171112, 166, -1.0
40339.56191122941, 162, 1.0
40339.564098042385, 58, -1.0
40340.190864864526, 88, 1.0
40340.958437870795, 165, -1.0
40345.08976119112, 162, 1.0
40345.55681673138, 75, 1.0
40346.235895487865, 52, 1.0
40348.205358997206, 163, -1.0
40350.159899779974, 40, 1.0
40352.33561812472, 116, -1.0
40354.889730052906, 26, -1.0
40358.48659577601, 75, -1.0
40359.03339510373, 177, -1.0
40360.41059218319, 171, -1.0
40361.57707812068, 59, -1.0
40361.87829714482, 46, -1.0
40362.3191307386, 109, -1.0
40363.194796512085, 52, -1.0
40363.5117841114, 90, -1.0
40367.63337560688, 76, -1.0
40368.04831582795, 71, 1.0
40368.3689523166, 114, 1.0
40369.579997301706, 64, -1.0
40371.30801434335, 230, -1.0
40372.0163453487, 119, 1.0
40374.45977982918, 126, -1.0
40374.47283962393, 118, -1.0
40374.47476479631, 64, -1.0
40374.92216797201, 99, 1.0
40376.399497919134, 133, 1.0
40376.87939665222, 95, 1.0
40377.398525252196, 35, -1.0
40379.893966350544, 130, -1.0
40380.38634833184, 148, -1.0
40381.72757709502, 116, 1.0
40381.94382005239, 58, -1.0
40382.094021349425, 40, -1.0
40384.286059083795, 58, -1.0
40385.98707734336, 39, 1.0
40386.120014730404, 58, -1.0
40386.98796813155, 50, -1.0
40387.29799087694, 96, -1.0
40388.45658754793, 102, 1.0
40389.18866662672, 158, -1.0
40389.20921257029, 163, 1.0
40389.23374846738, 40, 1.0
40390.07795108316, 73, -1.0
40390.467139379085, 36, 1.0
40392.67483457202, 235, 1.0
40393.64135710597, 100, -1.0
40394.00147367594, 160, 1.0
40394.890062890416, 165, -1.0
40395.62989743925, 56, 1.0
40396.52611128297, 193, -1.0
40396.66803872916, 91, 1.0
40396.707500208606, 75, 1.0
40397.90126523841, 72, 1.0
40399.36599509846, 35, 1.0
40400.69651009463, 35, -1.0
40402.79602401771, 119, 1.0
40402.79835653159, 81, -1.0
40403.44379062399, 158, 1.0
40404.38997212654, 84, -1.0
40409.12534493251, 126, -1.0
40409.30042856877, 154, -1.0
40409.79251311909, 116, -1.0
40411.99718402121, 74, 1.0
40414.11286462978, 157, -1.0
40416.26037092618, 46, -1.0
40416.575637888935, 92, -1.0
40418.38537333067, 173, -1.0
40418.688800944794, 149, 1.0
40419.01512499953, 241, 1.0
40420.79972695428, 32, -1.0
40421.65791013809, 58, -1.0
40422.2181053376, 94, 1.0
40422.93566263301, 44, -1.0
40423.508766940795, 159, 1.0
40426.69274010702, 101, -1.0
40426.78795634958, 142, -1.0
40426.94123296517, 114, -1.0
40427.31270250595, 126, 1.0
40427.563520805306, 64, 1.0
40429.55437933707, 80, 1.0
40431.21747945001, 81, 1.0
40431.51501867011, 164, 1.0
40431.861105160075, 210, -1.0
40432.7260740289, 82, -1.0
40433.51775856261, 71, 1.0
40436.02934435893, 120, -1.0
40437.80996852341, 157, -1.0
40438.03476078144, 210, 1.0
40438.0589718997, 59, -1.0
40442.715523022634, 114, -1.0
40443.26194089703, 153, -1.0
40444.07900161951, 100, 1.0
40444.28023820178, 103, 1.0
40444.43205860392, 116, 1.0
40444.53307965879, 162, -1.0
40444.59762110763, 157, 1.0
40444.819935943095, 41, 1.0
40445.01077361165, 41, -1.0
40445.158007792976, 76, -1.0
40447.10920274896, 126, -1.0
40447.52568392672, 69, -1.0
40448.7340516973, 58, -1.0
40448.80376908124, 138, 1.0
40449.03458011728, 50, 1.0
40449.89049394115, 68, 1.0
40451.65340028286, 155, 1.0
40451.68088404406, 43, -1.0
40451.74524145447, 173, 1.0
40452.3613653742, 114, 1.0
40452.41966501831, 65, 1.0
40452.46311690097, 170, 1.0
40452.84746318771, 60, -1.0
40453.45674442827, 75, 1.0
40455.03278080647, 99, 1.0
40456.559499611845, 28, 1.0
40456.95598318456, 84, 1.0
40457.70056105856, 233, 1.0
40458.55365736314, 76, -1.0
40459.78305813116, 122, -1.0
40459.98084875846, 73, -1.0
40460.155225141185, 146, 1.0
40460.281011227686, 86, -1.0
40461.3897371727, 164, 1.0
40463.137199258854, 230, -1.0
40463.24434164042, 43, 1.0
40463.674127227045, 142, -1.0
40464.59107086955, 169, 1.0
40464.90820266661, 102, -1.0
40465.367862175815, 75, 1.0
40468.89557351312, 66, -1.0
40469.702877713724, 105, 1.0
40470.9154141104, 76, 1.0
40472.17408459293, 71, -1.0
40473.23766432833, 71, 1.0
40473.85682299633, 82, -1.0
40474.48669357319, 35, -1.0
40474.88730583679, 65, -1.0
40475.35520615402, 72, 1.0
40475.71241241268, 75, 1.0
40477.86106800236, 75, 1.0
40477.86237271763, 167, -1.0
40480.35998018802, 75, -1.0
40483.18595325486, 103, 1.0
40483.22602089541, 165, -1.0
40485.24210965082, 169, 1.0
40487.21015444923, 34, -1.0
40488.187940419804, 58, -1.0
40489.71703098156, 65, -1.0
40490.7218562336, 173, -1.0
40492.16958139857, 102, 1.0
40492.870979885025, 137, -1.0
40494.10858484684, 48, 1.0
40494.660513548326, 99, -1.0
40498.152797055096, 188, -1.0
40498.3075404899, 35, -1.0
40500.53623891392, 34, -1.0
40500.56436563844, 50, 1.0
40500.80699912788, 163, 1.0
40501.81228925973, 120, -1.0
40502.030383815094, 173, -1.0
40502.11223799881, 116, -1.0
40503.11737924006, 39, 1.0
40503.37855556006, 39, -1.0
40503.50098177581, 73, 1.0
40506.24505558358, 146, 1.0
40506.94381631669, 76, 1.0
40508.5021597489, 230, 1.0
40509.351681135326, 234, -1.0
40511.87530812992, 71, 1.0
40512.20021237788, 71, 1.0
40512.877164983984, 75, -1.0
40516.06594203337, 45, 1.0
40517.09064817942, 138, 1.0
40518.15080772862, 40, 1.0
40519.71903852018, 157, -1.0
40519.827939156035, 116, 1.0
40521.867562216285, 71, 1.0
40524.407047142064, 177, -1.0
40524.73329984935, 52, -1.0
40526.96567690723, 72, 1.0
40527.35943360327, 100, 1.0
40527.71433628242, 45, -1.0
40531.995416530146, 87, -1.0
40533.05385266385, 81, 1.0
40533.28127382458, 41, -1.0
40533.54079337371, 177, -1.0
40533.757743403665, 146, 1.0
40536.04337920406, 29, -1.0
40536.531224386774, 44, -1.0
40539.47731714197, 90, -1.0
40539.878510971605, 99, -1.0
40540.07088635562, 234, 1.0
40540.306391208745, 29, -1.0
40540.34152055759, 75, 1.0
40540.37877433328, 35, -1.0
40541.90365531361, 45, 1.0
40541.9494779054, 98, -1.0
40542.35990425194, 102, -1.0
40543.38783535816, 105, 1.0
40543.8046108367, 69, -1.0
40544.95416261228, 87, 1.0
40545.289835568125, 98, -1.0
40546.70968942734, 120, -1.0
40547.545249494375, 228, 1.0
40548.1379299152, 36, -1.0
40549.10180209362, 35, -1.0
40550.87543872962, 81, -1.0
40551.589860397806, 159, 1.0
40552.19117308432, 41, -1.0
40553.17182714209, 52, 1.0
40553.87568866139, 90, -1.0
40557.76368319841, 101, 1.0
40557.99858374587, 45, -1.0
40558.55145403082, 104, -1.0
40562.453525903824, 74, 1.0
40564.72312716729, 52, -1.0
40565.33116954808, 86, 1.0
40565.3966088582, 163, -1.0
40565.974206290986, 142, 1.0
40566.612909920674, 36, -1.0
40569.903891389804, 101, 1.0
40570.049855791854, 105, 1.0
40570.46580794428, 59, 1.0
40570.71534051334, 100, -1.0
40571.73107523297, 58, -1.0
40573.23489082009, 76, -1.0
40573.836967538016, 111, 1.0
40573.90658998129, 119, -1.0
40575.668997022454, 163, 1.0
40576.60143163912, 152, -1.0
40577.19751040279, 182, -1.0
40578.18784962741, 168, -1.0
40578.60678092417, 60, -1.0
40579.23280323733, 151, -1.0
40579.65045864455, 112, 1.0
40579.957467007014, 146, 1.0
40580.071429175034, 103, -1.0
40580.71937915957, 230, 1.0
40581.12170173034, 124, -1.0
40581.73069985671, 32, -1.0
40583.62235059829, 76, -1.0
40587.3648704943, 114, 1.0
40587.44943402898, 234, -1.0
40587.79746418111, 41, -1.0
40588.19411755067, 90, -1.0
40589.647570227564, 161, -1.0
40590.582384246685, 112, 1.0
40591.114358270126, 58, -1.0
40591.56592434182, 234, 1.0
40592.324043496534, 142, 1.0
40593.05850973796, 99, -1.0
40594.449600662985, 35, 1.0
40594.52361100443, 96, -1.0
40595.14029329961, 101, 1.0
40599.03403678876, 85, 1.0
40600.72088837859, 40, 1.0
40603.868252871114, 75, -1.0
40604.69105504882, 141, 1.0
40606.76064735488, 142, -1.0
40606.849691288604, 160, -1.0
40607.36181602164, 116, 1.0
40607.841136178315, 67, 1.0
40608.01883712587, 152, 1.0
40608.25780566867, 116, 1.0
40608.46567626035, 152, -1.0
40613.58978693643, 106, 1.0
40615.34915504142, 182, 1.0
40617.37080685044, 148, -1.0
40618.78969032106, 164, 1.0
40619.63797942322, 99, 1.0
40620.56129412934, 40, 1.0
40624.738809686816, 161, -1.0
40627.92801556526, 198, -1.0
40628.04897783745, 169, -1.0
40628.89677745453, 93, 1.0
40630.87856368777, 146, 1.0
40630.89246920978, 235, 1.0
40632.42592280659, 157, -1.0
40632.95415499779, 69, 1.0
40638.95309808489, 114, 1.0
40641.949464564925, 101, -1.0
40641.95929635977, 202, -1.0
40648.29835904277, 68, 1.0
40648.79851372944, 69, 1.0
40650.81682359134, 177, -1.0
40652.28648903424, 83, 1.0
40652.632706775985, 103, -1.0
40653.68169009246, 34, -1.0
40653.712222565904, 109, 1.0
40653.99649228825, 222, 1.0
40654.9909094321, 29, -1.0
40659.25636504484, 163, -1.0
40661.11253093444, 87, 1.0
40662.73881485933, 154, -1.0
40664.4748696059, 36, -1.0
40665.67782598673, 87, 1.0
40666.45675124835, 75, 1.0
40666.49751052943, 81, -1.0
40666.672924215054, 95, 1.0
40666.67415330068, 154, -1.0
40667.179071225786, 141, 1.0
40671.48995897417, 165, -1.0
40672.127755920206, 117, 1.0
40673.920398876944, 159, 1.0
40676.6842115104, 35, 1.0
40677.2516259998, 124, -1.0
40679.947237112945, 42, -1.0
40682.47419538118, 101, -1.0
40682.57872984964, 230, -1.0
40684.03461186759, 43, 1.0
40685.33901273855, 45, -1.0
40685.50179227791, 142, -1.0
40687.369724302385, 64, 1.0
40687.91873515984, 198, -1.0
40689.83820211964, 193, -1.0
40690.53285579572, 35, 1.0
40691.129162156605, 163, -1.0
40691.509902020276, 155, 1.0
40693.294416361096, 141, 1.0
40693.467066872625, 35, -1.0
40695.10768306384, 52, 1.0
40695.76007982, 67, 1.0
40696.04147708259, 142, 1.0
40696.0615427115, 72, 1.0
40699.11701485926, 68, 1.0
40699.873969074935, 162, 1.0
40701.12069469401, 177, -1.0
40702.25868734144, 230, 1.0
40702.361018533644, 97, -1.0
40702.63999107362, 43, 1.0
40702.745714210236, 66, 1.0
40703.514169767266, 48, -1.0
40704.73757852384, 50, 1.0
40706.476641504305, 48, -1.0
40706.98857386021, 75, -1.0
40708.738904619226, 138, -1.0
40709.09067707581, 99, 1.0
40709.17019618158, 31, -1.0
40709.34523904564, 29, -1.0
40711.49232397069, 87, 1.0
40712.05509547818, 59, -1.0
40712.46158056848, 151, -1.0
40713.055152531764, 152, -1.0
40713.30448411758, 114, -1.0
40713.5831531425, 98, -1.0
40713.66583125583, 162, -1.0
40715.11373307229, 75, -1.0
40715.93871963178, 90, 1.0
40716.35597214227, 158, -1.0
40716.84260197674, 40, 1.0
40719.6643544358, 36, -1.0
40721.56154827799, 45, 1.0
40721.98396770656, 118, -1.0
40722.325455962666, 163, 1.0
40722.73327657149, 165, -1.0
40723.360969390844, 58, 1.0
40725.22230029743, 80, 1.0
40725.79486982598, 84, -1.0
40725.83837371195, 193, -1.0
40726.11456365541, 146, 1.0
40726.66964276259, 116, -1.0
40727.1703786177, 160, 1.0
40730.056533507355, 182, -1.0
40731.44328397299, 130, -1.0
40732.35877421848, 62, 1.0
40733.202930288666, 83, -1.0
40733.82872413454, 39, -1.0
40734.01211789623, 59, 1.0
40734.115799340405, 101, 1.0
40735.4381476769, 164, -1.0
40737.49652555675, 202, -1.0
40737.78873348306, 111, -1.0
40738.90090279163, 163, -1.0
40739.16973473207, 32, -1.0
40739.67318650818, 35, -1.0
40739.70665566055, 152, -1.0
40740.572756603375, 89, 1.0
40741.26412622036, 116, 1.0
40741.771064111905, 163, 1.0
40746.56792829976, 90, -1.0
40748.033260013355, 101, -1.0
40749.12480897844, 50, -1.0
40749.17200918083, 114, 1.0
40749.53712526658, 149, -1.0
40751.60873590417, 34, -1.0
40753.296411261384, 114, 1.0
40756.18712810995, 59, 1.0
40756.30731562834, 233, -1.0
40757.65331305384, 103, 1.0
40758.904688887895, 109, -1.0
40760.049681583965, 233, 1.0
40760.2515220809, 161, 1.0
40760.28084494326, 82, 1.0
40761.559341345994, 40, 1.0
40761.774608946296, 70, -1.0
40762.41103515288, 233, 1.0
40763.531936874046, 27, -1.0
40764.88944715909, 142, -1.0
40764.96107334156, 114, 1.0
40767.86325718679, 92, -1.0
40767.87329500613, 103, 1.0
40768.85845188934, 75, -1.0
40769.61615118772, 88, -1.0
40772.36447451201, 87, 1.0
40772.565065379065, 70, -1.0
40773.14980268338, 60, -1.0
40774.05683067151, 167, 1.0
40774.166677439585, 230, -1.0
40775.44210297835, 44, 1.0
40775.70533985812, 99, -1.0
40775.949042347005, 80, 1.0
40776.33316360437, 76, -1.0
40776.346216087324, 90, -1.0
40777.76105683415, 149, 1.0
40779.154819107345, 56, -1.0
40779.27429909674, 41, 1.0
40780.518968276425, 82, 1.0
40780.565744365755, 109, 1.0
40780.83340090243, 83, 1.0
40784.39292210105, 149, -1.0
40785.101822229524, 222, -1.0
40785.13289288598, 71, 1.0
40785.58106976711, 133, -1.0
40786.973950061714, 34, -1.0
40787.58515319608, 241, -1.0
40788.08560863222, 60, -1.0
40788.373908231384, 82, -1.0
40788.65965775841, 43, 1.0
40788.815308978796, 35, -1.0
40792.53167546807, 52, 1.0
40792.93179942367, 59, 1.0
40792.96118953087, 76, -1.0
40793.70104691689, 40, -1.0
40794.861984306124, 50, -1.0
40795.02174606995, 41, 1.0
40795.475765948955, 82, -1.0
40795.48526519108, 117, -1.0
40797.70838638112, 103, -1.0
40798.68435183811, 113, -1.0
40798.72524630618, 35, 1.0
40799.44829882854, 162, -1.0
40799.67598244412, 87, -1.0
40800.05019859471, 106, -1.0
40800.072169116414, 138, -1.0
40801.14535851672, 198, 1.0
40801.79075396587, 126, 1.0
40803.36190343692, 102, 1.0
40803.808345867445, 40, -1.0
40803.92462644928, 81, 1.0
40806.192904093856, 233, 1.0
40806.78847719903, 103, 1.0
40808.251174089055, 75, 1.0
40811.513727538084, 158, -1.0
40811.542554845204, 163, -1.0
40814.24448873519, 163, 1.0
40816.7214617213, 75, 1.0
40820.17613533476, 71, -1.0
40822.036157557, 142, 1.0
40825.45548814814, 126, -1.0
40825.45707866396, 40, -1.0
40826.69665861322, 126, 1.0
40826.745834563575, 97, -1.0
40826.80676281849, 103, 1.0
40827.10435405872, 53, 1.0
40829.288612587436, 152, 1.0
40830.55960941472, 148, -1.0
40831.83028797722, 83, 1.0
40832.19828868035, 99, 1.0
40835.39667012739, 101, -1.0
40836.04300204415, 230, -1.0
40836.924515422885, 56, -1.0
40837.3007778291, 95, 1.0
40837.868205793646, 28, -1.0
40839.37192381081, 141, 1.0
40839.92086117313, 44, -1.0
40840.58515942372, 149, 1.0
40843.14080948587, 100, -1.0
40843.445968599415, 233, -1.0
40843.703383575994, 40, 1.0
40846.48189670418, 90, -1.0
40846.60603493978, 228, -1.0
40849.19033863803, 34, 1.0
40851.1713880803, 198, -1.0
40851.67475556211, 64, -1.0
40851.849178363605, 75, -1.0
40853.551745610566, 83, -1.0
40855.15748833713, 133, -1.0
40857.9800132792, 68, -1.0
40858.866629924276, 114, 1.0
40859.468083114065, 62, 1.0
40860.849136262106, 69, -1.0
40862.656287003105, 59, -1.0
40862.90361087861, 27, 1.0
40864.26913710293, 86, 1.0
40868.7559811713, 142, 1.0
40869.30569077761, 106, 1.0
40870.36738424553, 149, -1.0
40871.83416065616, 40, 1.0
40872.405902470535, 63, 1.0
40872.57700703354, 108, -1.0
40874.2588538435, 100, 1.0
40874.84719423616, 155, 1.0
40878.16513484237, 67, 1.0
40878.826367981455, 155, 1.0
40878.87018384194, 59, 1.0
40880.24297772062, 148, 1.0
40880.39014155185, 116, -1.0
40880.93772036013, 163, 1.0
40881.8550229547, 103, 1.0
40882.581073466645, 66, 1.0
40882.64347390016, 75, 1.0
40883.23764284981, 114, -1.0
40884.04171401258, 48, 1.0
40886.72587060493, 146, 1.0
40887.0321973684, 152, -1.0
40889.85696419215, 96, -1.0
40891.01652667306, 163, -1.0
40891.4903759746, 75, -1.0
40891.64102952739, 74, -1.0
40892.12448378821, 45, 1.0
40892.25994776019, 114, 1.0
40894.75659021763, 45, 1.0
40895.51903891348, 34, -1.0
40896.262686414135, 242, -1.0
40898.98235011791, 101, -1.0
40899.21522321458, 161, 1.0
40899.326402742205, 235, -1.0
40900.73590855815, 169, -1.0
40903.97710788369, 71, 1.0
40904.81101028098, 147, -1.0
40905.04840735184, 152, -1.0
40906.5382487443, 92, -1.0
40907.20371036084, 149, -1.0
40907.47521250496, 98, -1.0
40908.109552044254, 53, 1.0
40910.1821456817, 72, 1.0
40910.54448443994, 182, 1.0
40911.79517171917, 82, -1.0
40912.71784183335, 111, -1.0
40913.97661510827, 92, 1.0
40914.62966565177, 169, 1.0
40915.51244004001, 27, -1.0
40915.95105723811, 148, -1.0
40916.24561309724, 81, -1.0
40916.90872524817, 33, -1.0
40917.73674886812, 71, -1.0
40918.18408066858, 75, -1.0
40918.51752067513, 166, -1.0
40919.39398752719, 162, -1.0
40920.335524876726, 64, -1.0
40922.44356211406, 102, -1.0
40922.55517668438, 158, -1.0
40923.26668662372, 162, 1.0
40923.26739981857, 165, -1.0
40924.85994487148, 75, -1.0
40926.64011371643, 101, -1.0
40927.144104427985, 152, -1.0
40927.376733100515, 50, 1.0
40930.11595307581, 161, -1.0
40931.26235758914, 82, -1.0
40933.65609196893, 41, 1.0
40934.76612854549, 71, 1.0
40935.171407217, 99, -1.0
40935.707559949056, 54, 1.0
40936.08048967139, 84, -1.0
40938.018089863246, 32, -1.0
40938.765221549416, 114, 1.0
40939.040881958455, 91, -1.0
40942.06719177663, 71, 1.0
40942.575145295814, 33, -1.0
40942.64366875672, 100, 1.0
40942.7301945044, 153, -1.0
40943.68366428831, 171, -1.0
40946.1292324782, 103, -1.0
40947.650695997334, 109, -1.0
40949.03548497444, 116, -1.0
40949.36987373255, 152, -1.0
40950.54687861983, 116, 1.0
40951.07988491601, 73, -1.0
40952.46135483362, 31, -1.0
40953.60681779075, 75, -1.0
40955.52541397615, 153, 1.0
40956.397730025164, 97, -1.0
40958.225657066745, 27, -1.0
40959.69267604194, 59, -1.0
40960.67536509086, 155, -1.0
40960.70939670222, 141, 1.0
40962.699503063566, 167, -1.0
40964.63895658758, 90, -1.0
40966.243986791254, 71, 1.0
40968.64170568863, 27, -1.0
40972.322181745156, 171, -1.0
40973.05513552239, 154, -1.0
40973.81355376384, 35, -1.0
40973.95931741904, 63, -1.0
40974.10751409346, 116, 1.0
40975.04477336876, 164, 1.0
40975.50461924478, 55, -1.0
40976.43701813441, 163, 1.0
40976.51231665721, 233, -1.0
40977.061347697636, 165, -1.0
40981.69218800427, 70, -1.0
40982.548192917944, 72, -1.0
40982.85761251462, 48, 1.0
40983.083092842346, 155, -1.0
40983.088075654516, 75, 1.0
40983.488601215984, 119, 1.0
40984.062647829596, 27, -1.0
40984.36819385423, 108, -1.0
40985.490894341034, 99, -1.0
40985.65251727422, 142, 1.0
40989.27774568498, 105, -1.0
40991.18366758508, 71, 1.0
40994.71023567438, 158, 1.0
40995.92328100555, 161, -1.0
41000.29300918447, 126, -1.0
41000.88059138451, 101, -1.0
41001.25861561211, 155, -1.0
41001.6956589595, 101, 1.0
41002.38688315628, 75, 1.0
41003.882528963455, 64, -1.0
41009.58711072523, 44, 1.0
41010.600977287664, 141, 1.0
41015.1120753387, 163, -1.0
41015.60915637652, 103, 1.0
41016.15294847495, 126, -1.0
41016.366031893296, 36, 1.0
41018.54402334958, 116, 1.0
41018.54605652091, 105, -1.0
41020.6858684393, 165, -1.0
41020.90050688134, 164, 1.0
41022.67941357402, 58, -1.0
41024.3064151086, 75, 1.0
41026.817113421115, 30, -1.0
41027.40016949946, 85, -1.0
41027.52617372044, 123, -1.0
41027.54822545477, 67, 1.0
41029.28816891403, 188, -1.0
41029.79500134516, 162, -1.0
41030.44912844776, 28, 1.0
41031.36306869934, 73, 1.0
41031.53899184075, 71, 1.0
41032.21084825889, 149, -1.0
41032.84763302625, 36, 1.0
41032.97057444509, 171, -1.0
41033.511474456434, 75, 1.0
41036.66357930118, 40, 1.0
41037.00903086957, 71, 1.0
41037.192630266705, 97, 1.0
41037.33485050354, 193, 1.0
41037.48871600232, 97, -1.0
41038.02578070473, 126, -1.0
41038.532785804004, 137, 1.0
41038.65318469839, 99, 1.0
41039.4453041631, 34, 1.0
41040.965720819026, 104, 1.0
41041.62134387114, 163, 1.0
41041.7242675144, 81, -1.0
41042.47664126488, 66, 1.0
41042.875993176276, 27, 1.0
41043.08025412931, 116, -1.0
41048.227470121914, 148, 1.0
41048.26071994647, 84, 1.0
41048.332363111054, 104, -1.0
41048.81033805048, 50, 1.0
41048.95571828665, 58, -1.0
41053.15541546082, 64, -1.0
41053.26374207905, 63, -1.0
41056.354531792786, 101, 1.0
41058.48374388495, 40, 1.0
41060.087050544586, 142, -1.0
41060.982454879966, 48, -1.0
41061.21062488622, 65, 1.0
41061.76443149424, 142, 1.0
41062.707461729755, 76, -1.0
41063.515521215224, 158, 1.0
41065.410628967365, 53, 1.0
41066.29892793824, 162, -1.0
41066.36624112066, 102, 1.0
41067.42117361486, 28, -1.0
41071.704220030784, 91, -1.0
41072.527724217834, 60, -1.0
41073.22032329074, 73, -1.0
41075.80372765218, 141, 1.0
41078.476773820534, 40, -1.0
41079.4177644791, 146, 1.0
41080.338132172175, 126, -1.0
41082.26617340625, 146, 1.0
41083.704240720115, 53, 1.0
41085.635931603414, 182, 1.0
41086.59260348429, 142, -1.0
41087.92927670988, 44, 1.0
41088.445141101736, 141, 1.0
41088.79908976748, 48, 1.0
41090.80612244854, 27, 1.0
41095.142600672705, 163, -1.0
41096.849686158464, 59, -1.0
41097.673529818334, 171, -1.0
41099.57153599568, 146, 1.0
41103.02780337116, 42, 1.0
41103.53442307606, 85, 1.0
41105.93036909205, 34, -1.0
41107.53295520668, 168, 1.0
41107.61882378532, 100, 1.0
41110.3188274741, 28, 1.0
41110.998515592546, 26, -1.0
41112.01248818899, 234, -1.0
41112.17794692083, 165, -1.0
41114.01598594013, 83, 1.0
41114.31139227946, 164, -1.0
41114.405197270156, 126, 1.0
41118.62882515898, 162, -1.0
41118.80433369241, 167, -1.0
41120.87430005527, 241, 1.0
41121.928236871136, 169, 1.0
41122.92316111534, 35, -1.0
41124.18119763579, 137, -1.0
41125.173033931525, 34, 1.0
41125.56803840477, 235, -1.0
41125.85578756488, 29, -1.0
41126.504025510716, 126, -1.0
41130.89142780886, 82, -1.0
41132.35615660298, 149, -1.0
41132.98715703918, 126, 1.0
41134.24168448414, 177, -1.0
41134.346248667796, 133, -1.0
41134.885615611405, 193, -1.0
41137.96238220592, 166, 1.0
41139.98125981939, 153, 1.0
41145.26208713645, 59, 1.0
41145.27625871602, 114, 1.0
41145.529559518516, 162, 1.0
41145.93640786136, 84, -1.0
41148.515342419436, 202, -1.0
41148.6083198125, 161, -1.0
41152.65609291661, 67, 1.0
41154.741251883395, 71, 1.0
41158.44922064032, 128, -1.0
41159.65075243669, 75, 1.0
41160.050884301345, 66, 1.0
41161.43988921133, 39, 1.0
41161.931294192706, 152, -1.0
41163.5923518812, 116, 1.0
41164.65633674638, 234, 1.0
41164.78637250819, 164, 1.0
41164.962473312975, 60, -1.0
41166.275266469296, 142, -1.0
41166.321988483694, 114, 1.0
41167.45770731579, 91, -1.0
41168.01824443687, 44, -1.0
41169.834812143825, 173, -1.0
41170.326997928285, 97, -1.0
41170.54684521799, 202, -1.0
41171.2035738625, 99, 1.0
41171.572545724855, 160, -1.0
41172.81713804603, 188, -1.0
41174.272252161114, 67, 1.0
41174.51397730395, 71, 1.0
41175.59353343388, 170, -1.0
41176.31495874548, 235, -1.0
41176.79502029611, 40, 1.0
41179.053358654506, 42, -1.0
41182.725759143796, 110, -1.0
41185.01082203322, 181, 1.0
41186.514198204095, 142, -1.0
41186.68785519025, 152, -1.0
41188.10413285198, 86, 1.0
41188.289826488195, 34, -1.0
41189.66847126433, 228, -1.0
41190.604417813825, 75, 1.0
41191.19093132387, 105, -1.0
41191.99585262487, 146, 1.0
41192.46334939894, 154, -1.0
41193.49384708042, 73, 1.0
41194.74590719858, 151, -1.0
41195.678370626425, 96, 1.0
41197.27939617043, 54, -1.0
41197.59711195205, 70, 1.0
41199.5075773923, 92, -1.0
41199.69519655031, 193, -1.0
41199.81532850319, 67, 1.0
41200.323307296814, 126, -1.0
41200.36733336633, 173, -1.0
41201.44200073061, 233, 1.0
41203.13535474651, 112, 1.0
41203.21209630371, 198, -1.0
41205.53471708019, 123, -1.0
41207.94314233339, 108, -1.0
41210.04131159623, 98, -1.0
41210.07593239153, 75, 1.0
41210.82433327322, 210, 1.0
41212.2766145664, 28, -1.0
41214.98067874394, 173, -1.0
41215.23607818929, 152, -1.0
41216.03652091231, 68, 1.0
41216.68717122298, 99, 1.0
41217.258514348716, 126, -1.0
41217.34545833363, 58, 1.0
41218.63228715812, 48, -1.0
41219.451327666844, 116, -1.0
41219.73883635479, 111, 1.0
41220.30999318768, 95, 1.0
41220.756158141696, 116, 1.0
41221.681930468905, 126, -1.0
41222.587971108725, 81, -1.0
41222.73886971534, 114, 1.0
41224.23297986683, 108, 1.0
41224.82285219864, 29, -1.0
41226.017116625284, 90, -1.0
41226.76395320613, 233, -1.0
41227.57030072356, 154, -1.0
41228.02681963141, 177, -1.0
41228.87895791802, 105, 1.0
41230.159775560096, 45, -1.0
41231.10737328428, 114, 1.0
41233.3478695057, 58, 1.0
41234.1477099221, 233, -1.0
41237.414679728216, 71, 1.0
41237.60225311892, 44, -1.0
41238.40915753666, 120, -1.0
41239.96317275581, 146, 1.0
41240.25169046469, 52, 1.0
41243.94178001064, 83, -1.0
41244.24722170568, 35, -1.0
41244.47822588371, 114, 1.0
41245.03710559559, 106, 1.0
41245.11817968429, 110, -1.0
41245.14833434368, 34, 1.0
41245.68627956933, 61, -1.0
41246.91391397312, 63, 1.0
41247.0792307955, 34, 1.0
41249.788575796985, 130, 1.0
41250.90533314464, 50, 1.0
41252.65698023229, 234, -1.0
41255.105503268715, 35, -1.0
41255.6625903904, 99, -1.0
41255.92644848093, 58, -1.0
41256.15322502205, 75, -1.0
41258.455528475926, 75, 1.0
41258.7633028568, 198, -1.0
41259.30690750826, 75, 1.0
41262.88768712213, 120, -1.0
41264.30782026408, 40, 1.0
41264.569768181755, 81, 1.0
41265.240616249444, 67, 1.0
41265.32054678713, 99, -1.0
41266.40372742232, 164, 1.0
41268.04306885708, 141, 1.0
41270.433898655916, 154, -1.0
41271.4224770723, 94, -1.0
41271.51239686241, 58, 1.0
41273.15787848986, 98, -1.0
41273.63246449792, 107, -1.0
41275.63344831059, 66, -1.0
41275.8235769653, 34, -1.0
41276.5964685457, 103, 1.0
41277.73278220536, 114, 1.0
41277.74805713325, 148, 1.0
41278.0771230975, 81, -1.0
41278.58965001168, 162, 1.0
41278.68885126174, 65, -1.0
41284.35931575802, 60, 1.0
41284.802057116656, 48, -1.0
41285.71233327514, 114, 1.0
41285.84657137234, 106, 1.0
41286.26480763426, 83, -1.0
41287.137963745874, 42, -1.0
41288.26314068079, 163, 1.0
41290.278941150245, 27, 1.0
41292.350902506776, 142, -1.0
41294.7901262608, 163, 1.0
41296.17618260631, 39, -1.0
41296.87489004479, 97, 1.0
41298.847914506885, 230, -1.0
41299.55165417862, 167, -1.0
41301.67728550001, 71, 1.0
41305.31020142464, 228, 1.0
41306.835421055104, 27, 1.0
41307.07585580502, 158, -1.0
41307.466395366006, 40, 1.0
41311.526025773775, 230, 1.0
41313.80863345742, 68, 1.0
41314.024093091684, 98, -1.0
41314.02971923594, 126, -1.0
41315.13015717802, 137, 1.0
41315.149320464014, 152, -1.0
41315.1635701912, 28, -1.0
41315.8878313998, 163, -1.0
41316.11996663238, 164, 1.0
41317.37779348629, 177, -1.0
41317.530699285046, 114, 1.0
41317.65798886265, 97, 1.0
41318.714065312386, 130, -1.0
41319.16779206527, 75, 1.0
41321.1369704451, 139, -1.0
41322.666232694355, 182, 1.0
41324.239886838324, 198, -1.0
41329.7966677257, 105, -1.0
41331.042168634485, 28, -1.0
41331.16173725344, 106, -1.0
41332.009287694425, 83, 1.0
41333.120629163124, 110, -1.0
41335.0053985545, 53, -1.0
41339.82974657254, 83, -1.0
41340.875526567186, 59, -1.0
41342.33681605072, 87, -1.0
41342.69590213617, 116, 1.0
41343.415673992444, 50, -1.0
41345.28895084259, 93, 1.0
41345.589305545036, 105, -1.0
41348.20677944703, 81, -1.0
41348.91658822104, 45, 1.0
41350.00981946185, 141, 1.0
41351.45814222036, 81, -1.0
41351.78446586839, 90, -1.0
41355.83768335422, 100, 1.0
41357.732498702564, 128, -1.0
41357.91827561281, 123, -1.0
41358.78032481212, 35, -1.0
41359.286324260494, 149, -1.0
41359.67501160078, 165, 1.0
41361.9635649631, 84, 1.0
41363.65045918102, 169, -1.0
41364.80159394828, 141, 1.0
41365.88209932153, 73, -1.0
41368.932808491045, 158, -1.0
41368.93682190018, 52, -1.0
41369.04347423925, 153, 1.0
41369.95543994506, 60, -1.0
41370.635769119704, 120, -1.0
41371.26813325222, 40, 1.0
41371.47847628718, 233, 1.0
41371.64992046434, 75, 1.0
41372.39102983641, 28, -1.0
41372.69759430925, 67, 1.0
41372.89691694473, 193, 1.0
41373.505721495305, 84, 1.0
41374.59996952776, 84, -1.0
41374.68253760742, 89, 1.0
41375.84561464211, 40, -1.0
41376.287825004874, 193, 1.0
41376.94236570318, 27, -1.0
41377.029140800965, 72, -1.0
41377.08787968846, 68, 1.0
41377.26740748295, 158, -1.0
41378.20140563685, 73, -1.0
41378.88547888499, 69, -1.0
41380.6744984544, 153, -1.0
41380.84474198765, 103, 1.0
41380.97979801504, 58, -1.0
41381.20942504324, 152, -1.0
41381.9175962258, 99, -1.0
41382.74179277249, 162, -1.0
41382.7632506519, 87, 1.0
41383.34718688515, 235, -1.0
41383.55749320531, 114, 1.0
41383.8038385491, 110, -1.0
41384.611752083445, 34, 1.0
41384.65722946232, 68, 1.0
41384.99243060954, 109, 1.0
41385.30087778153, 44, 1.0
41385.756386860376, 72, -1.0
41386.46958309508, 142, -1.0
41388.9873292761, 171, -1.0
41389.24518262073, 39, 1.0
41389.341429682885, 109, 1.0
41389.799842288194, 28, -1.0
41390.50572975715, 116, -1.0
41391.91346536294, 141, -1.0
41391.971474897764, 84, 1.0
41394.225408574675, 101, 1.0
41395.50636091646, 39, -1.0
41396.70274457116, 153, -1.0
41396.89417568342, 70, 1.0
41397.246449916194, 198, -1.0
41398.88542945674, 58, 1.0
41399.41065679116, 64, 1.0
41399.77928944383, 58, 1.0
41401.63963165802, 32, 1.0
41402.50197505165, 81, -1.0
41402.825011971596, 87, 1.0
41403.4401356948, 142, 1.0
41403.47482860475, 28, 1.0
41404.25564004245, 40, -1.0
41404.38108337176, 124, -1.0
41406.013054053634, 163, 1.0
41406.71132598061, 158, -1.0
41407.24322073959, 29, 1.0
41407.34529135573, 170, -1.0
41407.618966586204, 101, -1.0
41408.55179924075, 198, -1.0
41411.83945218769, 90, 1.0
41412.907117868584, 159, -1.0
41415.31635956945, 114, 1.0
41416.324341108186, 35, -1.0
41417.157072015274, 126, -1.0
41417.69242257179, 58, -1.0
41418.32561309085, 228, 1.0
41418.65033813325, 138, -1.0
41418.76056070221, 164, 1.0
41419.27610337323, 95, -1.0
41420.02864855422, 166, 1.0
41420.14965034016, 130, 1.0
41420.21706474154, 165, 1.0
41422.97250982732, 101, 1.0
41423.13801033686, 83, -1.0
41423.569345700336, 45, 1.0
41423.82196913719, 114, 1.0
41424.59220460987, 63, -1.0
41424.63639865998, 162, 1.0
41425.15730561249, 28, -1.0
41425.337881448446, 164, 1.0
41425.904154665346, 35, -1.0
41427.40531984499, 114, 1.0
41428.1409282531, 116, 1.0
41428.686777151364, 233, -1.0
41433.29661607081, 68, -1.0
41433.32668931312, 210, -1.0
41433.49818197567, 75, 1.0
41434.088568404804, 35, -1.0
41435.17870940889, 45, 1.0
41436.270264197075, 165, 1.0
41436.93180549909, 37, 1.0
41439.28037603988, 123, 1.0
41439.47053486569, 112, -1.0
41441.01877621507, 40, 1.0
41442.23749460477, 137, 1.0
41442.91730380996, 102, -1.0
41443.53552286208, 99, 1.0
41444.34598119504, 165, -1.0
41445.28135441439, 62, 1.0
41446.03151581082, 75, -1.0
41447.93872217894, 68, -1.0
41448.47268385364, 152, -1.0
41448.792812473825, 72, -1.0
41450.98421554836, 58, -1.0
41451.390621986204, 177, -1.0
41453.47932944562, 86, -1.0
41454.485082666564, 40, -1.0
41456.31429393266, 50, 1.0
41457.60007870161, 133, -1.0
41460.13250502605, 100, 1.0
41463.760588782345, 36, 1.0
41464.51143779786, 101, -1.0
41464.78007497515, 177, -1.0
41465.77869588864, 45, 1.0
41466.82714521583, 148, -1.0
41466.993662680135, 165, -1.0
41467.18543433681, 103, 1.0
41468.243556074434, 151, -1.0
41471.33899781231, 154, -1.0
41472.27522054521, 106, 1.0
41472.54065011094, 114, -1.0
41473.38043212232, 105, -1.0
41474.18741703412, 32, 1.0
41475.659714619935, 159, -1.0
41475.92734691082, 126, 1.0
41476.336513188486, 64, -1.0
41476.63437245341, 141, 1.0
41476.890747179226, 126, -1.0
41477.91431075692, 81, 1.0
41480.75874414019, 71, 1.0
41481.238539423466, 104, -1.0
41483.7111341232, 82, 1.0
41484.21976601601, 165, -1.0
41485.126708528805, 158, -1.0
41486.31535002698, 27, -1.0
41488.283783560364, 34, 1.0
41488.86640585393, 61, 1.0
41491.915528573816, 123, -1.0
41494.49783103673, 71, -1.0
41494.85285816592, 40, 1.0
41497.708365954735, 83, -1.0
41499.319387118805, 64, -1.0
41499.47673911205, 146, 1.0
41499.973488307834, 120, -1.0
41501.576692195034, 182, 1.0
41504.825481723405, 44, -1.0
41508.04299332006, 193, -1.0
41508.498967700834, 61, -1.0
41509.46430497563, 126, -1.0
41510.84860335906, 160, -1.0
41511.964170721345, 76, 1.0
41512.40665677352, 71, -1.0
41512.68156851383, 99, 1.0
41514.5077895334, 44, 1.0
41516.17947908583, 177, -1.0
41516.72239757777, 230, 1.0
41516.76124043354, 161, -1.0
41516.89696046909, 142, -1.0
41517.450104463926, 71, 1.0
41517.79131526672, 67, -1.0
41519.26509158808, 30, -1.0
41519.416110190105, 50, -1.0
41521.038078153724, 167, 1.0
41521.27018144697, 165, -1.0
41523.030258868166, 50, -1.0
41525.75809086362, 72, 1.0
41527.88084527594, 70, -1.0
41529.43416607153, 56, -1.0
41538.0358824685, 95, 1.0
41538.53871980933, 116, -1.0
41538.605152341624, 165, -1.0
41538.6850970119, 141, -1.0
41539.811627762305, 101, 1.0
41542.450934200984, 75, 1.0
41543.69829003056, 98, -1.0
41543.92563227492, 75, 1.0
41545.61956517198, 63, -1.0
41546.07635978155, 165, 1.0
41551.10188592603, 153, 1.0
41554.807916905644, 138, -1.0
41555.66379554502, 52, -1.0
41557.36802207246, 234, 1.0
41558.49150751651, 81, 1.0
41558.781949977536, 104, -1.0
41559.05839147236, 202, -1.0
41560.03181132731, 146, 1.0
41560.659621638086, 162, -1.0
41562.93617390629, 75, 1.0
41563.63006800103, 130, -1.0
41564.09156239823, 36, -1.0
41564.920020263045, 82, 1.0
41565.37159570728, 126, -1.0
41566.84272130942, 40, -1.0
41568.39350115607, 169, 1.0
41568.94811547305, 43, -1.0
41571.69365679772, 105, 1.0
41572.08433180455, 50, -1.0
41572.34672551686, 222, 1.0
41577.14858634186, 162, -1.0
41577.75081477145, 152, 1.0
41577.96372037101, 70, 1.0
41578.008009217825, 40, -1.0
41579.032364990715, 72, -1.0
41579.90501510514, 97, 1.0
41581.60702982516, 114, 1.0
41583.03299741261, 83, 1.0
41584.069403781825, 65, -1.0
41584.79540424816, 154, 1.0
41584.90507388452, 114, 1.0
41586.32136909079, 68, -1.0
41587.193567981696, 106, -1.0
41587.60701938322, 104, -1.0
41592.679301034135, 109, 1.0
41592.91181844675, 122, -1.0
41593.20304659458, 142, 1.0
41593.86143401859, 105, -1.0
41594.33601225452, 165, -1.0
41597.61124074886, 146, -1.0
41598.31325332759, 64, -1.0
41599.37541509054, 64, 1.0
41599.682215341854, 103, 1.0
41600.78986211057, 45, -1.0
41601.347088204966, 126, 1.0
41601.85887375164, 165, -1.0
41602.3665415807, 89, 1.0
41605.19988356692, 75, 1.0
41605.22664754757, 68, 1.0
41605.281204464096, 34, 1.0
41605.46272076214, 163, -1.0
41606.34906578914, 164, 1.0
41609.54400486762, 126, 1.0
41610.0527290627, 88, 1.0
41611.64533017046, 59, -1.0
41611.945770707884, 154, -1.0
41612.46497267607, 114, 1.0
41618.651760030545, 58, 1.0
41619.28055203907, 152, 1.0
41620.93828178941, 147, 1.0
41621.098341466364, 100, -1.0
41621.402535859124, 97, 1.0
41621.476329965146, 161, -1.0
41624.38842514169, 87, 1.0
41626.606601146166, 83, -1.0
41628.48684846199, 103, -1.0
41629.73270441553, 233, -1.0
41635.08991570609, 149, -1.0
41635.73983410261, 164, -1.0
41636.467084425254, 116, 1.0
41637.55072806029, 75, 1.0
41637.95598231837, 58, -1.0
41639.57675820971, 113, -1.0
41639.76510212493, 182, 1.0
41639.828583069204, 68, 1.0
41640.77547293524, 45, 1.0
41641.01862148996, 48, -1.0
41642.990765783994, 158, 1.0
41644.35249384273, 235, -1.0
41647.46385947756, 142, -1.0
41649.37854119299, 75, 1.0
41649.52491516341, 163, -1.0
41649.542685436434, 58, 1.0
41650.16001608593, 69, -1.0
41650.68085761082, 228, 1.0
41652.522093314146, 170, -1.0
41652.89162389397, 148, 1.0
41654.78639211209, 58, 1.0
41654.79190203861, 75, 1.0
41655.20728500099, 99, 1.0
41656.522751518234, 74, -1.0
41657.16823558889, 69, -1.0
41657.49593454943, 152, -1.0
41658.504307890034, 31, 1.0
41658.51936541848, 82, 1.0
41660.24251562548, 31, 1.0
41660.922625165455, 141, 1.0
41661.06639928576, 33, -1.0
41661.11695157742, 96, 1.0
41665.6360445904, 165, -1.0
41666.284770352664, 138, -1.0
41671.01145702893, 58, 1.0
41671.04240173493, 84, -1.0
41672.62318829179, 102, -1.0
41672.67833032931, 72, 1.0
41673.01937039031, 106, -1.0
41673.12864188926, 90, -1.0
41675.75962376417, 102, 1.0
41676.14858073816, 69, -1.0
41677.96862949033, 173, -1.0
41679.77706154565, 137, -1.0
41681.05105033669, 41, 1.0
41681.13684063145, 91, -1.0
41683.96382082547, 35, -1.0
41686.08847405527, 76, -1.0
41687.04163081221, 34, 1.0
41687.38333337919, 32, -1.0
41687.408180942504, 116, 1.0
41689.84537034625, 40, 1.0
41690.073078278205, 142, -1.0
41691.70545608402, 26, -1.0
41692.88829361722, 165, 1.0
41697.02721593263, 154, -1.0
41698.29621125085, 28, -1.0
41702.26669818986, 234, -1.0
41702.720064355846, 104, -1.0
41706.05915408663, 169, 1.0
41706.655605980784, 153, -1.0
41709.13892386451, 152, 1.0
41709.56809402055, 100, 1.0
41711.5069025482, 165, -1.0
41711.896894308455, 87, -1.0
41714.47884267829, 43, -1.0
41715.02606797409, 153, -1.0
41715.918767029056, 110, 1.0
41718.02651097154, 34, 1.0
41718.28459436735, 141, 1.0
41718.679359448615, 83, 1.0
41718.86045769683, 95, 1.0
41719.8329293157, 154, -1.0
41721.35522763766, 54, -1.0
41722.48477242327, 148, 1.0
41724.75086856205, 126, 1.0
41730.0980691793, 50, 1.0
41731.166406083525, 44, 1.0
41731.68845604177, 138, 1.0
41733.319480771985, 34, -1.0
41733.63398788842, 76, -1.0
41733.70966220087, 67, -1.0
41736.21415443917, 53, 1.0
41736.528146966426, 152, -1.0
41738.70094891441, 36, 1.0
41738.84875352911, 34, -1.0
41739.21525706831, 71, 1.0
41740.156474930285, 169, -1.0
41741.440554184854, 153, 1.0
41741.697321890686, 33, 1.0
41743.3770461859, 59, 1.0
41743.50891249625, 128, -1.0
41748.62681195397, 126, 1.0
41749.4913031104, 92, -1.0
41750.805004592716, 34, -1.0
41750.96889215082, 188, 1.0
41751.17023228607, 182, -1.0
41751.30502069258, 99, -1.0
41751.44286890586, 114, 1.0
41752.05443010401, 101, -1.0
41752.48080733642, 114, 1.0
41752.6313669175, 75, 1.0
41753.62948193751, 39, 1.0
41756.04415457945, 159, 1.0
41756.82886317647, 233, 1.0
41757.714535177816, 164, 1.0
41757.93165866651, 193, -1.0
41758.33612841913, 155, -1.0
41758.63551559497, 99, 1.0
41759.56875305172, 55, -1.0
41759.65523823476, 164, 1.0
41759.8130346486, 83, -1.0
41763.13898720082, 137, -1.0
41764.587934040734, 163, -1.0
41764.61333764161, 35, -1.0
41764.61933772453, 169, 1.0
41765.515243153124, 36, 1.0
41767.12338545444, 233, -1.0
41770.69616799637, 67, 1.0
41771.63508105322, 155, 1.0
41772.0191858704, 108, -1.0
41772.171698751445, 202, -1.0
41774.22371827483, 128, -1.0
41774.944952949496, 101, -1.0
41775.028923469465, 90, -1.0
41775.519537153246, 234, 1.0
41778.101347652315, 139, -1.0
41779.33183736666, 114, 1.0
41779.59535397252, 159, 1.0
41780.291875389725, 161, -1.0
41780.91164638681, 112, -1.0
41781.289436171115, 114, 1.0
41782.00226096528, 53, -1.0
41784.00252289726, 155, 1.0
41784.78390858664, 50, -1.0
41786.33687224513, 64, -1.0
41787.25102312877, 59, -1.0
41787.34919917529, 164, 1.0
41787.64406387528, 169, -1.0
41787.81135134042, 228, -1.0
41788.558384960255, 161, 1.0
41789.36208578988, 81, 1.0
41791.08653007064, 32, -1.0
41791.640529183576, 230, -1.0
41791.645377375135, 64, -1.0
41792.27758756479, 61, -1.0
41792.824051780255, 71, 1.0
41796.58470652504, 65, -1.0
41796.8160913235, 137, 1.0
41798.028627581734, 70, 1.0
41799.850670397995, 138, 1.0
41799.94531833512, 142, -1.0
41800.055728000865, 141, 1.0
41800.10777661369, 28, 1.0
41800.740439904046, 90, -1.0
41800.92197403308, 146, -1.0
41800.92653439035, 48, 1.0
41801.35510058397, 116, 1.0
41803.75293954503, 149, -1.0
41804.10125192292, 31, 1.0
41804.21949820519, 228, -1.0
41805.43563272248, 67, 1.0
41805.651107064194, 222, -1.0
41805.83137179998, 64, -1.0
41806.86777736489, 153, -1.0
41806.92797077349, 63, 1.0
41807.1439567202, 142, -1.0
41807.16922520869, 29, -1.0
41811.29249699406, 70, -1.0
41813.373048298134, 234, 1.0
41815.53919569385, 116, 1.0
41815.85815218287, 69, -1.0
41817.041525224806, 114, 1.0
41817.6439657077, 161, -1.0
41819.70626450546, 164, 1.0
41821.8992382321, 158, -1.0
41823.52915777216, 107, -1.0
41826.90216242137, 119, -1.0
41828.29520067898, 155, -1.0
41828.74230916909, 45, -1.0
41828.926858368985, 233, 1.0
41829.97566260872, 87, 1.0
41830.69396464195, 124, -1.0
41831.37496725746, 198, 1.0
41832.51346087969, 31, -1.0
41835.75550838041, 72, 1.0
41836.763728934515, 58, 1.0
41837.24985336709, 148, 1.0
41837.564453564926, 146, 1.0
41837.84687803764, 169, -1.0
41843.607329631246, 133, -1.0
41843.76282922552, 158, 1.0
41844.169964483466, 68, 1.0
41844.27822078052, 235, -1.0
41844.95899492128, 39, -1.0
41845.6776314743, 155, -1.0
41848.13623884247, 41, 1.0
41849.47370381207, 62, -1.0
41849.49278456538, 146, -1.0
41851.01660276458, 41, -1.0
41851.697559951994, 230, 1.0
41854.016278861425, 75, 1.0
41856.079508352945, 113, 1.0
41858.64534543618, 154, 1.0
41860.38039643723, 34, -1.0
41861.169602062175, 161, 1.0
41865.66317692118, 149, 1.0
41866.09488385963, 111, -1.0
41867.233079178324, 99, 1.0
41872.19715112899, 152, -1.0
41874.62019984876, 96, 1.0
41875.34589494642, 95, -1.0
41876.441902736835, 98, -1.0
41877.080736543394, 110, 1.0
41877.32698520666, 75, 1.0
41877.4252247989, 67, 1.0
41878.344588212516, 50, -1.0
41879.24120047306, 35, -1.0
41879.25750282501, 75, 1.0
41879.71806451346, 83, 1.0
41879.72265943417, 29, 1.0
41880.04793049156, 114, 1.0
41880.145170577656, 105, 1.0
41881.9592862909, 103, -1.0
41883.39088089667, 210, -1.0
41884.140403842524, 48, -1.0
41887.198555419636, 33, -1.0
41887.310147048694, 103, 1.0
41888.9986153151, 82, 1.0
41889.6480597097, 142, -1.0
41889.80815595389, 35, -1.0
41890.5040651576, 40, -1.0
41893.73841427768, 75, 1.0
41893.96450411368, 114, 1.0
41894.07054102731, 114, 1.0
41896.55392233691, 126, 1.0
41896.71296129677, 45, -1.0
41898.30822016844, 110, -1.0
41898.47802910626, 228, -1.0
41899.879068587106, 146, 1.0
41902.052483636406, 35, 1.0
41902.16299857171, 163, 1.0
41903.4352326219, 126, 1.0
41903.60050842902, 124, -1.0
41904.6108210528, 48, 1.0
41907.942004457254, 235, -1.0
41911.50893982256, 163, -1.0
41913.77495944205, 152, -1.0
41914.363996191634, 50, 1.0
41914.60536095244, 104, 1.0
41914.61747630212, 35, 1.0
41914.78769698123, 41, 1.0
41916.17824428846, 163, 1.0
41917.68010343311, 165, -1.0
41919.68352720046, 128, 1.0
41922.278897229444, 114, 1.0
41922.80355165209, 40, -1.0
41923.42405505626, 137, -1.0
41924.174616285665, 43, 1.0
41925.01635859431, 65, -1.0
41925.967825235195, 29, 1.0
41926.08493891071, 114, 1.0
41926.479244092014, 101, -1.0
41927.33330837173, 50, 1.0
41928.26743777412, 155, -1.0
41930.26178309783, 171, -1.0
41930.75174765207, 45, -1.0
41932.61392901335, 41, -1.0
41934.50105308052, 230, -1.0
41935.597463703576, 60, -1.0
41935.952584694736, 75, 1.0
41936.25762085537, 58, -1.0
41937.28856165168, 114, 1.0
41938.16192793, 119, 1.0
41938.234042181146, 142, 1.0
41939.9576975297, 32, -1.0
41941.58133391303, 163, -1.0
41941.61182818936, 233, -1.0
41942.172241424734, 113, -1.0
41944.06808138361, 75, 1.0
41944.199484516044, 87, 1.0
41946.8887343726, 157, -1.0
41947.156536708266, 76, 1.0
41947.3536919248, 154, -1.0
41948.16435975679, 182, -1.0
41949.356459775576, 105, 1.0
41950.27707611315, 35, -1.0
41954.06977054699, 159, -1.0
41954.555855918676, 73, -1.0
41954.726271825835, 170, 1.0
41954.79611920201, 116, -1.0
41959.033481410275, 72, -1.0
41959.1057711518, 72, 1.0
41959.554256597905, 64, -1.0
41960.09274908973, 58, -1.0
41960.188095187536, 61, 1.0
41960.87586243804, 168, 1.0
41962.60046535535, 71, 1.0
41964.48121537085, 113, -1.0
41964.74401141903, 137, -1.0
41965.661237581546, 58, -1.0
41966.96478637525, 147, -1.0
41967.23290998989, 180, 1.0
41971.55041678465, 152, -1.0
41973.72804692439, 230, 1.0
41976.821773852804, 105, 1.0
41978.22516262266, 40, -1.0
41978.960053440605, 28, 1.0
41979.94257934827, 105, 1.0
41979.97774080287, 151, 1.0
41981.90164797212, 123, -1.0
41982.12896105543, 137, 1.0
41983.1715110623, 104, -1.0
41983.73986811745, 151, 1.0
41985.00812212651, 130, 1.0
41985.908998351595, 71, 1.0
41988.491883343726, 182, -1.0
41988.883718070356, 110, 1.0
41990.828699637364, 165, -1.0
41993.56388599106, 97, -1.0
41994.42583381583, 94, -1.0
41995.00716516852, 92, -1.0
41995.690756668286, 73, 1.0
41997.10919331233, 27, 1.0
41998.21081946709, 82, 1.0
41998.30324274149, 53, 1.0
41998.82908374991, 52, 1.0
41999.17921707295, 90, -1.0
41999.34604377348, 71, 1.0
42001.7200900251, 68, -1.0
42002.10391633882, 146, 1.0
42002.57885233926, 114, -1.0
42002.96001648251, 101, -1.0
42002.98827058525, 154, -1.0
42003.87249855618, 55, -1.0
42006.109957777604, 76, -1.0
42006.1914340409, 98, -1.0
42011.6115473869, 45, 1.0
42018.05845412376, 114, -1.0
42018.340599730254, 101, 1.0
42018.540872971884, 100, 1.0
42019.8184522752, 99, -1.0
42021.06034076869, 87, -1.0
42021.16025469225, 40, -1.0
42023.16775532489, 82, -1.0
42023.292619218715, 40, 1.0
42026.50421781344, 168, 1.0
42028.075335918984, 83, -1.0
42028.39672875954, 162, 1.0
42030.080839862894, 35, 1.0
42031.12803510454, 154, 1.0
42031.13857629314, 123, -1.0
42031.95262627836, 100, -1.0
42032.03081060532, 91, 1.0
42032.75735495927, 155, -1.0
42032.824373098265, 31, -1.0
42033.76822344298, 33, 1.0
42034.687437995504, 28, -1.0
42036.13212138838, 32, 1.0
42037.27653788756, 126, 1.0
42038.811217685216, 58, -1.0
42039.623607705274, 56, 1.0
42041.839314009834, 59, -1.0
42044.27932187986, 34, 1.0
42045.67631203639, 108, -1.0
42045.795872919196, 165, -1.0
42048.8836948376, 59, 1.0
42049.61784308233, 87, 1.0
42050.59755526208, 71, 1.0
42052.851978082566, 89, 1.0
42053.10548665967, 120, 1.0
42053.71289601046, 58, -1.0
42056.18658747793, 114, -1.0
42057.742765741066, 43, -1.0
42058.81018914643, 70, 1.0
42064.0168510961, 71, -1.0
42066.4864489183, 99, -1.0
42067.132503614295, 154, -1.0
42067.30794885805, 29, -1.0
42067.36518373999, 146, 1.0
42068.55785098525, 153, -1.0
42069.114233158936, 65, -1.0
42070.716804326636, 54, -1.0
42071.05161647549, 59, 1.0
42072.12040395329, 34, 1.0
42072.312973695836, 165, -1.0
42072.62183697752, 169, -1.0
42073.141466787725, 71, 1.0
42075.2371652406, 34, -1.0
42077.3094089247, 105, -1.0
42078.29749240448, 26, 1.0
42079.171289344384, 75, 1.0
42079.38978512296, 164, -1.0
42079.605968564276, 109, 1.0
42080.85993833772, 165, -1.0
42081.086587943115, 45, 1.0
42081.92202138011, 59, -1.0
42083.738298783894, 177, -1.0
42084.59036981184, 126, 1.0
42085.32204325427, 92, 1.0
42086.665104936226, 52, -1.0
42087.02439493066, 153, 1.0
42087.35789621064, 37, 1.0
42087.56214419182, 107, 1.0
42087.96303067879, 75, 1.0
42088.29741588981, 87, 1.0
42089.810959513525, 152, 1.0
42090.35083041186, 67, 1.0
42090.955415892095, 133, -1.0
42094.85753677807, 105, -1.0
42095.47926093273, 116, 1.0
42097.28876289833, 75, 1.0
42098.07854751153, 84, -1.0
42098.79565327416, 106, 1.0
42099.35902540483, 89, -1.0
42099.87062510886, 163, -1.0
42100.54462232618, 81, -1.0
42101.10928232467, 40, -1.0
42102.24955524344, 68, 1.0
42105.66840231717, 98, -1.0
42107.68794761148, 163, 1.0
42108.424551456956, 48, -1.0
42110.01325103379, 80, 1.0
42110.08751729976, 119, 1.0
42110.653605851156, 202, -1.0
42113.08882159746, 234, -1.0
42114.31825644596, 155, -1.0
42114.395637335365, 139, -1.0
42116.19210463541, 101, -1.0
42118.04662254307, 116, 1.0
42118.098768151416, 152, -1.0
42118.42307528484, 34, 1.0
42118.74241239778, 52, 1.0
42118.87472541923, 148, 1.0
42120.43718338033, 60, -1.0
42120.848828716735, 59, 1.0
42121.39453566114, 126, -1.0
42124.2174366338, 126, -1.0
42128.327406710225, 154, -1.0
42129.06866699664, 26, -1.0
42129.45059147777, 128, -1.0
42129.631908827, 64, 1.0
42129.67829844927, 155, 1.0
42129.74541939819, 68, 1.0
42129.996028177135, 56, -1.0
42130.706109614606, 101, -1.0
42133.25576971894, 56, -1.0
42133.37435554343, 163, -1.0
42134.063044206785, 70, 1.0
42134.27591469509, 164, 1.0
42135.112793557244, 177, -1.0
42135.967549063644, 101, -1.0
42135.985391499315, 108, -1.0
42136.50337934459, 83, 1.0
42136.571273015186, 122, -1.0
42138.68063107406, 75, -1.0
42138.81313065784, 169, 1.0
42139.04443698971, 34, 1.0
42139.203301284346, 163, 1.0
42142.31440350843, 99, 1.0
42142.749765306915, 97, -1.0
42142.92063761179, 177, -1.0
42145.61472422043, 153, 1.0
42145.94595081781, 90, -1.0
42146.00445293202, 101, -1.0
42146.40143475209, 112, -1.0
42146.41801262348, 187, -1.0
42146.68115026805, 162, 1.0
42146.7740790246, 233, 1.0
42148.58330078659, 92, -1.0
42148.990731575446, 31, -1.0
42150.703574609215, 107, -1.0
42153.53192754164, 75, -1.0
42153.56214156525, 65, -1.0
42155.5701676086, 82, 1.0
42157.21236879168, 149, -1.0
42158.99846172634, 48, 1.0
42160.84307438309, 34, 1.0
42160.877072838055, 153, -1.0
42160.995207376254, 87, 1.0
42162.36517031067, 76, -1.0
42162.38980683682, 162, -1.0
42163.70552167217, 198, -1.0
42164.17181820305, 73, 1.0
42164.34549053498, 120, -1.0
42164.7557872504, 107, -1.0
42165.30550678007, 34, -1.0
42168.26288711144, 64, -1.0
42168.61264095665, 159, 1.0
42169.007081448144, 133, 1.0
42170.03857713747, 141, 1.0
42170.498604712826, 45, -1.0
42172.103828987514, 152, 1.0
42173.719279338344, 137, 1.0
42174.47569353948, 101, -1.0
42174.881131575385, 187, -1.0
42178.60411893216, 116, -1.0
42180.44772112937, 116, -1.0
42180.54990866036, 83, -1.0
42181.196259086915, 163, 1.0
42181.98321889758, 34, 1.0
42182.209464730404, 146, 1.0
42183.108152525965, 188, -1.0
42183.65324058891, 97, -1.0
42184.80783277348, 41, 1.0
42186.67006119235, 116, 1.0
42187.466757567876, 118, 1.0
42187.98277041088, 161, 1.0
42191.73436282524, 40, 1.0
42192.27709927761, 202, -1.0
42192.936706871216, 67, 1.0
42193.04545281305, 43, 1.0
42193.17224970227, 60, -1.0
42193.75411561963, 71, -1.0
42193.82275075803, 154, -1.0
42196.31647471478, 181, 1.0
42196.334659829576, 198, 1.0
42196.94142565248, 28, -1.0
42199.45975224211, 161, -1.0
42203.239661498206, 83, -1.0
42203.97638657113, 169, -1.0
42205.024019884804, 58, 1.0
42206.78749551379, 100, -1.0
42208.402946857954, 97, -1.0
42209.223921791505, 40, -1.0
42209.963333486565, 114, 1.0
42210.916803884626, 188, -1.0
42211.976261702206, 241, -1.0
42212.214218698704, 32, 1.0
42213.66015698966, 81, 1.0
42214.72160453531, 188, -1.0
42214.884054210044, 234, 1.0
42215.7756358579, 160, -1.0
42216.26348427297, 207, -1.0
42216.86195610618, 58, 1.0
42216.88690944532, 120, -1.0
42223.070828648226, 166, -1.0
42224.23332791338, 101, -1.0
42226.261988300714, 188, -1.0
42228.41070948902, 146, 1.0
42229.633073141165, 75, 1.0
42230.556545916836, 164, -1.0
42230.99777960027, 83, -1.0
42232.50305158447, 133, 1.0
42235.12492013724, 124, 1.0
42235.14633522028, 67, 1.0
42235.585208313685, 39, -1.0
42236.820253475824, 67, 1.0
42236.979980037715, 177, 1.0
42239.350134897315, 164, -1.0
42239.6399105077, 157, -1.0
42242.52772786129, 29, 1.0
42243.144945865846, 96, 1.0
42243.745060925954, 73, -1.0
42245.26225353365, 99, 1.0
42246.10284243543, 59, 1.0
42246.202655607165, 165, -1.0
42246.83920888059, 101, 1.0
42247.47724751825, 36, -1.0
42252.8334696662, 75, -1.0
42253.20957670474, 111, 1.0
42253.972476180636, 128, -1.0
42255.50709117002, 44, -1.0
42255.72755847168, 42, 1.0
42256.22542259836, 141, 1.0
42257.7313696964, 76, -1.0
42261.63430616871, 177, -1.0
42261.70535826557, 129, -1.0
42261.77443791261, 149, 1.0
42261.96789589606, 83, 1.0
42263.70877751958, 163, 1.0
42263.740213353296, 91, -1.0
42264.46105583681, 70, 1.0
42265.03481023144, 164, -1.0
42265.28454168148, 103, -1.0
42267.46526100234, 64, -1.0
42268.03613451226, 114, 1.0
42268.06547820392, 164, 1.0
42269.74006657181, 71, 1.0
42271.555990931905, 39, -1.0
42272.68016226649, 58, 1.0
42272.7184295458, 128, -1.0
42273.003339269715, 68, 1.0
42273.909385169194, 119, 1.0
42274.27517446834, 159, 1.0
42275.120130613774, 162, -1.0
42276.08564016386, 155, 1.0
42276.10022051687, 187, -1.0
42277.43773322189, 71, -1.0
42278.48036620445, 114, -1.0
42279.27017581525, 41, 1.0
42279.3916319735, 101, 1.0
42279.9385414225, 147, -1.0
42281.65026396274, 97, -1.0
42281.839229091755, 53, 1.0
42283.618443284664, 48, -1.0
42284.86992834058, 137, 1.0
42285.98467481159, 153, -1.0
42286.1603866278, 40, -1.0
42286.43312080714, 58, 1.0
42287.31694081331, 60, -1.0
42288.25496539004, 111, -1.0
42288.77732419728, 154, 1.0
42290.05187447965, 68, -1.0
42290.66481965889, 100, -1.0
42292.050380152294, 89, -1.0
42292.56861993783, 120, -1.0
42295.1835028786, 188, -1.0
42295.91616137305, 44, 1.0
42295.94291706196, 58, -1.0
42296.36480900145, 104, -1.0
42296.95550356037, 64, -1.0
42297.74718755115, 167, -1.0
42297.924450676794, 64, -1.0
42298.51705760253, 164, 1.0
42298.880762216526, 105, 1.0
42300.93963030068, 152, -1.0
42302.053374394876, 133, -1.0
42303.52445054427, 63, -1.0
42305.770177176935, 50, -1.0
42306.911546035364, 164, -1.0
42307.39404384284, 60, -1.0
42307.90318624731, 149, -1.0
42308.40579004434, 98, 1.0
42309.4689526703, 230, -1.0
42311.26777444303, 118, -1.0
42314.456053211194, 126, -1.0
42315.66382306371, 71, -1.0
42315.82423338321, 83, -1.0
42320.155127500606, 71, -1.0
42321.270663452844, 101, -1.0
42321.703023919996, 170, 1.0
42321.8174879582, 60, -1.0
42322.13410207329, 56, 1.0
42322.35509259894, 154, -1.0
42324.07211386909, 141, 1.0
42324.649203932495, 54, 1.0
42326.76755781688, 233, 1.0
42327.79210570373, 44, -1.0
42328.234579380965, 105, -1.0
42331.08722537602, 84, 1.0
42331.37785082979, 40, 1.0
42331.52239931893, 91, -1.0
42331.77881159221, 73, -1.0
42333.06070510253, 124, 1.0
42333.17110095858, 177, -1.0
42333.41796251433, 68, -1.0
42333.63024385572, 241, 1.0
42333.78787642549, 74, -1.0
42334.83193395835, 114, 1.0
42336.572968445515, 142, 1.0
42337.21049398811, 44, 1.0
42338.67503491759, 142, -1.0
42339.890234126164, 95, -1.0
42341.982330438885, 92, -1.0
42343.37649798446, 98, -1.0
42346.492034812996, 141, -1.0
42347.63243690116, 58, -1.0
42347.943481012735, 53, -1.0
42348.62460432027, 101, 1.0
42348.88597645961, 109, -1.0
42350.195740557276, 58, -1.0
42350.57979954301, 91, -1.0
42351.09442046711, 76, -1.0
42352.79506898329, 60, 1.0
42352.94187265994, 162, -1.0
42353.44115744216, 100, -1.0
42355.16571984918, 34, -1.0
42356.2401311024, 75, 1.0
42357.23410932082, 75, 1.0
42357.530793536906, 149, -1.0
42357.81957288232, 177, -1.0
42359.44350802391, 64, -1.0
42359.70045694422, 40, -1.0
42361.340831820744, 210, 1.0
42362.5766743555, 58, -1.0
42364.304066081364, 167, -1.0
42369.64449955236, 103, 1.0
42371.39880334513, 91, -1.0
42371.486018088166, 54, -1.0
42373.21752174155, 139, -1.0
42373.58217997839, 67, 1.0
42374.141468803056, 64, -1.0
42376.22770433074, 41, 1.0
42377.05764025952, 58, -1.0
42378.648961991916, 116, 1.0
42378.72697901274, 104, 1.0
42379.170910293215, 52, 1.0
42380.714747497674, 48, -1.0
42381.2474560551, 92, -1.0
42381.58260921346, 142, 1.0
42382.41923659625, 187, -1.0
42382.58768021959, 97, -1.0
42384.69885682976, 163, -1.0
42388.68160898263, 52, -1.0
42389.55518599427, 101, 1.0
42390.13942152159, 52, 1.0
42390.4632219492, 116, -1.0
42391.24394313666, 34, -1.0
42391.410962304064, 103, -1.0
42393.94391944449, 28, -1.0
42394.484412561855, 158, -1.0
42395.57633541616, 99, -1.0
42397.140574257064, 53, -1.0
42398.15837697984, 159, -1.0
42400.25700555157, 44, 1.0
42401.39898850571, 154, 1.0
42401.94230931145, 71, 1.0
42402.19999828446, 171, -1.0
42404.1612782504, 158, -1.0
42405.23676642603, 158, -1.0
42406.43980449277, 158, 1.0
42406.60987218114, 71, 1.0
42407.16451344872, 95, -1.0
42407.70766932376, 101, 1.0
42410.215132846286, 109, -1.0
42412.31284235546, 72, 1.0
42412.57495387353, 45, 1.0
42413.399771119504, 97, -1.0
42415.1978579953, 91, -1.0
42415.35774969088, 157, 1.0
42416.60794906057, 105, -1.0
42417.00972574846, 84, 1.0
42418.558659193375, 89, 1.0
42421.11363643461, 67, 1.0
42421.859619648276, 103, 1.0
42422.678615061996, 233, 1.0
42423.10091125404, 152, -1.0
42424.33273172338, 193, -1.0
42424.459781117286, 107, -1.0
42426.54589426536, 154, -1.0
42428.71363620504, 106, -1.0
42429.23323486574, 50, 1.0
42429.64886832137, 101, 1.0
42429.757364452125, 126, 1.0
42430.17370130258, 149, -1.0
42431.514227127554, 230, -1.0
42431.64230436589, 103, -1.0
42432.20900429472, 52, -1.0
42432.32858389839, 83, -1.0
42433.132473787016, 99, -1.0
42433.5058305969, 98, -1.0
42434.97399370973, 75, 1.0
42435.794103242624, 58, 1.0
42439.765561820765, 40, 1.0
42440.21856957382, 111, -1.0
42440.445800994996, 59, 1.0
42440.777021858776, 164, -1.0
42440.88097891598, 45, 1.0
42440.910070267084, 50, -1.0
42441.10041709837, 157, -1.0
42441.962050483424, 114, 1.0
42444.92493411684, 72, 1.0
42446.942258371724, 98, 1.0
42449.03854940885, 59, 1.0
42449.78685658107, 52, 1.0
42450.18776579693, 67, 1.0
42451.51371654823, 28, -1.0
42452.79104144328, 141, 1.0
42453.48790358506, 59, 1.0
42454.01311274227, 55, -1.0
42455.12642066691, 114, -1.0
42455.12743657985, 89, -1.0
42458.12839241111, 148, -1.0
42458.9565186841, 67, -1.0
42459.0626768108, 138, 1.0
42459.519426724204, 128, -1.0
42460.42151492559, 109, -1.0
42460.8103576682, 142, -1.0
42461.292844845826, 100, -1.0
42461.634702423195, 119, 1.0
42462.17819504897, 41, 1.0
42463.628562745645, 163, -1.0
42465.629884794784, 117, 1.0
42465.96329895661, 50, -1.0
42470.539817332996, 102, -1.0
42471.80447169741, 116, 1.0
42473.09482487396, 137, -1.0
42473.76763026049, 124, -1.0
42473.97871516864, 119, 1.0
42475.29761373617, 158, -1.0
42479.12747569752, 92, -1.0
42479.31102082736, 42, -1.0
42483.22291803832, 44, -1.0
42484.01697302769, 164, 1.0
42485.64466367695, 164, -1.0
42489.72048937376, 142, -1.0
42489.97162544029, 75, 1.0
42490.413706726016, 114, 1.0
42491.45253333708, 56, -1.0
42491.74569849404, 146, 1.0
42491.8371995405, 70, -1.0
42492.24100205671, 193, -1.0
42492.94990248733, 40, -1.0
42493.62791578496, 64, -1.0
42495.53639937798, 76, -1.0
42497.68923598072, 31, -1.0
42497.803497078436, 108, 1.0
42498.040972710056, 34, 1.0
42499.77166497396, 84, 1.0
42500.8991889122, 64, -1.0
42505.49160756176, 90, -1.0
42505.699762946664, 98, -1.0
42506.73485580618, 60, -1.0
42507.292497931405, 64, 1.0
42507.401947492384, 114, -1.0
42508.58662119424, 92, 1.0
42509.36252304837, 60, -1.0
42509.759099827024, 75, 1.0
42511.335218153145, 154, -1.0
42512.171535604975, 102, -1.0
42512.20138133137, 165, -1.0
42512.24418825906, 30, -1.0
42512.686842103954, 177, -1.0
42512.84216008085, 235, 1.0
42512.919266807374, 62, 1.0
42513.494032896626, 105, 1.0
42513.79016836263, 56, -1.0
42513.988086781435, 169, 1.0
42514.512849120685, 110, -1.0
42514.84802114907, 137, 1.0
42515.92976001053, 146, 1.0
42516.80330385257, 43, -1.0
42519.61886867687, 111, 1.0
42521.655116922804, 235, 1.0
42522.13099055264, 105, -1.0
42522.4055627387, 210, 1.0
42523.63088727001, 86, -1.0
42524.10102928387, 82, 1.0
42524.222331239995, 169, 1.0
42524.22653240111, 75, 1.0
42524.4105608565, 58, -1.0
42525.714965928804, 182, -1.0
42525.878240111, 75, 1.0
42526.56976100411, 103, -1.0
42527.23190133653, 31, -1.0
42529.363287752305, 173, -1.0
42530.57563084659, 141, 1.0
42531.91399925845, 166, -1.0
42535.04319873522, 58, -1.0
42536.314251104464, 72, 1.0
42537.90541528083, 114, -1.0
42538.8932247114, 182, -1.0
42540.01201589213, 119, 1.0
42540.69471375034, 102, -1.0
42540.803230098914, 158, 1.0
42542.16903295895, 165, -1.0
42546.39790126208, 50, 1.0
42548.1220304835, 100, 1.0
42548.28238786003, 46, 1.0
42550.268206851855, 182, 1.0
42552.37152199926, 43, -1.0
42552.76227488921, 33, -1.0
42552.816131241634, 80, 1.0
42553.84505882067, 36, 1.0
42556.79249120034, 182, -1.0
42561.18107580935, 120, 1.0
42561.77490655729, 120, -1.0
42563.93593564798, 53, 1.0
42564.24732066061, 39, 1.0
42564.656977349114, 81, -1.0
42565.37318967567, 62, -1.0
42566.15223048675, 142, 1.0
42566.82732829647, 165, -1.0
42568.05458733255, 60, -1.0
42568.48570095642, 84, 1.0
42568.91787920218, 113, -1.0
42569.97302359179, 102, 1.0
42570.12607565343, 155, 1.0
42570.73918117546, 76, -1.0
42571.15508972123, 71, -1.0
42573.91379540842, 59, -1.0
42573.99799469532, 44, -1.0
42575.162473301396, 76, -1.0
42575.58346338426, 122, -1.0
42576.23448248376, 68, 1.0
42576.778776477855, 148, -1.0
42577.0679383634, 142, -1.0
42579.459243177735, 159, -1.0
42580.5721554001, 58, 1.0
42581.30980866985, 59, 1.0
42581.49609980929, 64, 1.0
42581.73678591619, 40, 1.0
42581.868133179894, 137, -1.0
42582.499837873285, 40, -1.0
42584.774843623876, 161, -1.0
42585.15057530619, 34, -1.0
42585.326630408454, 40, -1.0
42585.49495238175, 68, 1.0
42585.8982142485, 123, -1.0
42586.22065356992, 141, 1.0
42587.26454169862, 142, 1.0
42587.51627468804, 100, 1.0
42588.42005632407, 147, 1.0
42588.49562394069, 114, 1.0
42588.60927657258, 116, 1.0
42588.80751185863, 81, 1.0
42589.71172892405, 116, 1.0
42589.99173704543, 157, -1.0
42590.558089329956, 110, -1.0
42591.232443588466, 169, 1.0
42592.469168065836, 146, -1.0
42594.13055241454, 69, -1.0
42594.85676329246, 116, -1.0
42595.00744388915, 165, -1.0
42595.259226675116, 114, 1.0
42597.55952578095, 35, -1.0
42598.08421755404, 133, -1.0
42598.53617795014, 113, -1.0
42599.66928119127, 101, 1.0
42599.901107437385, 71, 1.0
42602.65426830409, 126, 1.0
42603.09578670477, 170, 1.0
42604.375774270906, 162, -1.0
42607.81001679482, 110, -1.0
42608.63730517727, 84, -1.0
42611.52753817878, 58, 1.0
42612.53556986735, 26, -1.0
42612.677269842454, 67, 1.0
42613.947451949054, 69, 1.0
42614.9009757627, 142, -1.0
42615.06990799363, 162, 1.0
42615.12616705981, 188, -1.0
42615.51366510583, 155, -1.0
42616.300530903136, 65, -1.0
42617.895580674194, 58, -1.0
42622.95482091546, 166, -1.0
42623.48709402189, 126, 1.0
42624.637704439, 40, -1.0
42625.34251115632, 67, 1.0
42626.193647605396, 126, -1.0
42627.970155303454, 142, -1.0
42629.65210604883, 161, -1.0
42630.12819120841, 62, -1.0
42631.04101807818, 33, 1.0
42631.152034446175, 146, -1.0
42631.805279636115, 158, -1.0
42632.68235471044, 235, -1.0
42633.48470985, 128, -1.0
42634.1441491034, 71, -1.0
42634.81373076994, 142, -1.0
42635.13115842135, 126, -1.0
42635.327592804235, 142, 1.0
42636.68425421849, 165, -1.0
42637.16523132113, 120, -1.0
42638.11970977798, 44, 1.0
42639.922392612076, 101, -1.0
42640.34607416859, 75, 1.0
42640.72057649295, 82, -1.0
42641.17531899936, 105, -1.0
42641.94807894656, 87, 1.0
42642.5828500208, 75, 1.0
42643.399279352125, 65, -1.0
42643.49339995373, 114, 1.0
42648.47330152044, 28, -1.0
42648.891364365016, 80, 1.0
42650.213956466454, 59, -1.0
42650.362456484305, 152, -1.0
42650.56240328582, 86, -1.0
42650.66038000708, 165, -1.0
42651.57118617963, 35, 1.0
42651.92410662263, 54, -1.0
42653.50761035363, 100, 1.0
42655.11809610738, 34, 1.0
42655.576196286114, 142, -1.0
42656.61120338585, 202, -1.0
42656.82843545598, 50, -1.0
42659.2966855742, 83, -1.0
42659.313350616896, 228, 1.0
42660.94008090428, 137, -1.0
42661.17831802834, 83, -1.0
42662.29002690414, 56, -1.0
42662.62282285845, 61, -1.0
42664.33896762464, 41, 1.0
42665.26830643235, 177, -1.0
42665.397804168686, 114, -1.0
42665.98688785543, 149, -1.0
42666.54726730574, 39, -1.0
42666.707436719975, 90, -1.0
42667.207842727636, 167, -1.0
42668.62037905577, 75, 1.0
42670.11568521908, 64, -1.0
42671.82141792273, 81, -1.0
42672.61379679776, 48, -1.0
42674.69796121483, 141, 1.0
42675.59708456626, 82, -1.0
42675.61197808269, 71, -1.0
42679.64176247944, 73, 1.0
42680.191114313006, 157, -1.0
42680.43623182561, 84, 1.0
42681.159704769285, 80, -1.0
42681.37515711035, 163, -1.0
42681.82835700428, 116, 1.0
42681.8288583976, 234, 1.0
42682.07359995054, 161, -1.0
42682.98122192681, 109, -1.0
42685.91368889899, 152, 1.0
42687.389631802595, 83, 1.0
42688.4229124865, 97, 1.0
42688.7728029431, 34, -1.0
42691.0165752627, 123, -1.0
42691.562161392365, 58, -1.0
42695.11244193656, 58, -1.0
42695.64645561722, 133, -1.0
42696.35956163409, 116, -1.0
42696.59574650537, 34, 1.0
42696.7291029937, 113, 1.0
42699.33533311886, 44, -1.0
42699.75886053155, 126, -1.0
42703.229373147486, 84, -1.0
42703.76959428814, 62, -1.0
42712.95526454622, 177, -1.0
42713.14949515958, 149, -1.0
42713.4029817906, 65, -1.0
42714.32540042379, 163, -1.0
42716.35537702574, 108, 1.0
42717.09043137859, 146, -1.0
42717.31390869023, 64, -1.0
42717.314632019414, 69, 1.0
42719.68855946965, 83, -1.0
42719.7058987441, 32, -1.0
42722.18397445255, 149, -1.0
42722.81589503224, 72, 1.0
42722.8792032786, 35, 1.0
42723.12037998777, 158, -1.0
42725.02946802231, 69, -1.0
42726.17690586124, 70, 1.0
42728.511104552475, 157, -1.0
42729.63259439713, 101, 1.0
42729.746688327614, 155, 1.0
42731.235973340226, 130, -1.0
42731.50458480961, 35, -1.0
42731.78655962105, 109, 1.0
42733.32342923353, 154, -1.0
42735.59203968073, 71, 1.0
42735.73377473786, 26, -1.0
42735.85712570526, 168, 1.0
42737.444986308605, 80, 1.0
42738.23307032439, 139, -1.0
42739.75470850804, 80, 1.0
42740.815513952744, 96, 1.0
42741.92068614225, 142, 1.0
42749.21999713142, 58, -1.0
42749.60161048896, 31, -1.0
42752.25718697966, 58, -1.0
42753.19634434347, 152, 1.0
42753.21933462258, 68, 1.0
42753.63711187263, 84, -1.0
42753.7918749948, 108, -1.0
42758.183817474564, 116, -1.0
42758.2539580703, 105, -1.0
42760.044554565175, 188, -1.0
42764.183505058136, 53, -1.0
42764.25262728052, 40, -1.0
42764.51560514566, 58, 1.0
42764.67648623735, 71, 1.0
42765.54932353943, 163, 1.0
42768.83294196732, 142, 1.0
42771.503063901306, 154, -1.0
42771.78503689085, 35, 1.0
42771.793271703704, 155, -1.0
42771.964700133234, 182, -1.0
42772.83680831493, 32, 1.0
42773.69627232399, 241, 1.0
42774.32976226944, 142, -1.0
42775.88328918056, 130, -1.0
42776.49449356879, 163, -1.0
42776.70964788949, 75, 1.0
42777.02003688263, 164, 1.0
42778.737915642414, 158, -1.0
42779.324087412875, 126, 1.0
42780.54739635644, 152, 1.0
42780.89389884431, 114, 1.0
42785.31944078054, 109, -1.0
42787.44196578128, 89, -1.0
42789.39609256901, 126, 1.0
42790.68251126673, 165, 1.0
42790.68623416279, 39, 1.0
42790.77516016262, 198, -1.0
42792.277741819984, 84, -1.0
42792.990955992864, 26, -1.0
42793.644972333044, 113, -1.0
42794.85199703011, 50, 1.0
42795.17406275647, 146, 1.0
42795.38823388021, 152, -1.0
42795.741145269574, 88, -1.0
42796.530295550976, 69, 1.0
42796.868962341454, 67, -1.0
42796.93675239529, 116, 1.0
42797.71997486233, 154, -1.0
42798.731903412896, 67, 1.0
42800.2057446291, 68, -1.0
42800.91703610783, 75, 1.0
42800.9683928034, 103, 1.0
42801.95274032864, 116, 1.0
42805.50917464183, 114, 1.0
42806.8809379719, 75, -1.0
42808.006166048806, 96, -1.0
42808.841906867376, 61, -1.0
42810.01160137373, 83, -1.0
42810.69457083911, 58, 1.0
42812.3284136714, 228, 1.0
42812.91052354359, 142, 1.0
42813.35766305096, 48, -1.0
42817.27824627639, 102, 1.0
42819.27620528572, 35, -1.0
42821.87656139609, 60, -1.0
42822.09961135234, 142, 1.0
42823.66196228696, 169, 1.0
42824.87044199293, 105, -1.0
42825.43040266888, 75, 1.0
42825.5112083627, 138, -1.0
42826.69121036848, 75, -1.0
42826.96728127952, 148, -1.0
42830.2408816716, 31, 1.0
42830.76353188299, 35, 1.0
42831.095679104474, 103, 1.0
42831.71547606369, 161, -1.0
42834.287273859096, 234, 1.0
42835.048823939025, 141, 1.0
42835.136447658195, 39, -1.0
42835.25295728855, 64, -1.0
42835.46435656468, 58, 1.0
42835.58327816874, 26, 1.0
42835.69232535742, 241, -1.0
42837.439515211976, 67, -1.0
42838.10390961855, 230, -1.0
42838.88410793674, 97, -1.0
42839.41129608397, 58, 1.0
42840.22064281044, 163, -1.0
42840.36787910116, 161, -1.0
42842.719951256884, 50, -1.0
42843.63167865355, 99, 1.0
42843.94313329782, 81, -1.0
42844.209089372656, 182, -1.0
42844.293789926545, 151, 1.0
42845.003578950884, 165, -1.0
42846.873254767794, 116, 1.0
42849.144086785614, 152, 1.0
42849.465779462575, 53, 1.0
42852.09871670111, 69, 1.0
42853.92392545235, 110, -1.0
42854.24752191274, 116, 1.0
42854.35733009397, 58, 1.0
42856.21917968913, 87, 1.0
42857.99409355122, 153, -1.0
42858.0589777032, 164, 1.0
42858.18644995648, 114, -1.0
42858.68003606871, 40, -1.0
42858.853176744946, 126, 1.0
42859.55965421721, 161, -1.0
42860.754986183805, 53, -1.0
42860.802577458526, 50, -1.0
42861.0243294482, 75, 1.0
42862.78548944622, 152, 1.0
42863.543987220706, 34, -1.0
42865.12025923527, 44, -1.0
42866.21760049311, 142, -1.0
42866.25848314388, 109, 1.0
42867.439767331445, 75, 1.0
42868.867735269785, 43, 1.0
42869.1289905833, 97, -1.0
42869.65261618073, 50, -1.0
42874.114180218574, 165, 1.0
42874.47196409421, 64, 1.0
42874.71964693978, 71, 1.0
42875.448393457016, 164, -1.0
42876.99493516829, 69, 1.0
42877.3047882747, 75, -1.0
42877.86464750797, 50, -1.0
42878.16176312349, 41, -1.0
42878.36299629534, 35, -1.0
42878.57447154154, 148, -1.0
42878.65996923729, 40, 1.0
42878.93940208957, 154, -1.0
42880.468755344686, 105, -1.0
42880.70791929089, 71, 1.0
42881.22503527183, 101, -1.0
42881.762371334946, 98, -1.0
42882.32847602055, 230, 1.0
42882.90213633818, 99, -1.0
42887.09723534361, 75, -1.0
42887.65853252686, 171, -1.0
42889.896483539545, 64, -1.0
42890.130902675104, 233, 1.0
42893.775853388965, 116, -1.0
42894.65230789266, 45, 1.0
42894.684821068484, 235, 1.0
42894.85139932011, 142, 1.0
42895.427009604624, 177, -1.0
42895.740857762175, 95, 1.0
42895.94308707384, 98, -1.0
42896.39218149947, 188, -1.0
42897.36463898767, 116, -1.0
42899.608372814815, 27, -1.0
42900.322691524685, 154, 1.0
42900.603000545256, 164, 1.0
42900.90871184977, 75, 1.0
42901.2635470485, 108, -1.0
42902.852776798674, 164, 1.0
42902.88228737205, 173, 1.0
42903.30978920824, 65, -1.0
42905.288306828916, 133, -1.0
42905.38633099733, 210, -1.0
42905.542530004976, 36, -1.0
42905.96398222339, 165, -1.0
42906.07330956737, 114, 1.0
42906.22331263595, 59, -1.0
42906.353681429646, 235, 1.0
42906.40429778739, 54, -1.0
42906.53428804973, 188, -1.0
42907.12337823685, 74, -1.0
42907.12826976228, 64, -1.0
42907.32122819532, 42, -1.0
42908.02838753604, 116, -1.0
42908.38923325751, 119, 1.0
42909.06677789622, 36, -1.0
42909.13289144559, 173, -1.0
42910.75355994639, 165, -1.0
42911.944150305484, 75, 1.0
42912.892736000525, 43, 1.0
42913.01499174712, 161, -1.0
42914.2772773793, 66, 1.0
42914.43182252091, 35, -1.0
42915.21546973342, 35, -1.0
42915.26035704452, 159, -1.0
42915.99196422483, 148, -1.0
42916.83327158217, 74, 1.0
42916.959525934784, 230, -1.0
42919.838821544494, 64, -1.0
42920.128024697966, 141, 1.0
42920.316248335446, 28, -1.0
42920.51412570683, 111, 1.0
42921.17414116308, 71, 1.0
42921.517401380384, 60, -1.0
42922.21277308723, 177, -1.0
42926.50423397839, 152, -1.0
42927.71994463475, 142, 1.0
42929.058448797, 52, -1.0
42930.52892809194, 71, 1.0
42931.33795161734, 137, -1.0
42931.427648437224, 158, 1.0
42932.66604172268, 164, 1.0
42933.24415667311, 138, -1.0
42933.91210973473, 153, 1.0
42934.16726873638, 159, 1.0
42934.650080395135, 167, -1.0
42935.968940624, 31, -1.0
42936.30341457939, 163, -1.0
42940.089377429256, 222, -1.0
42940.26562108614, 35, -1.0
42942.0330426727, 90, -1.0
42942.211431969685, 75, 1.0
42942.62201134467, 152, 1.0
42943.08794844552, 165, -1.0
42943.26812014128, 41, -1.0
42945.116477549396, 235, -1.0
42948.8046014601, 137, -1.0
42949.58734392573, 35, -1.0
42951.49179546696, 84, -1.0
42952.597964411616, 75, 1.0
42952.92594973402, 177, -1.0
42953.13137691574, 162, -1.0
42959.0715228649, 117, 1.0
42959.31946748105, 40, -1.0
42960.04343222708, 50, -1.0
42960.23491477637, 65, -1.0
42961.056185678965, 29, -1.0
42961.94974851874, 40, -1.0
42962.03604421176, 153, -1.0
42963.88661909228, 133, -1.0
42965.29340004164, 105, 1.0
42965.57993643581, 101, -1.0
42966.324185810336, 159, 1.0
42968.931837890865, 35, -1.0
42969.211228642256, 233, 1.0
42970.380862339225, 76, -1.0
42970.468286367766, 101, 1.0
42970.70867921234, 68, 1.0
42971.068269265896, 69, -1.0
42971.35019879635, 58, 1.0
42973.75712775828, 87, 1.0
42977.0755906963, 103, 1.0
42977.087894275384, 54, -1.0
42978.48617828539, 58, -1.0
42980.121100380544, 161, -1.0
42980.511272495154, 80, 1.0
42980.61245975636, 40, -1.0
42981.28465953183, 98, -1.0
42984.41948323922, 100, 1.0
42986.5535252993, 155, -1.0
42986.714018843595, 120, -1.0
42986.95998371591, 233, -1.0
42987.44286786887, 97, -1.0
42987.724376454564, 36, -1.0
42988.27398461373, 123, -1.0
42991.54942860612, 193, -1.0
42992.21391536712, 99, -1.0
42994.004484891084, 133, 1.0
42994.80767827115, 114, 1.0
42997.18839779155, 103, -1.0
42997.18922340647, 103, -1.0
42997.97415794213, 105, 1.0
42999.20835240866, 198, -1.0
43000.99574429003, 110, 1.0
43004.442917837056, 82, -1.0
43004.71341503529, 97, 1.0
43004.89263130249, 163, 1.0
43006.772361804076, 108, 1.0
43008.12336334032, 114, -1.0
43008.33075097492, 228, 1.0
43008.39861345638, 58, -1.0
43011.123654957286, 141, -1.0
43011.36235454838, 222, 1.0
43017.34244872258, 188, -1.0
43018.14414653303, 76, -1.0
43019.42441651844, 101, 1.0
43020.310127650104, 111, -1.0
43020.99088992454, 33, -1.0
43021.406429066345, 33, -1.0
43021.4955006921, 137, -1.0
43023.26275703928, 233, 1.0
43023.38262925396, 58, 1.0
43023.70066108124, 159, -1.0
43024.58907457493, 187, -1.0
43025.30037552603, 161, -1.0
43025.48648162843, 163, 1.0
43025.74464933989, 165, -1.0
43028.44933806462, 163, 1.0
43029.247801972204, 99, -1.0
43029.814590420516, 64, -1.0
43030.1243574389, 177, -1.0
43030.551481960836, 141, 1.0
43032.80607485309, 148, 1.0
43034.23246918359, 114, 1.0
43035.41302940732, 108, -1.0
43036.198068081496, 84, 1.0
43037.22262753306, 96, -1.0
43037.44932151626, 109, 1.0
43038.23297059351, 71, -1.0
43038.86024523774, 109, -1.0
43040.12419399464, 161, -1.0
43040.28784085992, 130, -1.0
43040.85373170646, 75, -1.0
43041.28686535822, 182, 1.0
43041.84804192847, 71, 1.0
43042.12660169018, 149, -1.0
43043.58936778417, 53, 1.0
43043.76096509615, 33, -1.0
43044.22026213118, 29, -1.0
43046.609880063224, 80, 1.0
43048.24479734949, 103, 1.0
43048.857597472954, 29, -1.0
43049.205542248514, 141, 1.0
43052.8423139101, 162, 1.0
43056.01939648814, 50, -1.0
43058.612699210826, 48, -1.0
43059.66661571804, 198, 1.0
43060.36108241625, 162, -1.0
43061.17142876264, 53, -1.0
43064.64394265315, 187, -1.0
43067.08440154681, 64, -1.0
43070.63600185948, 106, -1.0
43070.6460839406, 53, 1.0
43070.790102415725, 66, -1.0
43071.08632719356, 42, -1.0
43071.44782971448, 222, -1.0
43072.42279453267, 114, 1.0
43074.28694238621, 50, -1.0
43075.40847762956, 116, 1.0
43076.80059249188, 165, -1.0
43076.822662625826, 89, -1.0
43078.86423287489, 91, -1.0
43081.4826362105, 45, -1.0
43082.18920603555, 141, 1.0
43082.659862089466, 182, -1.0
43083.61044736662, 32, -1.0
43083.65698762615, 133, -1.0
43084.23209182687, 68, -1.0
43084.47112455452, 97, -1.0
43085.16866739198, 75, 1.0
43086.91445025519, 75, 1.0
43087.01454402093, 58, -1.0
43087.38922473924, 94, 1.0
43087.66430088252, 84, -1.0
43087.784527190626, 58, -1.0
43090.08736132891, 75, 1.0
43090.70644675584, 73, -1.0
43092.25403259012, 26, 1.0
43092.59463201268, 34, -1.0
43093.06144983873, 114, 1.0
43093.330499107695, 29, -1.0
43093.378547587294, 149, -1.0
43093.60165551395, 71, 1.0
43094.20238835539, 169, 1.0
43094.45647154846, 123, -1.0
43097.503239734026, 198, -1.0
43098.411055492055, 233, 1.0
43099.43297349328, 27, -1.0
43100.28796023708, 163, 1.0
43100.575396083776, 222, -1.0
43103.53250555357, 44, -1.0
43103.63071401885, 101, 1.0
43105.442712153155, 64, 1.0
43105.60982910051, 163, -1.0
43105.76286063113, 76, 1.0
43105.76755243041, 84, -1.0
43106.93519466119, 44, -1.0
43109.04716308049, 158, -1.0
43109.233436960014, 44, -1.0
43109.30253924151, 58, 1.0
43112.210219563894, 64, -1.0
43112.68841230313, 41, 1.0
43112.884234928126, 114, 1.0
43113.10969131488, 228, 1.0
43113.342599882315, 141, 1.0
43113.75756585618, 101, 1.0
43113.83307234037, 114, -1.0
43113.87537632505, 155, 1.0
43113.91807727639, 52, 1.0
43116.68880688089, 137, 1.0
43116.74423055697, 116, 1.0
43116.763821672146, 159, -1.0
43117.556267258, 116, 1.0
43117.808033895155, 73, -1.0
43118.28358598357, 169, 1.0
43118.47629257374, 103, 1.0
43118.76060572354, 62, 1.0
43120.31467438323, 114, -1.0
43120.89792529315, 146, -1.0
43121.887328907236, 193, -1.0
43122.89025402623, 67, -1.0
43126.08220111849, 151, -1.0
43129.533888634556, 54, -1.0
43130.18124289975, 98, -1.0
43130.22948733914, 222, 1.0
43130.258248597645, 48, -1.0
43130.702558985475, 162, 1.0
43130.91676042974, 40, -1.0
43131.895346609155, 40, 1.0
43133.73822033129, 162, 1.0
43135.94286346884, 234, 1.0
43136.17271396014, 228, 1.0
43137.075971195765, 64, -1.0
43137.21001600376, 111, 1.0
43138.02883649866, 95, -1.0
43138.073996300525, 149, 1.0
43139.595685705746, 54, -1.0
43140.25952534983, 182, 1.0
43142.643780911465, 99, -1.0
43143.41231547497, 50, -1.0
43144.615614651426, 48, -1.0
43145.92356579171, 167, 1.0
43146.1221957018, 28, -1.0
43146.33356450308, 151, -1.0
43148.90585262407, 75, -1.0
43149.42396010123, 74, 1.0
43149.724209437096, 29, 1.0
43155.30888905306, 81, -1.0
43156.99687700303, 165, 1.0
43157.61862027194, 75, 1.0
43160.044463105136, 100, 1.0
43161.32092417321, 109, 1.0
43161.61220062664, 152, 1.0
43163.6621900601, 85, -1.0
43163.66732300757, 169, -1.0
43163.78049491681, 98, 1.0
43165.425165734894, 162, -1.0
43166.462345254164, 130, -1.0
43167.50749442433, 142, -1.0
43167.67101813729, 105, 1.0
43169.027477763964, 40, -1.0
43173.71054743782, 26, -1.0
43174.57336641652, 230, -1.0
43174.84742614298, 126, -1.0
43176.1631102725, 152, 1.0
43176.5605599434, 50, -1.0
43177.13788383763, 235, -1.0
43178.46730485484, 54, -1.0
43178.78595175983, 44, -1.0
43179.67188522858, 123, -1.0
43180.44465050949, 137, 1.0
43181.07900534352, 27, -1.0
43181.94389850704, 52, -1.0
43182.22829768638, 162, 1.0
43183.68312652756, 146, -1.0
43184.69265688904, 81, 1.0
43186.938648920775, 83, -1.0
43188.11493082915, 44, -1.0
43189.826945192755, 169, 1.0
43191.05620496222, 207, -1.0
43191.27962845308, 161, -1.0
43191.43778591331, 146, 1.0
43191.48819157144, 66, 1.0
43192.11619552414, 108, -1.0
43192.61970503875, 120, -1.0
43193.780604225874, 69, -1.0
43196.90830518998, 149, -1.0
43197.45934151399, 64, 1.0
