39600.54883790674, 82, -1.0
39601.742566071596, 83, 1.0
39603.49882156066, 168, -1.0
39604.2264497075, 99, -1.0
39604.7689573577, 81, -1.0
39606.29814416358, 29, 1.0
39606.499987743606, 99, -1.0
39608.36131589587, 163, 1.0
39608.58540125222, 70, 1.0
39610.651669880725, 46, -1.0
39611.36655600322, 167, -1.0
39611.51207120818, 27, 1.0
39612.02797826635, 152, -1.0
39612.399717732056, 27, 1.0
39613.19472159386, 146, 1.0
39613.43366399917, 45, -1.0
39615.6146954775, 67, 1.0
39615.69334650318, 100, -1.0
39616.88935009801, 98, -1.0
39617.209591430335, 32, 1.0
39620.06025007138, 222, 1.0
39620.97695019604, 234, -1.0
39622.62889253863, 234, -1.0
39622.77894399352, 59, 1.0
39624.403395429625, 40, 1.0
39625.05798411054, 59, 1.0
39626.192726407295, 153, -1.0
39627.79271486654, 167, 1.0
39631.04514069654, 76, -1.0
39631.079217992825, 76, 1.0
39631.21155510185, 241, -1.0
39632.263331215014, 233, 1.0
39632.323630724386, 146, 1.0
39632.750967308326, 142, 1.0
39632.77543429119, 133, -1.0
39634.30169381448, 95, -1.0
39635.46038727619, 35, 1.0
39635.88692937595, 71, 1.0
39636.38211073345, 64, -1.0
39637.202139423694, 113, -1.0
39637.23236932895, 146, 1.0
39638.156848068, 83, -1.0
39640.48859989539, 105, 1.0
39642.34474331705, 59, 1.0
39642.68234142344, 44, -1.0
39643.332147553476, 99, -1.0
39643.64630964209, 162, -1.0
39643.8724377111, 230, -1.0
39645.78723125347, 110, -1.0
39647.97320289409, 68, 1.0
39648.24718926614, 167, -1.0
39650.01184473678, 35, 1.0
39651.13757883754, 202, -1.0
39651.29387049547, 155, 1.0
39651.81578573011, 87, -1.0
39652.06647025403, 137, 1.0
39653.248128575855, 133, -1.0
39653.55018998694, 40, 1.0
39655.89227998366, 71, 1.0
39658.79658005118, 36, -1.0
39661.20729748, 234, -1.0
39661.26163013352, 26, 1.0
39663.1887613123, 64, -1.0
39664.91870092294, 57, -1.0
39665.1746478773, 68, -1.0
39665.30362480743, 98, -1.0
39666.233713639565, 104, 1.0
39667.810894891736, 163, 1.0
39668.88019910666, 64, -1.0
39669.09490714577, 70, 1.0
39669.88280233373, 146, 1.0
39670.91435714879, 166, -1.0
39673.20451473098, 141, -1.0
39673.77751613559, 141, 1.0
39674.672257977436, 65, -1.0
39675.155840053354, 126, 1.0
39675.656349750534, 148, 1.0
39675.84346786314, 58, -1.0
39676.20874947513, 40, 1.0
39677.29465528841, 87, 1.0
39678.17311602604, 177, -1.0
39678.91909620526, 46, -1.0
39678.95955519805, 64, 1.0
39679.45535743001, 87, -1.0
39679.931641097406, 128, -1.0
39679.94640049966, 63, -1.0
39681.34795725094, 105, 1.0
39683.62739988867, 142, -1.0
39684.413686733475, 104, 1.0
39685.29722215567, 87, 1.0
39685.57203339769, 103, 1.0
39685.97930529996, 146, -1.0
39687.90058780333, 141, -1.0
39689.30694302443, 71, 1.0
39690.02063815161, 138, -1.0
39690.74771959867, 44, 1.0
39690.78741431013, 26, -1.0
39691.06211046221, 162, -1.0
39692.21349718574, 64, 1.0
39693.150870584184, 89, 1.0
39694.99618389802, 28, -1.0
39697.039128303746, 82, 1.0
39697.31261514581, 164, 1.0
39697.34347638175, 75, 1.0
39697.79971404431, 113, -1.0
39698.04256398743, 137, -1.0
39700.02856320894, 182, -1.0
39700.213017231, 146, -1.0
39702.1047252332, 81, 1.0
39702.86452917387, 59, 1.0
39706.05432364635, 162, -1.0
39706.25628442096, 188, -1.0
39709.75401900983, 40, -1.0
39710.614392254094, 70, -1.0
39711.36219481052, 58, 1.0
39711.42598768984, 103, -1.0
39712.66270098239, 99, 1.0
39713.97359861576, 48, 1.0
39714.11549537888, 106, -1.0
39714.19424802406, 114, 1.0
39714.19967540143, 242, -1.0
39715.04782301538, 235, -1.0
39717.296581968345, 152, 1.0
39717.96026143811, 88, -1.0
39718.927222553946, 101, -1.0
39719.27199931824, 152, 1.0
39720.10107743536, 94, 1.0
39720.42593979421, 58, -1.0
39720.45500750752, 116, -1.0
39720.686445798565, 169, 1.0
39721.22983859899, 152, -1.0
39722.243842533884, 141, -1.0
39724.35880312026, 50, -1.0
39724.706432871484, 137, 1.0
39726.82624049538, 166, -1.0
39727.17576397642, 109, -1.0
39728.71440300138, 28, 1.0
39729.13558216298, 69, 1.0
39732.59170760528, 152, -1.0
39732.87494484398, 137, -1.0
39733.97537191412, 110, -1.0
39735.492539198174, 165, -1.0
39735.54471358677, 75, 1.0
39736.68875156595, 101, 1.0
39736.91603578285, 29, 1.0
39737.22420203355, 146, -1.0
39737.389823224185, 96, 1.0
39737.59477916827, 58, 1.0
39739.094313072215, 65, -1.0
39740.976884457275, 142, 1.0
39742.32288102751, 159, -1.0
39742.62523904384, 182, -1.0
39742.93666275858, 141, 1.0
39745.872873032706, 165, 1.0
39746.90183059849, 29, 1.0
39748.72329539281, 75, 1.0
39752.2608572915, 163, 1.0
39754.021766025966, 159, -1.0
39754.63972437954, 153, -1.0
39755.01914431268, 40, 1.0
39755.02878722411, 46, -1.0
39760.577921558215, 142, 1.0
39761.31202168382, 102, -1.0
39764.474143638654, 36, 1.0
39765.970877670414, 76, -1.0
39766.04269830999, 123, -1.0
39766.05380757836, 28, -1.0
39766.05609576275, 63, 1.0
39766.69313831702, 163, 1.0
39768.130872559916, 103, -1.0
39769.119937131625, 97, -1.0
39770.345872540034, 67, -1.0
39775.02399327574, 40, -1.0
39775.46703821873, 32, 1.0
39776.637011247796, 75, -1.0
39778.101718710575, 34, 1.0
39778.28822533384, 59, 1.0
39781.02616379279, 102, 1.0
39781.403611343754, 28, -1.0
39781.95696391023, 67, 1.0
39783.030238372834, 114, -1.0
39783.57691149852, 91, 1.0
39784.12586760072, 167, 1.0
39785.50701972793, 114, -1.0
39786.29955652993, 75, -1.0
39788.147223793094, 101, -1.0
39789.26581697868, 28, 1.0
39789.53489624702, 163, 1.0
39789.68529754432, 40, -1.0
39790.17978731524, 58, -1.0
39790.487085698216, 69, -1.0
39791.513458301866, 128, 1.0
39791.71449799178, 104, -1.0
39792.04512423304, 68, 1.0
39792.44368585992, 71, -1.0
39793.05512293704, 108, -1.0
39794.03986586744, 101, 1.0
39794.43411418516, 210, 1.0
39795.21070205149, 198, -1.0
39796.47232234182, 182, 1.0
39798.618911055186, 165, 1.0
39799.96290342556, 37, -1.0
39800.01064844935, 159, -1.0
39801.89041445654, 116, -1.0
39803.54603041083, 182, -1.0
39804.10872765467, 110, -1.0
39804.32822544146, 162, -1.0
39806.49220746287, 126, 1.0
39807.56349660033, 68, -1.0
39808.119984163946, 87, -1.0
39808.57731785169, 169, 1.0
39808.841300906686, 114, -1.0
39809.38734588242, 146, -1.0
39809.751518484234, 94, -1.0
39811.32145827195, 152, -1.0
39813.467697251304, 146, 1.0
39813.788533196515, 128, -1.0
39814.20416660313, 126, 1.0
39814.69256872901, 169, 1.0
39815.4820274941, 123, 1.0
39816.609953505744, 40, -1.0
39816.82788283049, 42, -1.0
39819.322129839944, 46, -1.0
39819.64306964796, 113, -1.0
39819.95436659712, 159, 1.0
39820.47483017646, 35, -1.0
39821.3458777158, 165, 1.0
39821.58134586235, 89, -1.0
39823.69580824421, 90, 1.0
39824.779556015725, 188, 1.0
39824.94815447013, 51, 1.0
39825.957731806484, 46, -1.0
39826.88925771274, 64, -1.0
39827.871056897406, 71, 1.0
39830.2055977439, 164, 1.0
39831.767392458, 27, -1.0
39832.88433638143, 66, 1.0
39833.0499990081, 167, -1.0
39833.26260062564, 152, 1.0
39833.450659968614, 233, -1.0
39833.91561848645, 114, 1.0
39835.794327568794, 188, 1.0
39836.142464120785, 34, -1.0
39836.60190957065, 123, -1.0
39839.177171291616, 155, -1.0
39840.785052903426, 119, -1.0
39841.33834555256, 75, 1.0
39841.79272159137, 64, -1.0
39843.98805543598, 114, -1.0
39846.63949055031, 76, -1.0
39848.368920813395, 51, 1.0
39848.73619503216, 109, 1.0
39849.131209452564, 71, -1.0
39849.51343766011, 40, -1.0
39849.62845883711, 41, 1.0
39850.87242231151, 58, -1.0
39854.15514945065, 177, 1.0
39859.2133303413, 59, -1.0
39859.3541962182, 75, -1.0
39862.66681625428, 40, 1.0
39865.31906637866, 210, -1.0
39866.197235596315, 106, 1.0
39867.057072135045, 116, 1.0
39868.43654748037, 123, -1.0
39868.78347315535, 128, -1.0
39870.13439671068, 101, 1.0
39871.8982238361, 71, -1.0
39872.46722934128, 155, -1.0
39872.87839388284, 65, 1.0
39874.070318848986, 71, 1.0
39876.71841556073, 27, -1.0
39878.3582105177, 169, 1.0
39879.12816826575, 87, -1.0
39882.097925901835, 146, 1.0
39882.37104621745, 162, -1.0
39883.975855101104, 133, -1.0
39887.608645910805, 169, -1.0
39889.3375748584, 118, -1.0
39889.86320566067, 29, -1.0
39892.33735418308, 65, -1.0
39892.64798157276, 40, 1.0
39894.56544176519, 162, 1.0
39895.37118470961, 67, 1.0
39898.38233164552, 40, -1.0
39898.62209977314, 39, 1.0
39898.74812245691, 198, 1.0
39898.92066565601, 58, 1.0
39899.22383453869, 155, -1.0
39900.78006817975, 105, 1.0
39902.55816880804, 193, -1.0
39902.98409509512, 71, 1.0
39903.434677709694, 89, 1.0
39903.43561848328, 48, 1.0
39903.810302964266, 55, -1.0
39905.7597246285, 152, 1.0
39906.10743157204, 33, 1.0
39906.45430181122, 99, -1.0
39906.54826546303, 142, 1.0
39910.37332353777, 116, 1.0
39911.59042176696, 92, -1.0
39911.93888932636, 88, -1.0
39912.20217343193, 34, 1.0
39914.51736207981, 28, -1.0
39915.01098724706, 67, 1.0
39915.79491678168, 114, 1.0
39916.41968213275, 36, -1.0
39916.950050526764, 126, -1.0
39918.338217883604, 142, -1.0
39920.295658532836, 101, 1.0
39921.459248031795, 33, 1.0
39926.306405079304, 26, 1.0
39931.477846401525, 137, 1.0
39935.69065693471, 181, 1.0
39936.54569459432, 58, -1.0
39937.400464709855, 146, -1.0
39937.66950763588, 193, -1.0
39938.10279657983, 142, -1.0
39938.544831654595, 123, -1.0
39938.98033835269, 182, 1.0
39939.334080461456, 100, 1.0
39939.50585220825, 202, -1.0
39939.576710612615, 108, -1.0
39939.88615315492, 59, 1.0
39941.1074285723, 165, 1.0
39942.64325476803, 75, -1.0
39942.67556450222, 141, 1.0
39943.52130333253, 35, -1.0
39944.48982677178, 137, -1.0
39944.683585047416, 142, 1.0
39947.51471659787, 170, 1.0
39949.29735368576, 153, 1.0
39951.155553510405, 167, -1.0
39951.810843611616, 28, 1.0
39953.2635255076, 133, 1.0
39954.108157692885, 114, 1.0
39955.6779536694, 137, 1.0
39957.00062404563, 163, 1.0
39960.014223636135, 100, 1.0
39960.3279683887, 58, 1.0
39961.704507561444, 242, -1.0
39961.893122846406, 100, -1.0
39964.424265295325, 46, -1.0
39964.43746120413, 71, -1.0
39967.26616970799, 159, -1.0
39968.80291966899, 58, -1.0
39970.901536185185, 107, 1.0
39971.49235276364, 137, 1.0
39971.94209841362, 58, -1.0
39972.094533729, 41, 1.0
39972.59117598473, 166, 1.0
39972.606114239374, 68, -1.0
39973.35413273703, 56, -1.0
39976.819412049925, 40, 1.0
39978.60485277587, 55, -1.0
39979.33947213683, 71, -1.0
39981.239410573246, 90, -1.0
39981.3357570266, 123, -1.0
39981.75657936668, 152, 1.0
39982.26221500931, 29, 1.0
39982.526348900516, 71, 1.0
39982.92013259762, 110, 1.0
39983.986754302576, 35, 1.0
39985.349639868284, 122, -1.0
39988.00901783689, 40, -1.0
39988.933172683996, 157, -1.0
39993.913063791355, 147, -1.0
39994.69126298705, 141, -1.0
39998.5103319976, 102, 1.0
40001.17739840735, 235, 1.0
40001.81939146957, 222, -1.0
40001.9530532065, 60, 1.0
40002.44066235679, 40, -1.0
40003.84790687805, 88, -1.0
40004.51459756667, 42, -1.0
40005.18860081704, 141, 1.0
40007.22075072854, 182, 1.0
40008.19313362072, 162, 1.0
40011.219218190236, 81, 1.0
40011.47953198685, 50, 1.0
40012.19829479917, 32, 1.0
40013.200158758205, 123, 1.0
40013.247137882274, 103, -1.0
40013.47666931469, 67, 1.0
40013.902240622694, 59, -1.0
40014.803750303196, 133, -1.0
40015.514978515996, 64, 1.0
40015.78043367122, 56, 1.0
40016.50124771175, 152, -1.0
40017.15859732145, 162, -1.0
40019.453887805, 146, -1.0
40020.05172421365, 110, -1.0
40021.71747829015, 169, 1.0
40022.54258483964, 152, -1.0
40025.916149435696, 112, -1.0
40027.03979490487, 148, -1.0
40028.70540728925, 31, -1.0
40030.80468612447, 28, -1.0
40035.93580132378, 65, 1.0
40036.4490065452, 95, 1.0
40039.14208759329, 126, 1.0
40041.63968602701, 95, 1.0
40042.55301676646, 198, -1.0
40042.63911060182, 198, -1.0
40044.762427379945, 69, 1.0
40045.48252237611, 155, 1.0
40046.24126050355, 98, -1.0
40046.269025827445, 69, 1.0
40046.59152725587, 40, -1.0
40046.986836215496, 75, -1.0
40047.880745786875, 155, -1.0
40050.88500437537, 64, -1.0
40051.62225172382, 53, -1.0
40051.96361405692, 114, -1.0
40053.37273596824, 103, 1.0
40054.44251851699, 95, 1.0
40055.84237858998, 66, -1.0
40056.90526723149, 69, -1.0
40057.69570097814, 97, 1.0
40060.53037069657, 58, -1.0
40061.863318680946, 58, 1.0
40064.31257660987, 169, 1.0
40065.767840051536, 53, 1.0
40066.01929189655, 101, 1.0
40066.55269605229, 64, 1.0
40067.57843930441, 114, -1.0
40067.88709807894, 36, 1.0
40067.90858296931, 58, -1.0
40068.54600589222, 83, 1.0
40069.11884853216, 87, -1.0
40070.51124417273, 154, 1.0
40070.70619070367, 130, 1.0
40073.5863699552, 66, -1.0
40073.58735403866, 155, -1.0
40074.42699617421, 151, -1.0
40076.25808486841, 67, 1.0
40076.360393909024, 52, -1.0
40076.587384861916, 198, 1.0
40077.83200865329, 36, 1.0
40078.31728560294, 114, -1.0
40078.70064737378, 28, -1.0
40079.799730359155, 114, -1.0
40080.23129407214, 101, 1.0
40081.10488982318, 101, 1.0
40082.21549487081, 119, 1.0
40089.45024616037, 123, -1.0
40089.495638676635, 116, 1.0
40090.155711427244, 103, -1.0
40090.297707802165, 160, -1.0
40090.46851418807, 69, -1.0
40090.97820797129, 116, 1.0
40092.512950423516, 230, -1.0
40092.52615760334, 44, -1.0
40093.45847864256, 146, 1.0
40093.76667031041, 80, -1.0
40094.813029686295, 101, 1.0
40100.044202769495, 35, 1.0
40100.95611093575, 167, 1.0
40101.19068033475, 193, 1.0
40103.11389888489, 126, -1.0
40103.31689710715, 228, 1.0
40104.7979282069, 123, -1.0
40105.446988736294, 35, -1.0
40106.78307029876, 164, 1.0
40108.39232798521, 95, 1.0
40108.521944222564, 162, -1.0
40108.9413233395, 53, 1.0
40109.23766568116, 68, 1.0
40109.31817646114, 59, 1.0
40109.60302262082, 64, 1.0
40111.248090402936, 149, 1.0
40111.9445546144, 146, 1.0
40112.028674081565, 114, 1.0
40114.319508355016, 80, 1.0
40114.912700880755, 45, 1.0
40116.680359831444, 39, -1.0
40116.894336159756, 117, 1.0
40117.490455937696, 182, -1.0
40118.06548690675, 119, 1.0
40118.51297589581, 59, 1.0
40120.5693581067, 133, -1.0
40122.02480533187, 113, -1.0
40122.340799527876, 101, 1.0
40122.87155068497, 142, -1.0
40124.589358099445, 133, -1.0
40127.58351284156, 64, -1.0
40127.97987522426, 228, 1.0
40128.88644306096, 83, -1.0
40130.11159463302, 163, 1.0
40130.45371756755, 68, 1.0
40132.981796142194, 52, 1.0
40133.28746786005, 44, -1.0
40134.04342896868, 167, 1.0
40134.41676326611, 75, 1.0
40134.68728455839, 163, 1.0
40134.76048165705, 100, 1.0
40136.173080693894, 105, 1.0
40137.098586568005, 64, -1.0
40138.23896038731, 188, -1.0
40140.40182130194, 62, 1.0
40145.746500704, 155, -1.0
40146.22097215549, 34, -1.0
40149.5558483169, 153, 1.0
40150.9745723743, 142, -1.0
40153.47421774233, 65, 1.0
40153.61980989041, 99, 1.0
40154.236988448334, 69, -1.0
40155.29854970505, 242, 1.0
40156.897719370776, 114, 1.0
40156.95587562985, 111, -1.0
40157.579776548766, 29, 1.0
40158.25188607739, 162, -1.0
40158.87526633213, 50, 1.0
40158.95674649365, 84, -1.0
40162.196658479894, 202, -1.0
40165.100920432844, 123, 1.0
40165.464491462575, 133, -1.0
40166.51321250605, 235, 1.0
40166.69285233839, 97, -1.0
40167.64383133095, 97, 1.0
40168.663665098306, 88, -1.0
40169.36679146119, 137, 1.0
40171.01697508673, 142, -1.0
40171.4992726057, 26, -1.0
40174.45398615107, 43, -1.0
40175.053697122145, 234, -1.0
40176.19333576407, 98, 1.0
40177.844380440714, 30, -1.0
40177.858502751595, 64, -1.0
40178.36112443119, 148, 1.0
40178.95832855761, 58, -1.0
40180.48491790438, 152, 1.0
40180.79848518842, 81, -1.0
40183.414145506074, 230, -1.0
40183.74185471836, 34, 1.0
40183.79548886351, 39, -1.0
40184.63974547468, 51, 1.0
40184.68765069738, 152, 1.0
40186.53690182723, 81, 1.0
40188.09427011009, 114, 1.0
40188.204755630926, 114, -1.0
40188.45839322789, 233, -1.0
40188.73893093107, 35, 1.0
40189.06810498926, 87, -1.0
40190.17704780638, 160, -1.0
40191.659093437556, 123, -1.0
40194.50547868258, 114, -1.0
40194.65376347103, 35, 1.0
40196.69718803115, 126, -1.0
40197.336529369335, 80, -1.0
40197.88863226646, 42, -1.0
40198.16238499803, 84, 1.0
40199.028725726566, 114, -1.0
40199.20932984204, 137, 1.0
40199.838409634365, 91, -1.0
40201.2025843482, 59, 1.0
40201.3098141229, 64, -1.0
40201.804268690445, 34, 1.0
40205.25685361045, 87, 1.0
40206.78909261928, 109, -1.0
40207.45894275756, 83, -1.0
40207.828826800935, 65, -1.0
40208.89791548869, 141, -1.0
40209.44876035228, 152, 1.0
40209.51431324823, 50, -1.0
40210.0139557005, 86, -1.0
40210.38416455916, 152, -1.0
40213.313828127764, 198, 1.0
40213.42345683475, 105, 1.0
40214.09418732244, 147, -1.0
40215.21528553485, 73, 1.0
40215.716244843956, 70, 1.0
40219.80821712835, 59, 1.0
40220.167045955954, 67, 1.0
40220.917594089384, 58, -1.0
40222.1549186469, 72, -1.0
40223.5788682923, 40, 1.0
40225.410031854924, 58, 1.0
40225.83460818471, 137, 1.0
40226.489346912786, 202, -1.0
40226.98902033243, 97, 1.0
40228.67658281831, 123, -1.0
40228.910280537624, 161, 1.0
40229.359159573076, 45, -1.0
40230.64245978044, 152, 1.0
40231.63431048573, 58, 1.0
40231.76973385291, 91, -1.0
40232.225653362155, 81, -1.0
40232.89044361858, 59, 1.0
40233.29060967176, 162, 1.0
40235.14322382819, 193, -1.0
40236.51215452294, 34, -1.0
40237.210261777895, 116, 1.0
40237.65281924266, 66, -1.0
40238.163960565886, 81, 1.0
40239.061815941604, 164, -1.0
40241.571381596455, 164, -1.0
40241.66987274465, 123, -1.0
40245.591188334685, 103, 1.0
40245.76433517347, 67, 1.0
40247.00480266934, 58, -1.0
40248.71931140103, 34, 1.0
40249.01500744393, 64, -1.0
40251.878432471975, 29, 1.0
40252.57525965719, 95, 1.0
40255.06232281652, 64, -1.0
40255.587453465945, 98, 1.0
40256.172563712666, 81, -1.0
40256.556313513145, 162, -1.0
40259.962969057786, 101, 1.0
40260.52778912186, 146, 1.0
40260.5538472843, 70, 1.0
40260.78570907683, 39, 1.0
40261.26241580242, 80, 1.0
40261.29121465009, 65, 1.0
40261.34073719147, 82, 1.0
40263.71933034987, 67, 1.0
40263.99388754895, 45, 1.0
40264.381742036814, 75, 1.0
40265.29944586096, 235, 1.0
40265.31468661023, 177, -1.0
40265.95470898054, 73, 1.0
40266.05074749838, 152, 1.0
40266.64962085555, 64, -1.0
40267.91100247115, 69, -1.0
40275.01884975445, 157, -1.0
40277.291556088654, 124, 1.0
40277.549708077706, 35, 1.0
40277.73317243845, 104, 1.0
40280.413936730154, 152, -1.0
40281.19182314829, 233, -1.0
40281.83998392021, 71, -1.0
40281.90707536577, 166, -1.0
40283.88950044686, 59, 1.0
40285.49671528479, 87, 1.0
40285.608146637525, 119, -1.0
40285.689302296036, 54, -1.0
40285.804015611415, 110, -1.0
40287.43030775922, 89, -1.0
40287.73050919692, 101, 1.0
40287.74201636531, 152, -1.0
40288.01875312429, 67, 1.0
40288.9650670051, 101, -1.0
40290.15637531526, 171, 1.0
40290.80620496095, 82, -1.0
40292.66211350652, 107, -1.0
40293.17399644685, 169, 1.0
40295.749113379345, 162, 1.0
40296.66237749328, 102, 1.0
40297.3590091816, 109, -1.0
40300.51937565664, 81, 1.0
40301.97604057124, 152, -1.0
40304.12914103989, 53, 1.0
40306.19798752904, 233, -1.0
40310.37359684693, 137, -1.0
40311.32755585331, 198, -1.0
40311.85486432604, 34, 1.0
40311.94380948532, 87, -1.0
40312.50111401894, 81, 1.0
40313.87551310699, 193, -1.0
40314.25673832334, 163, 1.0
40316.96766080505, 31, -1.0
40320.251321798256, 108, -1.0
40322.88241385963, 63, 1.0
40324.82688749139, 68, -1.0
40324.86655681946, 101, 1.0
40325.30892516858, 164, -1.0
40325.756725887106, 28, -1.0
40326.269757670874, 101, -1.0
40327.17181899082, 228, 1.0
40328.253276668715, 100, -1.0
40328.45164819881, 86, -1.0
40328.61413481621, 142, 1.0
40328.66883839028, 101, 1.0
40329.38760072406, 119, 1.0
40330.11987468419, 81, -1.0
40331.51464947472, 40, 1.0
40333.42729916405, 89, -1.0
40335.30827215851, 164, -1.0
40336.2785397439, 58, -1.0
40336.914920000134, 84, -1.0
40337.74885545433, 126, 1.0
40337.81306758454, 105, 1.0
40338.16808790947, 91, -1.0
40338.7479773908, 101, -1.0
40339.12257053193, 45, 1.0
40339.531940513836, 152, -1.0
40339.68504470508, 65, 1.0
40340.63536811182, 91, 1.0
40340.63558352455, 75, -1.0
40340.72283385049, 137, 1.0
40341.25128843923, 58, -1.0
40341.892949167544, 67, -1.0
40342.863343217294, 182, -1.0
40343.051009828065, 72, -1.0
40344.554799473684, 116, 1.0
40346.64947198438, 104, 1.0
40348.06268015897, 34, -1.0
40350.0487757427, 101, -1.0
40351.39433479201, 123, 1.0
40351.67821998033, 76, -1.0
40352.08249410903, 133, 1.0
40353.693139359704, 87, -1.0
40354.497320434304, 116, 1.0
40355.01020921087, 100, 1.0
40355.37059531415, 109, -1.0
40355.86660744224, 69, -1.0
40356.54059092658, 164, -1.0
40357.191292126416, 169, 1.0
40358.85650222877, 97, -1.0
40358.95683204152, 84, 1.0
40359.08668926997, 149, -1.0
40359.20359749938, 101, 1.0
40360.897286888365, 69, -1.0
40361.19462847212, 142, 1.0
40361.37454379665, 148, -1.0
40362.1362541989, 87, 1.0
40362.394339824, 83, 1.0
40363.86598717903, 123, -1.0
40366.19610199986, 36, 1.0
40366.514480542515, 40, 1.0
40367.12278132605, 116, -1.0
40367.37482851743, 123, -1.0
40369.75049765961, 233, -1.0
40370.834754698466, 33, -1.0
40373.672945004706, 118, -1.0
40374.61770223779, 37, -1.0
40374.936927745235, 54, 1.0
40375.38723136495, 73, -1.0
40377.32796137121, 59, -1.0
40377.8284281695, 59, -1.0
40378.26458861283, 67, 1.0
40378.36336085738, 35, -1.0
40378.79820621221, 58, -1.0
40379.11107679328, 33, -1.0
40379.416152913494, 91, -1.0
40379.58031292132, 104, -1.0
40381.615715714644, 37, 1.0
40383.33132592461, 117, -1.0
40384.58628387164, 58, 1.0
40386.10677925131, 71, 1.0
40386.20725820841, 114, 1.0
40388.78921630461, 126, -1.0
40389.58236729568, 113, 1.0
40390.91053780594, 59, 1.0
40393.056419593864, 188, -1.0
40393.14032663039, 146, -1.0
40393.63192564435, 101, -1.0
40393.88843918577, 61, 1.0
40394.56001095526, 103, -1.0
40395.45451819719, 80, 1.0
40395.828798887305, 43, 1.0
40396.4242185902, 161, 1.0
40396.44978299434, 70, 1.0
40397.14059853686, 188, -1.0
40398.97963506719, 75, -1.0
40399.18008582282, 81, -1.0
40399.85504164221, 82, 1.0
40400.38743811138, 84, -1.0
40401.25566218099, 34, -1.0
40401.45695555394, 149, -1.0
40401.776611603666, 126, -1.0
40404.520598730385, 177, -1.0
40405.96950567152, 133, -1.0
40406.996916900476, 43, -1.0
40409.573392807164, 40, 1.0
40410.69215698327, 36, -1.0
40411.19360575478, 41, 1.0
40411.21823167319, 99, 1.0
40411.808408608274, 48, 1.0
40412.31223326348, 230, -1.0
40413.70174053819, 64, -1.0
40415.60715780254, 67, 1.0
40416.457188559856, 34, -1.0
40420.38232496082, 71, 1.0
40421.784738817274, 57, 1.0
40422.167747156964, 62, -1.0
40422.478367132964, 64, -1.0
40426.36990199399, 51, -1.0
40429.44706818932, 40, -1.0
40429.98203346423, 58, -1.0
40431.43815673888, 92, 1.0
40431.811228134466, 170, 1.0
40432.083675225214, 64, -1.0
40432.10846046116, 42, 1.0
40432.57490547073, 146, 1.0
40432.93652621412, 159, -1.0
40432.96482598956, 230, -1.0
40433.33891139704, 146, 1.0
40434.21307468864, 242, -1.0
40434.30358628828, 60, 1.0
40437.09638913825, 114, 1.0
40440.22447742385, 126, -1.0
40441.57943432995, 109, -1.0
40441.656156083074, 34, 1.0
40444.557499121824, 114, -1.0
40444.65117467104, 99, -1.0
40445.21852791128, 28, -1.0
40446.351547452265, 56, -1.0
40449.44367444889, 198, 1.0
40449.56531301318, 35, 1.0
40451.30176252995, 163, 1.0
40453.1152452023, 100, 1.0
40453.146245685835, 53, 1.0
40453.68143872847, 148, -1.0
40455.41384830364, 114, -1.0
40455.77759091001, 126, 1.0
40456.21613341949, 161, -1.0
40459.19355358934, 61, 1.0
40461.39944931913, 138, 1.0
40464.71609525018, 182, -1.0
40464.80476074906, 168, -1.0
40464.85863466884, 68, -1.0
40467.74149296436, 84, -1.0
40468.05540231095, 137, -1.0
40468.685800889034, 241, 1.0
40468.884280505605, 165, -1.0
40469.390944516854, 50, -1.0
40469.685823709544, 87, -1.0
40472.0403704143, 54, 1.0
40473.07580467539, 198, 1.0
40475.04933727154, 60, -1.0
40480.590278321695, 71, 1.0
40485.77600043832, 73, -1.0
40487.040177980314, 141, 1.0
40488.069206504966, 45, -1.0
40490.93360743853, 39, 1.0
40491.37911873508, 64, 1.0
40491.60230402646, 111, -1.0
40493.54248050003, 110, -1.0
40497.861092707724, 26, 1.0
40498.22446934036, 114, -1.0
40499.17889277796, 100, 1.0
40504.24315604068, 89, -1.0
40504.98410305642, 146, 1.0
40505.623229478, 159, -1.0
40506.98648950106, 27, -1.0
40507.592278539196, 159, 1.0
40510.9920445992, 114, 1.0
40511.53353631371, 32, -1.0
40511.56501782855, 59, 1.0
40511.63310209377, 148, -1.0
40513.218411391776, 161, 1.0
40513.75448891497, 153, -1.0
40514.22825103805, 34, 1.0
40514.248138296454, 98, 1.0
40514.781245894, 164, -1.0
40515.97091396255, 92, -1.0
40516.31664107747, 114, 1.0
40517.462080722515, 71, 1.0
40517.48810741281, 116, 1.0
40517.92675870401, 43, -1.0
40518.12273910854, 182, 1.0
40520.12036868308, 61, 1.0
40520.78246534592, 101, 1.0
40520.80551976549, 87, 1.0
40522.42930129248, 68, 1.0
40523.33923509103, 111, -1.0
40523.85875951652, 141, -1.0
40524.29501497698, 114, -1.0
40525.59960622886, 164, -1.0
40526.20375332155, 87, -1.0
40526.44360317556, 141, -1.0
40526.8529684742, 40, 1.0
40527.13151939251, 45, -1.0
40527.25033846898, 67, -1.0
40532.91812542578, 142, 1.0
40533.22782985292, 137, 1.0
40533.68524482302, 46, -1.0
40535.98105431023, 48, 1.0
40536.26970165478, 126, 1.0
40536.921346161, 228, 1.0
40538.34247561995, 67, 1.0
40539.014481868726, 146, 1.0
40540.16774542772, 187, -1.0
40540.30587602645, 95, 1.0
40540.41195108664, 59, 1.0
40541.42622015029, 107, -1.0
40542.86013330516, 40, 1.0
40543.679352143496, 119, -1.0
40545.48589160878, 75, 1.0
40545.80473565992, 116, -1.0
40546.03976916605, 123, -1.0
40548.23880484154, 163, 1.0
40549.19639520571, 101, -1.0
40550.918729424266, 71, 1.0
40551.03535742003, 94, 1.0
40551.22861755277, 82, 1.0
40551.388819633125, 116, -1.0
40551.44140348331, 114, -1.0
40551.45898559987, 114, -1.0
40552.506699543366, 92, -1.0
40555.59177575178, 104, -1.0
40558.83438789048, 167, -1.0
40559.405401031334, 64, -1.0
40561.77561302752, 114, -1.0
40561.85007059022, 126, 1.0
40562.68264908364, 43, -1.0
40565.31174392055, 130, 1.0
40565.96998368179, 71, -1.0
40567.53251385931, 147, -1.0
40569.19297776042, 82, -1.0
40569.84688749626, 40, -1.0
40570.04143969761, 59, 1.0
40571.20272513838, 114, -1.0
40571.2770360649, 35, 1.0
40571.967966964665, 163, 1.0
40572.49666157668, 104, 1.0
40573.58844598169, 82, -1.0
40573.63067129476, 153, -1.0
40574.51878990574, 51, -1.0
40575.256932197655, 188, -1.0
40575.91613332646, 89, -1.0
40576.96855455479, 122, 1.0
40578.54647965064, 123, 1.0
40579.32145837311, 33, 1.0
40580.19810629268, 157, -1.0
40580.42285787639, 155, -1.0
40580.72207975942, 42, -1.0
40581.230960569446, 80, 1.0
40581.68520820069, 67, 1.0
40582.18272344062, 68, 1.0
40582.65665891226, 162, -1.0
40583.90747038472, 74, -1.0
40583.976190942696, 45, 1.0
40584.489440291574, 102, 1.0
40585.643156617945, 233, 1.0
40586.13269682272, 67, 1.0
40589.0758465643, 165, -1.0
40590.66303610454, 57, 1.0
40590.97688702199, 75, 1.0
40591.618906570606, 152, -1.0
40592.17563029719, 71, 1.0
40592.46883218043, 108, -1.0
40592.80057157829, 163, 1.0
40593.59170973041, 120, 1.0
40593.99465702492, 146, 1.0
40594.972498501294, 103, 1.0
40595.03923604127, 241, -1.0
40599.454170510915, 58, -1.0
40599.712580465515, 116, -1.0
40600.530057430326, 241, -1.0
40600.63350047414, 68, 1.0
40601.4414424883, 105, 1.0
40602.387916436084, 100, 1.0
40602.81482433796, 59, 1.0
40602.81509406965, 29, -1.0
40603.39721127388, 99, -1.0
40604.330690184506, 141, 1.0
40607.51153993211, 117, -1.0
40607.68647111316, 35, -1.0
40608.07937687792, 163, 1.0
40608.4160670649, 141, 1.0
40610.04462926795, 44, -1.0
40610.210604667176, 55, -1.0
40610.61637376389, 149, -1.0
40611.0093022587, 74, 1.0
40611.589682852726, 40, 1.0
40612.64927746061, 68, 1.0
40613.653160091264, 58, 1.0
40613.874791997216, 86, 1.0
40613.875774070264, 104, -1.0
40615.95051103993, 30, -1.0
40618.46592165034, 96, -1.0
40618.85322701704, 101, 1.0
40619.33755236189, 83, -1.0
40619.447514000865, 235, -1.0
40621.36726433586, 75, -1.0
40621.656028665355, 130, -1.0
40622.61467379494, 161, 1.0
40624.219581805286, 166, -1.0
40625.50782734795, 71, -1.0
40626.189217099556, 68, -1.0
40627.885607372235, 53, -1.0
40628.016011457934, 72, -1.0
40628.26049347414, 120, 1.0
40628.39665382802, 116, 1.0
40630.27106098818, 75, -1.0
40631.222745923835, 142, 1.0
40634.47236276297, 159, -1.0
40634.900041751614, 40, 1.0
40637.08431233818, 87, 1.0
40640.10534871573, 162, 1.0
40645.502387005916, 106, -1.0
40646.66702290505, 142, 1.0
40646.767475206005, 116, 1.0
40647.280483128015, 34, -1.0
40647.66621843585, 108, -1.0
40649.116838459966, 165, 1.0
40650.45528242413, 69, -1.0
40651.81238588251, 96, 1.0
40652.09350525127, 40, -1.0
40652.12568071152, 148, -1.0
40652.53403694834, 50, 1.0
40653.71675993906, 141, -1.0
40654.27410734406, 41, 1.0
40656.134100184354, 65, 1.0
40656.81159638903, 56, -1.0
40658.08672046628, 75, -1.0
40658.47768891404, 89, -1.0
40662.324511413186, 234, -1.0
40662.88125663837, 234, -1.0
40663.29057800743, 117, -1.0
40663.35278676334, 86, -1.0
40663.670201054636, 148, 1.0
40666.235155342205, 113, 1.0
40668.99383044176, 27, -1.0
40669.17198923062, 94, 1.0
40673.40355675874, 158, 1.0
40673.697524226314, 165, -1.0
40675.31005374848, 65, 1.0
40676.070948121094, 81, -1.0
40676.32172228199, 29, -1.0
40677.95046176796, 70, 1.0
40679.83702656306, 126, -1.0
40680.118973988225, 59, -1.0
40682.95102504676, 40, -1.0
40686.10629070894, 45, 1.0
40686.74103292759, 110, -1.0
40687.63564212921, 35, 1.0
40688.99771579445, 222, -1.0
40689.237964094245, 230, -1.0
40691.27801369041, 103, -1.0
40691.3120837782, 66, 1.0
40691.79975809157, 142, 1.0
40692.72115964549, 61, -1.0
40692.9214155298, 230, -1.0
40693.40968189153, 234, -1.0
40693.80609962796, 152, -1.0
40694.86782977817, 166, 1.0
40696.08097447648, 101, 1.0
40699.96397247143, 101, -1.0
40700.81138439827, 70, 1.0
40701.05423900679, 29, 1.0
40701.43703943499, 152, 1.0
40701.5964828918, 105, 1.0
40701.82900784981, 177, 1.0
40703.72025811938, 55, -1.0
40704.198282137804, 235, -1.0
40705.67060352893, 104, -1.0
40706.05086966759, 55, -1.0
40710.724829475956, 48, 1.0
40711.8025357873, 71, 1.0
40715.34765942401, 166, 1.0
40715.93389626598, 114, -1.0
40716.79767180632, 62, 1.0
40718.357804497995, 71, 1.0
40719.36811916507, 123, -1.0
40721.029081260924, 182, 1.0
40721.51734973045, 40, 1.0
40722.22889737901, 235, 1.0
40722.312770014, 104, 1.0
40722.88120719572, 75, 1.0
40723.99560914068, 146, 1.0
40725.269737442024, 124, 1.0
40725.86052014808, 101, -1.0
40726.33814246615, 163, 1.0
40726.98504807717, 148, -1.0
40727.241030544814, 123, 1.0
40727.732236274765, 97, -1.0
40728.90600397186, 137, -1.0
40729.057387550696, 45, -1.0
40729.319453435615, 73, -1.0
40730.635440432736, 153, 1.0
40731.046616097825, 150, 1.0
40731.97534885921, 114, -1.0
40732.913219528375, 114, 1.0
40735.00113626552, 123, -1.0
40735.585764965144, 71, -1.0
40737.494471803824, 59, 1.0
40737.58254470791, 110, 1.0
40740.00898168719, 74, 1.0
40741.27465359319, 58, 1.0
40743.02139404765, 52, 1.0
40744.336864720564, 126, -1.0
40744.587880465035, 116, 1.0
40744.589179986666, 75, 1.0
40744.61051146855, 68, -1.0
40746.08246298107, 67, 1.0
40747.34792822981, 116, -1.0
40748.105468549526, 27, 1.0
40749.618733290474, 40, 1.0
40751.46227924961, 40, -1.0
40755.88984335003, 59, -1.0
40756.336177561214, 87, -1.0
40757.84729972624, 98, -1.0
40759.41184776351, 234, -1.0
40762.16010369624, 58, -1.0
40763.4936964958, 35, -1.0
40764.55492459714, 148, -1.0
40764.77185535719, 165, -1.0
40765.772040309785, 64, -1.0
40765.82468442597, 83, -1.0
40766.36212740402, 75, -1.0
40766.646250486614, 60, -1.0
40768.17374958336, 235, 1.0
40771.35279988761, 39, -1.0
40773.98330114827, 75, 1.0
40775.14869326188, 123, -1.0
40781.403212783516, 141, -1.0
40782.885757272226, 101, -1.0
40783.35665397243, 41, -1.0
40784.04284098863, 233, -1.0
40784.808243472566, 37, 1.0
40786.36908405216, 64, -1.0
40787.01971053303, 32, -1.0
40788.98125085475, 141, -1.0
40789.02337037835, 82, 1.0
40790.49258436441, 159, 1.0
40791.96272577624, 123, -1.0
40793.1500697873, 26, 1.0
40794.155118359486, 56, 1.0
40795.689040919584, 71, -1.0
40796.1261135288, 126, -1.0
40798.26649711095, 163, -1.0
40798.50255591721, 58, -1.0
40798.891699105676, 166, -1.0
40799.42964922131, 147, -1.0
40799.56632138324, 112, 1.0
40800.7877031281, 130, 1.0
40801.67164083883, 71, -1.0
40801.83601751051, 159, 1.0
40802.84218077859, 117, -1.0
40803.28254454593, 98, 1.0
40803.49603539731, 97, -1.0
40804.24534442026, 234, -1.0
40806.49177623697, 37, -1.0
40807.97019941618, 198, -1.0
40809.76236969777, 117, 1.0
40811.83984085154, 233, 1.0
40812.10219455508, 146, 1.0
40813.28243278732, 103, -1.0
40814.72318840991, 146, -1.0
40814.88296580819, 67, -1.0
40814.984882376826, 235, 1.0
40816.983017460676, 75, 1.0
40817.03257736177, 159, -1.0
40817.994794749044, 109, 1.0
40819.004543020164, 146, 1.0
40819.51642037651, 43, 1.0
40820.85734008536, 137, 1.0
40822.19347340238, 59, 1.0
40822.619277080674, 148, -1.0
40825.61097720705, 76, -1.0
40826.16599311123, 34, 1.0
40826.28344845994, 87, 1.0
40826.6918363132, 31, 1.0
40833.09245115196, 165, 1.0
40835.70482501493, 69, -1.0
40835.967609724736, 81, 1.0
40836.77154312755, 58, 1.0
40837.7393653091, 173, -1.0
40839.054144712296, 163, 1.0
40839.52275636995, 82, 1.0
40840.284427997336, 71, 1.0
40841.02599223518, 116, 1.0
40841.67933043259, 88, -1.0
40843.357230161404, 64, -1.0
40843.63573895738, 73, -1.0
40844.494005415116, 82, -1.0
40845.590545943225, 166, -1.0
40846.03232980677, 141, -1.0
40846.27043037747, 110, -1.0
40846.610991560825, 86, -1.0
40846.79918988312, 69, -1.0
40846.85522724615, 163, -1.0
40847.49293802433, 37, -1.0
40847.54942203815, 29, 1.0
40847.62441596437, 114, 1.0
40849.0078936305, 123, -1.0
40850.444209537534, 56, 1.0
40850.58345454785, 235, -1.0
40852.876633259744, 182, 1.0
40853.38410687907, 188, -1.0
40855.253324420526, 188, -1.0
40856.359164446294, 202, 1.0
40857.162519060024, 123, -1.0
40857.6064164562, 141, 1.0
40860.58088824421, 222, 1.0
40862.02212706196, 40, -1.0
40862.23841018826, 89, 1.0
40866.17455708069, 44, -1.0
40866.5484093039, 163, -1.0
40866.72414736351, 95, -1.0
40867.13929840783, 114, 1.0
40868.2519291718, 103, -1.0
40870.60261508378, 70, 1.0
40873.70539541531, 142, -1.0
40874.50641942896, 50, -1.0
40874.57829186045, 71, 1.0
40875.11148470335, 141, 1.0
40878.92493246677, 230, -1.0
40880.19289496042, 158, 1.0
40880.344171432254, 42, -1.0
40882.94471858142, 89, -1.0
40883.72676318114, 40, 1.0
40886.1133931568, 128, 1.0
40886.380425606374, 64, -1.0
40886.543274978474, 152, -1.0
40886.85732868197, 34, 1.0
40886.97858415959, 34, -1.0
40888.213198704194, 75, 1.0
40888.216997649666, 64, -1.0
40889.33145614599, 63, 1.0
40890.001567895335, 53, 1.0
40890.06043011016, 58, -1.0
40890.769795542066, 61, 1.0
40892.22026384031, 230, -1.0
40892.35109448781, 114, -1.0
40892.878949706996, 105, 1.0
40893.903788856405, 105, 1.0
40895.90810019819, 33, 1.0
40899.477456643865, 50, -1.0
40899.547439496186, 152, -1.0
40900.47052973384, 123, 1.0
40902.00370180397, 100, 1.0
40903.346858038385, 152, -1.0
40903.97244897367, 161, 1.0
40906.46021551238, 58, -1.0
40906.871527279516, 111, -1.0
40907.89714416375, 102, -1.0
40907.9592702743, 177, -1.0
40908.76946051075, 114, -1.0
40909.25474670624, 99, 1.0
40910.64278990838, 128, 1.0
40910.91366326308, 116, 1.0
40912.37211416287, 167, -1.0
40912.76063765425, 40, -1.0
40914.37067480456, 167, 1.0
40915.50424445834, 59, 1.0
40916.536788035286, 159, 1.0
40916.77916841494, 170, 1.0
40917.77581307896, 64, -1.0
40918.21467320087, 45, -1.0
40918.33163981939, 29, 1.0
40918.48192569611, 114, 1.0
40918.82746743688, 114, 1.0
40919.091407573986, 42, -1.0
40919.21502442338, 60, -1.0
40921.24316645479, 126, 1.0
40921.639572055596, 85, -1.0
40922.71294852068, 152, 1.0
40923.648573377104, 146, 1.0
40924.78192595464, 29, 1.0
40926.529471125774, 114, 1.0
40926.94084644425, 164, 1.0
40931.634113420856, 87, -1.0
40932.13997436161, 59, -1.0
40932.17632706266, 35, 1.0
40932.316449073434, 101, 1.0
40932.92129466373, 165, -1.0
40933.49743479229, 64, -1.0
40935.220689506976, 84, 1.0
40935.449875881255, 162, -1.0
40936.788059796505, 106, -1.0
40938.92170022346, 35, 1.0
40941.53371086108, 114, 1.0
40944.05496632611, 163, 1.0
40944.89208430428, 31, 1.0
40946.710029347036, 39, -1.0
40947.33906232978, 58, -1.0
40949.4126869416, 90, 1.0
40949.95728887539, 162, -1.0
40951.78933252502, 157, 1.0
40951.93795423124, 48, 1.0
40952.879551353464, 153, 1.0
40954.336924354044, 152, 1.0
40955.49655385071, 116, -1.0
40956.14009453035, 58, 1.0
40956.33343863481, 126, 1.0
40957.55023098513, 40, 1.0
40958.25355525969, 101, -1.0
40961.464520616275, 133, -1.0
40961.58659963138, 100, 1.0
40962.513318499885, 116, 1.0
40964.900537981994, 163, 1.0
40966.070054411866, 40, 1.0
40966.80318243633, 152, 1.0
40971.462515568455, 45, 1.0
40971.48077926427, 101, 1.0
40972.22707291201, 74, -1.0
40972.2968086623, 126, 1.0
40972.54148207541, 71, 1.0
40973.20064551263, 114, 1.0
40973.38856090652, 87, 1.0
40973.69048021204, 88, -1.0
40974.29346774183, 158, -1.0
40976.215734147496, 177, -1.0
40976.67807737947, 81, 1.0
40978.74460135347, 123, -1.0
40980.115685117446, 155, 1.0
40980.315317474735, 95, 1.0
40983.46694309805, 32, -1.0
40983.74456831723, 53, -1.0
40984.92860209942, 70, -1.0
40985.00548057295, 100, 1.0
40985.108246694836, 126, -1.0
40985.3301433786, 69, 1.0
40986.65619276343, 133, -1.0
40986.6678527214, 56, -1.0
40986.69883129574, 234, 1.0
40986.73218689495, 118, 1.0
40986.980350979466, 142, -1.0
40990.23006760337, 53, -1.0
40990.82308780285, 59, 1.0
40990.84568742074, 235, 1.0
40991.177915419095, 112, -1.0
40991.20469821734, 133, -1.0
40995.99894060973, 108, -1.0
41003.66169577361, 67, 1.0
41006.19545604987, 113, -1.0
41006.82309743669, 75, 1.0
41006.987245221935, 84, 1.0
41010.62957167377, 76, 1.0
41012.47587417461, 68, 1.0
41014.57493653669, 68, -1.0
41014.88189338301, 50, -1.0
41015.127133473405, 99, -1.0
41015.31142460028, 61, -1.0
41016.76456374723, 87, -1.0
41017.65924316738, 58, 1.0
41020.096994378284, 88, -1.0
41021.4765118599, 69, -1.0
41021.95081311278, 86, -1.0
41022.242937778916, 138, 1.0
41022.93725679006, 32, 1.0
41024.41565769285, 162, -1.0
41024.74967884037, 142, 1.0
41024.982626043486, 69, 1.0
41025.29230114657, 66, -1.0
41026.1166063456, 40, 1.0
41027.96097231783, 198, -1.0
41028.499241929334, 149, -1.0
41030.09268232114, 82, -1.0
41031.63240147235, 114, -1.0
41031.83000119701, 91, -1.0
41036.80055983499, 83, 1.0
41037.13866762527, 82, -1.0
41040.35172409423, 56, -1.0
41040.80037741658, 67, 1.0
41040.96838225256, 64, 1.0
41041.06371907436, 126, -1.0
41042.13913785175, 102, 1.0
41042.91094851251, 35, -1.0
41044.302656281594, 164, 1.0
41044.43849857997, 103, 1.0
41045.330850001395, 164, 1.0
41051.28460501912, 34, 1.0
41051.901506159586, 193, 1.0
41052.18459586761, 123, -1.0
41052.432617542814, 164, -1.0
41052.444429964824, 44, -1.0
41053.31639781306, 126, 1.0
41054.22668576204, 152, -1.0
41054.692909758014, 137, -1.0
41056.168011504335, 168, 1.0
41056.315579035974, 147, -1.0
41057.21094272745, 123, -1.0
41057.40619587818, 126, 1.0
41059.17955724098, 233, -1.0
41060.21285778898, 40, -1.0
41060.94050173007, 84, 1.0
41063.434370100964, 111, 1.0
41064.93026497062, 84, -1.0
41067.4133143324, 62, 1.0
41068.06029723716, 234, -1.0
41069.23560517243, 80, 1.0
41072.30879018257, 115, -1.0
41075.06532960929, 124, -1.0
41075.46610048376, 50, 1.0
41076.02971390451, 133, -1.0
41076.667459278244, 40, -1.0
41077.17570592526, 59, 1.0
41079.052470509516, 36, -1.0
41080.367113254026, 39, 1.0
41080.56962831319, 126, -1.0
41081.07253962368, 84, 1.0
41083.508029858625, 141, -1.0
41083.878272214024, 92, -1.0
41084.75806275776, 64, -1.0
41089.124479134, 157, -1.0
41089.204843973355, 106, -1.0
41090.661696461706, 198, -1.0
41092.947832465594, 100, 1.0
41093.970462197605, 149, -1.0
41094.41157337917, 146, 1.0
41095.66186068999, 29, 1.0
41099.338200817125, 29, -1.0
41101.170675690664, 148, -1.0
41101.59255085206, 157, 1.0
41101.93710106471, 92, -1.0
41102.4407538668, 111, 1.0
41103.3916646497, 165, -1.0
41103.40126108129, 101, -1.0
41104.14627491087, 28, -1.0
41105.2819430722, 29, 1.0
41106.346563822946, 62, 1.0
41107.10688410125, 69, -1.0
41107.27827482529, 104, -1.0
41108.677536166964, 89, -1.0
41110.47604811443, 101, 1.0
41110.87707018529, 58, 1.0
41111.11512841388, 33, -1.0
41113.69217577408, 104, -1.0
41114.27394126023, 40, 1.0
41115.24228379076, 68, 1.0
41115.36211690007, 104, 1.0
41116.50217712112, 110, -1.0
41117.96114673568, 149, 1.0
41118.735556979125, 40, -1.0
41119.02962141149, 137, 1.0
41120.34149900858, 157, -1.0
41122.543450690864, 164, 1.0
41123.045612364214, 40, -1.0
41126.765794733525, 87, -1.0
41127.85836614752, 84, 1.0
41127.99941986114, 50, 1.0
41128.15130159748, 75, -1.0
41128.46204173163, 149, -1.0
41129.89473087685, 114, 1.0
41132.16843652422, 234, -1.0
41133.109136013416, 116, 1.0
41134.928474628185, 234, -1.0
41136.12918727444, 159, 1.0
41137.66942818305, 99, -1.0
41138.943592842144, 70, 1.0
41139.35218005604, 58, 1.0
41141.19613484158, 103, 1.0
41142.12311370807, 67, 1.0
41143.228291560146, 45, -1.0
41145.57249728928, 70, -1.0
41145.59571612681, 126, 1.0
41146.25503339549, 53, 1.0
41148.853871036554, 73, -1.0
41149.698975754174, 137, -1.0
41149.98692642197, 71, 1.0
41151.48087022284, 165, -1.0
41152.61140294275, 114, 1.0
41153.16228849904, 137, -1.0
41153.502902828965, 76, -1.0
41154.44172318123, 31, -1.0
41154.95848331858, 102, -1.0
41155.72423090894, 109, -1.0
41156.78022465821, 235, 1.0
41156.939722278104, 58, 1.0
41157.792611306744, 126, 1.0
41159.464760526294, 146, 1.0
41162.35568036308, 105, 1.0
41165.06294752521, 168, -1.0
41166.28483809725, 71, 1.0
41167.193317745536, 81, -1.0
41167.290914541714, 81, -1.0
41167.72612732506, 117, -1.0
41168.246538412364, 198, -1.0
41168.90448323532, 115, -1.0
41168.978892600935, 95, 1.0
41170.31926805267, 71, 1.0
41172.26435412906, 164, 1.0
41172.86108731977, 59, -1.0
41174.073413171696, 228, 1.0
41175.42837163808, 50, -1.0
41177.783680779845, 34, 1.0
41177.89833413165, 106, -1.0
41178.08782671065, 155, 1.0
41178.80539413428, 188, 1.0
41180.347156121454, 167, -1.0
41180.64080096898, 133, -1.0
41180.75543718874, 152, -1.0
41181.54340507891, 95, 1.0
41182.29372585798, 45, 1.0
41183.30404382779, 58, -1.0
41183.5607219219, 146, 1.0
41183.7263290565, 182, 1.0
41184.91152058088, 41, -1.0
41186.268862207515, 43, -1.0
41186.33947545319, 119, -1.0
41187.58512095992, 133, -1.0
41190.537558426855, 35, 1.0
41191.599405324974, 159, -1.0
41192.6387485484, 164, -1.0
41193.49265364373, 99, 1.0
41194.305283556474, 100, -1.0
41196.30537464793, 72, -1.0
41197.14653355224, 234, 1.0
41201.763071478184, 43, 1.0
41201.9817147963, 177, -1.0
41202.4661732064, 53, -1.0
41203.62130605444, 68, -1.0
41205.978005142955, 55, -1.0
41206.35119636475, 155, 1.0
41206.77287345542, 39, -1.0
41206.89817162291, 101, 1.0
41208.1854305179, 114, 1.0
41210.97624887847, 118, 1.0
41211.60932581604, 110, -1.0
41211.68174927938, 45, 1.0
41212.28489833097, 146, 1.0
41213.23117662275, 56, -1.0
41215.060338390285, 111, -1.0
41217.42639033819, 45, -1.0
41220.283461506035, 106, -1.0
41221.0583306637, 45, -1.0
41221.301555950165, 106, -1.0
41222.661034408244, 146, 1.0
41226.13748770539, 117, 1.0
41226.99125348418, 123, -1.0
41227.59613928616, 75, -1.0
41227.69193191626, 75, -1.0
41227.71432252237, 67, 1.0
41228.698427838615, 59, 1.0
41229.88194944294, 169, -1.0
41231.36585459681, 161, -1.0
41232.84684926219, 147, 1.0
41234.61156102639, 39, 1.0
41236.04961464367, 108, -1.0
41239.87421237339, 75, 1.0
41240.91363967038, 72, -1.0
41244.215181027976, 147, -1.0
41245.069372155514, 80, 1.0
41246.8423421028, 116, 1.0
41248.62815699922, 126, -1.0
41250.36332647954, 116, 1.0
41251.138676252405, 114, 1.0
41255.58079793937, 61, -1.0
41256.26920134511, 159, -1.0
41256.30497679412, 68, 1.0
41256.44282954184, 42, -1.0
41256.72487488345, 54, -1.0
41259.54606369637, 164, 1.0
41260.89248852857, 87, 1.0
41262.49637756507, 235, 1.0
41263.710096614675, 153, -1.0
41264.104027560745, 53, -1.0
41264.69856551445, 202, 1.0
41266.020644152944, 75, -1.0
41268.91136771318, 123, -1.0
41269.41767478881, 137, 1.0
41274.22486076914, 114, -1.0
41274.82269775606, 34, -1.0
41275.63726535045, 75, -1.0
41276.748419838754, 159, 1.0
41279.16769525865, 35, -1.0
41279.49128508265, 152, -1.0
41280.90677800765, 44, -1.0
41281.60565801111, 123, 1.0
41285.40017825486, 116, -1.0
41285.57335572419, 59, 1.0
41285.7640387953, 69, 1.0
41287.29835438643, 54, -1.0
41288.210814932376, 82, -1.0
41288.37001621911, 235, -1.0
41288.93866198373, 59, 1.0
41290.07938283953, 161, 1.0
41290.39358474626, 64, -1.0
41290.46572384699, 147, -1.0
41291.557909817115, 56, -1.0
41292.238556404096, 64, -1.0
41292.29897302187, 152, 1.0
41292.58268654512, 102, -1.0
41292.96680700768, 165, 1.0
41294.28603256275, 233, -1.0
41294.38772185301, 53, -1.0
41294.99549166702, 165, 1.0
41296.15307943386, 102, 1.0
41297.35695700578, 83, -1.0
41298.01466976243, 165, 1.0
41298.36066194878, 116, -1.0
41298.635120457555, 65, -1.0
41301.090270398745, 94, 1.0
41307.06517965115, 163, 1.0
41307.56390912336, 142, -1.0
41308.56794323199, 152, 1.0
41308.740312007074, 162, 1.0
41308.86377930673, 33, 1.0
41309.413141551544, 29, 1.0
41309.52315545286, 165, -1.0
41309.797652462315, 114, 1.0
41310.78838487221, 67, 1.0
41312.746156960035, 101, -1.0
41313.513014203185, 70, -1.0
41314.015200644484, 133, 1.0
41315.38943267929, 153, 1.0
41315.84501010467, 75, 1.0
41315.995600031216, 84, -1.0
41317.34645800683, 71, -1.0
41317.78019707501, 123, -1.0
41317.92521852099, 97, -1.0
41318.52705701826, 166, 1.0
41318.59374683581, 34, 1.0
41322.63333635871, 164, -1.0
41322.85991991433, 45, -1.0
41324.215862970916, 71, 1.0
41324.50099825185, 152, 1.0
41325.47211837786, 146, -1.0
41327.757805493035, 42, -1.0
41328.10987514941, 99, -1.0
41330.71185362203, 64, -1.0
41331.40940808825, 28, 1.0
41332.56821118701, 158, 1.0
41332.69695334818, 64, -1.0
41333.297671984976, 91, -1.0
41337.45228104852, 34, 1.0
41338.16785857663, 152, -1.0
41339.42647082274, 141, -1.0
41339.827806168476, 198, -1.0
41340.48103114293, 92, 1.0
41340.57984241191, 87, -1.0
41341.30833410651, 90, -1.0
41343.68789931079, 103, -1.0
41343.89293000991, 59, -1.0
41344.50265641013, 152, -1.0
41345.426254085796, 75, 1.0
41346.00886159812, 161, 1.0
41346.3726380319, 67, 1.0
41346.493255516965, 101, -1.0
41346.641083429306, 119, -1.0
41346.8059759858, 168, 1.0
41348.545260865336, 101, -1.0
41350.1100810591, 58, 1.0
41351.22908930227, 155, -1.0
41351.54620172887, 100, 1.0
41351.64476947242, 80, -1.0
41352.07895226272, 187, -1.0
41352.253148682255, 59, -1.0
41353.573864305006, 99, -1.0
41354.72467451063, 76, -1.0
41354.998822080466, 158, -1.0
41355.93432162974, 83, -1.0
41357.22770812075, 32, 1.0
41357.805523817966, 130, -1.0
41360.22035811452, 75, 1.0
41361.672181121445, 94, 1.0
41361.74358029039, 164, -1.0
41361.778886872555, 138, -1.0
41363.05541749866, 35, -1.0
41363.145198575185, 97, -1.0
41364.05706255194, 29, 1.0
41366.07174907828, 141, 1.0
41369.35316120779, 109, 1.0
41371.85220451572, 36, 1.0
41371.98486586479, 146, 1.0
41372.5779210387, 202, -1.0
41374.14278364571, 100, -1.0
41374.49708417148, 155, -1.0
41375.670401846786, 80, 1.0
41377.06094023264, 58, 1.0
41381.93999190954, 146, -1.0
41382.985682200466, 63, -1.0
41383.92835934727, 69, 1.0
41384.63245866102, 111, 1.0
41385.134419177375, 152, -1.0
41387.779545703364, 177, -1.0
41388.205019287765, 96, 1.0
41388.42344597831, 40, -1.0
41389.0799625222, 66, -1.0
41389.797204014125, 153, 1.0
41390.87901470709, 29, -1.0
41391.38191097157, 105, 1.0
41392.14493675104, 71, -1.0
41393.31838865002, 123, -1.0
41395.36950935637, 50, -1.0
41395.43618038132, 113, -1.0
41397.133039456, 230, -1.0
41397.14060571825, 75, 1.0
41397.72106350354, 63, -1.0
41398.985425466475, 59, 1.0
41399.50116479107, 56, 1.0
41399.607351600665, 29, -1.0
41400.472890816985, 33, 1.0
41403.462940132806, 66, 1.0
41403.697503759104, 165, -1.0
41403.89583520386, 157, 1.0
41405.60176017598, 43, 1.0
41412.132941645315, 230, -1.0
41413.91386634053, 137, -1.0
41413.92774543638, 177, -1.0
41414.199192809836, 75, 1.0
41414.46919259631, 114, -1.0
41414.70683636272, 210, 1.0
41414.825695050014, 152, 1.0
41415.45554991882, 165, 1.0
41416.80101877444, 164, -1.0
41417.59492333616, 59, 1.0
41417.87913894797, 84, 1.0
41418.928507289194, 152, 1.0
41419.88551699637, 26, 1.0
41420.1862461119, 148, -1.0
41421.21656000133, 69, 1.0
41422.61416096052, 50, -1.0
41422.89105508455, 53, 1.0
41424.42280166169, 87, 1.0
41425.50611908245, 48, 1.0
41426.36583783679, 202, -1.0
41426.413567832475, 68, 1.0
41427.68629787996, 158, -1.0
41428.35748878418, 82, -1.0
41429.45141020321, 155, -1.0
41432.01826204532, 141, -1.0
41432.64695824373, 75, -1.0
41433.435282018625, 52, 1.0
41433.80389618097, 116, 1.0
41435.68013549285, 42, -1.0
41437.48795884327, 163, 1.0
41437.642815931635, 89, -1.0
41437.72100482138, 163, 1.0
41439.54235446971, 67, -1.0
41440.33186517478, 141, 1.0
41448.56026320391, 126, 1.0
41450.514305939876, 137, 1.0
41450.66139293692, 230, -1.0
41451.034015248064, 64, -1.0
41452.10657201127, 165, 1.0
41452.35605003386, 29, 1.0
41453.61460912839, 168, -1.0
41453.96526459245, 101, 1.0
41456.60285844451, 87, -1.0
41456.676547227784, 210, -1.0
41456.857621183095, 75, 1.0
41457.24830287647, 154, 1.0
41458.50233964864, 40, 1.0
41461.7244662899, 75, -1.0
41461.92203589586, 117, -1.0
41463.46855679673, 119, -1.0
41463.67040786018, 112, 1.0
41463.77849974463, 146, 1.0
41463.80895550845, 103, -1.0
41464.11654164053, 80, 1.0
41464.64829691025, 88, -1.0
41464.90097516711, 148, -1.0
41465.09676394862, 69, -1.0
41480.680923787295, 152, -1.0
41485.09391030074, 75, 1.0
41486.785231628055, 159, 1.0
41487.67619192904, 66, 1.0
41489.7708621989, 152, -1.0
41489.89574378034, 142, 1.0
41491.098631281726, 26, -1.0
41495.71122006268, 50, -1.0
41495.992244484514, 193, -1.0
41501.80465840206, 53, -1.0
41502.33461533126, 113, 1.0
41502.489643398454, 123, -1.0
41502.79033284173, 40, 1.0
41505.75849167161, 80, 1.0
41506.83547929153, 148, 1.0
41507.3543563832, 133, 1.0
41507.388092563524, 153, -1.0
41507.90290115046, 202, -1.0
41510.37011543978, 40, 1.0
41512.66692381834, 166, -1.0
41512.724991387186, 105, 1.0
41514.615819643295, 42, -1.0
41515.3417879563, 35, -1.0
41518.39492296122, 198, 1.0
41519.648641118416, 99, 1.0
41520.181896594775, 83, -1.0
41520.66772288864, 153, -1.0
41522.3181123988, 95, 1.0
41522.535866947226, 114, -1.0
41526.11962845281, 33, 1.0
41526.75465150706, 34, 1.0
41528.75944388113, 97, 1.0
41531.14452170777, 58, 1.0
41531.69667818415, 99, 1.0
41532.12590872598, 40, 1.0
41532.3893009401, 116, 1.0
41533.74924722656, 51, -1.0
41534.10693479514, 152, -1.0
41534.39158119425, 202, -1.0
41534.92829430873, 29, 1.0
41538.46259205884, 234, -1.0
41540.40989064717, 29, 1.0
41541.348973760934, 152, 1.0
41542.14701342941, 99, 1.0
41543.33616681604, 165, -1.0
41546.79058004424, 26, 1.0
41547.385324040966, 67, 1.0
41548.32549918365, 101, 1.0
41548.47109067235, 27, -1.0
41550.8515811058, 103, -1.0
41551.056602006094, 155, -1.0
41551.695585568574, 177, -1.0
41551.967995176994, 59, -1.0
41552.829064638645, 126, -1.0
41553.418464371265, 64, -1.0
41553.56588875707, 60, -1.0
41555.32118246897, 103, 1.0
41555.70624710352, 42, -1.0
41556.12163387003, 123, -1.0
41556.12291301244, 101, 1.0
41558.18203682133, 68, -1.0
41561.26938210057, 71, -1.0
41561.28992871708, 46, -1.0
41562.575982759656, 103, -1.0
41563.17321784332, 87, -1.0
41565.38966789573, 163, 1.0
41565.44468462149, 75, -1.0
41566.97081169131, 68, -1.0
41567.516270560845, 126, -1.0
41568.85827822505, 58, -1.0
41569.25901218229, 188, -1.0
41569.54325451958, 75, 1.0
41570.04168964175, 123, 1.0
41574.88196249179, 66, 1.0
41575.17702123428, 241, -1.0
41576.05819292355, 87, 1.0
41576.44221223743, 29, 1.0
41577.02191891754, 82, -1.0
41577.61608717423, 137, -1.0
41578.20187932441, 242, -1.0
41579.09068253547, 152, -1.0
41581.293214246165, 84, -1.0
41582.332269233375, 28, -1.0
41582.83869232773, 119, -1.0
41583.73903278861, 53, -1.0
41583.76782353592, 76, 1.0
41584.113747897776, 153, -1.0
41584.596188043506, 161, 1.0
41585.49017220345, 35, -1.0
41586.24722424864, 85, 1.0
41588.42665698814, 43, -1.0
41588.84499012271, 97, 1.0
41590.497620689646, 32, -1.0
41593.64262053076, 126, -1.0
41596.58492724497, 71, 1.0
41598.07516704585, 105, 1.0
41600.72636912179, 116, -1.0
41603.020159602675, 90, -1.0
41603.906366595285, 151, -1.0
41607.01800761536, 159, -1.0
41608.13975735794, 99, 1.0
41610.06232103654, 137, 1.0
41610.27964593682, 119, 1.0
41610.51668850743, 33, 1.0
41612.42262849593, 39, -1.0
41613.0141533813, 147, -1.0
41614.24219126859, 162, -1.0
41614.6035895173, 98, 1.0
41615.367814214405, 147, -1.0
41615.46811773907, 94, 1.0
41619.405087259365, 116, -1.0
41620.14294337959, 41, 1.0
41621.91750978299, 182, 1.0
41622.50863079877, 146, 1.0
41622.54362963459, 100, 1.0
41622.60792233063, 133, 1.0
41624.32329812164, 95, -1.0
41625.009670605345, 161, 1.0
41630.13447277815, 33, -1.0
41633.03305829365, 70, -1.0
41634.37154334964, 90, -1.0
41635.0852038636, 233, -1.0
41635.85713982258, 80, 1.0
41638.115918345684, 58, -1.0
41638.76259116137, 71, -1.0
41641.35242993346, 61, -1.0
41641.37440737014, 233, -1.0
41641.77080570773, 71, 1.0
41642.30259851403, 72, -1.0
41642.37028747423, 59, -1.0
41642.954746373034, 147, -1.0
41645.081288118534, 235, -1.0
41646.050754106895, 73, -1.0
41646.70549174328, 141, 1.0
41648.7185934849, 75, -1.0
41649.4277848618, 163, 1.0
41649.509190402394, 80, -1.0
41650.19741888275, 163, 1.0
41650.19948749334, 104, -1.0
41650.6075452594, 73, -1.0
41650.68393531504, 53, -1.0
41651.13758015947, 68, -1.0
41651.66991298806, 124, -1.0
41655.97110937462, 146, -1.0
41656.02022156822, 56, -1.0
41657.57593454728, 59, 1.0
41657.81495213289, 44, -1.0
41658.63250645668, 228, 1.0
41659.053668735294, 146, 1.0
41660.73461186085, 80, -1.0
41661.012132771146, 71, -1.0
41661.49679235174, 97, 1.0
41662.22460600236, 106, -1.0
41662.676784081676, 64, -1.0
41664.69837616772, 36, 1.0
41667.83989131352, 34, -1.0
41669.73774948949, 165, 1.0
41670.61067167898, 101, -1.0
41671.98437916095, 67, 1.0
41672.928471279134, 230, -1.0
41673.95784650295, 106, -1.0
41675.97698966249, 59, 1.0
41676.55248138275, 81, -1.0
41679.635100002975, 41, 1.0
41682.38712710161, 43, -1.0
41682.84986771426, 64, -1.0
41683.85460073254, 32, -1.0
41684.03690933965, 146, 1.0
41685.72039904381, 99, -1.0
41686.21964557501, 103, -1.0
41688.604089411405, 230, -1.0
41689.04454839359, 141, -1.0
41689.18222662144, 171, 1.0
41691.24973513112, 55, -1.0
41691.32795148392, 71, -1.0
41692.09869830112, 36, 1.0
41693.13757275068, 84, 1.0
41694.767942791404, 39, -1.0
41696.2124725333, 58, 1.0
41703.40092000713, 71, -1.0
41703.42104873839, 106, 1.0
41704.0450061998, 123, -1.0
41706.133836138746, 69, 1.0
41707.48251906426, 113, 1.0
41707.66478995152, 146, 1.0
41708.045903275175, 53, -1.0
41708.5690173322, 101, 1.0
41708.86818526086, 116, 1.0
41709.63101790196, 234, -1.0
41711.7059741601, 159, -1.0
41712.85591877159, 155, -1.0
41715.17450478772, 104, -1.0
41716.674723947064, 165, -1.0
41717.54692978224, 148, -1.0
41718.854113309, 234, 1.0
41719.121127236496, 27, 1.0
41721.17564790961, 81, -1.0
41723.86314593962, 92, -1.0
41723.91953989145, 36, -1.0
41725.05215226354, 169, 1.0
41725.3314524893, 146, 1.0
41725.768902503245, 58, -1.0
41726.13903032792, 75, 1.0
41727.34670476751, 152, -1.0
41728.57517505734, 34, 1.0
41728.6947496388, 87, -1.0
41729.9955823994, 235, 1.0
41732.38177963999, 152, 1.0
41734.45751842661, 177, -1.0
41734.677377107226, 39, -1.0
41734.95841649511, 45, -1.0
41737.35122668451, 157, -1.0
41738.9278774636, 193, -1.0
41741.82199105404, 40, 1.0
41742.928522779366, 35, -1.0
41743.60496059738, 67, -1.0
41746.211136726, 35, -1.0
41746.268553546695, 99, -1.0
41747.41454650337, 74, 1.0
41747.68611331003, 40, 1.0
41749.97282548835, 83, -1.0
41752.688547595855, 29, -1.0
41753.83945654491, 142, -1.0
41758.14901927766, 71, -1.0
41758.54151590603, 108, -1.0
41759.38014637413, 146, -1.0
41760.82414416897, 137, 1.0
41762.23659692956, 138, 1.0
41762.44387046203, 148, -1.0
41762.53532761481, 86, 1.0
41765.1878812557, 39, 1.0
41766.51208933203, 95, -1.0
41766.925406145594, 170, 1.0
41767.170897686, 69, -1.0
41767.347155742704, 146, 1.0
41768.3834942367, 44, -1.0
41769.656987357834, 163, 1.0
41771.370285354256, 235, 1.0
41773.09092689329, 162, -1.0
41775.668246551286, 58, -1.0
41776.80985185367, 58, 1.0
41777.23900611831, 76, -1.0
41778.4587536437, 114, 1.0
41779.836198262885, 198, -1.0
41779.847626703944, 69, -1.0
41780.041246834204, 40, 1.0
41780.5562271596, 126, 1.0
41780.6067081698, 36, 1.0
41780.83403780815, 67, -1.0
41781.238462309324, 43, 1.0
41782.11160219609, 139, 1.0
41782.4510412249, 117, -1.0
41782.46201102036, 28, -1.0
41783.66291480335, 152, -1.0
41788.2032380157, 99, 1.0
41788.79678486459, 40, -1.0
41791.16501299908, 137, 1.0
41791.374719688734, 162, -1.0
41791.87409860822, 97, -1.0
41793.065060473884, 153, -1.0
41795.911134692615, 83, 1.0
41797.03640184059, 53, -1.0
41797.124001119075, 163, 1.0
41797.81544043337, 80, -1.0
41798.11089384638, 182, -1.0
41800.13260824272, 148, -1.0
41802.66357517221, 128, -1.0
41803.33072718509, 142, -1.0
41803.42978758982, 59, 1.0
41803.916693109146, 84, -1.0
41805.31736065851, 114, -1.0
41805.89589628009, 116, 1.0
41807.92995202193, 142, -1.0
41808.2701224787, 69, 1.0
41808.92333514836, 71, -1.0
41809.39176917399, 114, 1.0
41812.382075612564, 64, -1.0
41812.48765897509, 146, 1.0
41812.61002000699, 67, -1.0
41814.0068040022, 126, 1.0
41814.087324474196, 153, -1.0
41814.12753610277, 164, -1.0
41814.35450977712, 234, -1.0
41814.660986673065, 36, -1.0
41815.01585612589, 58, 1.0
41816.74080455731, 105, 1.0
41817.0340210145, 40, 1.0
41817.29156141624, 146, -1.0
41817.35734215783, 59, -1.0
41817.62056461689, 87, 1.0
41818.20272215845, 40, -1.0
41819.0789720205, 130, 1.0
41819.90072609156, 163, 1.0
41820.333069088614, 146, -1.0
41821.479894949356, 235, -1.0
41821.603530883425, 101, 1.0
41822.283055419844, 36, 1.0
41823.08694508667, 75, 1.0
41823.14647708863, 138, 1.0
41824.206351113695, 61, -1.0
41825.17315616867, 104, -1.0
41828.02330700121, 68, 1.0
41829.63876508238, 116, -1.0
41831.95288859048, 104, -1.0
41833.65905451076, 164, -1.0
41834.34402238974, 157, 1.0
41835.643569358384, 42, 1.0
41836.1375166323, 146, 1.0
41837.601943385875, 87, 1.0
41838.59611341551, 81, 1.0
41840.17256017119, 84, -1.0
41840.513257763916, 159, -1.0
41840.794823755, 162, 1.0
41841.07317412443, 152, 1.0
41841.56874909415, 87, -1.0
41841.57851945082, 193, -1.0
41842.18145169408, 82, 1.0
41842.84693661071, 235, -1.0
41843.6272802432, 36, 1.0
41844.02281299394, 146, -1.0
41845.17564939275, 165, 1.0
41848.70190309583, 29, -1.0
41849.98597006666, 43, 1.0
41850.18694211368, 164, 1.0
41852.363063492776, 106, 1.0
41852.903281221625, 58, -1.0
41854.266336003035, 111, 1.0
41855.24496730325, 34, -1.0
41855.570215985994, 28, -1.0
41855.927313528395, 210, -1.0
41857.28779111525, 73, 1.0
41857.29674406026, 58, 1.0
41857.682968171335, 164, 1.0
41858.44892211182, 117, 1.0
41859.0356640148, 157, -1.0
41860.680656712175, 114, -1.0
41860.823680069785, 84, 1.0
41861.48925785707, 74, -1.0
41861.94461895472, 141, 1.0
41862.19187297776, 55, -1.0
41862.4511201068, 75, -1.0
41863.61980004541, 32, 1.0
41865.94480352446, 152, -1.0
41867.453103023625, 123, -1.0
41868.49235024099, 67, -1.0
41868.84348202835, 141, 1.0
41869.275613477046, 71, -1.0
41869.902070776276, 59, 1.0
41871.48671625914, 155, 1.0
41871.62987003932, 148, -1.0
41871.697756797046, 123, 1.0
41873.694064738396, 153, 1.0
41875.45869738959, 198, 1.0
41876.13294271821, 65, -1.0
41876.650305430725, 35, 1.0
41877.20850764162, 45, -1.0
41878.22546842844, 70, -1.0
41879.84801100513, 202, 1.0
41880.06873377859, 242, 1.0
41880.4999686774, 65, 1.0
41881.27851342162, 39, 1.0
41881.49725686252, 34, -1.0
41882.261121721, 137, -1.0
41882.97929979846, 32, 1.0
41887.707245145284, 66, -1.0
41887.76858592029, 65, -1.0
41887.97530455474, 97, -1.0
41889.2861141827, 133, -1.0
41890.96305363532, 163, 1.0
41895.47892857185, 198, -1.0
41896.6055126493, 233, -1.0
41898.16539950552, 101, 1.0
41899.63418051212, 95, -1.0
41900.29032723612, 71, 1.0
41901.01347268278, 163, 1.0
41901.56820262499, 100, 1.0
41902.23395161355, 157, 1.0
41903.46429491678, 162, -1.0
41903.70179312303, 68, -1.0
41904.558352662374, 34, 1.0
41905.267692289824, 100, 1.0
41906.04140234641, 152, -1.0
41907.91231703749, 42, -1.0
41909.5861218666, 34, -1.0
41909.76855206416, 58, 1.0
41910.25153844647, 162, 1.0
41910.31028070841, 71, 1.0
41910.41804157561, 67, 1.0
41912.61770544219, 100, 1.0
41914.88693220421, 33, -1.0
41916.3674706026, 60, -1.0
41916.75613415528, 154, 1.0
41917.46487990459, 35, -1.0
41917.872440975036, 59, 1.0
41924.955643016074, 82, -1.0
41927.75801570008, 152, 1.0
41927.832565870296, 101, -1.0
41927.97640650808, 114, 1.0
41928.80181778921, 69, 1.0
41930.787823978615, 152, 1.0
41933.11813905429, 59, 1.0
41934.44264770484, 27, 1.0
41937.53838803676, 56, -1.0
41937.96721940623, 29, -1.0
41939.428655179494, 100, -1.0
41941.44515630992, 169, -1.0
41946.18580164623, 116, -1.0
41946.28259266989, 87, -1.0
41947.424490919526, 64, -1.0
41949.00121048938, 182, -1.0
41949.15714433736, 66, 1.0
41949.4042387063, 42, -1.0
41950.94055670346, 29, -1.0
41952.47663010762, 35, 1.0
41953.4717247569, 73, 1.0
41955.31796210137, 106, -1.0
41955.50224330863, 159, -1.0
41955.901420948394, 161, 1.0
41956.33795305974, 146, 1.0
41956.39485175547, 59, -1.0
41957.74734946919, 106, -1.0
41958.78679155162, 233, 1.0
41959.29733699624, 137, 1.0
41959.884068275715, 55, -1.0
41960.01623145049, 163, 1.0
41960.75253412995, 59, -1.0
41960.752920919695, 133, -1.0
41960.993264125966, 35, 1.0
41961.4519205359, 73, 1.0
41961.88508117988, 41, 1.0
41964.301097401825, 142, -1.0
41965.71744061728, 234, -1.0
41966.10820996107, 165, -1.0
41967.66932143037, 177, -1.0
41968.13752918365, 146, -1.0
41970.467375529246, 138, 1.0
41970.773720211226, 152, -1.0
41970.87954807082, 126, -1.0
41971.96785921021, 158, 1.0
41972.59573542375, 71, -1.0
41972.96551945346, 29, 1.0
41973.264051681974, 87, -1.0
41973.66283673907, 97, 1.0
41974.308870585424, 234, -1.0
41974.31790687401, 56, -1.0
41974.69643402803, 137, 1.0
41976.1739000303, 106, 1.0
41976.90250570246, 71, 1.0
41979.93193300269, 114, -1.0
41981.377890948694, 76, -1.0
41981.74064074136, 123, -1.0
41981.86827221788, 56, 1.0
41982.23123460814, 147, -1.0
41982.856117042575, 36, -1.0
41986.03287088677, 76, 1.0
41986.15417171446, 101, -1.0
41986.88503212694, 233, -1.0
41987.6395972903, 50, 1.0
41988.36647961215, 71, 1.0
41990.81858591605, 148, -1.0
41992.61203354248, 97, 1.0
41993.09732101907, 37, -1.0
41993.24142176992, 126, 1.0
41993.55186190705, 116, -1.0
41995.37481012145, 148, -1.0
41995.74735969052, 103, -1.0
41998.25574974901, 113, 1.0
41998.709798841075, 50, -1.0
41999.68924049113, 99, 1.0
42000.843298059066, 155, -1.0
42004.17940311413, 101, -1.0
42004.28865664436, 68, 1.0
42005.06872900532, 70, 1.0
42009.45204786546, 141, -1.0
42010.70487086345, 146, 1.0
42011.26584121437, 165, 1.0
42011.52271175235, 162, -1.0
42011.86082240293, 146, -1.0
42013.61119734362, 26, 1.0
42013.72303087919, 152, -1.0
42014.53302815911, 109, 1.0
42014.75626754143, 103, -1.0
42015.230909109174, 128, 1.0
42015.45255641203, 74, 1.0
42015.5677579107, 58, -1.0
42015.7921276296, 146, 1.0
42016.48833046392, 165, -1.0
42017.0717370746, 64, 1.0
42017.073333949564, 31, -1.0
42017.233100052064, 56, -1.0
42017.335046646636, 114, 1.0
42017.55485430638, 142, 1.0
42019.66376596205, 29, 1.0
42022.56384020474, 114, -1.0
42024.04911037686, 76, 1.0
42026.61831276154, 71, -1.0
42026.814324895386, 138, 1.0
42026.962095096715, 29, -1.0
42028.47112134844, 50, 1.0
42028.48139631118, 56, 1.0
42030.332776582814, 50, -1.0
42030.68109076491, 123, 1.0
42031.311824748795, 162, -1.0
42032.217095460364, 87, -1.0
42032.360116936994, 164, -1.0
42032.6660801877, 182, -1.0
42032.75942112657, 28, 1.0
42033.44065302514, 164, -1.0
42034.27786910025, 106, -1.0
42038.00439050568, 126, -1.0
42038.085637366734, 233, 1.0
42038.125937247, 109, -1.0
42038.294363080255, 111, -1.0
42040.99600785631, 58, -1.0
42041.103186113585, 102, -1.0
42041.632642169076, 126, -1.0
42041.85369477843, 67, -1.0
42042.70782331259, 160, -1.0
42042.85563756416, 69, -1.0
42044.914841302736, 119, 1.0
42046.5987660621, 114, 1.0
42050.19215546381, 242, -1.0
42050.20988797663, 152, 1.0
42050.314335531904, 100, 1.0
42051.002291850105, 165, -1.0
42051.596633707944, 151, -1.0
42051.757903481106, 75, -1.0
42052.520937329944, 44, -1.0
42053.61554644639, 233, -1.0
42056.51820283607, 202, -1.0
42056.95686790878, 75, -1.0
42058.227006738416, 37, -1.0
42058.728785246545, 126, -1.0
42059.143188258364, 57, 1.0
42059.95281882659, 80, -1.0
42060.39523650086, 99, 1.0
42060.52188821597, 142, 1.0
42061.002611634685, 163, 1.0
42061.075421179805, 146, 1.0
42062.03750685502, 71, 1.0
42063.92663665068, 155, -1.0
42064.316880300496, 137, 1.0
42065.00034818325, 64, -1.0
42065.11675753572, 123, -1.0
42067.58411952276, 58, 1.0
42069.38326613055, 193, -1.0
42071.103814498434, 64, 1.0
42072.38933312358, 165, 1.0
42074.62791197271, 101, -1.0
42077.219312586705, 153, -1.0
42077.90315984116, 133, -1.0
42078.19090087328, 64, 1.0
42079.22613963605, 228, 1.0
42080.44920845458, 126, -1.0
42080.60590505806, 123, -1.0
42081.207145273314, 83, -1.0
42081.66581734449, 64, 1.0
42082.59920187859, 34, -1.0
42082.76681263524, 65, -1.0
42084.06443478649, 70, -1.0
42084.632639965384, 116, 1.0
42086.29779192833, 87, -1.0
42090.1620333672, 164, -1.0
42090.887066394294, 233, -1.0
42091.643767582864, 142, -1.0
42094.23678589988, 54, -1.0
42095.05312339721, 59, 1.0
42095.52485850117, 80, 1.0
42096.431690431986, 94, 1.0
42099.52279191778, 123, -1.0
42106.13963037651, 177, -1.0
42107.497059109395, 105, 1.0
42109.69468780852, 40, -1.0
42110.15321420484, 97, -1.0
42110.233955988755, 106, 1.0
42115.591484486875, 163, 1.0
42115.75851770064, 106, -1.0
42116.441062196776, 59, -1.0
42117.29999364321, 235, 1.0
42117.55857667184, 40, 1.0
42119.12349746113, 149, -1.0
42119.25806407125, 153, -1.0
42119.2761840652, 59, 1.0
42119.34994165166, 29, 1.0
42120.9264755693, 33, -1.0
42121.08858525695, 28, 1.0
42122.949740174154, 241, -1.0
42123.174121271746, 92, -1.0
42128.57112585308, 163, 1.0
42131.389766152446, 29, -1.0
42131.539357156, 66, -1.0
42132.9021830765, 50, -1.0
42133.20933802347, 87, -1.0
42133.747885573044, 100, -1.0
42134.00162632486, 87, 1.0
42134.90081480521, 40, -1.0
42137.35154532126, 105, 1.0
42137.792606847535, 75, 1.0
42140.060153359, 98, 1.0
42140.08732525823, 50, 1.0
42140.90153561554, 198, -1.0
42141.32644035309, 163, 1.0
42143.56259504972, 141, 1.0
42144.92757008702, 43, -1.0
42145.41728196934, 142, 1.0
42145.565429995644, 80, -1.0
42145.77253442825, 161, -1.0
42150.2262847581, 71, -1.0
42152.089836683735, 29, -1.0
42153.48076752733, 103, -1.0
42155.05609017267, 198, 1.0
42157.05360623702, 159, -1.0
42157.190349313685, 169, -1.0
42159.21502197992, 82, -1.0
42161.337788424054, 83, -1.0
42163.23382398475, 34, 1.0
42164.63735826182, 72, -1.0
42164.92190929019, 152, 1.0
42165.361662155876, 71, 1.0
42167.16586491319, 114, 1.0
42167.3538317148, 126, -1.0
42167.86768786574, 29, -1.0
42169.88798085108, 101, -1.0
42170.97617280835, 116, -1.0
42171.068326210116, 89, -1.0
42172.40306640787, 164, 1.0
42172.738667312, 228, 1.0
42173.07397731635, 81, -1.0
42173.63651047667, 158, -1.0
42177.86411204583, 56, -1.0
42177.93033404502, 64, 1.0
42178.210029000795, 141, -1.0
42178.687036517396, 87, 1.0
42181.475281246305, 69, -1.0
42181.54245544095, 53, -1.0
42182.521333002805, 133, -1.0
42183.79486992748, 52, -1.0
42183.80336213169, 148, -1.0
42184.15547897688, 162, -1.0
42184.435250014845, 53, 1.0
42186.170311580274, 94, 1.0
42186.761823554945, 40, 1.0
42187.16962413642, 87, -1.0
42187.43085229956, 164, 1.0
42187.807641055566, 101, 1.0
42188.1405160585, 146, 1.0
42188.49526108558, 108, -1.0
42189.152195123774, 100, -1.0
42190.3540971446, 188, 1.0
42192.15467348747, 116, 1.0
42192.284643319166, 141, -1.0
42193.90207133609, 35, 1.0
42194.20700728805, 114, -1.0
42194.627150825465, 29, 1.0
42196.14424955492, 58, -1.0
42197.26303132914, 72, -1.0
42198.9400965159, 36, -1.0
42200.1194951135, 188, 1.0
42200.6091010842, 141, -1.0
42201.99542948725, 109, -1.0
42202.01024773483, 88, -1.0
42202.151508548406, 241, -1.0
42202.28297804316, 101, 1.0
42203.51361818418, 71, -1.0
42203.57555626479, 142, -1.0
42206.0337270554, 152, -1.0
42208.05545887461, 81, 1.0
42208.21517893401, 103, -1.0
42208.97488174994, 40, 1.0
42209.05325798623, 30, -1.0
42210.079912676694, 85, 1.0
42211.02675601204, 114, 1.0
42211.942261428965, 161, -1.0
42212.52032861755, 142, 1.0
42212.65636112352, 182, -1.0
42214.1151012802, 82, 1.0
42214.229819687935, 40, 1.0
42214.97659323001, 123, -1.0
42215.40249694261, 46, -1.0
42215.74947211661, 75, 1.0
42216.13474308508, 141, 1.0
42219.43838160583, 44, -1.0
42220.65048610271, 99, -1.0
42221.882834783406, 116, 1.0
42222.94604729057, 64, -1.0
42222.98479687847, 97, 1.0
42224.16182297115, 63, 1.0
42224.95734663923, 165, -1.0
42227.45568390531, 95, -1.0
42227.82259040544, 100, -1.0
42228.034127264764, 114, 1.0
42228.89414043005, 101, 1.0
42229.857056595894, 101, 1.0
42230.361820791535, 54, -1.0
42230.39295103807, 109, -1.0
42230.65650920862, 103, 1.0
42230.98725252883, 152, -1.0
42232.565615199375, 50, 1.0
42232.595040382395, 141, 1.0
42233.02630044055, 44, -1.0
42233.2688658579, 35, 1.0
42233.96135291917, 40, -1.0
42234.57506734054, 71, -1.0
42235.37602852912, 167, -1.0
42235.48039569481, 68, 1.0
42238.226512434914, 133, 1.0
42240.378506790934, 80, 1.0
42240.42392771002, 162, -1.0
42241.19460327824, 162, -1.0
42242.93176573491, 67, 1.0
42243.02297560286, 98, -1.0
42243.9538655405, 106, -1.0
42244.790609321346, 142, -1.0
42245.40528158783, 56, 1.0
42246.489317123465, 90, -1.0
42247.119111771295, 235, 1.0
42247.19325290301, 58, -1.0
42249.50270063427, 142, -1.0
42249.81478763796, 165, 1.0
42249.929188198286, 161, -1.0
42250.756928335584, 126, 1.0
42251.832072447054, 146, 1.0
42252.54786007755, 182, -1.0
42252.88082836879, 210, -1.0
42254.418506399124, 162, -1.0
42256.076975902244, 58, -1.0
42257.20949237619, 141, -1.0
42258.11772000667, 152, -1.0
42258.8760813016, 122, -1.0
42258.95635268032, 122, -1.0
42260.39921677243, 153, 1.0
42264.999905377364, 90, 1.0
42266.46710619096, 142, -1.0
42268.583735660846, 161, 1.0
42271.30356459131, 154, 1.0
42271.35481747992, 75, -1.0
42272.47213167881, 68, 1.0
42273.41700470059, 44, -1.0
42275.699522129966, 68, -1.0
42276.89505330783, 95, -1.0
42277.66161803852, 123, 1.0
42277.94898672689, 109, 1.0
42278.15620602851, 41, -1.0
42281.22873295173, 58, -1.0
42281.56364323231, 95, 1.0
42281.89591378985, 148, 1.0
42282.35313696452, 110, -1.0
42282.487863377486, 163, 1.0
42283.36074970153, 114, 1.0
42296.44980317535, 163, 1.0
42297.107631153245, 28, -1.0
42298.02167618266, 116, 1.0
42299.2338979845, 75, -1.0
42299.30573197416, 41, 1.0
42300.87050414018, 198, 1.0
42302.023321933855, 69, 1.0
42302.63428449822, 160, -1.0
42302.884498325024, 73, -1.0
42305.08995490986, 58, -1.0
42307.06057104215, 55, -1.0
42308.149431599435, 56, -1.0
42308.57144115209, 28, -1.0
42308.6771462648, 44, -1.0
42309.373379825854, 28, -1.0
42311.539498404396, 41, 1.0
42311.95882054905, 41, 1.0
42318.3469373764, 173, -1.0
42319.606691789755, 168, -1.0
42321.6017257789, 101, 1.0
42325.461682880654, 142, -1.0
42327.248099923534, 142, 1.0
42328.440095025995, 126, 1.0
42329.578366049376, 103, 1.0
42329.94130974466, 80, 1.0
42335.117219084015, 137, 1.0
42335.42948068213, 161, -1.0
42335.655547081005, 109, 1.0
42336.86783424838, 44, -1.0
42337.08544807697, 83, -1.0
42339.2823199632, 235, -1.0
42340.86001273285, 82, 1.0
42341.273055625104, 75, -1.0
42341.56914385157, 76, -1.0
42346.12067492623, 44, -1.0
42346.73329092514, 35, 1.0
42348.96615313224, 118, -1.0
42351.18316732542, 152, 1.0
42353.596562037856, 105, 1.0
42354.58815703759, 74, -1.0
42357.5446337585, 83, 1.0
42358.34020084456, 61, -1.0
42358.69713527391, 165, -1.0
42358.70070013262, 100, 1.0
42359.19218161601, 234, 1.0
42359.99384832894, 94, -1.0
42360.76122545889, 62, 1.0
42362.5513353029, 88, -1.0
42363.497286510894, 40, -1.0
42364.09435951339, 153, -1.0
42364.58424343737, 58, -1.0
42365.252805433476, 114, 1.0
42365.582743710744, 141, -1.0
42366.35330182872, 234, -1.0
42366.99423944923, 59, -1.0
42367.52675916298, 114, 1.0
42368.55389705161, 157, 1.0
42370.01177426831, 95, -1.0
42370.17708495969, 80, -1.0
42370.4508972573, 89, -1.0
42371.067833655994, 39, -1.0
42373.021728408305, 177, 1.0
42373.0469440908, 54, -1.0
42373.07315417018, 40, 1.0
42374.15040322375, 75, 1.0
42375.22617161232, 109, 1.0
42378.39039810437, 90, 1.0
42378.84219244819, 84, -1.0
42379.11414738179, 163, -1.0
42379.54495357211, 35, 1.0
42380.60017004267, 98, 1.0
42384.078325552895, 106, -1.0
42387.646324236666, 137, 1.0
42387.67278215765, 64, -1.0
42389.49098916584, 168, 1.0
42389.635800532575, 114, -1.0
42391.89374214719, 142, -1.0
42396.826754398055, 103, -1.0
42397.87620871317, 148, -1.0
42398.028798364256, 33, -1.0
42399.021227418314, 84, -1.0
42399.83921607455, 36, 1.0
42400.022060473944, 142, -1.0
42400.27936368915, 37, -1.0
42404.25301863428, 101, -1.0
42404.312540544786, 64, -1.0
42404.972290685124, 46, -1.0
42405.21896890431, 230, -1.0
42405.53261841463, 71, 1.0
42406.55092989533, 72, -1.0
42407.921208549764, 33, -1.0
42407.96155530777, 141, -1.0
42408.59486927409, 35, 1.0
42409.12542639295, 119, -1.0
42409.593566880445, 68, -1.0
42410.94561777204, 126, -1.0
42410.9480671543, 106, 1.0
42416.389720173276, 40, 1.0
42416.5753601886, 36, -1.0
42417.63558973839, 81, 1.0
42419.737748306856, 117, 1.0
42421.255170228906, 162, -1.0
42422.91909885264, 109, 1.0
42423.1210660242, 59, -1.0
42423.91627718746, 87, -1.0
42424.81164033284, 71, 1.0
42425.74307138186, 71, -1.0
42427.639479334444, 101, 1.0
42430.33573987388, 101, -1.0
42430.48776640117, 146, 1.0
42430.70936249865, 152, 1.0
42434.391506015694, 34, -1.0
42435.583567592344, 149, 1.0
42436.90286221736, 75, 1.0
42437.816909730034, 88, -1.0
42440.890086127925, 50, -1.0
42442.26814582112, 114, 1.0
42442.90218182777, 163, 1.0
42443.17710784256, 165, 1.0
42443.2463495041, 162, -1.0
42443.72829375507, 75, 1.0
42443.74713263892, 68, 1.0
42443.78428289499, 50, -1.0
42444.065867999656, 59, 1.0
42445.10623682129, 64, -1.0
42445.59782601906, 234, -1.0
42445.90579711226, 153, -1.0
42446.94030981005, 164, -1.0
42447.289887794606, 164, 1.0
42448.318261224, 28, -1.0
42451.494510498764, 40, -1.0
42453.94342405054, 46, -1.0
42455.028654047004, 101, 1.0
42456.27474694078, 40, 1.0
42456.49233009339, 36, -1.0
42457.28525217627, 141, 1.0
42457.29569047397, 114, 1.0
42459.433608013496, 222, -1.0
42459.548711854106, 165, -1.0
42459.59706515783, 71, 1.0
42460.50540572559, 98, -1.0
42461.21060547164, 137, -1.0
42461.85290136502, 75, 1.0
42462.033099460736, 98, -1.0
42462.292149271416, 169, -1.0
42462.77729375078, 81, -1.0
42463.63302465405, 101, -1.0
42464.11995239319, 40, 1.0
42465.33057850951, 68, 1.0
42466.40271753544, 137, 1.0
42466.46931242806, 162, -1.0
42471.75273857027, 58, 1.0
42471.859813409996, 165, 1.0
42472.71109777356, 34, 1.0
42476.37029395999, 162, 1.0
42476.446233948576, 98, 1.0
42477.666535482706, 126, 1.0
42479.87298814406, 67, 1.0
42481.890180725764, 159, 1.0
42483.66462723049, 60, -1.0
42484.92828467903, 155, -1.0
42486.676230435114, 100, 1.0
42486.753666316494, 119, 1.0
42487.50440658828, 99, -1.0
42488.578493334, 75, 1.0
42489.48149388098, 71, 1.0
42493.08476522268, 59, -1.0
42494.85964298093, 126, 1.0
42495.07947467129, 210, -1.0
42495.73242957103, 87, -1.0
42496.355344458294, 82, 1.0
42496.67340047884, 43, 1.0
42497.20650103624, 126, 1.0
42498.548069172495, 32, -1.0
42498.628407098455, 97, -1.0
42498.784113069305, 166, -1.0
42499.0824288468, 159, 1.0
42499.844904301586, 87, -1.0
42500.01241432119, 187, -1.0
42500.125385271334, 95, 1.0
42503.5972529467, 44, -1.0
42505.490070816326, 114, -1.0
42505.51884546551, 118, 1.0
42505.58786557361, 169, -1.0
42506.640946523396, 76, -1.0
42507.23639294817, 75, 1.0
42510.914090868304, 67, -1.0
42514.35216527931, 228, 1.0
42514.92391974803, 97, -1.0
42515.3139949253, 56, -1.0
42516.73417649637, 228, 1.0
42517.06318574266, 158, 1.0
42518.124979311775, 28, -1.0
42518.18786902294, 66, -1.0
42518.43004985286, 128, -1.0
42518.95246232695, 104, 1.0
42519.22134863737, 59, 1.0
42519.39807824889, 128, 1.0
42519.52656344485, 165, 1.0
42519.91432492735, 101, 1.0
42521.17874357772, 103, -1.0
42521.32088735817, 235, 1.0
42522.068693826106, 100, 1.0
42523.249275778595, 165, -1.0
42524.118535301815, 163, 1.0
42524.770899367206, 130, 1.0
42525.94288401994, 157, 1.0
42526.70553258796, 53, -1.0
42527.067482213744, 123, -1.0
42528.53877985926, 167, -1.0
42529.51907049377, 241, 1.0
42531.53327231432, 58, -1.0
42531.863108038364, 235, 1.0
42532.74041179613, 30, -1.0
42532.961304640594, 99, 1.0
42534.90580214228, 34, -1.0
42535.08593886998, 58, -1.0
42535.35662167436, 27, 1.0
42537.023839191024, 123, -1.0
42537.69090885557, 165, -1.0
42540.031019490096, 71, 1.0
42540.389575846035, 28, 1.0
42540.95056759931, 137, 1.0
42540.975814417456, 50, 1.0
42541.27784342476, 44, -1.0
42542.95808852616, 97, 1.0
42543.04045292066, 41, -1.0
42545.34915247029, 45, -1.0
42546.699620305495, 114, 1.0
42548.974660032094, 153, 1.0
42552.68826731329, 59, 1.0
42555.062058755415, 126, -1.0
42557.543843997366, 210, 1.0
42558.24269892144, 96, 1.0
42563.16436576757, 45, -1.0
42563.383154674724, 167, -1.0
42564.67752995801, 39, -1.0
42565.3901333004, 114, 1.0
42566.86420128474, 146, 1.0
42568.30523923231, 46, -1.0
42568.60505701738, 137, 1.0
42568.72488473202, 162, -1.0
42570.32512704166, 82, 1.0
42570.6550295628, 58, -1.0
42571.478197748955, 241, 1.0
42573.53384496999, 157, 1.0
42574.31854368473, 40, 1.0
42574.80430115516, 126, -1.0
42576.58443413967, 81, -1.0
42577.43984047155, 45, -1.0
42577.72263312049, 34, -1.0
42579.17743611555, 103, -1.0
42579.52029201617, 152, 1.0
42579.873547368254, 142, 1.0
42583.0082797344, 193, 1.0
42583.50035297393, 165, -1.0
42583.91551429105, 67, 1.0
42584.60062491936, 133, 1.0
42584.670263764914, 126, 1.0
42584.8143625674, 141, -1.0
42588.89030151924, 87, -1.0
42589.71407075401, 75, 1.0
42589.74073531219, 72, -1.0
42589.861287630214, 59, -1.0
42590.4660251344, 95, -1.0
42591.58274282643, 97, -1.0
42595.35002699846, 113, -1.0
42596.15230020727, 177, -1.0
42596.38162907034, 158, -1.0
42596.89064487761, 165, -1.0
42596.985595864535, 152, -1.0
42598.196715115904, 126, -1.0
42598.331434094354, 52, 1.0
42599.512624298324, 109, 1.0
42599.63102827644, 88, 1.0
42600.106873889294, 198, -1.0
42600.12486095715, 114, -1.0
42601.19493644211, 62, 1.0
42602.2072223749, 69, -1.0
42603.39752750185, 65, 1.0
42606.04060223767, 59, 1.0
42606.51631199369, 100, 1.0
42607.25240769559, 36, -1.0
42608.28626887634, 141, -1.0
42610.84493650591, 64, -1.0
42612.44104966016, 66, 1.0
42612.892236470056, 193, -1.0
42615.17683782375, 114, 1.0
42617.347851008926, 75, -1.0
42617.441697527895, 151, -1.0
42618.214486591096, 75, 1.0
42621.85732053898, 114, 1.0
42624.39043151035, 162, 1.0
42624.782055055366, 87, -1.0
42627.76294965426, 72, -1.0
42629.71574867617, 76, -1.0
42629.82943808712, 88, 1.0
42631.043902638376, 160, -1.0
42631.07193044503, 82, -1.0
42631.56724239557, 76, -1.0
42632.0390664526, 106, -1.0
42633.50529069188, 177, 1.0
42633.77543641695, 164, 1.0
42634.92810870025, 158, -1.0
42635.05290963661, 72, -1.0
42636.75436601327, 163, 1.0
42637.473714281776, 64, -1.0
42637.94863636469, 61, -1.0
42638.09057992971, 87, 1.0
42638.73121803347, 119, 1.0
42641.408420954656, 63, -1.0
42641.943779878144, 59, 1.0
42641.99257664479, 182, 1.0
42643.199139813136, 89, -1.0
42646.239885020135, 113, 1.0
42646.78086798136, 48, 1.0
42647.15075419168, 54, 1.0
42648.252672077804, 62, 1.0
42649.69500533405, 198, 1.0
42650.83248258428, 73, 1.0
42653.98033626702, 99, -1.0
42655.27299168588, 87, 1.0
42655.509788006595, 188, -1.0
42657.284962881335, 71, 1.0
42657.69652046674, 164, 1.0
42657.75509754382, 114, 1.0
42657.8491460825, 65, -1.0
42658.15116536734, 54, -1.0
42658.31002420289, 165, -1.0
42658.678543076705, 74, 1.0
42659.19924791218, 109, 1.0
42660.44807665042, 133, 1.0
42662.58219216226, 162, 1.0
42662.737888109885, 198, 1.0
42664.972656541635, 97, -1.0
42666.05554036174, 137, 1.0
42666.16273510131, 68, 1.0
42668.15226297931, 68, 1.0
42670.864869248995, 95, -1.0
42670.911923298074, 100, -1.0
42671.21035260081, 74, -1.0
42671.922728029254, 228, 1.0
42674.47485745533, 28, -1.0
42675.45356401801, 163, -1.0
42676.08337182054, 160, -1.0
42678.73854607594, 165, -1.0
42679.53784053334, 165, -1.0
42679.66923055559, 126, -1.0
42680.219665831115, 101, 1.0
42680.842401978785, 146, -1.0
42681.00008913786, 45, 1.0
42681.432228159996, 34, 1.0
42681.759129867896, 165, -1.0
42682.117285357715, 71, 1.0
42683.32378706226, 103, -1.0
42683.60019394827, 99, -1.0
42686.36544243041, 40, -1.0
42686.9375664592, 75, -1.0
42687.300054183776, 169, 1.0
42687.79346306726, 161, 1.0
42689.13005198728, 101, 1.0
42689.4278761613, 64, 1.0
42690.83870285932, 75, -1.0
42694.99403866638, 146, 1.0
42695.60973589765, 29, -1.0
42696.00584624539, 32, 1.0
42697.48189005478, 67, 1.0
42697.98378560519, 64, -1.0
42698.48283106981, 35, 1.0
42699.55676567374, 104, -1.0
42700.18079992688, 95, -1.0
42703.12863437082, 104, 1.0
42706.902040952686, 155, -1.0
42707.47663865554, 159, -1.0
42707.50918721539, 146, 1.0
42707.81474643533, 101, -1.0
42707.89171556226, 177, -1.0
42710.243421522224, 137, 1.0
42711.32809915358, 35, 1.0
42712.10870581886, 53, -1.0
42713.235795123306, 64, -1.0
42713.33622476113, 71, 1.0
42713.68851462099, 149, -1.0
42713.95227703357, 90, -1.0
42715.782683399266, 142, 1.0
42716.05569655505, 164, 1.0
42716.25512931598, 114, -1.0
42716.565502509264, 137, -1.0
42717.93281121932, 164, 1.0
42718.594387287885, 40, 1.0
42720.73412300843, 64, -1.0
42722.76050757833, 82, -1.0
42723.09514557156, 40, -1.0
42724.75084437966, 126, 1.0
42725.38477445396, 87, 1.0
42731.884011748545, 75, -1.0
42733.03168849677, 75, 1.0
42733.72736600793, 169, -1.0
42740.42526749979, 101, 1.0
42741.10973604642, 235, 1.0
42741.37074049395, 86, -1.0
42745.07609654997, 84, -1.0
42746.26164170564, 86, -1.0
42747.06416428856, 234, 1.0
42749.60918613407, 166, -1.0
42749.67836287433, 152, 1.0
42750.27818157253, 42, -1.0
42751.380041088436, 154, 1.0
42751.47059093117, 50, -1.0
42752.2517283214, 222, -1.0
42752.478909544414, 159, -1.0
42753.07269143401, 73, 1.0
42754.16353454657, 159, 1.0
42754.36590207713, 163, 1.0
42756.34356018645, 160, 1.0
42756.699331514974, 142, 1.0
42759.660805599655, 148, -1.0
42760.332804464204, 45, 1.0
42760.83214306933, 137, -1.0
42761.05457979841, 155, 1.0
42761.49776759881, 35, 1.0
42762.368027636134, 74, -1.0
42765.11734997458, 146, 1.0
42767.3947913574, 126, -1.0
42767.470645892645, 85, 1.0
42768.08563193759, 159, 1.0
42770.022674716914, 69, 1.0
42771.28538238873, 141, 1.0
42771.72664041559, 66, 1.0
42774.41090712311, 126, -1.0
42775.312031200454, 157, 1.0
42780.88056981449, 75, 1.0
42782.12789991043, 35, -1.0
42783.14902362593, 198, 1.0
42785.600823301276, 146, 1.0
42787.05872732267, 35, -1.0
42788.41063865248, 40, -1.0
42788.93088676105, 155, -1.0
42790.022036829614, 95, 1.0
42790.84763704325, 44, 1.0
42791.279157052144, 64, -1.0
42793.21685913057, 45, -1.0
42793.882154053106, 228, 1.0
42795.194184827786, 64, -1.0
42797.16419318004, 92, 1.0
42797.400254933484, 122, -1.0
42797.96027401004, 152, -1.0
42798.31809373669, 110, 1.0
42798.413224089665, 75, 1.0
42801.840229275425, 99, 1.0
42802.45768695954, 222, 1.0
42804.58435972646, 177, -1.0
42807.33029234601, 106, -1.0
42808.42226126565, 165, -1.0
42810.45024478474, 137, -1.0
42814.01853598796, 101, 1.0
42816.61447492263, 40, -1.0
42817.316046639404, 155, 1.0
42818.022682764895, 107, 1.0
42818.031561697586, 153, -1.0
42819.13392833431, 123, 1.0
42819.35341916267, 61, 1.0
42819.76834342693, 137, 1.0
42821.15993065325, 100, -1.0
42822.271468041115, 137, -1.0
42824.05436891724, 159, 1.0
42825.827372032276, 54, -1.0
42826.98353130352, 163, 1.0
42827.34939433799, 114, -1.0
42827.38196508589, 45, 1.0
42828.21861434206, 193, -1.0
42829.15296480286, 169, -1.0
42833.15509535735, 101, 1.0
42833.219991939055, 123, -1.0
42833.35888829411, 33, 1.0
42833.905770881174, 72, 1.0
42834.20204816291, 114, 1.0
42835.20972010549, 35, 1.0
42836.72392750563, 161, -1.0
42837.59985558055, 167, -1.0
42837.83307607612, 101, -1.0
42838.50370274214, 63, 1.0
42838.98923547929, 142, 1.0
42839.776047101775, 152, -1.0
42840.59169084063, 113, 1.0
42842.517595282196, 40, 1.0
42842.539767077746, 198, 1.0
42843.321785070206, 31, -1.0
42844.77117537391, 99, -1.0
42845.11899166557, 65, 1.0
42845.757466473966, 68, 1.0
42845.778155626766, 46, 1.0
42846.28771522995, 133, -1.0
42847.10602500523, 76, 1.0
42848.687796881124, 146, 1.0
42849.70069933735, 146, -1.0
42849.70912452226, 76, -1.0
42850.89853277994, 59, 1.0
42851.5279519322, 157, -1.0
42851.95448953936, 153, -1.0
42852.16690933543, 101, 1.0
42852.3148360504, 114, 1.0
42852.569883853095, 66, 1.0
42854.813218488984, 114, -1.0
42855.60690532009, 73, 1.0
42855.875460261115, 126, 1.0
42860.449527997625, 153, -1.0
42860.857891542415, 202, -1.0
42861.35166398168, 202, -1.0
42862.16834092205, 100, 1.0
42862.85734899965, 114, 1.0
42863.31313005628, 101, -1.0
42863.357944105424, 114, 1.0
42864.41251254455, 116, -1.0
42864.64815620283, 161, -1.0
42864.69977207937, 67, 1.0
42867.32020783749, 161, 1.0
42867.43605886224, 63, 1.0
42867.57962352102, 92, -1.0
42869.08677103646, 155, -1.0
42870.09301146951, 81, -1.0
42870.288271590354, 163, 1.0
42870.319768833426, 113, -1.0
42870.51134807158, 114, -1.0
42871.21543586238, 114, -1.0
42873.45771438364, 162, 1.0
42875.93991319594, 74, -1.0
42876.55087129871, 65, -1.0
42876.79108911117, 164, -1.0
42877.15765440517, 146, -1.0
42880.149670069244, 165, 1.0
42883.883203450256, 41, -1.0
42885.0646702505, 27, 1.0
42885.61553845697, 157, -1.0
42885.80871556665, 71, 1.0
42886.21532751597, 163, -1.0
42888.27123663484, 98, 1.0
42888.43549923321, 242, -1.0
42888.76458369633, 43, -1.0
42889.51346475326, 142, 1.0
42890.87506218954, 142, -1.0
42892.33378144801, 76, -1.0
42894.78024866972, 165, 1.0
42895.145746765964, 188, -1.0
42895.88139657854, 153, -1.0
42896.27512140637, 126, 1.0
42897.55707971609, 152, 1.0
42898.724660336135, 165, 1.0
42899.38981392703, 75, 1.0
42900.06273876595, 81, 1.0
42900.737980268044, 58, 1.0
42901.57226333081, 114, 1.0
42901.710464538555, 182, -1.0
42901.97996597897, 162, -1.0
42902.094549990376, 40, -1.0
42902.50820306508, 45, 1.0
42902.593812106854, 168, -1.0
42903.191279422215, 114, 1.0
42905.370149095426, 71, 1.0
42905.3940587839, 43, -1.0
42905.6341618329, 99, 1.0
42905.74560200417, 75, -1.0
42906.0197401837, 111, -1.0
42906.76928118124, 148, 1.0
42909.74869745481, 210, 1.0
42910.09140613754, 108, -1.0
42910.225410199804, 169, 1.0
42910.46135346938, 101, -1.0
42911.45738793948, 101, -1.0
42912.89077735902, 112, -1.0
42914.096212335695, 46, 1.0
42915.231884204986, 45, -1.0
42915.29934895942, 164, -1.0
42916.51610801391, 109, -1.0
42917.58071918442, 90, -1.0
42919.15104035078, 64, -1.0
42920.22900055258, 73, 1.0
42921.596424994, 123, -1.0
42922.662281487064, 114, -1.0
42923.1194198683, 133, -1.0
42924.30168639992, 60, 1.0
42924.315426829715, 106, -1.0
42924.595270595906, 34, -1.0
42924.6300519683, 103, -1.0
42925.17852286496, 28, -1.0
42925.64785092754, 116, 1.0
42926.694831434055, 28, -1.0
42929.02445666607, 234, 1.0
42929.97250110606, 164, 1.0
42930.37264270134, 114, 1.0
42931.55775940588, 114, 1.0
42932.187663577235, 36, -1.0
42932.908005906276, 62, 1.0
42933.835995109606, 164, 1.0
42935.17646787159, 58, -1.0
42935.42891212463, 148, 1.0
42936.80424836262, 96, 1.0
42937.655294877426, 40, 1.0
42937.885654325546, 146, -1.0
42938.06869800747, 95, -1.0
42939.617170306454, 92, -1.0
42943.09142215717, 108, -1.0
42944.19926135971, 159, -1.0
42945.24780907549, 40, 1.0
42945.587198559435, 165, 1.0
42946.504172538844, 58, -1.0
42947.186312342164, 157, 1.0
42948.41596083338, 64, -1.0
42950.61477112309, 87, -1.0
42955.961209573186, 60, -1.0
42955.99872206954, 157, -1.0
42956.62699596931, 177, -1.0
42956.96962731349, 153, -1.0
42957.249015502304, 162, 1.0
42958.19186359442, 43, -1.0
42961.09210198895, 67, -1.0
42961.204268046684, 41, 1.0
42962.30595932626, 100, 1.0
42963.43974945258, 167, -1.0
42964.28600342934, 88, -1.0
42965.26151773336, 116, -1.0
42965.52350994691, 83, 1.0
42965.67537950954, 101, 1.0
42968.14736752724, 50, 1.0
42969.559186381724, 43, 1.0
42970.24780241732, 34, 1.0
42970.32447666161, 52, -1.0
42970.87989608648, 152, 1.0
42971.56673081147, 100, 1.0
42972.85338543106, 234, -1.0
42973.85355607542, 152, 1.0
42974.94649865526, 193, -1.0
42976.55739079772, 193, -1.0
42976.628470545, 123, 1.0
42977.65815618346, 241, -1.0
42977.783952728816, 94, -1.0
42979.395515945114, 67, 1.0
42986.81920276887, 74, 1.0
42987.20734707287, 235, -1.0
42987.26977924314, 50, -1.0
42988.0639496572, 164, 1.0
42989.43606166788, 126, 1.0
42989.55282832089, 164, -1.0
42991.69725645346, 95, 1.0
42993.3975364794, 108, -1.0
42993.52158568616, 198, -1.0
42993.52841780694, 60, -1.0
42993.55020111606, 114, 1.0
42994.57746021969, 29, -1.0
42995.7886397918, 59, 1.0
42996.65986523208, 91, 1.0
42997.13365816913, 105, 1.0
42998.312978682115, 83, -1.0
42998.610498427064, 116, 1.0
42999.36698539087, 122, -1.0
43000.072723646204, 113, 1.0
43000.85062191764, 67, 1.0
43002.98102392637, 65, -1.0
43003.705427941866, 241, 1.0
43005.54455157278, 167, 1.0
43005.5551852058, 71, 1.0
43005.95085462476, 122, -1.0
43008.567581328214, 222, -1.0
43008.875945931904, 113, -1.0
43009.4992765973, 58, 1.0
43011.42668053463, 233, 1.0
43012.20573407652, 67, 1.0
43012.650737581294, 111, 1.0
43012.87434905002, 102, 1.0
43013.87574263473, 70, 1.0
43014.68235764792, 141, -1.0
43015.644833855295, 71, 1.0
43016.755692261206, 67, -1.0
43018.90222909756, 103, 1.0
43019.84413620355, 116, 1.0
43019.92152490981, 112, -1.0
43020.357789145775, 43, 1.0
43024.43729587403, 126, -1.0
43025.59272151752, 163, 1.0
43027.33654246187, 152, -1.0
43027.67800246536, 105, 1.0
43027.748913457566, 114, 1.0
43031.486895901784, 123, 1.0
43031.63062113562, 159, -1.0
43031.69372341058, 58, -1.0
43032.677222046594, 155, 1.0
43033.285144316986, 75, -1.0
43033.316552001736, 50, 1.0
43035.7155550799, 67, 1.0
43036.159943674036, 27, 1.0
43036.24572939236, 39, 1.0
43036.57613133259, 67, 1.0
43036.85187820163, 64, -1.0
43036.86135730989, 64, -1.0
43039.15487318618, 101, 1.0
43039.161236021755, 28, 1.0
43040.4882689443, 222, -1.0
43040.840778169935, 164, -1.0
43041.55050965351, 155, -1.0
43044.277917510175, 64, 1.0
43045.6178453674, 113, -1.0
43045.67610719805, 117, 1.0
43047.175102222245, 55, -1.0
43049.09832179966, 95, -1.0
43049.323004673235, 45, 1.0
43050.0540337549, 148, -1.0
43051.688355821665, 40, 1.0
43052.03761869059, 149, -1.0
43053.02153714435, 146, 1.0
43053.31185986202, 67, 1.0
43053.74733446657, 69, 1.0
43056.46997764745, 58, 1.0
43056.516071336555, 193, -1.0
43057.39298231161, 133, -1.0
43058.7493234574, 152, -1.0
43059.57797645096, 65, 1.0
43060.384487163166, 58, -1.0
43061.08873614955, 198, 1.0
43063.003707906595, 146, 1.0
43063.35227710776, 159, -1.0
43064.365883785504, 34, -1.0
43066.8710124386, 193, -1.0
43069.632251906885, 164, 1.0
43071.08320969568, 164, 1.0
43073.437819013765, 153, 1.0
43074.60619614033, 163, 1.0
43076.839533229744, 75, -1.0
43077.08869018145, 64, -1.0
43077.32630432957, 84, 1.0
43077.76713334491, 142, 1.0
43077.853027445766, 137, 1.0
43080.945407115025, 155, -1.0
43081.06174353328, 114, 1.0
43081.97052619469, 75, -1.0
43082.35616950345, 32, 1.0
43083.24909949765, 159, 1.0
43089.86899228061, 116, -1.0
43090.20169136322, 165, 1.0
43090.72572584274, 114, 1.0
43091.634810159856, 100, 1.0
43092.039679455665, 62, -1.0
43092.297820610715, 162, 1.0
43093.12217378104, 164, -1.0
43093.41473806995, 45, -1.0
43093.62855325229, 86, -1.0
43094.1654849271, 104, -1.0
43095.69323823801, 35, 1.0
43097.1432357793, 33, -1.0
43099.01113040011, 32, -1.0
43099.47797239397, 40, -1.0
43099.97665527591, 126, -1.0
43100.324939985185, 198, -1.0
43100.59645154271, 58, 1.0
43101.40328979492, 40, 1.0
43101.539583248225, 44, -1.0
43102.18097567716, 154, -1.0
43102.33549624645, 44, 1.0
43103.96319209782, 169, 1.0
43105.1084044938, 50, -1.0
43105.28845347649, 242, 1.0
43106.00838240318, 71, -1.0
43106.38033339583, 42, -1.0
43106.96172973188, 58, 1.0
43107.856442859935, 71, 1.0
43110.1133947036, 43, 1.0
43110.476775470655, 70, 1.0
43110.6151920781, 137, -1.0
43110.682388836125, 104, -1.0
43110.957730845104, 73, -1.0
43113.212132380235, 71, -1.0
43115.18901258704, 36, -1.0
43115.20529248979, 68, -1.0
43115.67347527113, 48, 1.0
43115.76697259492, 92, 1.0
43117.492157744724, 60, -1.0
43118.177799361525, 137, 1.0
43118.43579200015, 80, -1.0
43118.89661900816, 52, 1.0
43119.343246193705, 88, -1.0
43121.47384517148, 126, -1.0
43121.93409128328, 105, 1.0
43124.75782820953, 198, -1.0
43125.810891150315, 68, 1.0
43126.43118775303, 163, 1.0
43127.707353016376, 84, -1.0
43127.98398271867, 116, 1.0
43130.42092347953, 95, 1.0
43130.52403602964, 230, -1.0
43131.68435236236, 114, 1.0
43131.78587709124, 164, 1.0
43133.56440027417, 126, 1.0
43134.03932776514, 98, -1.0
43134.50514894208, 101, 1.0
43134.56288335567, 73, -1.0
43136.592804685286, 100, -1.0
43138.46405313786, 56, -1.0
43140.39484110662, 233, -1.0
43141.693570931326, 40, 1.0
43142.75394046056, 181, 1.0
43145.570128360545, 169, 1.0
43146.21477139952, 167, 1.0
43148.70396366853, 114, -1.0
43148.890052988274, 40, 1.0
43149.340770878734, 103, -1.0
43151.53848215107, 29, -1.0
43152.03659862693, 95, -1.0
43152.09738323217, 117, -1.0
43153.27623820454, 177, -1.0
43156.91605182561, 164, 1.0
43157.34836910917, 198, -1.0
43158.72705178402, 81, -1.0
43160.297921100784, 165, -1.0
43161.55002660935, 27, 1.0
43162.3808368341, 181, 1.0
43166.09092322678, 82, 1.0
43166.44924199199, 141, 1.0
43166.452246626555, 137, -1.0
43168.972200166594, 80, 1.0
43169.06518549922, 95, -1.0
43169.342260487254, 92, 1.0
43171.38174129585, 166, -1.0
43171.384633100606, 41, 1.0
43171.586956665444, 152, -1.0
43172.74579822438, 89, -1.0
43173.39172158978, 159, -1.0
43174.425721762105, 60, -1.0
43175.70672526118, 114, 1.0
43175.88962558643, 159, -1.0
43175.959081757006, 36, -1.0
43177.14568559268, 163, 1.0
43177.28142948142, 100, 1.0
43178.829727110744, 40, 1.0
43178.83046344268, 119, 1.0
43181.59638352495, 69, 1.0
43182.70792046877, 75, 1.0
43182.94850770226, 71, -1.0
43185.15856691451, 75, -1.0
43186.93741091995, 96, -1.0
43187.296528853345, 27, -1.0
43188.51581399675, 165, 1.0
43190.17379753713, 159, -1.0
43191.38522850447, 113, 1.0
43193.33885987323, 147, -1.0
43193.7537709096, 43, 1.0
43193.918167514006, 34, 1.0
43197.625945049454, 146, 1.0
43198.0791836597, 146, -1.0
43199.53279165304, 106, 1.0
43199.55935439555, 64, -1.0
