weightViolation : 0.6
weightDeviation : 0.3
weightReward : 0.1
weightDeviationReward : 0.6
weightDrivingTimePenalty : 0.4

lengthOfPlanningHorizon : 20.0
maxVisits : 1

maxRoute : 199

vehicleInitialStation : [
54
117
]

vehicleRemainingTimeToInitialStation : [
0.0
10.0
]

vehicleInitialLoad : [
11
11
]

stationsInitialLoad : [
14.0
3.0
19.0
26.0
2.0
5.0
1.0
19.0
11.0
2.0
10.0
13.0
9.0
14.0
8.0
4.0
24.0
5.0
4.0
2.0
1.0
0.0
4.0
6.0
29.0
8.0
8.0
0.0
20.0
2.0
0.0
0.0
18.0
3.0
8.0
8.0
1.0
5.0
28.0
1.0
4.0
18.0
5.0
12.0
10.0
16.0
36.0
12.0
27.0
22.0
26.0
32.0
16.0
4.0
24.0
24.0
18.0
14.0
18.0
2.0
6.0
9.0
13.0
11.0
1.0
5.0
10.0
10.0
20.0
1.0
20.0
37.0
8.0
4.0
3.0
19.0
8.0
10.0
26.0
2.0
6.0
7.0
13.0
2.0
36.0
25.0
37.0
17.0
0.0
12.0
12.0
4.0
12.0
4.0
14.0
4.0
2.0
6.0
4.0
3.0
0
]

optimalState : [
8.0
3.0
11.0
17.0
5.0
2.0
14.0
13.0
16.0
6.0
8.0
5.0
7.0
13.0
8.0
6.0
11.0
12.0
18.0
8.0
9.0
9.0
6.0
8.0
26.0
1.0
18.0
6.0
17.0
6.0
5.0
9.0
16.0
5.0
11.0
11.0
6.0
9.0
16.0
19.0
27.0
12.0
8.0
13.0
11.0
10.0
23.0
8.0
12.0
29.0
11.0
16.0
9.0
31.0
12.0
11.0
26.0
15.0
12.0
18.0
14.0
16.0
10.0
9.0
5.0
7.0
15.0
9.0
18.0
13.0
14.0
29.0
20.0
12.0
8.0
0.0
10.0
10.0
28.0
7.0
13.0
19.0
13.0
15.0
37.0
17.0
35.0
27.0
15.0
13.0
10.0
3.0
10.0
16.0
11.0
11.0
15.0
17.0
7.0
9.0
0
]

stationDemand : [
0.0830767736059693
-0.01205514371827648
0.18987495624039757
-0.075
0.2611710694003163
0.35593515472341175
-0.17232992423276816
0.015314144295035585
-0.39269824252122304
-0.041111959165430534
-0.1693924999774693
0.2590250237629572
-0.1079076962061096
-0.6212366910735397
-0.07311510375145965
-7.091695624423799E-4
0.15675016996071964
0.5183622564035593
-0.11546729007721511
0.016139277594168253
-0.07380329308077714
-0.18352333429420423
-0.05989520241387698
-0.11347168032911163
-0.26666666666666666
-0.03271129585879322
-0.25683711986325763
0.0010243509319051232
-0.09166666666666666
-0.10833333333333334
0.37320189777529694
0.347700117328736
-0.10596762325239147
-0.1261032329073992
-0.2
-0.13082642157772492
0.058522860892944034
-0.025
-0.015475860795716775
-0.03185078203210428
-0.27644553433144037
-0.013231666455340433
-0.16261346930294376
-0.19377104427643346
-0.13699349460560958
-0.003095943397913163
-0.1656226715437242
-0.09716610118277594
0.8417379130209777
-0.01680553610605424
0.5195025569502557
0.058333333333333334
-0.02638995812953245
-0.21425288328680595
-0.10559098734760468
0.02547100594816971
-0.06087611515194311
-0.01568567382839093
-0.19044856504738353
-0.30217071633639103
0.0
-0.20636104180842216
-0.08522244135581092
-0.11171463899660251
0.6927914121098628
-0.07027006195614512
-0.17055964609898666
-0.043622834980793355
-0.08063022514319934
-0.38750050141979503
0.0023842927188731265
-0.10770547501043917
-0.1663715494251277
-0.21818158273558624
0.12232594822560093
0.26301591620665654
-0.027332287644003403
0.006255308535208896
-0.29398244570068427
0.008140142021720968
-0.08605889831968234
0.0
-0.40415500940347493
-0.024131690624781384
-0.04965156750171813
-0.07440585668433772
-0.23676077409352883
-0.4144091639871383
0.08207819073518816
0.0
-0.012820033472207386
0.0
0.075
0.0
-0.12927473298162254
-0.04098389445818444
-0.18718006374840498
-0.1419776974665827
-0.041666666666666664
0.0
0
]

StarvationStations : [
27
31
35
40
42
44
46
50
54
57
60
64
65
66
69
70
71
72
75
81
85
86
88
93
98
101
102
103
104
105
108
109
110
111
113
115
118
120
123
126
129
130
133
135
137
138
141
147
148
149
150
152
154
155
160
166
169
173
174
177
179
180
182
188
193
207
210
214
223
228
230
233
235
241
242
]

CongestionStations : [
26
28
33
34
36
45
58
59
63
74
83
84
97
114
116
117
124
135
146
153
161
163
168
170
174
198
207
214
222
223
242
]

intRep : [
( 54 0 0 1 ) 1

( 54 114 0 2 ) 1
( 114 0 0 2 ) 1

( 54 114 0 3 ) 1
( 114 103 0 3 ) 1
( 103 0 0 3 ) 1

( 54 114 0 4 ) 1
( 114 133 0 4 ) 1
( 133 0 0 4 ) 1

( 54 114 0 5 ) 1
( 114 152 0 5 ) 1
( 152 0 0 5 ) 1

( 54 114 0 6 ) 1
( 114 35 0 6 ) 1
( 35 0 0 6 ) 1

( 54 114 0 7 ) 1
( 114 65 0 7 ) 1
( 65 0 0 7 ) 1

( 54 114 0 8 ) 1
( 114 50 0 8 ) 1
( 50 0 0 8 ) 1

( 54 114 0 9 ) 1
( 114 86 0 9 ) 1
( 86 0 0 9 ) 1

( 54 114 0 10 ) 1
( 114 116 0 10 ) 1
( 116 0 0 10 ) 1

( 54 114 0 11 ) 1
( 114 163 0 11 ) 1
( 163 0 0 11 ) 1

( 54 114 0 12 ) 1
( 114 59 0 12 ) 1
( 59 0 0 12 ) 1

( 54 114 0 13 ) 1
( 114 28 0 13 ) 1
( 28 0 0 13 ) 1

( 54 116 0 14 ) 1
( 116 103 0 14 ) 1
( 103 0 0 14 ) 1

( 54 116 0 15 ) 1
( 116 133 0 15 ) 1
( 133 0 0 15 ) 1

( 54 116 0 16 ) 1
( 116 152 0 16 ) 1
( 152 0 0 16 ) 1

( 54 116 0 17 ) 1
( 116 35 0 17 ) 1
( 35 0 0 17 ) 1

( 54 116 0 18 ) 1
( 116 65 0 18 ) 1
( 65 0 0 18 ) 1

( 54 116 0 19 ) 1
( 116 50 0 19 ) 1
( 50 0 0 19 ) 1

( 54 116 0 20 ) 1
( 116 86 0 20 ) 1
( 86 0 0 20 ) 1

( 54 116 0 21 ) 1
( 116 114 0 21 ) 1
( 114 0 0 21 ) 1

( 54 116 0 22 ) 1
( 116 163 0 22 ) 1
( 163 0 0 22 ) 1

( 54 116 0 23 ) 1
( 116 59 0 23 ) 1
( 59 0 0 23 ) 1

( 54 116 0 24 ) 1
( 116 28 0 24 ) 1
( 28 0 0 24 ) 1

( 54 163 0 25 ) 1
( 163 103 0 25 ) 1
( 103 0 0 25 ) 1

( 54 163 0 26 ) 1
( 163 133 0 26 ) 1
( 133 0 0 26 ) 1

( 54 163 0 27 ) 1
( 163 152 0 27 ) 1
( 152 0 0 27 ) 1

( 54 163 0 28 ) 1
( 163 35 0 28 ) 1
( 35 0 0 28 ) 1

( 54 163 0 29 ) 1
( 163 65 0 29 ) 1
( 65 0 0 29 ) 1

( 54 163 0 30 ) 1
( 163 50 0 30 ) 1
( 50 0 0 30 ) 1

( 54 163 0 31 ) 1
( 163 86 0 31 ) 1
( 86 0 0 31 ) 1

( 54 163 0 32 ) 1
( 163 114 0 32 ) 1
( 114 0 0 32 ) 1

( 54 163 0 33 ) 1
( 163 116 0 33 ) 1
( 116 0 0 33 ) 1

( 54 163 0 34 ) 1
( 163 59 0 34 ) 1
( 59 0 0 34 ) 1

( 54 163 0 35 ) 1
( 163 28 0 35 ) 1
( 28 0 0 35 ) 1

( 54 59 0 36 ) 1
( 59 103 0 36 ) 1
( 103 0 0 36 ) 1

( 54 59 0 37 ) 1
( 59 133 0 37 ) 1
( 133 0 0 37 ) 1

( 54 59 0 38 ) 1
( 59 152 0 38 ) 1
( 152 0 0 38 ) 1

( 54 59 0 39 ) 1
( 59 35 0 39 ) 1
( 35 0 0 39 ) 1

( 54 59 0 40 ) 1
( 59 65 0 40 ) 1
( 65 0 0 40 ) 1

( 54 59 0 41 ) 1
( 59 50 0 41 ) 1
( 50 0 0 41 ) 1

( 54 59 0 42 ) 1
( 59 86 0 42 ) 1
( 86 0 0 42 ) 1

( 54 59 0 43 ) 1
( 59 114 0 43 ) 1
( 114 0 0 43 ) 1

( 54 59 0 44 ) 1
( 59 116 0 44 ) 1
( 116 0 0 44 ) 1

( 54 59 0 45 ) 1
( 59 163 0 45 ) 1
( 163 0 0 45 ) 1

( 54 59 0 46 ) 1
( 59 28 0 46 ) 1
( 28 0 0 46 ) 1

( 54 28 0 47 ) 1
( 28 103 0 47 ) 1
( 103 0 0 47 ) 1

( 54 28 0 48 ) 1
( 28 133 0 48 ) 1
( 133 0 0 48 ) 1

( 54 28 0 49 ) 1
( 28 152 0 49 ) 1
( 152 0 0 49 ) 1

( 54 28 0 50 ) 1
( 28 35 0 50 ) 1
( 35 0 0 50 ) 1

( 54 28 0 51 ) 1
( 28 65 0 51 ) 1
( 65 0 0 51 ) 1

( 54 28 0 52 ) 1
( 28 50 0 52 ) 1
( 50 0 0 52 ) 1

( 54 28 0 53 ) 1
( 28 86 0 53 ) 1
( 86 0 0 53 ) 1

( 54 28 0 54 ) 1
( 28 114 0 54 ) 1
( 114 0 0 54 ) 1

( 54 28 0 55 ) 1
( 28 116 0 55 ) 1
( 116 0 0 55 ) 1

( 54 28 0 56 ) 1
( 28 163 0 56 ) 1
( 163 0 0 56 ) 1

( 54 28 0 57 ) 1
( 28 59 0 57 ) 1
( 59 0 0 57 ) 1

( 54 103 0 58 ) 1
( 103 114 0 58 ) 1
( 114 0 0 58 ) 1

( 54 103 0 59 ) 1
( 103 116 0 59 ) 1
( 116 0 0 59 ) 1

( 54 103 0 60 ) 1
( 103 163 0 60 ) 1
( 163 0 0 60 ) 1

( 54 103 0 61 ) 1
( 103 59 0 61 ) 1
( 59 0 0 61 ) 1

( 54 103 0 62 ) 1
( 103 28 0 62 ) 1
( 28 0 0 62 ) 1

( 54 133 0 63 ) 1
( 133 114 0 63 ) 1
( 114 0 0 63 ) 1

( 54 133 0 64 ) 1
( 133 116 0 64 ) 1
( 116 0 0 64 ) 1

( 54 133 0 65 ) 1
( 133 163 0 65 ) 1
( 163 0 0 65 ) 1

( 54 133 0 66 ) 1
( 133 59 0 66 ) 1
( 59 0 0 66 ) 1

( 54 133 0 67 ) 1
( 133 28 0 67 ) 1
( 28 0 0 67 ) 1

( 54 152 0 68 ) 1
( 152 114 0 68 ) 1
( 114 0 0 68 ) 1

( 54 152 0 69 ) 1
( 152 116 0 69 ) 1
( 116 0 0 69 ) 1

( 54 152 0 70 ) 1
( 152 163 0 70 ) 1
( 163 0 0 70 ) 1

( 54 152 0 71 ) 1
( 152 59 0 71 ) 1
( 59 0 0 71 ) 1

( 54 152 0 72 ) 1
( 152 28 0 72 ) 1
( 28 0 0 72 ) 1

( 54 35 0 73 ) 1
( 35 114 0 73 ) 1
( 114 0 0 73 ) 1

( 54 35 0 74 ) 1
( 35 116 0 74 ) 1
( 116 0 0 74 ) 1

( 54 35 0 75 ) 1
( 35 163 0 75 ) 1
( 163 0 0 75 ) 1

( 54 35 0 76 ) 1
( 35 59 0 76 ) 1
( 59 0 0 76 ) 1

( 54 35 0 77 ) 1
( 35 28 0 77 ) 1
( 28 0 0 77 ) 1

( 54 65 0 78 ) 1
( 65 114 0 78 ) 1
( 114 0 0 78 ) 1

( 54 65 0 79 ) 1
( 65 116 0 79 ) 1
( 116 0 0 79 ) 1

( 54 65 0 80 ) 1
( 65 163 0 80 ) 1
( 163 0 0 80 ) 1

( 54 65 0 81 ) 1
( 65 59 0 81 ) 1
( 59 0 0 81 ) 1

( 54 65 0 82 ) 1
( 65 28 0 82 ) 1
( 28 0 0 82 ) 1

( 54 50 0 83 ) 1
( 50 114 0 83 ) 1
( 114 0 0 83 ) 1

( 54 50 0 84 ) 1
( 50 116 0 84 ) 1
( 116 0 0 84 ) 1

( 54 50 0 85 ) 1
( 50 163 0 85 ) 1
( 163 0 0 85 ) 1

( 54 50 0 86 ) 1
( 50 59 0 86 ) 1
( 59 0 0 86 ) 1

( 54 50 0 87 ) 1
( 50 28 0 87 ) 1
( 28 0 0 87 ) 1

( 54 86 0 88 ) 1
( 86 114 0 88 ) 1
( 114 0 0 88 ) 1

( 54 86 0 89 ) 1
( 86 116 0 89 ) 1
( 116 0 0 89 ) 1

( 54 86 0 90 ) 1
( 86 163 0 90 ) 1
( 163 0 0 90 ) 1

( 54 86 0 91 ) 1
( 86 59 0 91 ) 1
( 59 0 0 91 ) 1

( 54 86 0 92 ) 1
( 86 28 0 92 ) 1
( 28 0 0 92 ) 1

( 54 116 0 93 ) 1
( 116 28 0 93 ) 1
( 28 103 0 93 ) 1
( 103 0 0 93 ) 1

( 54 116 0 94 ) 1
( 116 28 0 94 ) 1
( 28 133 0 94 ) 1
( 133 0 0 94 ) 1

( 54 116 0 95 ) 1
( 116 28 0 95 ) 1
( 28 152 0 95 ) 1
( 152 0 0 95 ) 1

( 54 116 0 96 ) 1
( 116 28 0 96 ) 1
( 28 35 0 96 ) 1
( 35 0 0 96 ) 1

( 54 116 0 97 ) 1
( 116 28 0 97 ) 1
( 28 65 0 97 ) 1
( 65 0 0 97 ) 1

( 54 116 0 98 ) 1
( 116 28 0 98 ) 1
( 28 50 0 98 ) 1
( 50 0 0 98 ) 1

( 54 116 0 99 ) 1
( 116 28 0 99 ) 1
( 28 86 0 99 ) 1
( 86 0 0 99 ) 1

( 54 103 0 100 ) 1
( 103 116 0 100 ) 1
( 116 133 0 100 ) 1
( 133 0 0 100 ) 1

( 54 103 0 101 ) 1
( 103 116 0 101 ) 1
( 116 152 0 101 ) 1
( 152 0 0 101 ) 1

( 54 103 0 102 ) 1
( 103 116 0 102 ) 1
( 116 35 0 102 ) 1
( 35 0 0 102 ) 1

( 54 103 0 103 ) 1
( 103 116 0 103 ) 1
( 116 65 0 103 ) 1
( 65 0 0 103 ) 1

( 54 103 0 104 ) 1
( 103 116 0 104 ) 1
( 116 50 0 104 ) 1
( 50 0 0 104 ) 1

( 54 103 0 105 ) 1
( 103 116 0 105 ) 1
( 116 86 0 105 ) 1
( 86 0 0 105 ) 1

( 54 103 0 106 ) 1
( 103 116 0 106 ) 1
( 116 155 0 106 ) 1
( 155 0 0 106 ) 1

( 54 103 0 107 ) 1
( 103 116 0 107 ) 1
( 116 114 0 107 ) 1
( 114 0 0 107 ) 1

( 54 103 0 108 ) 1
( 103 116 0 108 ) 1
( 116 163 0 108 ) 1
( 163 0 0 108 ) 1

( 54 103 0 109 ) 1
( 103 116 0 109 ) 1
( 116 59 0 109 ) 1
( 59 0 0 109 ) 1

( 54 103 0 110 ) 1
( 103 116 0 110 ) 1
( 116 28 0 110 ) 1
( 28 0 0 110 ) 1

( 54 103 0 111 ) 1
( 103 163 0 111 ) 1
( 163 133 0 111 ) 1
( 133 0 0 111 ) 1

( 54 103 0 112 ) 1
( 103 163 0 112 ) 1
( 163 152 0 112 ) 1
( 152 0 0 112 ) 1

( 54 103 0 113 ) 1
( 103 163 0 113 ) 1
( 163 35 0 113 ) 1
( 35 0 0 113 ) 1

( 54 103 0 114 ) 1
( 103 163 0 114 ) 1
( 163 65 0 114 ) 1
( 65 0 0 114 ) 1

( 54 103 0 115 ) 1
( 103 163 0 115 ) 1
( 163 50 0 115 ) 1
( 50 0 0 115 ) 1

( 54 103 0 116 ) 1
( 103 163 0 116 ) 1
( 163 86 0 116 ) 1
( 86 0 0 116 ) 1

( 54 103 0 117 ) 1
( 103 163 0 117 ) 1
( 163 155 0 117 ) 1
( 155 0 0 117 ) 1

( 54 103 0 118 ) 1
( 103 163 0 118 ) 1
( 163 114 0 118 ) 1
( 114 0 0 118 ) 1

( 54 103 0 119 ) 1
( 103 163 0 119 ) 1
( 163 116 0 119 ) 1
( 116 0 0 119 ) 1

( 54 103 0 120 ) 1
( 103 163 0 120 ) 1
( 163 59 0 120 ) 1
( 59 0 0 120 ) 1

( 54 103 0 121 ) 1
( 103 163 0 121 ) 1
( 163 28 0 121 ) 1
( 28 0 0 121 ) 1

( 54 152 0 122 ) 1
( 152 116 0 122 ) 1
( 116 103 0 122 ) 1
( 103 0 0 122 ) 1

( 54 152 0 123 ) 1
( 152 116 0 123 ) 1
( 116 133 0 123 ) 1
( 133 0 0 123 ) 1

( 54 152 0 124 ) 1
( 152 116 0 124 ) 1
( 116 35 0 124 ) 1
( 35 0 0 124 ) 1

( 54 152 0 125 ) 1
( 152 116 0 125 ) 1
( 116 65 0 125 ) 1
( 65 0 0 125 ) 1

( 54 152 0 126 ) 1
( 152 116 0 126 ) 1
( 116 50 0 126 ) 1
( 50 0 0 126 ) 1

( 54 152 0 127 ) 1
( 152 116 0 127 ) 1
( 116 86 0 127 ) 1
( 86 0 0 127 ) 1

( 54 152 0 128 ) 1
( 152 116 0 128 ) 1
( 116 155 0 128 ) 1
( 155 0 0 128 ) 1

( 54 152 0 129 ) 1
( 152 116 0 129 ) 1
( 116 114 0 129 ) 1
( 114 0 0 129 ) 1

( 54 152 0 130 ) 1
( 152 116 0 130 ) 1
( 116 163 0 130 ) 1
( 163 0 0 130 ) 1

( 54 152 0 131 ) 1
( 152 116 0 131 ) 1
( 116 59 0 131 ) 1
( 59 0 0 131 ) 1

( 54 152 0 132 ) 1
( 152 116 0 132 ) 1
( 116 28 0 132 ) 1
( 28 0 0 132 ) 1

( 54 152 0 133 ) 1
( 152 163 0 133 ) 1
( 163 103 0 133 ) 1
( 103 0 0 133 ) 1

( 54 152 0 134 ) 1
( 152 163 0 134 ) 1
( 163 133 0 134 ) 1
( 133 0 0 134 ) 1

( 54 152 0 135 ) 1
( 152 163 0 135 ) 1
( 163 35 0 135 ) 1
( 35 0 0 135 ) 1

( 54 152 0 136 ) 1
( 152 163 0 136 ) 1
( 163 65 0 136 ) 1
( 65 0 0 136 ) 1

( 54 152 0 137 ) 1
( 152 163 0 137 ) 1
( 163 50 0 137 ) 1
( 50 0 0 137 ) 1

( 54 152 0 138 ) 1
( 152 163 0 138 ) 1
( 163 86 0 138 ) 1
( 86 0 0 138 ) 1

( 54 152 0 139 ) 1
( 152 163 0 139 ) 1
( 163 155 0 139 ) 1
( 155 0 0 139 ) 1

( 54 152 0 140 ) 1
( 152 163 0 140 ) 1
( 163 114 0 140 ) 1
( 114 0 0 140 ) 1

( 54 152 0 141 ) 1
( 152 163 0 141 ) 1
( 163 116 0 141 ) 1
( 116 0 0 141 ) 1

( 54 152 0 142 ) 1
( 152 163 0 142 ) 1
( 163 59 0 142 ) 1
( 59 0 0 142 ) 1

( 54 152 0 143 ) 1
( 152 163 0 143 ) 1
( 163 28 0 143 ) 1
( 28 0 0 143 ) 1

( 54 152 0 144 ) 1
( 152 59 0 144 ) 1
( 59 103 0 144 ) 1
( 103 0 0 144 ) 1

( 54 152 0 145 ) 1
( 152 59 0 145 ) 1
( 59 133 0 145 ) 1
( 133 0 0 145 ) 1

( 54 152 0 146 ) 1
( 152 59 0 146 ) 1
( 59 35 0 146 ) 1
( 35 0 0 146 ) 1

( 54 152 0 147 ) 1
( 152 59 0 147 ) 1
( 59 65 0 147 ) 1
( 65 0 0 147 ) 1

( 54 152 0 148 ) 1
( 152 59 0 148 ) 1
( 59 50 0 148 ) 1
( 50 0 0 148 ) 1

( 54 152 0 149 ) 1
( 152 59 0 149 ) 1
( 59 86 0 149 ) 1
( 86 0 0 149 ) 1

( 54 152 0 150 ) 1
( 152 59 0 150 ) 1
( 59 155 0 150 ) 1
( 155 0 0 150 ) 1

( 54 152 0 151 ) 1
( 152 59 0 151 ) 1
( 59 114 0 151 ) 1
( 114 0 0 151 ) 1

( 54 152 0 152 ) 1
( 152 59 0 152 ) 1
( 59 116 0 152 ) 1
( 116 0 0 152 ) 1

( 54 152 0 153 ) 1
( 152 59 0 153 ) 1
( 59 163 0 153 ) 1
( 163 0 0 153 ) 1

( 54 152 0 154 ) 1
( 152 59 0 154 ) 1
( 59 28 0 154 ) 1
( 28 0 0 154 ) 1

( 54 152 0 155 ) 1
( 152 28 0 155 ) 1
( 28 103 0 155 ) 1
( 103 0 0 155 ) 1

( 54 152 0 156 ) 1
( 152 28 0 156 ) 1
( 28 133 0 156 ) 1
( 133 0 0 156 ) 1

( 54 152 0 157 ) 1
( 152 28 0 157 ) 1
( 28 35 0 157 ) 1
( 35 0 0 157 ) 1

( 54 152 0 158 ) 1
( 152 28 0 158 ) 1
( 28 65 0 158 ) 1
( 65 0 0 158 ) 1

( 54 152 0 159 ) 1
( 152 28 0 159 ) 1
( 28 50 0 159 ) 1
( 50 0 0 159 ) 1

( 54 152 0 160 ) 1
( 152 28 0 160 ) 1
( 28 86 0 160 ) 1
( 86 0 0 160 ) 1

( 54 152 0 161 ) 1
( 152 28 0 161 ) 1
( 28 155 0 161 ) 1
( 155 0 0 161 ) 1

( 54 152 0 162 ) 1
( 152 28 0 162 ) 1
( 28 114 0 162 ) 1
( 114 0 0 162 ) 1

( 54 152 0 163 ) 1
( 152 28 0 163 ) 1
( 28 116 0 163 ) 1
( 116 0 0 163 ) 1

( 54 152 0 164 ) 1
( 152 28 0 164 ) 1
( 28 163 0 164 ) 1
( 163 0 0 164 ) 1

( 54 152 0 165 ) 1
( 152 28 0 165 ) 1
( 28 59 0 165 ) 1
( 59 0 0 165 ) 1

( 54 35 0 166 ) 1
( 35 116 0 166 ) 1
( 116 103 0 166 ) 1
( 103 0 0 166 ) 1

( 54 35 0 167 ) 1
( 35 116 0 167 ) 1
( 116 133 0 167 ) 1
( 133 0 0 167 ) 1

( 54 35 0 168 ) 1
( 35 116 0 168 ) 1
( 116 152 0 168 ) 1
( 152 0 0 168 ) 1

( 54 35 0 169 ) 1
( 35 116 0 169 ) 1
( 116 65 0 169 ) 1
( 65 0 0 169 ) 1

( 54 35 0 170 ) 1
( 35 116 0 170 ) 1
( 116 50 0 170 ) 1
( 50 0 0 170 ) 1

( 54 35 0 171 ) 1
( 35 116 0 171 ) 1
( 116 86 0 171 ) 1
( 86 0 0 171 ) 1

( 54 35 0 172 ) 1
( 35 116 0 172 ) 1
( 116 155 0 172 ) 1
( 155 0 0 172 ) 1

( 54 35 0 173 ) 1
( 35 116 0 173 ) 1
( 116 114 0 173 ) 1
( 114 0 0 173 ) 1

( 54 35 0 174 ) 1
( 35 116 0 174 ) 1
( 116 163 0 174 ) 1
( 163 0 0 174 ) 1

( 54 35 0 175 ) 1
( 35 116 0 175 ) 1
( 116 59 0 175 ) 1
( 59 0 0 175 ) 1

( 54 35 0 176 ) 1
( 35 116 0 176 ) 1
( 116 28 0 176 ) 1
( 28 0 0 176 ) 1

( 54 35 0 177 ) 1
( 35 163 0 177 ) 1
( 163 103 0 177 ) 1
( 103 0 0 177 ) 1

( 54 35 0 178 ) 1
( 35 163 0 178 ) 1
( 163 133 0 178 ) 1
( 133 0 0 178 ) 1

( 54 35 0 179 ) 1
( 35 163 0 179 ) 1
( 163 152 0 179 ) 1
( 152 0 0 179 ) 1

( 54 35 0 180 ) 1
( 35 163 0 180 ) 1
( 163 65 0 180 ) 1
( 65 0 0 180 ) 1

( 54 35 0 181 ) 1
( 35 163 0 181 ) 1
( 163 50 0 181 ) 1
( 50 0 0 181 ) 1

( 54 35 0 182 ) 1
( 35 163 0 182 ) 1
( 163 86 0 182 ) 1
( 86 0 0 182 ) 1

( 54 35 0 183 ) 1
( 35 163 0 183 ) 1
( 163 155 0 183 ) 1
( 155 0 0 183 ) 1

( 54 35 0 184 ) 1
( 35 163 0 184 ) 1
( 163 114 0 184 ) 1
( 114 0 0 184 ) 1

( 54 35 0 185 ) 1
( 35 163 0 185 ) 1
( 163 116 0 185 ) 1
( 116 0 0 185 ) 1

( 54 35 0 186 ) 1
( 35 163 0 186 ) 1
( 163 59 0 186 ) 1
( 59 0 0 186 ) 1

( 54 35 0 187 ) 1
( 35 163 0 187 ) 1
( 163 28 0 187 ) 1
( 28 0 0 187 ) 1

( 54 35 0 188 ) 1
( 35 28 0 188 ) 1
( 28 103 0 188 ) 1
( 103 0 0 188 ) 1

( 54 35 0 189 ) 1
( 35 28 0 189 ) 1
( 28 133 0 189 ) 1
( 133 0 0 189 ) 1

( 54 35 0 190 ) 1
( 35 28 0 190 ) 1
( 28 152 0 190 ) 1
( 152 0 0 190 ) 1

( 54 35 0 191 ) 1
( 35 28 0 191 ) 1
( 28 65 0 191 ) 1
( 65 0 0 191 ) 1

( 54 35 0 192 ) 1
( 35 28 0 192 ) 1
( 28 50 0 192 ) 1
( 50 0 0 192 ) 1

( 54 35 0 193 ) 1
( 35 28 0 193 ) 1
( 28 86 0 193 ) 1
( 86 0 0 193 ) 1

( 54 35 0 194 ) 1
( 35 28 0 194 ) 1
( 28 155 0 194 ) 1
( 155 0 0 194 ) 1

( 54 35 0 195 ) 1
( 35 28 0 195 ) 1
( 28 114 0 195 ) 1
( 114 0 0 195 ) 1

( 54 35 0 196 ) 1
( 35 28 0 196 ) 1
( 28 116 0 196 ) 1
( 116 0 0 196 ) 1

( 54 35 0 197 ) 1
( 35 28 0 197 ) 1
( 28 163 0 197 ) 1
( 163 0 0 197 ) 1

( 54 35 0 198 ) 1
( 35 28 0 198 ) 1
( 28 59 0 198 ) 1
( 59 0 0 198 ) 1

( 117 0 1 1 ) 1

( 117 114 1 2 ) 1
( 114 0 1 2 ) 1

( 117 58 1 3 ) 1
( 58 0 1 3 ) 1

( 117 45 1 4 ) 1
( 45 0 1 4 ) 1

( 117 34 1 5 ) 1
( 34 0 1 5 ) 1

( 117 146 1 6 ) 1
( 146 0 1 6 ) 1

( 117 33 1 7 ) 1
( 33 0 1 7 ) 1

( 117 161 1 8 ) 1
( 161 0 1 8 ) 1

( 117 120 1 9 ) 1
( 120 0 1 9 ) 1

( 117 233 1 10 ) 1
( 233 0 1 10 ) 1

( 117 160 1 11 ) 1
( 160 0 1 11 ) 1

( 117 72 1 12 ) 1
( 72 0 1 12 ) 1

( 117 40 1 13 ) 1
( 40 0 1 13 ) 1

( 117 60 1 14 ) 1
( 60 0 1 14 ) 1

( 117 193 1 15 ) 1
( 193 0 1 15 ) 1

( 117 114 1 16 ) 1
( 114 120 1 16 ) 1
( 120 0 1 16 ) 1

( 117 114 1 17 ) 1
( 114 233 1 17 ) 1
( 233 0 1 17 ) 1

( 117 114 1 18 ) 1
( 114 160 1 18 ) 1
( 160 0 1 18 ) 1

( 117 114 1 19 ) 1
( 114 72 1 19 ) 1
( 72 0 1 19 ) 1

( 117 114 1 20 ) 1
( 114 40 1 20 ) 1
( 40 0 1 20 ) 1

( 117 114 1 21 ) 1
( 114 60 1 21 ) 1
( 60 0 1 21 ) 1

( 117 114 1 22 ) 1
( 114 193 1 22 ) 1
( 193 0 1 22 ) 1

( 117 58 1 23 ) 1
( 58 120 1 23 ) 1
( 120 0 1 23 ) 1

( 117 58 1 24 ) 1
( 58 233 1 24 ) 1
( 233 0 1 24 ) 1

( 117 58 1 25 ) 1
( 58 160 1 25 ) 1
( 160 0 1 25 ) 1

( 117 58 1 26 ) 1
( 58 72 1 26 ) 1
( 72 0 1 26 ) 1

( 117 58 1 27 ) 1
( 58 40 1 27 ) 1
( 40 0 1 27 ) 1

( 117 58 1 28 ) 1
( 58 60 1 28 ) 1
( 60 0 1 28 ) 1

( 117 58 1 29 ) 1
( 58 193 1 29 ) 1
( 193 0 1 29 ) 1

( 117 45 1 30 ) 1
( 45 120 1 30 ) 1
( 120 0 1 30 ) 1

( 117 45 1 31 ) 1
( 45 233 1 31 ) 1
( 233 0 1 31 ) 1

( 117 45 1 32 ) 1
( 45 160 1 32 ) 1
( 160 0 1 32 ) 1

( 117 45 1 33 ) 1
( 45 72 1 33 ) 1
( 72 0 1 33 ) 1

( 117 45 1 34 ) 1
( 45 40 1 34 ) 1
( 40 0 1 34 ) 1

( 117 45 1 35 ) 1
( 45 60 1 35 ) 1
( 60 0 1 35 ) 1

( 117 45 1 36 ) 1
( 45 193 1 36 ) 1
( 193 0 1 36 ) 1

( 117 34 1 37 ) 1
( 34 120 1 37 ) 1
( 120 0 1 37 ) 1

( 117 34 1 38 ) 1
( 34 233 1 38 ) 1
( 233 0 1 38 ) 1

( 117 34 1 39 ) 1
( 34 160 1 39 ) 1
( 160 0 1 39 ) 1

( 117 34 1 40 ) 1
( 34 72 1 40 ) 1
( 72 0 1 40 ) 1

( 117 34 1 41 ) 1
( 34 40 1 41 ) 1
( 40 0 1 41 ) 1

( 117 34 1 42 ) 1
( 34 60 1 42 ) 1
( 60 0 1 42 ) 1

( 117 34 1 43 ) 1
( 34 193 1 43 ) 1
( 193 0 1 43 ) 1

( 117 146 1 44 ) 1
( 146 120 1 44 ) 1
( 120 0 1 44 ) 1

( 117 146 1 45 ) 1
( 146 233 1 45 ) 1
( 233 0 1 45 ) 1

( 117 146 1 46 ) 1
( 146 160 1 46 ) 1
( 160 0 1 46 ) 1

( 117 146 1 47 ) 1
( 146 72 1 47 ) 1
( 72 0 1 47 ) 1

( 117 146 1 48 ) 1
( 146 40 1 48 ) 1
( 40 0 1 48 ) 1

( 117 146 1 49 ) 1
( 146 60 1 49 ) 1
( 60 0 1 49 ) 1

( 117 146 1 50 ) 1
( 146 193 1 50 ) 1
( 193 0 1 50 ) 1

( 117 33 1 51 ) 1
( 33 120 1 51 ) 1
( 120 0 1 51 ) 1

( 117 33 1 52 ) 1
( 33 233 1 52 ) 1
( 233 0 1 52 ) 1

( 117 33 1 53 ) 1
( 33 160 1 53 ) 1
( 160 0 1 53 ) 1

( 117 33 1 54 ) 1
( 33 72 1 54 ) 1
( 72 0 1 54 ) 1

( 117 33 1 55 ) 1
( 33 40 1 55 ) 1
( 40 0 1 55 ) 1

( 117 33 1 56 ) 1
( 33 60 1 56 ) 1
( 60 0 1 56 ) 1

( 117 33 1 57 ) 1
( 33 193 1 57 ) 1
( 193 0 1 57 ) 1

( 117 161 1 58 ) 1
( 161 120 1 58 ) 1
( 120 0 1 58 ) 1

( 117 161 1 59 ) 1
( 161 233 1 59 ) 1
( 233 0 1 59 ) 1

( 117 161 1 60 ) 1
( 161 160 1 60 ) 1
( 160 0 1 60 ) 1

( 117 161 1 61 ) 1
( 161 72 1 61 ) 1
( 72 0 1 61 ) 1

( 117 161 1 62 ) 1
( 161 40 1 62 ) 1
( 40 0 1 62 ) 1

( 117 161 1 63 ) 1
( 161 60 1 63 ) 1
( 60 0 1 63 ) 1

( 117 161 1 64 ) 1
( 161 193 1 64 ) 1
( 193 0 1 64 ) 1

( 117 60 1 65 ) 1
( 60 120 1 65 ) 1
( 120 0 1 65 ) 1

( 117 60 1 66 ) 1
( 60 233 1 66 ) 1
( 233 0 1 66 ) 1

( 117 60 1 67 ) 1
( 60 160 1 67 ) 1
( 160 0 1 67 ) 1

( 117 60 1 68 ) 1
( 60 72 1 68 ) 1
( 72 0 1 68 ) 1

( 117 60 1 69 ) 1
( 60 40 1 69 ) 1
( 40 0 1 69 ) 1

( 117 60 1 70 ) 1
( 60 193 1 70 ) 1
( 193 0 1 70 ) 1

( 117 60 1 71 ) 1
( 60 81 1 71 ) 1
( 81 0 1 71 ) 1

( 117 60 1 72 ) 1
( 60 114 1 72 ) 1
( 114 0 1 72 ) 1

( 117 60 1 73 ) 1
( 60 58 1 73 ) 1
( 58 0 1 73 ) 1

( 117 60 1 74 ) 1
( 60 45 1 74 ) 1
( 45 0 1 74 ) 1

( 117 60 1 75 ) 1
( 60 34 1 75 ) 1
( 34 0 1 75 ) 1

( 117 60 1 76 ) 1
( 60 146 1 76 ) 1
( 146 0 1 76 ) 1

( 117 60 1 77 ) 1
( 60 33 1 77 ) 1
( 33 0 1 77 ) 1

( 117 60 1 78 ) 1
( 60 161 1 78 ) 1
( 161 0 1 78 ) 1

]
