weightViolation : 0.6
weightDeviation : 0.3
weightReward : 0.1
weightDeviationReward : 0.6
weightDrivingTimePenalty : 0.4

lengthOfPlanningHorizon : 20.0
maxVisits : 1

maxRoute : 69

vehicleInitialStation : [
35
148
]

vehicleRemainingTimeToInitialStation : [
0.0
10.0
]

vehicleInitialLoad : [
11
11
]

stationsInitialLoad : [
1.0
10.0
28.0
25.0
5.0
15.0
30.0
0.0
0
]

optimalState : [
14.0
22.0
10.0
9.0
14.0
9.0
15.0
12.0
0
]

stationDemand : [
-0.6452619345032616
-0.7812106627746284
0.5784435843101629
0.9982696680681289
-0.5015229752818625
0.6070504385964912
0.5960983854572961
-0.7245707255499058
0
]

StarvationStations : [
35
148
152
44
]

CongestionStations : [
101
103
154
75
]

intRep : [
( 35 0 0 1 ) 1

( 35 103 0 2 ) 1
( 103 148 0 2 ) 1
( 148 0 0 2 ) 1

( 35 103 0 3 ) 1
( 103 152 0 3 ) 1
( 152 0 0 3 ) 1

( 35 103 0 4 ) 1
( 103 44 0 4 ) 1
( 44 0 0 4 ) 1

( 35 103 0 5 ) 1
( 103 75 0 5 ) 1
( 75 0 0 5 ) 1

( 35 103 0 6 ) 1
( 103 101 0 6 ) 1
( 101 0 0 6 ) 1

( 35 103 0 7 ) 1
( 103 154 0 7 ) 1
( 154 0 0 7 ) 1

( 35 75 0 8 ) 1
( 75 148 0 8 ) 1
( 148 0 0 8 ) 1

( 35 75 0 9 ) 1
( 75 152 0 9 ) 1
( 152 0 0 9 ) 1

( 35 75 0 10 ) 1
( 75 44 0 10 ) 1
( 44 0 0 10 ) 1

( 35 75 0 11 ) 1
( 75 103 0 11 ) 1
( 103 0 0 11 ) 1

( 35 75 0 12 ) 1
( 75 101 0 12 ) 1
( 101 0 0 12 ) 1

( 35 75 0 13 ) 1
( 75 154 0 13 ) 1
( 154 0 0 13 ) 1

( 35 101 0 14 ) 1
( 101 148 0 14 ) 1
( 148 0 0 14 ) 1

( 35 101 0 15 ) 1
( 101 152 0 15 ) 1
( 152 0 0 15 ) 1

( 35 101 0 16 ) 1
( 101 44 0 16 ) 1
( 44 0 0 16 ) 1

( 35 101 0 17 ) 1
( 101 103 0 17 ) 1
( 103 0 0 17 ) 1

( 35 101 0 18 ) 1
( 101 75 0 18 ) 1
( 75 0 0 18 ) 1

( 35 101 0 19 ) 1
( 101 154 0 19 ) 1
( 154 0 0 19 ) 1

( 35 148 0 20 ) 1
( 148 103 0 20 ) 1
( 103 0 0 20 ) 1

( 35 148 0 21 ) 1
( 148 75 0 21 ) 1
( 75 0 0 21 ) 1

( 35 148 0 22 ) 1
( 148 101 0 22 ) 1
( 101 0 0 22 ) 1

( 35 152 0 23 ) 1
( 152 103 0 23 ) 1
( 103 0 0 23 ) 1

( 35 152 0 24 ) 1
( 152 75 0 24 ) 1
( 75 0 0 24 ) 1

( 35 152 0 25 ) 1
( 152 101 0 25 ) 1
( 101 0 0 25 ) 1

( 35 44 0 26 ) 1
( 44 103 0 26 ) 1
( 103 0 0 26 ) 1

( 35 44 0 27 ) 1
( 44 75 0 27 ) 1
( 75 0 0 27 ) 1

( 35 44 0 28 ) 1
( 44 101 0 28 ) 1
( 101 0 0 28 ) 1

( 35 148 0 29 ) 1
( 148 103 0 29 ) 1
( 103 152 0 29 ) 1
( 152 0 0 29 ) 1

( 35 148 0 30 ) 1
( 148 103 0 30 ) 1
( 103 44 0 30 ) 1
( 44 0 0 30 ) 1

( 35 148 0 31 ) 1
( 148 103 0 31 ) 1
( 103 75 0 31 ) 1
( 75 0 0 31 ) 1

( 35 148 0 32 ) 1
( 148 103 0 32 ) 1
( 103 101 0 32 ) 1
( 101 0 0 32 ) 1

( 35 148 0 33 ) 1
( 148 103 0 33 ) 1
( 103 154 0 33 ) 1
( 154 0 0 33 ) 1

( 35 148 0 34 ) 1
( 148 75 0 34 ) 1
( 75 152 0 34 ) 1
( 152 0 0 34 ) 1

( 35 148 0 35 ) 1
( 148 75 0 35 ) 1
( 75 44 0 35 ) 1
( 44 0 0 35 ) 1

( 35 148 0 36 ) 1
( 148 75 0 36 ) 1
( 75 103 0 36 ) 1
( 103 0 0 36 ) 1

( 35 148 0 37 ) 1
( 148 75 0 37 ) 1
( 75 101 0 37 ) 1
( 101 0 0 37 ) 1

( 35 148 0 38 ) 1
( 148 75 0 38 ) 1
( 75 154 0 38 ) 1
( 154 0 0 38 ) 1

( 35 148 0 39 ) 1
( 148 101 0 39 ) 1
( 101 152 0 39 ) 1
( 152 0 0 39 ) 1

( 35 148 0 40 ) 1
( 148 101 0 40 ) 1
( 101 44 0 40 ) 1
( 44 0 0 40 ) 1

( 35 148 0 41 ) 1
( 148 101 0 41 ) 1
( 101 103 0 41 ) 1
( 103 0 0 41 ) 1

( 35 148 0 42 ) 1
( 148 101 0 42 ) 1
( 101 75 0 42 ) 1
( 75 0 0 42 ) 1

( 35 148 0 43 ) 1
( 148 101 0 43 ) 1
( 101 154 0 43 ) 1
( 154 0 0 43 ) 1

( 35 152 0 44 ) 1
( 152 103 0 44 ) 1
( 103 148 0 44 ) 1
( 148 0 0 44 ) 1

( 35 152 0 45 ) 1
( 152 103 0 45 ) 1
( 103 44 0 45 ) 1
( 44 0 0 45 ) 1

( 35 152 0 46 ) 1
( 152 103 0 46 ) 1
( 103 75 0 46 ) 1
( 75 0 0 46 ) 1

( 35 152 0 47 ) 1
( 152 103 0 47 ) 1
( 103 101 0 47 ) 1
( 101 0 0 47 ) 1

( 35 152 0 48 ) 1
( 152 103 0 48 ) 1
( 103 154 0 48 ) 1
( 154 0 0 48 ) 1

( 35 152 0 49 ) 1
( 152 75 0 49 ) 1
( 75 148 0 49 ) 1
( 148 0 0 49 ) 1

( 35 152 0 50 ) 1
( 152 75 0 50 ) 1
( 75 44 0 50 ) 1
( 44 0 0 50 ) 1

( 35 152 0 51 ) 1
( 152 75 0 51 ) 1
( 75 103 0 51 ) 1
( 103 0 0 51 ) 1

( 35 152 0 52 ) 1
( 152 75 0 52 ) 1
( 75 101 0 52 ) 1
( 101 0 0 52 ) 1

( 35 152 0 53 ) 1
( 152 75 0 53 ) 1
( 75 154 0 53 ) 1
( 154 0 0 53 ) 1

( 35 152 0 54 ) 1
( 152 101 0 54 ) 1
( 101 148 0 54 ) 1
( 148 0 0 54 ) 1

( 35 152 0 55 ) 1
( 152 101 0 55 ) 1
( 101 44 0 55 ) 1
( 44 0 0 55 ) 1

( 35 152 0 56 ) 1
( 152 101 0 56 ) 1
( 101 103 0 56 ) 1
( 103 0 0 56 ) 1

( 35 152 0 57 ) 1
( 152 101 0 57 ) 1
( 101 75 0 57 ) 1
( 75 0 0 57 ) 1

( 35 152 0 58 ) 1
( 152 101 0 58 ) 1
( 101 154 0 58 ) 1
( 154 0 0 58 ) 1

( 35 44 0 59 ) 1
( 44 103 0 59 ) 1
( 103 148 0 59 ) 1
( 148 0 0 59 ) 1

( 35 44 0 60 ) 1
( 44 103 0 60 ) 1
( 103 152 0 60 ) 1
( 152 0 0 60 ) 1

( 35 44 0 61 ) 1
( 44 103 0 61 ) 1
( 103 75 0 61 ) 1
( 75 0 0 61 ) 1

( 35 44 0 62 ) 1
( 44 103 0 62 ) 1
( 103 101 0 62 ) 1
( 101 0 0 62 ) 1

( 35 44 0 63 ) 1
( 44 103 0 63 ) 1
( 103 154 0 63 ) 1
( 154 0 0 63 ) 1

( 35 44 0 64 ) 1
( 44 75 0 64 ) 1
( 75 148 0 64 ) 1
( 148 0 0 64 ) 1

( 35 44 0 65 ) 1
( 44 75 0 65 ) 1
( 75 152 0 65 ) 1
( 152 0 0 65 ) 1

( 35 44 0 66 ) 1
( 44 75 0 66 ) 1
( 75 103 0 66 ) 1
( 103 0 0 66 ) 1

( 35 44 0 67 ) 1
( 44 75 0 67 ) 1
( 75 101 0 67 ) 1
( 101 0 0 67 ) 1

( 35 44 0 68 ) 1
( 44 75 0 68 ) 1
( 75 154 0 68 ) 1
( 154 0 0 68 ) 1

( 148 0 1 1 ) 1

( 148 103 1 2 ) 1
( 103 0 1 2 ) 1

( 148 75 1 3 ) 1
( 75 0 1 3 ) 1

( 148 101 1 4 ) 1
( 101 0 1 4 ) 1

( 148 35 1 5 ) 1
( 35 0 1 5 ) 1

( 148 152 1 6 ) 1
( 152 0 1 6 ) 1

( 148 35 1 7 ) 1
( 35 103 1 7 ) 1
( 103 0 1 7 ) 1

( 148 35 1 8 ) 1
( 35 75 1 8 ) 1
( 75 0 1 8 ) 1

( 148 35 1 9 ) 1
( 35 101 1 9 ) 1
( 101 0 1 9 ) 1

( 148 152 1 10 ) 1
( 152 103 1 10 ) 1
( 103 0 1 10 ) 1

( 148 152 1 11 ) 1
( 152 75 1 11 ) 1
( 75 0 1 11 ) 1

( 148 152 1 12 ) 1
( 152 101 1 12 ) 1
( 101 0 1 12 ) 1

( 148 44 1 13 ) 1
( 44 103 1 13 ) 1
( 103 0 1 13 ) 1

( 148 44 1 14 ) 1
( 44 75 1 14 ) 1
( 75 0 1 14 ) 1

( 148 44 1 15 ) 1
( 44 101 1 15 ) 1
( 101 0 1 15 ) 1

]
weightViolation : 0.6
weightDeviation : 0.3
weightReward : 0.1
weightDeviationReward : 0.6
weightDrivingTimePenalty : 0.4

lengthOfPlanningHorizon : 20.0
maxVisits : 1

maxRoute : 69

vehicleInitialStation : [
35
148
]

vehicleRemainingTimeToInitialStation : [
0.0
10.0
]

vehicleInitialLoad : [
11
11
]

stationsInitialLoad : [
1.0
10.0
28.0
25.0
5.0
15.0
30.0
0.0
0
]

optimalState : [
14.0
22.0
10.0
9.0
14.0
9.0
15.0
12.0
0
]

stationDemand : [
-0.6452619345032616
-0.7812106627746284
0.5784435843101629
0.9982696680681289
-0.5015229752818625
0.6070504385964912
0.5960983854572961
-0.7245707255499058
0
]

StarvationStations : [
35
148
152
44
]

CongestionStations : [
101
103
154
75
]

intRep : [
( 35 0 0 1 ) 1

( 35 103 0 2 ) 1
( 103 148 0 2 ) 1
( 148 0 0 2 ) 1

( 35 103 0 3 ) 1
( 103 152 0 3 ) 1
( 152 0 0 3 ) 1

( 35 103 0 4 ) 1
( 103 44 0 4 ) 1
( 44 0 0 4 ) 1

( 35 103 0 5 ) 1
( 103 75 0 5 ) 1
( 75 0 0 5 ) 1

( 35 103 0 6 ) 1
( 103 101 0 6 ) 1
( 101 0 0 6 ) 1

( 35 103 0 7 ) 1
( 103 154 0 7 ) 1
( 154 0 0 7 ) 1

( 35 75 0 8 ) 1
( 75 148 0 8 ) 1
( 148 0 0 8 ) 1

( 35 75 0 9 ) 1
( 75 152 0 9 ) 1
( 152 0 0 9 ) 1

( 35 75 0 10 ) 1
( 75 44 0 10 ) 1
( 44 0 0 10 ) 1

( 35 75 0 11 ) 1
( 75 103 0 11 ) 1
( 103 0 0 11 ) 1

( 35 75 0 12 ) 1
( 75 101 0 12 ) 1
( 101 0 0 12 ) 1

( 35 75 0 13 ) 1
( 75 154 0 13 ) 1
( 154 0 0 13 ) 1

( 35 101 0 14 ) 1
( 101 148 0 14 ) 1
( 148 0 0 14 ) 1

( 35 101 0 15 ) 1
( 101 152 0 15 ) 1
( 152 0 0 15 ) 1

( 35 101 0 16 ) 1
( 101 44 0 16 ) 1
( 44 0 0 16 ) 1

( 35 101 0 17 ) 1
( 101 103 0 17 ) 1
( 103 0 0 17 ) 1

( 35 101 0 18 ) 1
( 101 75 0 18 ) 1
( 75 0 0 18 ) 1

( 35 101 0 19 ) 1
( 101 154 0 19 ) 1
( 154 0 0 19 ) 1

( 35 148 0 20 ) 1
( 148 103 0 20 ) 1
( 103 0 0 20 ) 1

( 35 148 0 21 ) 1
( 148 75 0 21 ) 1
( 75 0 0 21 ) 1

( 35 148 0 22 ) 1
( 148 101 0 22 ) 1
( 101 0 0 22 ) 1

( 35 152 0 23 ) 1
( 152 103 0 23 ) 1
( 103 0 0 23 ) 1

( 35 152 0 24 ) 1
( 152 75 0 24 ) 1
( 75 0 0 24 ) 1

( 35 152 0 25 ) 1
( 152 101 0 25 ) 1
( 101 0 0 25 ) 1

( 35 44 0 26 ) 1
( 44 103 0 26 ) 1
( 103 0 0 26 ) 1

( 35 44 0 27 ) 1
( 44 75 0 27 ) 1
( 75 0 0 27 ) 1

( 35 44 0 28 ) 1
( 44 101 0 28 ) 1
( 101 0 0 28 ) 1

( 35 148 0 29 ) 1
( 148 103 0 29 ) 1
( 103 152 0 29 ) 1
( 152 0 0 29 ) 1

( 35 148 0 30 ) 1
( 148 103 0 30 ) 1
( 103 44 0 30 ) 1
( 44 0 0 30 ) 1

( 35 148 0 31 ) 1
( 148 103 0 31 ) 1
( 103 75 0 31 ) 1
( 75 0 0 31 ) 1

( 35 148 0 32 ) 1
( 148 103 0 32 ) 1
( 103 101 0 32 ) 1
( 101 0 0 32 ) 1

( 35 148 0 33 ) 1
( 148 103 0 33 ) 1
( 103 154 0 33 ) 1
( 154 0 0 33 ) 1

( 35 148 0 34 ) 1
( 148 75 0 34 ) 1
( 75 152 0 34 ) 1
( 152 0 0 34 ) 1

( 35 148 0 35 ) 1
( 148 75 0 35 ) 1
( 75 44 0 35 ) 1
( 44 0 0 35 ) 1

( 35 148 0 36 ) 1
( 148 75 0 36 ) 1
( 75 103 0 36 ) 1
( 103 0 0 36 ) 1

( 35 148 0 37 ) 1
( 148 75 0 37 ) 1
( 75 101 0 37 ) 1
( 101 0 0 37 ) 1

( 35 148 0 38 ) 1
( 148 75 0 38 ) 1
( 75 154 0 38 ) 1
( 154 0 0 38 ) 1

( 35 148 0 39 ) 1
( 148 101 0 39 ) 1
( 101 152 0 39 ) 1
( 152 0 0 39 ) 1

( 35 148 0 40 ) 1
( 148 101 0 40 ) 1
( 101 44 0 40 ) 1
( 44 0 0 40 ) 1

( 35 148 0 41 ) 1
( 148 101 0 41 ) 1
( 101 103 0 41 ) 1
( 103 0 0 41 ) 1

( 35 148 0 42 ) 1
( 148 101 0 42 ) 1
( 101 75 0 42 ) 1
( 75 0 0 42 ) 1

( 35 148 0 43 ) 1
( 148 101 0 43 ) 1
( 101 154 0 43 ) 1
( 154 0 0 43 ) 1

( 35 152 0 44 ) 1
( 152 103 0 44 ) 1
( 103 148 0 44 ) 1
( 148 0 0 44 ) 1

( 35 152 0 45 ) 1
( 152 103 0 45 ) 1
( 103 44 0 45 ) 1
( 44 0 0 45 ) 1

( 35 152 0 46 ) 1
( 152 103 0 46 ) 1
( 103 75 0 46 ) 1
( 75 0 0 46 ) 1

( 35 152 0 47 ) 1
( 152 103 0 47 ) 1
( 103 101 0 47 ) 1
( 101 0 0 47 ) 1

( 35 152 0 48 ) 1
( 152 103 0 48 ) 1
( 103 154 0 48 ) 1
( 154 0 0 48 ) 1

( 35 152 0 49 ) 1
( 152 75 0 49 ) 1
( 75 148 0 49 ) 1
( 148 0 0 49 ) 1

( 35 152 0 50 ) 1
( 152 75 0 50 ) 1
( 75 44 0 50 ) 1
( 44 0 0 50 ) 1

( 35 152 0 51 ) 1
( 152 75 0 51 ) 1
( 75 103 0 51 ) 1
( 103 0 0 51 ) 1

( 35 152 0 52 ) 1
( 152 75 0 52 ) 1
( 75 101 0 52 ) 1
( 101 0 0 52 ) 1

( 35 152 0 53 ) 1
( 152 75 0 53 ) 1
( 75 154 0 53 ) 1
( 154 0 0 53 ) 1

( 35 152 0 54 ) 1
( 152 101 0 54 ) 1
( 101 148 0 54 ) 1
( 148 0 0 54 ) 1

( 35 152 0 55 ) 1
( 152 101 0 55 ) 1
( 101 44 0 55 ) 1
( 44 0 0 55 ) 1

( 35 152 0 56 ) 1
( 152 101 0 56 ) 1
( 101 103 0 56 ) 1
( 103 0 0 56 ) 1

( 35 152 0 57 ) 1
( 152 101 0 57 ) 1
( 101 75 0 57 ) 1
( 75 0 0 57 ) 1

( 35 152 0 58 ) 1
( 152 101 0 58 ) 1
( 101 154 0 58 ) 1
( 154 0 0 58 ) 1

( 35 44 0 59 ) 1
( 44 103 0 59 ) 1
( 103 148 0 59 ) 1
( 148 0 0 59 ) 1

( 35 44 0 60 ) 1
( 44 103 0 60 ) 1
( 103 152 0 60 ) 1
( 152 0 0 60 ) 1

( 35 44 0 61 ) 1
( 44 103 0 61 ) 1
( 103 75 0 61 ) 1
( 75 0 0 61 ) 1

( 35 44 0 62 ) 1
( 44 103 0 62 ) 1
( 103 101 0 62 ) 1
( 101 0 0 62 ) 1

( 35 44 0 63 ) 1
( 44 103 0 63 ) 1
( 103 154 0 63 ) 1
( 154 0 0 63 ) 1

( 35 44 0 64 ) 1
( 44 75 0 64 ) 1
( 75 148 0 64 ) 1
( 148 0 0 64 ) 1

( 35 44 0 65 ) 1
( 44 75 0 65 ) 1
( 75 152 0 65 ) 1
( 152 0 0 65 ) 1

( 35 44 0 66 ) 1
( 44 75 0 66 ) 1
( 75 103 0 66 ) 1
( 103 0 0 66 ) 1

( 35 44 0 67 ) 1
( 44 75 0 67 ) 1
( 75 101 0 67 ) 1
( 101 0 0 67 ) 1

( 35 44 0 68 ) 1
( 44 75 0 68 ) 1
( 75 154 0 68 ) 1
( 154 0 0 68 ) 1

( 148 0 1 1 ) 1

( 148 103 1 2 ) 1
( 103 0 1 2 ) 1

( 148 75 1 3 ) 1
( 75 0 1 3 ) 1

( 148 101 1 4 ) 1
( 101 0 1 4 ) 1

( 148 35 1 5 ) 1
( 35 0 1 5 ) 1

( 148 152 1 6 ) 1
( 152 0 1 6 ) 1

( 148 35 1 7 ) 1
( 35 103 1 7 ) 1
( 103 0 1 7 ) 1

( 148 35 1 8 ) 1
( 35 75 1 8 ) 1
( 75 0 1 8 ) 1

( 148 35 1 9 ) 1
( 35 101 1 9 ) 1
( 101 0 1 9 ) 1

( 148 152 1 10 ) 1
( 152 103 1 10 ) 1
( 103 0 1 10 ) 1

( 148 152 1 11 ) 1
( 152 75 1 11 ) 1
( 75 0 1 11 ) 1

( 148 152 1 12 ) 1
( 152 101 1 12 ) 1
( 101 0 1 12 ) 1

( 148 44 1 13 ) 1
( 44 103 1 13 ) 1
( 103 0 1 13 ) 1

( 148 44 1 14 ) 1
( 44 75 1 14 ) 1
( 75 0 1 14 ) 1

( 148 44 1 15 ) 1
( 44 101 1 15 ) 1
( 101 0 1 15 ) 1

]
